YEAR,ST,MODE_FX,AREA_X,ID_CODE,SUB_REG,WAVE,MONTH,kod,SP_CODE,LNGTH,WGT,lngth_imp,wgt_imp,strat_id,psu_id,common,wgt_unadj,wp_size,l_in_bin,l_cm_bin,VAR_ID,ARX_METHOD,ALT_FLAG,date_published
2010,9,7,5,1166320100327001,4,2,03,we,,,,0,0,20102498703we,116632010032711754,,,2839.9645042,,,20102498703we,,0,05/04/2021
2010,9,7,5,1166320100327002,4,2,03,we,,,,0,0,20102498703we,116632010032711754,,,2627.1194025,,,20102498703we,,0,05/04/2021
2010,9,7,5,1166320100327003,4,2,03,we,,,,0,0,20102498703we,116632010032711754,,,2627.1194025,,,20102498703we,,0,05/04/2021
2010,9,7,5,1166320100327004,4,2,03,we,,,,0,0,20102498703we,116632010032711754,,,2839.9645042,,,20102498703we,,0,05/04/2021
2010,9,7,5,1166320100327005,4,2,03,we,,,,0,0,20102498703we,116632010032711754,,,2839.9645042,,,20102498703we,,0,05/04/2021
2010,9,7,5,1171220100423001,4,2,04,wd,,,,0,0,20102498704wd,11712201004237825,,,1016.7880397,,,20102498704wd,,0,05/04/2021
2010,9,7,5,1171220100423002,4,2,04,wd,,,,0,0,20102498704wd,11712201004237825,,,1016.7880397,,,20102498704wd,,0,05/04/2021
2010,9,7,5,1171220100423003,4,2,04,wd,,,,0,0,20102498704wd,11712201004237825,,,1016.7880397,,,20102498704wd,,0,05/04/2021
2010,9,7,5,1171220100423006,4,2,04,wd,,,,0,0,20102498704wd,11712201004237825,,,1016.7880397,,,20102498704wd,,0,05/04/2021
2010,9,7,5,1171220100423007,4,2,04,wd,,,,0,0,20102498704wd,11712201004237825,,,1016.7880397,,,20102498704wd,,0,05/04/2021
2010,9,7,5,1171220100423008,4,2,04,wd,,,,0,0,20102498704wd,11712201004237825,,,1016.7880397,,,20102498704wd,,0,05/04/2021
2010,9,7,5,1171220100423009,4,2,04,wd,,,,0,0,20102498704wd,11712201004237825,,,1016.7880397,,,20102498704wd,,0,05/04/2021
2010,9,7,5,1171220100423010,4,2,04,wd,,,,0,0,20102498704wd,11712201004237825,,,1016.7880397,,,20102498704wd,,0,05/04/2021
2010,9,7,5,1171220100423015,4,2,04,wd,,,,0,0,20102498704wd,11712201004237825,,,1016.7880397,,,20102498704wd,,0,05/04/2021
2010,9,7,5,2115020100418004,4,2,04,we,8857042001,300,0.5,0,0,20102498704we,21150201004187825,WINTER FLOUNDER,,1548.512768,11,30,20102498704we,,0,05/04/2021
2010,9,7,5,2171220100424002,4,2,04,we,,,,0,0,20102498704we,217122010042411673,,,2313.0469823,,,20102498704we,,0,05/04/2021
2010,25,3,5,1273420100430001,4,2,04,wd,8839010101,425,1.45,0,0,201024258304wd,12734201004301559,TAUTOG,,5580.2965701,16,42,201024258304wd,,0,05/04/2021
2010,25,3,5,1273420100430001,4,2,04,wd,8839010101,405,1.4,0,0,201024258304wd,12734201004301559,TAUTOG,,5580.2965701,15,40,201024258304wd,,0,05/04/2021
2010,25,3,5,1273420100430002,4,2,04,wd,8839010101,379,1.25,0,0,201024258304wd,12734201004301559,TAUTOG,,5580.2965701,14,37,201024258304wd,,0,05/04/2021
2010,25,3,5,1273420100430002,4,2,04,wd,8839010101,471,2,0,0,201024258304wd,12734201004301559,TAUTOG,,5580.2965701,18,47,201024258304wd,,0,05/04/2021
2010,25,3,5,1273420100430002,4,2,04,wd,8839010101,406,1.3,0,0,201024258304wd,12734201004301559,TAUTOG,,5580.2965701,15,40,201024258304wd,,0,05/04/2021
2010,25,3,5,1273420100430002,4,2,04,wd,8839010101,444,1.7,0,0,201024258304wd,12734201004301559,TAUTOG,,5580.2965701,17,44,201024258304wd,,0,05/04/2021
2010,25,3,5,1309620100324001,4,2,03,wd,,,,0,0,201024258303wd,13096201003241704,,,11834.402738,,,201024258303wd,,0,05/04/2021
2010,25,3,5,1309620100324002,4,2,03,wd,,,,0,0,201024258303wd,13096201003241704,,,11834.402738,,,201024258303wd,,0,05/04/2021
2010,25,3,5,1309620100324003,4,2,03,wd,,,,0,0,201024258303wd,13096201003241704,,,11834.402738,,,201024258303wd,,0,05/04/2021
2010,25,3,5,1309620100411001,4,2,04,we,8791030602,305,0.25,1,1,201024258304we,13096201004115470,ATLANTIC TOMCOD,,13878.59579,12,30,201024258304we,,0,05/04/2021
2010,25,3,5,1309620100411001,4,2,04,we,8791030602,210,0.1,1,1,201024258304we,13096201004115470,ATLANTIC TOMCOD,,13878.59579,8,21,201024258304we,,0,05/04/2021
2010,25,3,5,1309620100411001,4,2,04,we,8791030602,190,0.05,1,1,201024258304we,13096201004115470,ATLANTIC TOMCOD,,13878.59579,7,19,201024258304we,,0,05/04/2021
2010,25,3,5,1309620100411002,4,2,04,we,8791030602,215,0.1,0,0,201024258304we,13096201004115470,ATLANTIC TOMCOD,,13878.59579,8,21,201024258304we,,0,05/04/2021
2010,25,3,5,1309620100411002,4,2,04,we,8791030602,240,0.1,0,0,201024258304we,13096201004115470,ATLANTIC TOMCOD,,13878.59579,9,24,201024258304we,,0,05/04/2021
2010,25,3,5,1309620100411002,4,2,04,we,8791030602,215,0.1,0,0,201024258304we,13096201004115470,ATLANTIC TOMCOD,,13878.59579,8,21,201024258304we,,0,05/04/2021
2010,25,3,5,1309620100411002,4,2,04,we,8791030602,190,0.05,0,0,201024258304we,13096201004115470,ATLANTIC TOMCOD,,13878.59579,7,19,201024258304we,,0,05/04/2021
2010,25,3,5,1309620100411002,4,2,04,we,8791030602,200,0.05,0,0,201024258304we,13096201004115470,ATLANTIC TOMCOD,,13878.59579,7,20,201024258304we,,0,05/04/2021
2010,25,3,5,1309620100411003,4,2,04,we,8791030602,210,0.1,0,0,201024258304we,13096201004115470,ATLANTIC TOMCOD,,13878.59579,8,21,201024258304we,,0,05/04/2021
2010,25,3,5,1309620100411003,4,2,04,we,8791030602,190,0.05,0,0,201024258304we,13096201004115470,ATLANTIC TOMCOD,,13878.59579,7,19,201024258304we,,0,05/04/2021
2010,25,3,5,1309620100411003,4,2,04,we,8791030602,305,0.25,0,0,201024258304we,13096201004115470,ATLANTIC TOMCOD,,13878.59579,12,30,201024258304we,,0,05/04/2021
2010,25,4,2,1665120100424001,4,2,04,we,8791030901,740,3.6,0,0,201024258404we,16651201004241444,POLLOCK,,56.579619155,29,74,201024258404we,,0,05/04/2021
2010,25,4,2,1665120100424003,4,2,04,we,8791030402,540,1.7297210485,0,1,201024258404we,16651201004241444,ATLANTIC COD,,55.796655952,21,54,201024258404we,,0,05/04/2021
2010,25,4,2,1665120100424003,4,2,04,we,8791031301,605,2.7,0,0,201024258404we,16651201004241444,HADDOCK,,55.796655952,23,60,201024258404we,,0,05/04/2021
2010,25,4,2,1665120100424003,4,2,04,we,8791030901,708,3.1,0,0,201024258404we,16651201004241444,POLLOCK,,55.796655952,27,70,201024258404we,,0,05/04/2021
2010,25,4,2,1665120100424003,4,2,04,we,8791031301,595,2.4,0,0,201024258404we,16651201004241444,HADDOCK,,55.796655952,23,59,201024258404we,,0,05/04/2021
2010,25,4,2,1665120100424003,4,2,04,we,8791030402,471,1.2093662888,0,1,201024258404we,16651201004241444,ATLANTIC COD,,55.796655952,18,47,201024258404we,,0,05/04/2021
2010,25,4,2,1665120100424003,4,2,04,we,8791031301,533,1.6,0,0,201024258404we,16651201004241444,HADDOCK,,55.796655952,20,53,201024258404we,,0,05/04/2021
2010,25,4,2,1665120100424003,4,2,04,we,8791030402,610,2.8,0,0,201024258404we,16651201004241444,ATLANTIC COD,,55.796655952,24,61,201024258404we,,0,05/04/2021
2010,25,4,2,1665120100424003,4,2,04,we,8791030901,691,3.2,0,0,201024258404we,16651201004241444,POLLOCK,,55.796655952,27,69,201024258404we,,0,05/04/2021
2010,25,4,2,1665120100424003,4,2,04,we,8791030402,571,2.0018632476,0,1,201024258404we,16651201004241444,ATLANTIC COD,,55.796655952,22,57,201024258404we,,0,05/04/2021
2010,25,4,2,1665120100424003,4,2,04,we,8791030402,521,1.5749094354,0,1,201024258404we,16651201004241444,ATLANTIC COD,,55.796655952,20,52,201024258404we,,0,05/04/2021
2010,25,4,2,1665120100424003,4,2,04,we,8791030402,556,1.8671136655,0,1,201024258404we,16651201004241444,ATLANTIC COD,,55.796655952,21,55,201024258404we,,0,05/04/2021
2010,25,4,2,1665120100424003,4,2,04,we,8791030901,671,3.7,0,0,201024258404we,16651201004241444,POLLOCK,,55.796655952,26,67,201024258404we,,0,05/04/2021
2010,25,4,2,1665120100424003,4,2,04,we,8791030402,653,2.6,0,0,201024258404we,16651201004241444,ATLANTIC COD,,55.796655952,25,65,201024258404we,,0,05/04/2021
2010,25,4,2,1665120100424004,4,2,04,we,8791030901,636,2.3,0,0,201024258404we,16651201004241444,POLLOCK,,55.796655952,25,63,201024258404we,,0,05/04/2021
2010,25,4,2,1665120100424004,4,2,04,we,8791030402,456,1.1111272451,0,1,201024258404we,16651201004241444,ATLANTIC COD,,55.796655952,17,45,201024258404we,,0,05/04/2021
2010,25,4,2,1665120100424005,4,2,04,we,8791030901,655,2.8,0,0,201024258404we,16651201004241444,POLLOCK,,55.796655952,25,65,201024258404we,,0,05/04/2021
2010,25,4,2,1665120100424005,4,2,04,we,8791031301,530,1.6,0,0,201024258404we,16651201004241444,HADDOCK,,55.796655952,20,53,201024258404we,,0,05/04/2021
2010,25,4,2,1665120100424005,4,2,04,we,8791030901,839,6.3,0,0,201024258404we,16651201004241444,POLLOCK,,55.796655952,33,83,201024258404we,,0,05/04/2021
2010,25,4,2,1665120100424005,4,2,04,we,8791031301,596,2.1,0,0,201024258404we,16651201004241444,HADDOCK,,55.796655952,23,59,201024258404we,,0,05/04/2021
2010,25,4,2,1665120100424005,4,2,04,we,8791030402,436,0.9880433546,0,1,201024258404we,16651201004241444,ATLANTIC COD,,55.796655952,17,43,201024258404we,,0,05/04/2021
2010,25,4,2,1665120100424005,4,2,04,we,8791031301,600,1.8,0,0,201024258404we,16651201004241444,HADDOCK,,55.796655952,23,60,201024258404we,,0,05/04/2021
2010,25,4,2,1665120100424005,4,2,04,we,8791030901,725,3.5,0,0,201024258404we,16651201004241444,POLLOCK,,55.796655952,28,72,201024258404we,,0,05/04/2021
2010,25,4,2,1665120100424005,4,2,04,we,8791030402,526,1.6147813023,0,1,201024258404we,16651201004241444,ATLANTIC COD,,55.796655952,20,52,201024258404we,,0,05/04/2021
2010,25,4,2,1665120100424005,4,2,04,we,8791030402,558,1.8847457077,0,1,201024258404we,16651201004241444,ATLANTIC COD,,55.796655952,21,55,201024258404we,,0,05/04/2021
2010,25,4,2,1665120100424005,4,2,04,we,8791031301,641,2.5,0,0,201024258404we,16651201004241444,HADDOCK,,55.796655952,25,64,201024258404we,,0,05/04/2021
2010,25,4,2,1665120100424006,4,2,04,we,8791030402,400,0.7885077833,0,1,201024258404we,16651201004241444,ATLANTIC COD,,55.796655952,15,40,201024258404we,,0,05/04/2021
2010,25,4,2,1665120100424006,4,2,04,we,8791030901,695,3.1,0,0,201024258404we,16651201004241444,POLLOCK,,55.796655952,27,69,201024258404we,,0,05/04/2021
2010,25,4,2,1665120100424006,4,2,04,we,8791030901,571,1.7,0,0,201024258404we,16651201004241444,POLLOCK,,55.796655952,22,57,201024258404we,,0,05/04/2021
2010,25,4,2,1665120100424006,4,2,04,we,8791030901,625,2.2,0,0,201024258404we,16651201004241444,POLLOCK,,55.796655952,24,62,201024258404we,,0,05/04/2021
2010,25,4,2,1665120100424006,4,2,04,we,8791030402,480,1.2707962527,0,1,201024258404we,16651201004241444,ATLANTIC COD,,55.796655952,18,48,201024258404we,,0,05/04/2021
2010,25,4,2,1665120100424006,4,2,04,we,8791030402,482,1.2847034974,0,1,201024258404we,16651201004241444,ATLANTIC COD,,55.796655952,18,48,201024258404we,,0,05/04/2021
2010,25,4,2,1665120100424006,4,2,04,we,8791030402,502,1.4289668994,0,1,201024258404we,16651201004241444,ATLANTIC COD,,55.796655952,19,50,201024258404we,,0,05/04/2021
2010,25,4,2,1665120100424006,4,2,04,we,8791030901,731,4,0,0,201024258404we,16651201004241444,POLLOCK,,55.796655952,28,73,201024258404we,,0,05/04/2021
2010,25,4,2,1665120100424006,4,2,04,we,8791030402,521,1.5749094354,0,1,201024258404we,16651201004241444,ATLANTIC COD,,55.796655952,20,52,201024258404we,,0,05/04/2021
2010,25,4,2,1665120100424006,4,2,04,we,8791030402,490,1.3412715096,0,1,201024258404we,16651201004241444,ATLANTIC COD,,55.796655952,19,49,201024258404we,,0,05/04/2021
2010,25,4,2,1665120100424006,4,2,04,we,8791030402,481,1.2777381821,0,1,201024258404we,16651201004241444,ATLANTIC COD,,55.796655952,18,48,201024258404we,,0,05/04/2021
2010,25,4,2,1665120100424006,4,2,04,we,8791030901,671,3,0,0,201024258404we,16651201004241444,POLLOCK,,55.796655952,26,67,201024258404we,,0,05/04/2021
2010,25,4,2,1665120100424006,4,2,04,we,8791030402,483,1.2916922287,0,1,201024258404we,16651201004241444,ATLANTIC COD,,55.796655952,19,48,201024258404we,,0,05/04/2021
2010,25,4,2,1665120100424006,4,2,04,we,8791030402,601,2.2890062731,0,1,201024258404we,16651201004241444,ATLANTIC COD,,55.796655952,23,60,201024258404we,,0,05/04/2021
2010,25,4,2,1665120100424006,4,2,04,we,8791030402,622,2.9,0,0,201024258404we,16651201004241444,ATLANTIC COD,,55.796655952,24,62,201024258404we,,0,05/04/2021
2010,25,4,2,1665120100424006,4,2,04,we,8791030402,619,2.6,0,0,201024258404we,16651201004241444,ATLANTIC COD,,55.796655952,24,61,201024258404we,,0,05/04/2021
2010,25,4,2,1665120100424006,4,2,04,we,8791030402,522,1.5828345549,0,1,201024258404we,16651201004241444,ATLANTIC COD,,55.796655952,20,52,201024258404we,,0,05/04/2021
2010,25,4,2,1665120100424007,4,2,04,we,8791030901,792,4.4,0,0,201024258404we,16651201004241444,POLLOCK,,56.579619155,31,79,201024258404we,,0,05/04/2021
2010,25,4,2,1665120100424007,4,2,04,we,8791030402,589,2.1712928147,0,1,201024258404we,16651201004241444,ATLANTIC COD,,56.579619155,23,58,201024258404we,,0,05/04/2021
2010,25,4,2,1665120100424007,4,2,04,we,8791031301,560,2,0,0,201024258404we,16651201004241444,HADDOCK,,56.579619155,22,56,201024258404we,,0,05/04/2021
2010,25,4,2,1665120100424007,4,2,04,we,8791031301,534,1.7,0,0,201024258404we,16651201004241444,HADDOCK,,56.579619155,21,53,201024258404we,,0,05/04/2021
2010,25,4,2,1665120100424007,4,2,04,we,8791030901,656,2.9,0,0,201024258404we,16651201004241444,POLLOCK,,56.579619155,25,65,201024258404we,,0,05/04/2021
2010,25,4,2,1665120100424007,4,2,04,we,8791031301,560,1.7,0,0,201024258404we,16651201004241444,HADDOCK,,56.579619155,22,56,201024258404we,,0,05/04/2021
2010,25,4,2,1665120100424007,4,2,04,we,8791031301,556,1.7,0,0,201024258404we,16651201004241444,HADDOCK,,56.579619155,21,55,201024258404we,,0,05/04/2021
2010,25,4,2,1665120100424007,4,2,04,we,8791031301,604,2,0,0,201024258404we,16651201004241444,HADDOCK,,56.579619155,23,60,201024258404we,,0,05/04/2021
2010,25,4,2,1665120100424007,4,2,04,we,8791031301,543,1.7,0,0,201024258404we,16651201004241444,HADDOCK,,56.579619155,21,54,201024258404we,,0,05/04/2021
2010,25,4,2,1665120100424007,4,2,04,we,8791031301,630,2.5,0,0,201024258404we,16651201004241444,HADDOCK,,56.579619155,24,63,201024258404we,,0,05/04/2021
2010,25,4,2,1665120100424007,4,2,04,we,8791031301,615,2.4,0,0,201024258404we,16651201004241444,HADDOCK,,56.579619155,24,61,201024258404we,,0,05/04/2021
2010,25,4,2,1665120100424007,4,2,04,we,8791030901,588,2.2,0,0,201024258404we,16651201004241444,POLLOCK,,56.579619155,23,58,201024258404we,,0,05/04/2021
2010,25,4,2,1665120100424007,4,2,04,we,8791031301,612,2.3,0,0,201024258404we,16651201004241444,HADDOCK,,56.579619155,24,61,201024258404we,,0,05/04/2021
2010,25,4,2,1665120100424007,4,2,04,we,8791030901,697,3.3,0,0,201024258404we,16651201004241444,POLLOCK,,56.579619155,27,69,201024258404we,,0,05/04/2021
2010,25,4,2,1665120100424007,4,2,04,we,8791031301,571,2.1,0,0,201024258404we,16651201004241444,HADDOCK,,56.579619155,22,57,201024258404we,,0,05/04/2021
2010,25,4,2,1665120100424007,4,2,04,we,8791030901,638,2.6,0,0,201024258404we,16651201004241444,POLLOCK,,56.579619155,25,63,201024258404we,,0,05/04/2021
2010,25,4,2,1665120100424007,4,2,04,we,8791030901,662,3.1,0,0,201024258404we,16651201004241444,POLLOCK,,56.579619155,26,66,201024258404we,,0,05/04/2021
2010,25,4,2,1665120100424007,4,2,04,we,8791031301,513,1.3,0,0,201024258404we,16651201004241444,HADDOCK,,56.579619155,20,51,201024258404we,,0,05/04/2021
2010,25,4,2,1665120100424007,4,2,04,we,8791030901,655,2.9,0,0,201024258404we,16651201004241444,POLLOCK,,56.579619155,25,65,201024258404we,,0,05/04/2021
2010,25,4,2,1665120100424007,4,2,04,we,8791030901,666,2.9,0,0,201024258404we,16651201004241444,POLLOCK,,56.579619155,26,66,201024258404we,,0,05/04/2021
2010,25,4,2,1665120100424007,4,2,04,we,8791030901,562,1.6,0,0,201024258404we,16651201004241444,POLLOCK,,56.579619155,22,56,201024258404we,,0,05/04/2021
2010,25,4,2,1665120100424007,4,2,04,we,8791030901,608,2.5,0,0,201024258404we,16651201004241444,POLLOCK,,56.579619155,23,60,201024258404we,,0,05/04/2021
2010,25,4,2,1665120100424007,4,2,04,we,8791030901,690,3.4,0,0,201024258404we,16651201004241444,POLLOCK,,56.579619155,27,69,201024258404we,,0,05/04/2021
2010,25,4,2,1665120100424007,4,2,04,we,8791030901,677,3.5,0,0,201024258404we,16651201004241444,POLLOCK,,56.579619155,26,67,201024258404we,,0,05/04/2021
2010,25,4,2,1665120100424007,4,2,04,we,8791030901,689,3.1,0,0,201024258404we,16651201004241444,POLLOCK,,56.579619155,27,68,201024258404we,,0,05/04/2021
2010,25,4,2,1665120100424007,4,2,04,we,8791030901,611,2.3,0,0,201024258404we,16651201004241444,POLLOCK,,56.579619155,24,61,201024258404we,,0,05/04/2021
2010,25,4,2,1665120100424007,4,2,04,we,8791030402,580,2.0855148366,0,1,201024258404we,16651201004241444,ATLANTIC COD,,56.579619155,22,58,201024258404we,,0,05/04/2021
2010,25,4,2,1665120100424007,4,2,04,we,8791030402,579,2.0761155816,0,1,201024258404we,16651201004241444,ATLANTIC COD,,56.579619155,22,57,201024258404we,,0,05/04/2021
2010,25,4,2,1665120100424007,4,2,04,we,8791030402,530,1.6471234748,0,1,201024258404we,16651201004241444,ATLANTIC COD,,56.579619155,20,53,201024258404we,,0,05/04/2021
2010,25,4,2,1665120100424007,4,2,04,we,8791030402,545,1.7719599728,0,1,201024258404we,16651201004241444,ATLANTIC COD,,56.579619155,21,54,201024258404we,,0,05/04/2021
2010,25,4,2,1665120100424007,4,2,04,we,8791030402,600,2.8,0,0,201024258404we,16651201004241444,ATLANTIC COD,,56.579619155,23,60,201024258404we,,0,05/04/2021
2010,25,4,2,1665120100424007,4,2,04,we,8791030402,553,1.840857347,0,1,201024258404we,16651201004241444,ATLANTIC COD,,56.579619155,21,55,201024258404we,,0,05/04/2021
2010,25,4,2,1665120100424008,4,2,04,we,8791030901,676,2.9,0,0,201024258404we,16651201004241444,POLLOCK,,56.579619155,26,67,201024258404we,,0,05/04/2021
2010,25,4,2,1665120100424008,4,2,04,we,8791030901,610,2.3,0,0,201024258404we,16651201004241444,POLLOCK,,56.579619155,24,61,201024258404we,,0,05/04/2021
2010,25,4,2,1665120100424008,4,2,04,we,8791030901,808,4.5,0,0,201024258404we,16651201004241444,POLLOCK,,56.579619155,31,80,201024258404we,,0,05/04/2021
2010,25,4,2,1665120100424008,4,2,04,we,8791031301,720,4.8,0,0,201024258404we,16651201004241444,HADDOCK,,56.579619155,28,72,201024258404we,,0,05/04/2021
2010,25,4,2,1665120100424008,4,2,04,we,8791031301,604,2.4,0,0,201024258404we,16651201004241444,HADDOCK,,56.579619155,23,60,201024258404we,,0,05/04/2021
2010,25,4,2,1665120100424008,4,2,04,we,8791030402,625,2.7,0,0,201024258404we,16651201004241444,ATLANTIC COD,,56.579619155,24,62,201024258404we,,0,05/04/2021
2010,25,4,2,1665120100424008,4,2,04,we,8791030901,622,1.5,0,0,201024258404we,16651201004241444,POLLOCK,,56.579619155,24,62,201024258404we,,0,05/04/2021
2010,25,4,2,1665120100424008,4,2,04,we,8791030402,630,2.9,0,0,201024258404we,16651201004241444,ATLANTIC COD,,56.579619155,24,63,201024258404we,,0,05/04/2021
2010,25,4,2,1665120100424008,4,2,04,we,8791030402,624,2.5,0,0,201024258404we,16651201004241444,ATLANTIC COD,,56.579619155,24,62,201024258404we,,0,05/04/2021
2010,25,4,2,1665120100424009,4,2,04,we,8791030901,645,2.8,0,0,201024258404we,16651201004241444,POLLOCK,,56.579619155,25,64,201024258404we,,0,05/04/2021
2010,25,4,2,1665120100424009,4,2,04,we,8791030402,630,2.2,0,0,201024258404we,16651201004241444,ATLANTIC COD,,56.579619155,24,63,201024258404we,,0,05/04/2021
2010,25,4,2,1665120100424009,4,2,04,we,8791030402,530,1.6471234748,0,1,201024258404we,16651201004241444,ATLANTIC COD,,56.579619155,20,53,201024258404we,,0,05/04/2021
2010,25,4,2,1665120100424009,4,2,04,we,8791030402,602,2.2,0,0,201024258404we,16651201004241444,ATLANTIC COD,,56.579619155,23,60,201024258404we,,0,05/04/2021
2010,25,4,2,1665120100424009,4,2,04,we,8791030901,587,1.9,0,0,201024258404we,16651201004241444,POLLOCK,,56.579619155,23,58,201024258404we,,0,05/04/2021
2010,25,4,2,1665120100424009,4,2,04,we,8791030901,641,2.6,0,0,201024258404we,16651201004241444,POLLOCK,,56.579619155,25,64,201024258404we,,0,05/04/2021
2010,25,4,2,1665120100424009,4,2,04,we,8791031301,675,3.5,0,0,201024258404we,16651201004241444,HADDOCK,,56.579619155,26,67,201024258404we,,0,05/04/2021
2010,25,4,2,1665120100424009,4,2,04,we,8791030901,645,2.8,0,0,201024258404we,16651201004241444,POLLOCK,,56.579619155,25,64,201024258404we,,0,05/04/2021
2010,25,4,2,1665120100424009,4,2,04,we,8791031301,548,1.8,0,0,201024258404we,16651201004241444,HADDOCK,,56.579619155,21,54,201024258404we,,0,05/04/2021
2010,25,4,2,1665120100424009,4,2,04,we,8791030901,692,3,0,0,201024258404we,16651201004241444,POLLOCK,,56.579619155,27,69,201024258404we,,0,05/04/2021
2010,25,4,2,1665120100424009,4,2,04,we,8791030901,680,2.9,0,0,201024258404we,16651201004241444,POLLOCK,,56.579619155,26,68,201024258404we,,0,05/04/2021
2010,25,4,2,1665120100424009,4,2,04,we,8791030901,763,4.5,0,0,201024258404we,16651201004241444,POLLOCK,,56.579619155,30,76,201024258404we,,0,05/04/2021
2010,25,4,2,1665120100424009,4,2,04,we,8791031301,553,1.6,0,0,201024258404we,16651201004241444,HADDOCK,,56.579619155,21,55,201024258404we,,0,05/04/2021
2010,25,4,2,1665120100424010,4,2,04,we,8791030901,675,3.4,0,0,201024258404we,16651201004241444,POLLOCK,,56.579619155,26,67,201024258404we,,0,05/04/2021
2010,25,4,2,1665120100424010,4,2,04,we,8791030901,671,3.2,0,0,201024258404we,16651201004241444,POLLOCK,,56.579619155,26,67,201024258404we,,0,05/04/2021
2010,25,4,2,1665120100424010,4,2,04,we,8791030901,728,3.7,0,0,201024258404we,16651201004241444,POLLOCK,,56.579619155,28,72,201024258404we,,0,05/04/2021
2010,25,4,2,1665120100424010,4,2,04,we,8791030901,711,3.5,0,0,201024258404we,16651201004241444,POLLOCK,,56.579619155,27,71,201024258404we,,0,05/04/2021
2010,25,4,2,1665120100424010,4,2,04,we,8791031301,592,2.5,0,0,201024258404we,16651201004241444,HADDOCK,,56.579619155,23,59,201024258404we,,0,05/04/2021
2010,25,4,2,1665120100424010,4,2,04,we,8791030402,711,4,0,0,201024258404we,16651201004241444,ATLANTIC COD,,56.579619155,27,71,201024258404we,,0,05/04/2021
2010,25,4,2,1665120100424010,4,2,04,we,8791030901,639,2.6,0,0,201024258404we,16651201004241444,POLLOCK,,56.579619155,25,63,201024258404we,,0,05/04/2021
2010,25,4,2,1665120100424010,4,2,04,we,8791030402,610,2.7,0,0,201024258404we,16651201004241444,ATLANTIC COD,,56.579619155,24,61,201024258404we,,0,05/04/2021
2010,25,4,2,1665120100424010,4,2,04,we,8791030901,628,2.4,0,0,201024258404we,16651201004241444,POLLOCK,,56.579619155,24,62,201024258404we,,0,05/04/2021
2010,25,4,2,1665120100424010,4,2,04,we,8791030901,634,2.4,0,0,201024258404we,16651201004241444,POLLOCK,,56.579619155,24,63,201024258404we,,0,05/04/2021
2010,25,4,2,1665120100424010,4,2,04,we,8791030402,455,1.1047601362,0,1,201024258404we,16651201004241444,ATLANTIC COD,,56.579619155,17,45,201024258404we,,0,05/04/2021
2010,25,4,2,1665120100424011,4,2,04,we,,,,0,0,201024258404we,16651201004241444,,,55.796655952,,,201024258404we,,0,05/04/2021
2010,25,4,2,1665120100424012,4,2,04,we,,,,0,0,201024258404we,16651201004241444,,,55.796655952,,,201024258404we,,0,05/04/2021
2010,25,4,2,1665120100424013,4,2,04,we,8791030901,808,4.5,1,1,201024258404we,16651201004241444,POLLOCK,,68.491117925,31,80,201024258404we,,0,05/04/2021
2010,25,4,2,1665120100424013,4,2,04,we,8791031301,575,1.988723011,0,1,201024258404we,16651201004241444,HADDOCK,,56.579619155,22,57,201024258404we,,0,05/04/2021
2010,25,4,2,1665120100424013,4,2,04,we,8791031301,572,1.9587159487,0,1,201024258404we,16651201004241444,HADDOCK,,56.579619155,22,57,201024258404we,,0,05/04/2021
2010,25,4,2,1665120100424013,4,2,04,we,8791031301,561,1.8512333977,0,1,201024258404we,16651201004241444,HADDOCK,,56.579619155,22,56,201024258404we,,0,05/04/2021
2010,25,4,2,1665120100424013,4,2,04,we,8791030901,677,3.1123947628,0,1,201024258404we,16651201004241444,POLLOCK,,68.491117925,26,67,201024258404we,,0,05/04/2021
2010,25,4,2,1665120100424013,4,2,04,we,8791030901,706,3.500093109,0,1,201024258404we,16651201004241444,POLLOCK,,68.491117925,27,70,201024258404we,,0,05/04/2021
2010,25,4,2,1665120100424013,4,2,04,we,8791031301,560,1.8416588611,0,1,201024258404we,16651201004241444,HADDOCK,,56.579619155,22,56,201024258404we,,0,05/04/2021
2010,25,4,2,1665120100424013,4,2,04,we,8791030901,596,1.6,0,0,201024258404we,16651201004241444,POLLOCK,,68.491117925,23,59,201024258404we,,0,05/04/2021
2010,25,4,2,1665120100424013,4,2,04,we,8791030901,543,1.6787689687,0,1,201024258404we,16651201004241444,POLLOCK,,68.491117925,21,54,201024258404we,,0,05/04/2021
2010,25,4,2,1665120100424013,4,2,04,we,8791030901,692,3,1,1,201024258404we,16651201004241444,POLLOCK,,68.491117925,27,69,201024258404we,,0,05/04/2021
2010,25,4,2,1665120100424013,4,2,04,we,8791031301,510,1.4033204831,0,1,201024258404we,16651201004241444,HADDOCK,,56.579619155,20,51,201024258404we,,0,05/04/2021
2010,25,4,2,1665120100424013,4,2,04,we,8791030901,630,2.5446859802,0,1,201024258404we,16651201004241444,POLLOCK,,68.491117925,24,63,201024258404we,,0,05/04/2021
2010,25,4,2,1665120100424013,4,2,04,we,8791031301,528,1.5521666923,0,1,201024258404we,16651201004241444,HADDOCK,,56.579619155,20,52,201024258404we,,0,05/04/2021
2010,25,4,2,1665120100424013,4,2,04,we,8791030901,642,2.6826854524,0,1,201024258404we,16651201004241444,POLLOCK,,68.491117925,25,64,201024258404we,,0,05/04/2021
2010,25,4,2,1665120100424013,4,2,04,we,8791030901,546,1.7048579006,0,1,201024258404we,16651201004241444,POLLOCK,,68.491117925,21,54,201024258404we,,0,05/04/2021
2010,25,4,2,1665120100424013,4,2,04,we,8791030901,571,1.7,1,1,201024258404we,16651201004241444,POLLOCK,,68.491117925,22,57,201024258404we,,0,05/04/2021
2010,25,4,2,1665120100424013,4,2,04,we,8791030901,557,2.4,0,0,201024258404we,16651201004241444,POLLOCK,,68.491117925,21,55,201024258404we,,0,05/04/2021
2010,25,4,2,1665120100424013,4,2,04,we,8791030901,576,1.9801873205,0,1,201024258404we,16651201004241444,POLLOCK,,68.491117925,22,57,201024258404we,,0,05/04/2021
2010,25,4,2,1665120100424013,4,2,04,we,8791030901,591,2.1279235883,0,1,201024258404we,16651201004241444,POLLOCK,,68.491117925,23,59,201024258404we,,0,05/04/2021
2010,25,4,2,1665120100424013,4,2,04,we,8791030901,610,2.3249817894,0,1,201024258404we,16651201004241444,POLLOCK,,68.491117925,24,61,201024258404we,,0,05/04/2021
2010,25,4,2,1665120100424013,4,2,04,we,8791030901,624,2.4774338409,0,1,201024258404we,16651201004241444,POLLOCK,,68.491117925,24,62,201024258404we,,0,05/04/2021
2010,25,4,2,1665120100424013,4,2,04,we,8791030901,741,4.0076924031,0,1,201024258404we,16651201004241444,POLLOCK,,68.491117925,29,74,201024258404we,,0,05/04/2021
2010,25,4,2,1665120100424013,4,2,04,we,8791030901,689,3.2692780608,0,1,201024258404we,16651201004241444,POLLOCK,,68.491117925,27,68,201024258404we,,0,05/04/2021
2010,25,4,2,1665120100424013,4,2,04,we,8791030901,612,2.3463805026,0,1,201024258404we,16651201004241444,POLLOCK,,68.491117925,24,61,201024258404we,,0,05/04/2021
2010,25,4,2,1665120100424013,4,2,04,we,8791030402,565,1.9472667593,0,1,201024258404we,16651201004241444,ATLANTIC COD,,56.579619155,22,56,201024258404we,,0,05/04/2021
2010,25,4,2,1665120100424013,4,2,04,we,8791030901,611,2.3,1,1,201024258404we,16651201004241444,POLLOCK,,68.491117925,24,61,201024258404we,,0,05/04/2021
2010,25,4,2,1665120100424014,4,2,04,we,8791031301,474,1.2,0,0,201024258404we,16651201004241444,HADDOCK,,56.579619155,18,47,201024258404we,,0,05/04/2021
2010,25,4,2,1665120100424014,4,2,04,we,8791031301,620,2.4,0,0,201024258404we,16651201004241444,HADDOCK,,56.579619155,24,62,201024258404we,,0,05/04/2021
2010,25,4,2,1665120100424014,4,2,04,we,8842020103,770,3.8,0,0,201024258404we,16651201004241444,ATLANTIC WOLFFISH,,56.579619155,30,77,201024258404we,,0,05/04/2021
2010,25,4,2,1665120100424014,4,2,04,we,8791031301,561,1.8,0,0,201024258404we,16651201004241444,HADDOCK,,56.579619155,22,56,201024258404we,,0,05/04/2021
2010,25,4,2,1665120100424014,4,2,04,we,8791030901,805,5.2,0,0,201024258404we,16651201004241444,POLLOCK,,56.579619155,31,80,201024258404we,,0,05/04/2021
2010,25,4,2,1665120100424014,4,2,04,we,8791031301,568,1.8,0,0,201024258404we,16651201004241444,HADDOCK,,56.579619155,22,56,201024258404we,,0,05/04/2021
2010,25,4,2,1665120100424014,4,2,04,we,8791031301,568,2,0,0,201024258404we,16651201004241444,HADDOCK,,56.579619155,22,56,201024258404we,,0,05/04/2021
2010,25,4,2,1665120100424014,4,2,04,we,8791031301,581,2,0,0,201024258404we,16651201004241444,HADDOCK,,56.579619155,22,58,201024258404we,,0,05/04/2021
2010,25,4,2,1665120100424014,4,2,04,we,8791030901,718,3.6,0,0,201024258404we,16651201004241444,POLLOCK,,56.579619155,28,71,201024258404we,,0,05/04/2021
2010,25,4,2,1665120100424014,4,2,04,we,8791030901,618,2.5,0,0,201024258404we,16651201004241444,POLLOCK,,56.579619155,24,61,201024258404we,,0,05/04/2021
2010,25,4,2,1665120100424014,4,2,04,we,8791030901,543,1.8,0,0,201024258404we,16651201004241444,POLLOCK,,56.579619155,21,54,201024258404we,,0,05/04/2021
2010,25,4,2,1665120100424014,4,2,04,we,8791030901,652,2.8,0,0,201024258404we,16651201004241444,POLLOCK,,56.579619155,25,65,201024258404we,,0,05/04/2021
2010,25,4,2,1665120100424014,4,2,04,we,8791030901,593,3.4,0,0,201024258404we,16651201004241444,POLLOCK,,56.579619155,23,59,201024258404we,,0,05/04/2021
2010,25,4,2,1665120100424014,4,2,04,we,8791030901,563,1.8,0,0,201024258404we,16651201004241444,POLLOCK,,56.579619155,22,56,201024258404we,,0,05/04/2021
2010,25,4,2,1665120100424014,4,2,04,we,8791030402,624,2.4,0,0,201024258404we,16651201004241444,ATLANTIC COD,,56.579619155,24,62,201024258404we,,0,05/04/2021
2010,25,4,2,1665120100424014,4,2,04,we,8791030901,658,2.7,0,0,201024258404we,16651201004241444,POLLOCK,,56.579619155,25,65,201024258404we,,0,05/04/2021
2010,25,4,2,1665120100424014,4,2,04,we,8791030901,552,1.7,0,0,201024258404we,16651201004241444,POLLOCK,,56.579619155,21,55,201024258404we,,0,05/04/2021
2010,25,4,2,1665120100424014,4,2,04,we,8791030402,725,3.7,0,0,201024258404we,16651201004241444,ATLANTIC COD,,56.579619155,28,72,201024258404we,,0,05/04/2021
2010,25,4,2,1665120100424014,4,2,04,we,8791030901,647,2.8,0,0,201024258404we,16651201004241444,POLLOCK,,56.579619155,25,64,201024258404we,,0,05/04/2021
2010,25,4,2,1665120100424015,4,2,04,we,8791031301,584,1.8,0,0,201024258404we,16651201004241444,HADDOCK,,50.732290041,22,58,201024258404we,,0,05/04/2021
2010,25,4,2,1665120100424015,4,2,04,we,8791031301,587,2.1,0,0,201024258404we,16651201004241444,HADDOCK,,50.732290041,23,58,201024258404we,,0,05/04/2021
2010,25,4,2,1665120100424015,4,2,04,we,8791031301,583,2,0,0,201024258404we,16651201004241444,HADDOCK,,50.732290041,22,58,201024258404we,,0,05/04/2021
2010,25,4,2,1665120100424015,4,2,04,we,8791031301,663,2.3,0,0,201024258404we,16651201004241444,HADDOCK,,50.732290041,26,66,201024258404we,,0,05/04/2021
2010,25,4,2,1665120100424015,4,2,04,we,8791031301,514,1.3,0,0,201024258404we,16651201004241444,HADDOCK,,50.732290041,20,51,201024258404we,,0,05/04/2021
2010,25,4,2,1665120100424015,4,2,04,we,8791031301,603,2.1,0,0,201024258404we,16651201004241444,HADDOCK,,50.732290041,23,60,201024258404we,,0,05/04/2021
2010,25,4,2,1665120100424015,4,2,04,we,8791031301,590,2.3,0,0,201024258404we,16651201004241444,HADDOCK,,50.732290041,23,59,201024258404we,,0,05/04/2021
2010,25,4,2,1665120100424015,4,2,04,we,8791031301,607,2.2,0,0,201024258404we,16651201004241444,HADDOCK,,50.732290041,23,60,201024258404we,,0,05/04/2021
2010,25,4,2,1665120100424015,4,2,04,we,8791031301,660,3,0,0,201024258404we,16651201004241444,HADDOCK,,50.732290041,25,66,201024258404we,,0,05/04/2021
2010,25,4,2,1665120100424015,4,2,04,we,8791031301,561,1.9,0,0,201024258404we,16651201004241444,HADDOCK,,50.732290041,22,56,201024258404we,,0,05/04/2021
2010,25,4,2,1665120100424015,4,2,04,we,8791031301,612,2.3839130388,0,1,201024258404we,16651201004241444,HADDOCK,,50.732290041,24,61,201024258404we,,0,05/04/2021
2010,25,4,2,1665120100424015,4,2,04,we,8791031301,530,1.6,1,1,201024258404we,16651201004241444,HADDOCK,,50.732290041,20,53,201024258404we,,0,05/04/2021
2010,25,4,2,1665120100424015,4,2,04,we,8791031301,604,1.9,0,0,201024258404we,16651201004241444,HADDOCK,,50.732290041,23,60,201024258404we,,0,05/04/2021
2010,25,4,2,1665120100424015,4,2,04,we,8791031301,605,2.2,0,0,201024258404we,16651201004241444,HADDOCK,,50.732290041,23,60,201024258404we,,0,05/04/2021
2010,25,4,2,1665120100424015,4,2,04,we,8791030901,563,2.6,0,0,201024258404we,16651201004241444,POLLOCK,,50.732290041,22,56,201024258404we,,0,05/04/2021
2010,25,4,2,1665120100424015,4,2,04,we,8791031301,657,2.8,0,0,201024258404we,16651201004241444,HADDOCK,,50.732290041,25,65,201024258404we,,0,05/04/2021
2010,25,4,2,1665120100424015,4,2,04,we,8791030901,738,4.2,0,0,201024258404we,16651201004241444,POLLOCK,,50.732290041,29,73,201024258404we,,0,05/04/2021
2010,25,4,2,1665120100424015,4,2,04,we,8791031301,663,2.7,0,0,201024258404we,16651201004241444,HADDOCK,,50.732290041,26,66,201024258404we,,0,05/04/2021
2010,25,4,2,1665120100424015,4,2,04,we,8791030901,684,3.4,0,0,201024258404we,16651201004241444,POLLOCK,,50.732290041,26,68,201024258404we,,0,05/04/2021
2010,25,4,2,1665120100424015,4,2,04,we,8791030901,675,3.0867281032,0,1,201024258404we,16651201004241444,POLLOCK,,50.732290041,26,67,201024258404we,,0,05/04/2021
2010,25,4,2,1665120100424015,4,2,04,we,8791030901,643,2.69439745,0,1,201024258404we,16651201004241444,POLLOCK,,50.732290041,25,64,201024258404we,,0,05/04/2021
2010,25,4,2,1665120100424015,4,2,04,we,8791030901,807,6,0,0,201024258404we,16651201004241444,POLLOCK,,50.732290041,31,80,201024258404we,,0,05/04/2021
2010,25,4,2,1665120100424015,4,2,04,we,8791030402,475,1.2364363419,0,1,201024258404we,16651201004241444,ATLANTIC COD,,50.732290041,18,47,201024258404we,,0,05/04/2021
2010,25,4,2,1665120100424015,4,2,04,we,8791030901,683,3.2,0,0,201024258404we,16651201004241444,POLLOCK,,50.732290041,26,68,201024258404we,,0,05/04/2021
2010,25,4,2,1665120100424015,4,2,04,we,8791030901,790,5.2,0,0,201024258404we,16651201004241444,POLLOCK,,50.732290041,31,79,201024258404we,,0,05/04/2021
2010,25,4,2,1665120100424015,4,2,04,we,8791030402,615,2.7,0,0,201024258404we,16651201004241444,ATLANTIC COD,,50.732290041,24,61,201024258404we,,0,05/04/2021
2010,25,4,2,1665120100424015,4,2,04,we,8791030402,673,2.8,0,0,201024258404we,16651201004241444,ATLANTIC COD,,50.732290041,26,67,201024258404we,,0,05/04/2021
2010,25,4,2,1665120100424015,4,2,04,we,8791030901,522,1.4,0,0,201024258404we,16651201004241444,POLLOCK,,50.732290041,20,52,201024258404we,,0,05/04/2021
2010,25,4,2,1665120100424016,4,2,04,we,8791031301,587,1.8,0,0,201024258404we,16651201004241444,HADDOCK,,56.579619155,23,58,201024258404we,,0,05/04/2021
2010,25,4,2,1665120100424016,4,2,04,we,8791031301,584,2.3,0,0,201024258404we,16651201004241444,HADDOCK,,56.579619155,22,58,201024258404we,,0,05/04/2021
2010,25,4,2,1665120100424016,4,2,04,we,8791031301,517,1.3,0,0,201024258404we,16651201004241444,HADDOCK,,56.579619155,20,51,201024258404we,,0,05/04/2021
2010,25,4,2,1665120100424016,4,2,04,we,8791031301,561,1.8,0,0,201024258404we,16651201004241444,HADDOCK,,56.579619155,22,56,201024258404we,,0,05/04/2021
2010,25,4,2,1665120100424016,4,2,04,we,8791031301,562,1.7,0,0,201024258404we,16651201004241444,HADDOCK,,56.579619155,22,56,201024258404we,,0,05/04/2021
2010,25,4,2,1665120100424016,4,2,04,we,8791031301,678,2.5,0,0,201024258404we,16651201004241444,HADDOCK,,56.579619155,26,67,201024258404we,,0,05/04/2021
2010,25,4,2,1665120100424016,4,2,04,we,8791031301,627,2.6,0,0,201024258404we,16651201004241444,HADDOCK,,56.579619155,24,62,201024258404we,,0,05/04/2021
2010,25,4,2,1665120100424016,4,2,04,we,8791030901,690,3.3,0,0,201024258404we,16651201004241444,POLLOCK,,56.579619155,27,69,201024258404we,,0,05/04/2021
2010,25,4,2,1665120100424016,4,2,04,we,8791031301,496,1.2,0,0,201024258404we,16651201004241444,HADDOCK,,56.579619155,19,49,201024258404we,,0,05/04/2021
2010,25,4,2,1665120100424016,4,2,04,we,8791030901,651,2.6,0,0,201024258404we,16651201004241444,POLLOCK,,56.579619155,25,65,201024258404we,,0,05/04/2021
2010,25,4,2,1665120100424016,4,2,04,we,8791031301,569,2,0,0,201024258404we,16651201004241444,HADDOCK,,56.579619155,22,56,201024258404we,,0,05/04/2021
2010,25,4,2,1665120100424016,4,2,04,we,8791030901,648,2.8,0,0,201024258404we,16651201004241444,POLLOCK,,56.579619155,25,64,201024258404we,,0,05/04/2021
2010,25,4,2,1665120100424016,4,2,04,we,8791030901,651,2.4,0,0,201024258404we,16651201004241444,POLLOCK,,56.579619155,25,65,201024258404we,,0,05/04/2021
2010,25,4,2,1665120100424016,4,2,04,we,8791030901,737,3.4,0,0,201024258404we,16651201004241444,POLLOCK,,56.579619155,29,73,201024258404we,,0,05/04/2021
2010,25,4,2,1665120100424016,4,2,04,we,8791030901,744,3.5,0,0,201024258404we,16651201004241444,POLLOCK,,56.579619155,29,74,201024258404we,,0,05/04/2021
2010,25,4,2,1665120100424016,4,2,04,we,8791030901,673,2.7,0,0,201024258404we,16651201004241444,POLLOCK,,56.579619155,26,67,201024258404we,,0,05/04/2021
2010,25,4,2,1665120100424016,4,2,04,we,8791030402,618,2.2,0,0,201024258404we,16651201004241444,ATLANTIC COD,,56.579619155,24,61,201024258404we,,0,05/04/2021
2010,25,4,2,1665120100424016,4,2,04,we,8791030402,616,2.3,0,0,201024258404we,16651201004241444,ATLANTIC COD,,56.579619155,24,61,201024258404we,,0,05/04/2021
2010,25,4,2,1665120100424016,4,2,04,we,8791030402,628,2.7,0,0,201024258404we,16651201004241444,ATLANTIC COD,,56.579619155,24,62,201024258404we,,0,05/04/2021
2010,25,4,2,1665120100424016,4,2,04,we,8791030402,471,1.2093662888,0,1,201024258404we,16651201004241444,ATLANTIC COD,,56.579619155,18,47,201024258404we,,0,05/04/2021
2010,25,4,2,1665120100424016,4,2,04,we,8791030901,773,5,0,0,201024258404we,16651201004241444,POLLOCK,,56.579619155,30,77,201024258404we,,0,05/04/2021
2010,25,4,2,1665120100424016,4,2,04,we,8791030402,633,3.1,0,0,201024258404we,16651201004241444,ATLANTIC COD,,56.579619155,24,63,201024258404we,,0,05/04/2021
2010,25,4,2,1665120100424016,4,2,04,we,8791030402,606,2.6,0,0,201024258404we,16651201004241444,ATLANTIC COD,,56.579619155,23,60,201024258404we,,0,05/04/2021
2010,25,4,2,1665120100424016,4,2,04,we,8791030901,667,2.9,0,0,201024258404we,16651201004241444,POLLOCK,,56.579619155,26,66,201024258404we,,0,05/04/2021
2010,25,4,2,1665120100424017,4,2,04,we,8791030901,720,3.8,0,0,201024258404we,16651201004241444,POLLOCK,,55.796655952,28,72,201024258404we,,0,05/04/2021
2010,25,4,2,1665120100424017,4,2,04,we,8791030402,498,1.399353448,0,1,201024258404we,16651201004241444,ATLANTIC COD,,55.796655952,19,49,201024258404we,,0,05/04/2021
2010,25,4,2,1665120100424017,4,2,04,we,8791030901,677,3.4,0,0,201024258404we,16651201004241444,POLLOCK,,55.796655952,26,67,201024258404we,,0,05/04/2021
2010,25,4,2,1665120100424017,4,2,04,we,8791030901,705,3.4,0,0,201024258404we,16651201004241444,POLLOCK,,55.796655952,27,70,201024258404we,,0,05/04/2021
2010,25,4,2,1665120100424017,4,2,04,we,8791030402,614,2.4,0,0,201024258404we,16651201004241444,ATLANTIC COD,,55.796655952,24,61,201024258404we,,0,05/04/2021
2010,25,4,2,1665120100424017,4,2,04,we,8791030901,684,3.3,0,0,201024258404we,16651201004241444,POLLOCK,,55.796655952,26,68,201024258404we,,0,05/04/2021
2010,25,4,2,1665120100424017,4,2,04,we,8791030402,618,2.7,0,0,201024258404we,16651201004241444,ATLANTIC COD,,55.796655952,24,61,201024258404we,,0,05/04/2021
2010,25,4,2,1665120100424017,4,2,04,we,8791030901,598,2.2,0,0,201024258404we,16651201004241444,POLLOCK,,55.796655952,23,59,201024258404we,,0,05/04/2021
2010,25,4,2,1665120100424017,4,2,04,we,8791030901,658,3.1,0,0,201024258404we,16651201004241444,POLLOCK,,55.796655952,25,65,201024258404we,,0,05/04/2021
2010,25,4,2,1665120100424017,4,2,04,we,8791031301,616,2.4,0,0,201024258404we,16651201004241444,HADDOCK,,55.796655952,24,61,201024258404we,,0,05/04/2021
2010,25,4,2,1665120100424017,4,2,04,we,8791031301,625,2.3,0,0,201024258404we,16651201004241444,HADDOCK,,55.796655952,24,62,201024258404we,,0,05/04/2021
2010,25,4,2,1665120100424017,4,2,04,we,8791031301,528,1.7,0,0,201024258404we,16651201004241444,HADDOCK,,55.796655952,20,52,201024258404we,,0,05/04/2021
2010,25,4,2,1665120100424017,4,2,04,we,8791031301,679,3.5,0,0,201024258404we,16651201004241444,HADDOCK,,55.796655952,26,67,201024258404we,,0,05/04/2021
2010,25,4,2,1665120100424017,4,2,04,we,8791031301,598,1.5,0,0,201024258404we,16651201004241444,HADDOCK,,55.796655952,23,59,201024258404we,,0,05/04/2021
2010,25,4,2,1665120100424017,4,2,04,we,8791031301,573,1.9,0,0,201024258404we,16651201004241444,HADDOCK,,55.796655952,22,57,201024258404we,,0,05/04/2021
2010,25,4,2,1665120100424017,4,2,04,we,8791031301,541,1.7,0,0,201024258404we,16651201004241444,HADDOCK,,55.796655952,21,54,201024258404we,,0,05/04/2021
2010,25,4,2,1665120100424017,4,2,04,we,8791031301,529,1.5,0,0,201024258404we,16651201004241444,HADDOCK,,55.796655952,20,52,201024258404we,,0,05/04/2021
2010,25,4,2,1665120100424017,4,2,04,we,8791030901,702,3.3,0,0,201024258404we,16651201004241444,POLLOCK,,55.796655952,27,70,201024258404we,,0,05/04/2021
2010,25,4,2,1665120100424017,4,2,04,we,8791031301,526,1.5,0,0,201024258404we,16651201004241444,HADDOCK,,55.796655952,20,52,201024258404we,,0,05/04/2021
2010,25,4,2,1665120100424017,4,2,04,we,8791031301,547,1.5,0,0,201024258404we,16651201004241444,HADDOCK,,55.796655952,21,54,201024258404we,,0,05/04/2021
2010,25,4,2,1665120100424017,4,2,04,we,8791031301,435,1,0,0,201024258404we,16651201004241444,HADDOCK,,55.796655952,17,43,201024258404we,,0,05/04/2021
2010,25,4,2,1665120100424017,4,2,04,we,8791030901,664,2.3,0,0,201024258404we,16651201004241444,POLLOCK,,55.796655952,26,66,201024258404we,,0,05/04/2021
2010,25,4,2,1665120100424017,4,2,04,we,8791031301,528,1.4,0,0,201024258404we,16651201004241444,HADDOCK,,55.796655952,20,52,201024258404we,,0,05/04/2021
2010,25,4,2,1665120100424017,4,2,04,we,8791031301,510,1.5,0,0,201024258404we,16651201004241444,HADDOCK,,55.796655952,20,51,201024258404we,,0,05/04/2021
2010,25,4,2,1665120100424017,4,2,04,we,8791030901,777,4.3,0,0,201024258404we,16651201004241444,POLLOCK,,55.796655952,30,77,201024258404we,,0,05/04/2021
2010,25,4,2,1665120100424017,4,2,04,we,8791030901,543,2.6,0,0,201024258404we,16651201004241444,POLLOCK,,55.796655952,21,54,201024258404we,,0,05/04/2021
2010,25,4,2,1665120100424017,4,2,04,we,8791030901,698,3.3,0,0,201024258404we,16651201004241444,POLLOCK,,55.796655952,27,69,201024258404we,,0,05/04/2021
2010,25,4,2,1665120100424017,4,2,04,we,8791030901,653,2.9,0,0,201024258404we,16651201004241444,POLLOCK,,55.796655952,25,65,201024258404we,,0,05/04/2021
2010,25,4,2,1665120100424017,4,2,04,we,8791030901,685,3.3,0,0,201024258404we,16651201004241444,POLLOCK,,55.796655952,26,68,201024258404we,,0,05/04/2021
2010,25,4,2,1665120100424017,4,2,04,we,8791030901,678,2.8,0,0,201024258404we,16651201004241444,POLLOCK,,55.796655952,26,67,201024258404we,,0,05/04/2021
2010,25,4,2,1665120100424017,4,2,04,we,8791030901,603,2.3,0,0,201024258404we,16651201004241444,POLLOCK,,55.796655952,23,60,201024258404we,,0,05/04/2021
2010,25,4,2,1665120100424017,4,2,04,we,8791030901,591,2.1279235883,1,1,201024258404we,16651201004241444,POLLOCK,,55.796655952,23,59,201024258404we,,0,05/04/2021
2010,25,4,2,1665120100424018,4,2,04,we,8791030901,722,4,0,0,201024258404we,16651201004241444,POLLOCK,,55.796655952,28,72,201024258404we,,0,05/04/2021
2010,25,4,2,1665120100424018,4,2,04,we,8791030901,700,3.3,0,0,201024258404we,16651201004241444,POLLOCK,,55.796655952,27,70,201024258404we,,0,05/04/2021
2010,25,4,2,1665120100424018,4,2,04,we,8791030901,643,2.69439745,0,1,201024258404we,16651201004241444,POLLOCK,,55.796655952,25,64,201024258404we,,0,05/04/2021
2010,25,4,2,1665120100424018,4,2,04,we,8791031301,553,1.8,0,0,201024258404we,16651201004241444,HADDOCK,,55.796655952,21,55,201024258404we,,0,05/04/2021
2010,25,4,2,1665120100424018,4,2,04,we,8791030901,696,3.6,0,0,201024258404we,16651201004241444,POLLOCK,,55.796655952,27,69,201024258404we,,0,05/04/2021
2010,25,4,2,1665120100424018,4,2,04,we,8791030901,640,2.9,0,0,201024258404we,16651201004241444,POLLOCK,,55.796655952,25,64,201024258404we,,0,05/04/2021
2010,25,4,2,1665120100424018,4,2,04,we,8791030901,592,2.2,0,0,201024258404we,16651201004241444,POLLOCK,,55.796655952,23,59,201024258404we,,0,05/04/2021
2010,25,4,2,1665120100424018,4,2,04,we,8791030901,643,2.4,0,0,201024258404we,16651201004241444,POLLOCK,,55.796655952,25,64,201024258404we,,0,05/04/2021
2010,25,4,2,1665120100424018,4,2,04,we,8791030402,674,2.8,0,0,201024258404we,16651201004241444,ATLANTIC COD,,55.796655952,26,67,201024258404we,,0,05/04/2021
2010,25,4,2,1665120100424018,4,2,04,we,8791030901,685,3,0,0,201024258404we,16651201004241444,POLLOCK,,55.796655952,26,68,201024258404we,,0,05/04/2021
2010,25,4,2,1665120100424018,4,2,04,we,8791030901,662,3.2,0,0,201024258404we,16651201004241444,POLLOCK,,55.796655952,26,66,201024258404we,,0,05/04/2021
2010,25,4,2,1665120100424018,4,2,04,we,8791030402,603,2.1,0,0,201024258404we,16651201004241444,ATLANTIC COD,,55.796655952,23,60,201024258404we,,0,05/04/2021
2010,25,4,2,1665120100424018,4,2,04,we,8791030402,667,2.6,0,0,201024258404we,16651201004241444,ATLANTIC COD,,55.796655952,26,66,201024258404we,,0,05/04/2021
2010,25,4,2,1665120100424019,4,2,04,we,8791030901,690,3.3,0,0,201024258404we,16651201004241444,POLLOCK,,50.732290041,27,69,201024258404we,,0,05/04/2021
2010,25,4,2,1665120100424019,4,2,04,we,8791031301,562,1.7,0,0,201024258404we,16651201004241444,HADDOCK,,50.732290041,22,56,201024258404we,,0,05/04/2021
2010,25,4,2,1665120100424019,4,2,04,we,8791031301,570,1.8,0,0,201024258404we,16651201004241444,HADDOCK,,50.732290041,22,57,201024258404we,,0,05/04/2021
2010,25,4,2,1665120100424019,4,2,04,we,8791030901,706,2.6,0,0,201024258404we,16651201004241444,POLLOCK,,50.732290041,27,70,201024258404we,,0,05/04/2021
2010,25,4,2,1665120100424019,4,2,04,we,8791030901,738,4,0,0,201024258404we,16651201004241444,POLLOCK,,50.732290041,29,73,201024258404we,,0,05/04/2021
2010,25,4,2,1665120100424019,4,2,04,we,8791030901,602,1.9,0,0,201024258404we,16651201004241444,POLLOCK,,50.732290041,23,60,201024258404we,,0,05/04/2021
2010,25,4,2,1665120100424019,4,2,04,we,8791030901,668,3,0,0,201024258404we,16651201004241444,POLLOCK,,50.732290041,26,66,201024258404we,,0,05/04/2021
2010,25,4,2,1665120100424019,4,2,04,we,8791030901,657,2.9,0,0,201024258404we,16651201004241444,POLLOCK,,50.732290041,25,65,201024258404we,,0,05/04/2021
2010,25,4,2,1665120100424019,4,2,04,we,8791030901,607,2.2,0,0,201024258404we,16651201004241444,POLLOCK,,50.732290041,23,60,201024258404we,,0,05/04/2021
2010,25,4,2,1665120100424019,4,2,04,we,8791031301,583,2,0,0,201024258404we,16651201004241444,HADDOCK,,50.732290041,22,58,201024258404we,,0,05/04/2021
2010,25,4,2,1665120100424019,4,2,04,we,8791030901,626,2.5,0,0,201024258404we,16651201004241444,POLLOCK,,50.732290041,24,62,201024258404we,,0,05/04/2021
2010,25,4,2,1665120100424019,4,2,04,we,8791030901,783,4.7,0,0,201024258404we,16651201004241444,POLLOCK,,50.732290041,30,78,201024258404we,,0,05/04/2021
2010,25,4,2,1665120100424019,4,2,04,we,8791030901,662,3.2,0,0,201024258404we,16651201004241444,POLLOCK,,50.732290041,26,66,201024258404we,,0,05/04/2021
2010,25,4,2,1665120100424019,4,2,04,we,8791031301,630,2.1,0,0,201024258404we,16651201004241444,HADDOCK,,50.732290041,24,63,201024258404we,,0,05/04/2021
2010,25,4,2,1665120100424019,4,2,04,we,8791030901,619,2.4,0,0,201024258404we,16651201004241444,POLLOCK,,50.732290041,24,61,201024258404we,,0,05/04/2021
2010,25,4,2,1665120100424019,4,2,04,we,8791030901,604,2.1,0,0,201024258404we,16651201004241444,POLLOCK,,50.732290041,23,60,201024258404we,,0,05/04/2021
2010,25,4,2,1665120100424019,4,2,04,we,8791030901,665,3.5,0,0,201024258404we,16651201004241444,POLLOCK,,50.732290041,26,66,201024258404we,,0,05/04/2021
2010,25,4,2,1665120100424019,4,2,04,we,8791030402,631,2.2,0,0,201024258404we,16651201004241444,ATLANTIC COD,,50.732290041,24,63,201024258404we,,0,05/04/2021
2010,25,4,2,1665120100424019,4,2,04,we,8791030402,717,3.3,0,0,201024258404we,16651201004241444,ATLANTIC COD,,50.732290041,28,71,201024258404we,,0,05/04/2021
2010,25,4,2,1665120100424019,4,2,04,we,8791030402,595,2.1,0,0,201024258404we,16651201004241444,ATLANTIC COD,,50.732290041,23,59,201024258404we,,0,05/04/2021
2010,25,4,2,1665120100424019,4,2,04,we,8791030402,581,2.2,0,0,201024258404we,16651201004241444,ATLANTIC COD,,50.732290041,22,58,201024258404we,,0,05/04/2021
2010,25,4,2,1665120100424019,4,2,04,we,8791030901,737,3.9,0,0,201024258404we,16651201004241444,POLLOCK,,50.732290041,29,73,201024258404we,,0,05/04/2021
2010,25,4,2,1665120100424020,4,2,04,we,8791031301,669,3.5,0,0,201024258404we,16651201004241444,HADDOCK,,56.579619155,26,66,201024258404we,,0,05/04/2021
2010,25,4,2,1665120100424020,4,2,04,we,8791031301,529,1.4,0,0,201024258404we,16651201004241444,HADDOCK,,56.579619155,20,52,201024258404we,,0,05/04/2021
2010,25,4,2,1665120100424020,4,2,04,we,8791031301,564,2,0,0,201024258404we,16651201004241444,HADDOCK,,56.579619155,22,56,201024258404we,,0,05/04/2021
2010,25,4,2,1665120100424020,4,2,04,we,8791030901,595,2.2,0,0,201024258404we,16651201004241444,POLLOCK,,56.579619155,23,59,201024258404we,,0,05/04/2021
2010,25,4,2,1665120100424020,4,2,04,we,8791030901,693,3.3,0,0,201024258404we,16651201004241444,POLLOCK,,56.579619155,27,69,201024258404we,,0,05/04/2021
2010,25,4,2,1665120100424020,4,2,04,we,8791030901,681,3.5,0,0,201024258404we,16651201004241444,POLLOCK,,56.579619155,26,68,201024258404we,,0,05/04/2021
2010,25,4,2,1665120100424020,4,2,04,we,8791030901,730,4.2,0,0,201024258404we,16651201004241444,POLLOCK,,56.579619155,28,73,201024258404we,,0,05/04/2021
2010,25,4,2,1665120100424020,4,2,04,we,8791030901,589,2.4,0,0,201024258404we,16651201004241444,POLLOCK,,56.579619155,23,58,201024258404we,,0,05/04/2021
2010,25,4,2,1665120100424020,4,2,04,we,8791030901,724,3.5,0,0,201024258404we,16651201004241444,POLLOCK,,56.579619155,28,72,201024258404we,,0,05/04/2021
2010,25,4,2,1665120100424021,4,2,04,we,8791031301,570,2.1,0,0,201024258404we,16651201004241444,HADDOCK,,55.796655952,22,57,201024258404we,,0,05/04/2021
2010,25,4,2,1665120100424021,4,2,04,we,8842020103,721,3.2,0,0,201024258404we,16651201004241444,ATLANTIC WOLFFISH,,55.796655952,28,72,201024258404we,,0,05/04/2021
2010,25,4,2,1665120100424021,4,2,04,we,8791031301,552,1.9,0,0,201024258404we,16651201004241444,HADDOCK,,55.796655952,21,55,201024258404we,,0,05/04/2021
2010,25,4,2,1665120100424021,4,2,04,we,8791031301,630,2.8,0,0,201024258404we,16651201004241444,HADDOCK,,55.796655952,24,63,201024258404we,,0,05/04/2021
2010,25,4,2,1665120100424021,4,2,04,we,8791031301,564,2,0,0,201024258404we,16651201004241444,HADDOCK,,55.796655952,22,56,201024258404we,,0,05/04/2021
2010,25,4,2,1665120100424021,4,2,04,we,8791030901,661,3.4,0,0,201024258404we,16651201004241444,POLLOCK,,55.796655952,26,66,201024258404we,,0,05/04/2021
2010,25,4,2,1665120100424021,4,2,04,we,8791030901,667,2.9,0,0,201024258404we,16651201004241444,POLLOCK,,55.796655952,26,66,201024258404we,,0,05/04/2021
2010,25,4,2,1665120100424021,4,2,04,we,8791030901,673,3.5,0,0,201024258404we,16651201004241444,POLLOCK,,55.796655952,26,67,201024258404we,,0,05/04/2021
2010,25,4,2,1665120100424021,4,2,04,we,8791030901,579,2.4,0,0,201024258404we,16651201004241444,POLLOCK,,55.796655952,22,57,201024258404we,,0,05/04/2021
2010,25,4,2,1665120100424021,4,2,04,we,8791030901,716,3.6,0,0,201024258404we,16651201004241444,POLLOCK,,55.796655952,28,71,201024258404we,,0,05/04/2021
2010,25,4,2,1665120100424021,4,2,04,we,8791030901,728,4.2,0,0,201024258404we,16651201004241444,POLLOCK,,55.796655952,28,72,201024258404we,,0,05/04/2021
2010,25,4,2,1665120100424021,4,2,04,we,8791030901,652,2.8,0,0,201024258404we,16651201004241444,POLLOCK,,55.796655952,25,65,201024258404we,,0,05/04/2021
2010,25,4,2,1665120100424021,4,2,04,we,8791030901,670,3.1,0,0,201024258404we,16651201004241444,POLLOCK,,55.796655952,26,67,201024258404we,,0,05/04/2021
2010,25,4,2,1665120100424021,4,2,04,we,8791030901,736,4.3,0,0,201024258404we,16651201004241444,POLLOCK,,55.796655952,28,73,201024258404we,,0,05/04/2021
2010,25,4,2,1665120100424022,4,2,04,we,8791031301,552,1.9,0,0,201024258404we,16651201004241444,HADDOCK,,55.796655952,21,55,201024258404we,,0,05/04/2021
2010,25,4,2,1665120100424022,4,2,04,we,8791030901,675,3,0,0,201024258404we,16651201004241444,POLLOCK,,55.796655952,26,67,201024258404we,,0,05/04/2021
2010,25,4,2,1665120100424022,4,2,04,we,8791031301,558,1.8,0,0,201024258404we,16651201004241444,HADDOCK,,55.796655952,21,55,201024258404we,,0,05/04/2021
2010,25,4,2,1665120100424022,4,2,04,we,8791031301,574,1.8,0,0,201024258404we,16651201004241444,HADDOCK,,55.796655952,22,57,201024258404we,,0,05/04/2021
2010,25,4,2,1665120100424022,4,2,04,we,8791030901,768,4.2,0,0,201024258404we,16651201004241444,POLLOCK,,55.796655952,30,76,201024258404we,,0,05/04/2021
2010,25,4,2,1665120100424022,4,2,04,we,8791030901,614,2.1,0,0,201024258404we,16651201004241444,POLLOCK,,55.796655952,24,61,201024258404we,,0,05/04/2021
2010,25,4,2,1665120100424022,4,2,04,we,8791030901,698,3.6,0,0,201024258404we,16651201004241444,POLLOCK,,55.796655952,27,69,201024258404we,,0,05/04/2021
2010,25,4,2,1665120100424022,4,2,04,we,8791030901,810,4.8,0,0,201024258404we,16651201004241444,POLLOCK,,55.796655952,31,81,201024258404we,,0,05/04/2021
2010,25,4,2,1665120100424022,4,2,04,we,8791030901,723,3.7,0,0,201024258404we,16651201004241444,POLLOCK,,55.796655952,28,72,201024258404we,,0,05/04/2021
2010,25,4,2,1665120100424022,4,2,04,we,8791030402,673,2.2,0,0,201024258404we,16651201004241444,ATLANTIC COD,,55.796655952,26,67,201024258404we,,0,05/04/2021
2010,25,4,2,1665120100424022,4,2,04,we,8791030901,602,2.1,0,0,201024258404we,16651201004241444,POLLOCK,,55.796655952,23,60,201024258404we,,0,05/04/2021
2010,25,4,2,1665120100424023,4,2,04,we,8791031301,663,2.7,1,1,201024258404we,16651201004241444,HADDOCK,,111.5933119,26,66,201024258404we,,0,05/04/2021
2010,25,4,2,1665120100424023,4,2,04,we,8791031301,561,1.9,1,1,201024258404we,16651201004241444,HADDOCK,,111.5933119,22,56,201024258404we,,0,05/04/2021
2010,25,4,2,1665120100424023,4,2,04,we,8791031301,581,2,1,1,201024258404we,16651201004241444,HADDOCK,,111.5933119,22,58,201024258404we,,0,05/04/2021
2010,25,4,2,1665120100424023,4,2,04,we,8791031301,612,2.3,1,1,201024258404we,16651201004241444,HADDOCK,,111.5933119,24,61,201024258404we,,0,05/04/2021
2010,25,4,2,1665120100424023,4,2,04,we,8791030901,667,2.9,1,1,201024258404we,16651201004241444,POLLOCK,,78.115318333,26,66,201024258404we,,0,05/04/2021
2010,25,4,2,1665120100424023,4,2,04,we,8791030901,738,4.2,1,1,201024258404we,16651201004241444,POLLOCK,,78.115318333,29,73,201024258404we,,0,05/04/2021
2010,25,4,2,1665120100424023,4,2,04,we,8791030901,777,4.3,1,1,201024258404we,16651201004241444,POLLOCK,,78.115318333,30,77,201024258404we,,0,05/04/2021
2010,25,4,2,1665120100424023,4,2,04,we,8791031301,604,2.4,1,1,201024258404we,16651201004241444,HADDOCK,,111.5933119,23,60,201024258404we,,0,05/04/2021
2010,25,4,2,1665120100424023,4,2,04,we,8791030901,685,3,1,1,201024258404we,16651201004241444,POLLOCK,,78.115318333,26,68,201024258404we,,0,05/04/2021
2010,25,4,2,1665120100424023,4,2,04,we,8791030901,618,2.5,1,1,201024258404we,16651201004241444,POLLOCK,,78.115318333,24,61,201024258404we,,0,05/04/2021
2010,25,4,2,1665120100424024,4,2,04,we,,,,0,0,201024258404we,16651201004241444,,,55.796655952,,,201024258404we,,0,05/04/2021
2010,25,4,2,1665120100424025,4,2,04,we,8791031301,679,3.5,1,1,201024258404we,16651201004241444,HADDOCK,,78.115318333,26,67,201024258404we,,0,05/04/2021
2010,25,4,2,1665120100424025,4,2,04,we,8791031301,627,2.6,1,1,201024258404we,16651201004241444,HADDOCK,,78.115318333,24,62,201024258404we,,0,05/04/2021
2010,25,4,2,1665120100424025,4,2,04,we,8791031301,630,2.8,1,1,201024258404we,16651201004241444,HADDOCK,,78.115318333,24,63,201024258404we,,0,05/04/2021
2010,25,4,2,1665120100424025,4,2,04,we,8791031301,528,1.7,1,1,201024258404we,16651201004241444,HADDOCK,,78.115318333,20,52,201024258404we,,0,05/04/2021
2010,25,4,2,1665120100424025,4,2,04,we,8791031301,644,2.6,1,1,201024258404we,16651201004241444,HADDOCK,,78.115318333,25,64,201024258404we,,0,05/04/2021
2010,25,4,2,1665120100424025,4,2,04,we,8791030901,647,2.6,1,1,201024258404we,16651201004241444,POLLOCK,,89.274649524,25,64,201024258404we,,0,05/04/2021
2010,25,4,2,1665120100424025,4,2,04,we,8791030901,607,2.2,1,1,201024258404we,16651201004241444,POLLOCK,,89.274649524,23,60,201024258404we,,0,05/04/2021
2010,25,4,2,1665120100424025,4,2,04,we,8791030901,643,2.69439745,1,1,201024258404we,16651201004241444,POLLOCK,,89.274649524,25,64,201024258404we,,0,05/04/2021
2010,25,4,2,1665120100424025,4,2,04,we,8791030901,724,3.5,1,1,201024258404we,16651201004241444,POLLOCK,,89.274649524,28,72,201024258404we,,0,05/04/2021
2010,25,4,2,1665120100424025,4,2,04,we,8791030402,456,1.1111272451,1,1,201024258404we,16651201004241444,ATLANTIC COD,,55.796655952,17,45,201024258404we,,0,05/04/2021
2010,25,4,2,1665120100424025,4,2,04,we,8791030402,455,1.1047601362,1,1,201024258404we,16651201004241444,ATLANTIC COD,,55.796655952,17,45,201024258404we,,0,05/04/2021
2010,25,4,2,1665120100424025,4,2,04,we,8791030901,716,3.6,1,1,201024258404we,16651201004241444,POLLOCK,,89.274649524,28,71,201024258404we,,0,05/04/2021
2010,25,4,2,1665320100424004,4,2,04,we,8791031301,721,3.5,0,0,201024258404we,166532010042423646,HADDOCK,,139.71199649,28,72,201024258404we,,0,05/04/2021
2010,25,4,2,1665320100424004,4,2,04,we,8791031301,561,1.8,0,0,201024258404we,166532010042423646,HADDOCK,,139.71199649,22,56,201024258404we,,0,05/04/2021
2010,25,4,2,1665320100424011,4,2,04,we,8791030901,666,3.1,0,0,201024258404we,166532010042423646,POLLOCK,,127.03108111,26,66,201024258404we,,0,05/04/2021
2010,25,4,2,1665320100424011,4,2,04,we,8791030901,652,2.7,0,0,201024258404we,166532010042423646,POLLOCK,,127.03108111,25,65,201024258404we,,0,05/04/2021
2010,25,4,2,1665320100424011,4,2,04,we,8791031301,580,1.8,0,0,201024258404we,166532010042423646,HADDOCK,,127.03108111,22,58,201024258404we,,0,05/04/2021
2010,25,4,2,1665320100424011,4,2,04,we,8791030901,613,2.2,0,0,201024258404we,166532010042423646,POLLOCK,,127.03108111,24,61,201024258404we,,0,05/04/2021
2010,25,4,2,1665320100424011,4,2,04,we,8791030901,591,2.1,0,0,201024258404we,166532010042423646,POLLOCK,,127.03108111,23,59,201024258404we,,0,05/04/2021
2010,25,4,2,1665320100424011,4,2,04,we,8791030901,645,2.6,0,0,201024258404we,166532010042423646,POLLOCK,,127.03108111,25,64,201024258404we,,0,05/04/2021
2010,25,4,2,1665320100424011,4,2,04,we,8791030901,668,2.9,0,0,201024258404we,166532010042423646,POLLOCK,,127.03108111,26,66,201024258404we,,0,05/04/2021
2010,25,4,2,1665320100424011,4,2,04,we,8791030901,608,2.1,0,0,201024258404we,166532010042423646,POLLOCK,,127.03108111,23,60,201024258404we,,0,05/04/2021
2010,25,4,2,1665320100424015,4,2,04,we,8791030901,647,2.6,0,0,201024258404we,166532010042423646,POLLOCK,,141.67249664,25,64,201024258404we,,0,05/04/2021
2010,25,4,2,1665320100424016,4,2,04,we,8791031301,662,3.1,0,0,201024258404we,166532010042423646,HADDOCK,,141.67249664,26,66,201024258404we,,0,05/04/2021
2010,25,4,2,1665320100424016,4,2,04,we,8791031301,544,1.45,0,0,201024258404we,166532010042423646,HADDOCK,,141.67249664,21,54,201024258404we,,0,05/04/2021
2010,25,4,2,1665320100424017,4,2,04,we,8791030901,589,2.3,0,0,201024258404we,166532010042423646,POLLOCK,,141.67249664,23,58,201024258404we,,0,05/04/2021
2010,25,4,2,1665320100424018,4,2,04,we,8791031301,644,2.6,0,0,201024258404we,166532010042423646,HADDOCK,,141.67249664,25,64,201024258404we,,0,05/04/2021
2010,25,4,2,1665320100424020,4,2,04,we,,,,0,0,201024258404we,166532010042423646,,,139.71199649,,,201024258404we,,0,05/04/2021
2010,25,5,2,1263320100411001,4,2,04,we,8791031301,533,1.9,1,1,201024258504we,1263320100411924,HADDOCK,,185.14173572,20,53,201024258504we,,0,05/04/2021
2010,25,5,2,1263320100411001,4,2,04,we,8791031301,472,1,1,1,201024258504we,1263320100411924,HADDOCK,,185.14173572,18,47,201024258504we,,0,05/04/2021
2010,25,5,2,1263320100411001,4,2,04,we,8791031301,576,1.7,1,1,201024258504we,1263320100411924,HADDOCK,,185.14173572,22,57,201024258504we,,0,05/04/2021
2010,25,5,2,1263320100411001,4,2,04,we,8791031301,473,1.1,1,1,201024258504we,1263320100411924,HADDOCK,,185.14173572,18,47,201024258504we,,0,05/04/2021
2010,25,5,2,1263320100411001,4,2,04,we,8791031301,498,1.6,1,1,201024258504we,1263320100411924,HADDOCK,,185.14173572,19,49,201024258504we,,0,05/04/2021
2010,25,5,2,1263320100411002,4,2,04,we,8791031301,554,1.8,1,1,201024258504we,1263320100411924,HADDOCK,,78.544825806,21,55,201024258504we,,0,05/04/2021
2010,25,5,2,1263320100411002,4,2,04,we,8791031301,622,2.5,1,1,201024258504we,1263320100411924,HADDOCK,,78.544825806,24,62,201024258504we,,0,05/04/2021
2010,25,5,2,1263320100411002,4,2,04,we,8791031301,517,1.4,1,1,201024258504we,1263320100411924,HADDOCK,,78.544825806,20,51,201024258504we,,0,05/04/2021
2010,25,5,2,1263320100411002,4,2,04,we,8791031301,495,1.5,1,1,201024258504we,1263320100411924,HADDOCK,,78.544825806,19,49,201024258504we,,0,05/04/2021
2010,25,5,2,1263320100411002,4,2,04,we,8791031301,543,1.6,1,1,201024258504we,1263320100411924,HADDOCK,,78.544825806,21,54,201024258504we,,0,05/04/2021
2010,25,5,2,1263320100411003,4,2,04,we,8791031301,500,1,1,1,201024258504we,1263320100411924,HADDOCK,,154.28477976,19,50,201024258504we,,0,05/04/2021
2010,25,5,2,1263320100411003,4,2,04,we,8791031301,501,1.7,1,1,201024258504we,1263320100411924,HADDOCK,,154.28477976,19,50,201024258504we,,0,05/04/2021
2010,25,5,2,1263320100411003,4,2,04,we,8791031301,511,1.35,1,1,201024258504we,1263320100411924,HADDOCK,,154.28477976,20,51,201024258504we,,0,05/04/2021
2010,25,5,2,1263320100411003,4,2,04,we,8791031301,439,1.1,1,1,201024258504we,1263320100411924,HADDOCK,,154.28477976,17,43,201024258504we,,0,05/04/2021
2010,25,5,2,1263320100411003,4,2,04,we,8791031301,554,2.1,1,1,201024258504we,1263320100411924,HADDOCK,,154.28477976,21,55,201024258504we,,0,05/04/2021
2010,25,5,2,1263320100411004,4,2,04,we,8791031301,487,1,1,1,201024258504we,1263320100411924,HADDOCK,,154.28477976,19,48,201024258504we,,0,05/04/2021
2010,25,5,2,1263320100411004,4,2,04,we,8791031301,482,1.2,1,1,201024258504we,1263320100411924,HADDOCK,,154.28477976,18,48,201024258504we,,0,05/04/2021
2010,25,5,2,1263320100411004,4,2,04,we,8791031301,548,2,1,1,201024258504we,1263320100411924,HADDOCK,,154.28477976,21,54,201024258504we,,0,05/04/2021
2010,25,5,2,1263320100411004,4,2,04,we,8791031301,558,1.9,1,1,201024258504we,1263320100411924,HADDOCK,,154.28477976,21,55,201024258504we,,0,05/04/2021
2010,25,5,2,1263320100411004,4,2,04,we,8791031301,603,2.6,1,1,201024258504we,1263320100411924,HADDOCK,,154.28477976,23,60,201024258504we,,0,05/04/2021
2010,25,5,2,1273420100422001,4,2,04,wd,8791030402,629,2.2,1,1,201024258504wd,1273420100422924,ATLANTIC COD,,41.162517584,24,62,201024258504wd,,0,05/04/2021
2010,25,5,2,1273420100422001,4,2,04,wd,8791031301,595,2,1,1,201024258504wd,1273420100422924,HADDOCK,,20.581258792,23,59,201024258504wd,,0,05/04/2021
2010,25,5,2,1273420100422001,4,2,04,wd,8791030402,660,3.1,1,1,201024258504wd,1273420100422924,ATLANTIC COD,,41.162517584,25,66,201024258504wd,,0,05/04/2021
2010,25,5,2,1273420100422001,4,2,04,wd,8791030402,602,2.1,1,1,201024258504wd,1273420100422924,ATLANTIC COD,,41.162517584,23,60,201024258504wd,,0,05/04/2021
2010,25,5,2,1273420100422001,4,2,04,wd,8791030402,638,2.5,1,1,201024258504wd,1273420100422924,ATLANTIC COD,,41.162517584,25,63,201024258504wd,,0,05/04/2021
2010,25,5,2,1273420100422001,4,2,04,wd,8791030402,826,5.7,1,1,201024258504wd,1273420100422924,ATLANTIC COD,,41.162517584,32,82,201024258504wd,,0,05/04/2021
2010,25,5,2,1273420100422002,4,2,04,wd,8791030402,924,9.3,1,1,201024258504wd,1273420100422924,ATLANTIC COD,,41.162517584,36,92,201024258504wd,,0,05/04/2021
2010,25,5,2,1273420100422002,4,2,04,wd,8791030402,756,4.3,1,1,201024258504wd,1273420100422924,ATLANTIC COD,,41.162517584,29,75,201024258504wd,,0,05/04/2021
2010,25,5,2,1273420100422002,4,2,04,wd,8791030402,591,2,1,1,201024258504wd,1273420100422924,ATLANTIC COD,,41.162517584,23,59,201024258504wd,,0,05/04/2021
2010,25,5,2,1273420100422002,4,2,04,wd,8791030402,711,3.5,1,1,201024258504wd,1273420100422924,ATLANTIC COD,,41.162517584,27,71,201024258504wd,,0,05/04/2021
2010,25,5,2,1273420100422002,4,2,04,wd,8791030402,614,2.3,1,1,201024258504wd,1273420100422924,ATLANTIC COD,,41.162517584,24,61,201024258504wd,,0,05/04/2021
2010,25,5,2,1273420100422003,4,2,04,wd,8791030402,744,4.5,1,1,201024258504wd,1273420100422924,ATLANTIC COD,,41.162517584,29,74,201024258504wd,,0,05/04/2021
2010,25,5,2,1273420100422003,4,2,04,wd,8791030402,649,2.7,1,1,201024258504wd,1273420100422924,ATLANTIC COD,,41.162517584,25,64,201024258504wd,,0,05/04/2021
2010,25,5,2,1273420100422003,4,2,04,wd,8791030402,645,2.4,1,1,201024258504wd,1273420100422924,ATLANTIC COD,,41.162517584,25,64,201024258504wd,,0,05/04/2021
2010,25,5,2,1273420100422003,4,2,04,wd,8791030402,686,3.2,1,1,201024258504wd,1273420100422924,ATLANTIC COD,,41.162517584,27,68,201024258504wd,,0,05/04/2021
2010,25,5,2,1273420100422003,4,2,04,wd,8791030402,671,2.6,1,1,201024258504wd,1273420100422924,ATLANTIC COD,,41.162517584,26,67,201024258504wd,,0,05/04/2021
2010,25,5,2,1273420100422004,4,2,04,wd,8791030402,612,2.4,1,1,201024258504wd,1273420100422924,ATLANTIC COD,,41.162517584,24,61,201024258504wd,,0,05/04/2021
2010,25,5,2,1273420100422004,4,2,04,wd,8791030402,631,2.3,1,1,201024258504wd,1273420100422924,ATLANTIC COD,,41.162517584,24,63,201024258504wd,,0,05/04/2021
2010,25,5,2,1273420100422004,4,2,04,wd,8791031301,485,1.3,1,1,201024258504wd,1273420100422924,HADDOCK,,20.581258792,19,48,201024258504wd,,0,05/04/2021
2010,25,5,2,1273420100422004,4,2,04,wd,8791030402,922,9.7,1,1,201024258504wd,1273420100422924,ATLANTIC COD,,41.162517584,36,92,201024258504wd,,0,05/04/2021
2010,25,5,2,1273420100422004,4,2,04,wd,8791030402,769,4.6,1,1,201024258504wd,1273420100422924,ATLANTIC COD,,41.162517584,30,76,201024258504wd,,0,05/04/2021
2010,25,5,2,1273420100422004,4,2,04,wd,8791030402,644,2.2,1,1,201024258504wd,1273420100422924,ATLANTIC COD,,41.162517584,25,64,201024258504wd,,0,05/04/2021
2010,25,5,2,1273420100422005,4,2,04,wd,8791030402,871,5.9,1,1,201024258504wd,1273420100422924,ATLANTIC COD,,41.162517584,34,87,201024258504wd,,0,05/04/2021
2010,25,5,2,1273420100422005,4,2,04,wd,8791030402,699,3.6,1,1,201024258504wd,1273420100422924,ATLANTIC COD,,41.162517584,27,69,201024258504wd,,0,05/04/2021
2010,25,5,2,1273420100422005,4,2,04,wd,8791031301,440,0.9,1,1,201024258504wd,1273420100422924,HADDOCK,,20.581258792,17,44,201024258504wd,,0,05/04/2021
2010,25,5,2,1273420100422005,4,2,04,wd,8791030402,804,4.5,1,1,201024258504wd,1273420100422924,ATLANTIC COD,,41.162517584,31,80,201024258504wd,,0,05/04/2021
2010,25,5,2,1273420100422005,4,2,04,wd,8791030402,662,3.2,1,1,201024258504wd,1273420100422924,ATLANTIC COD,,41.162517584,26,66,201024258504wd,,0,05/04/2021
2010,25,5,2,1273420100422005,4,2,04,wd,8791030402,709,3.7,1,1,201024258504wd,1273420100422924,ATLANTIC COD,,41.162517584,27,70,201024258504wd,,0,05/04/2021
2010,25,5,2,1273420100422006,4,2,04,wd,8791031301,487,1.3,1,1,201024258504wd,1273420100422924,HADDOCK,,22.908647785,19,48,201024258504wd,,0,05/04/2021
2010,25,5,2,1273420100422006,4,2,04,wd,8791031301,610,2.2,1,1,201024258504wd,1273420100422924,HADDOCK,,22.908647785,24,61,201024258504wd,,0,05/04/2021
2010,25,5,2,1273420100422006,4,2,04,wd,8791031301,550,1.6,1,1,201024258504wd,1273420100422924,HADDOCK,,22.908647785,21,55,201024258504wd,,0,05/04/2021
2010,25,5,2,1273420100422006,4,2,04,wd,8791031301,526,1.6,1,1,201024258504wd,1273420100422924,HADDOCK,,22.908647785,20,52,201024258504wd,,0,05/04/2021
2010,25,5,2,1273420100422006,4,2,04,wd,8791030901,757,5.3,1,1,201024258504wd,1273420100422924,POLLOCK,,11.454323893,29,75,201024258504wd,,0,05/04/2021
2010,25,5,2,1273420100422006,4,2,04,wd,8791031301,480,1.1,1,1,201024258504wd,1273420100422924,HADDOCK,,22.908647785,18,48,201024258504wd,,0,05/04/2021
2010,25,5,2,1273420100422006,4,2,04,wd,8791030901,816,6.5,1,1,201024258504wd,1273420100422924,POLLOCK,,11.454323893,32,81,201024258504wd,,0,05/04/2021
2010,25,5,2,1273420100422006,4,2,04,wd,8791030901,894,8.2,1,1,201024258504wd,1273420100422924,POLLOCK,,11.454323893,35,89,201024258504wd,,0,05/04/2021
2010,25,5,2,1273420100422006,4,2,04,wd,8791030901,650,2.8,1,1,201024258504wd,1273420100422924,POLLOCK,,11.454323893,25,65,201024258504wd,,0,05/04/2021
2010,25,5,2,1273420100422006,4,2,04,wd,8791030901,728,4.4,1,1,201024258504wd,1273420100422924,POLLOCK,,11.454323893,28,72,201024258504wd,,0,05/04/2021
2010,25,5,2,1273420100422006,4,2,04,wd,8791030402,716,3.6,1,1,201024258504wd,1273420100422924,ATLANTIC COD,,22.908647785,28,71,201024258504wd,,0,05/04/2021
2010,25,5,2,1273420100422006,4,2,04,wd,8791030402,699,3,1,1,201024258504wd,1273420100422924,ATLANTIC COD,,22.908647785,27,69,201024258504wd,,0,05/04/2021
2010,25,5,2,1273420100422006,4,2,04,wd,8791030402,645,2.5,1,1,201024258504wd,1273420100422924,ATLANTIC COD,,22.908647785,25,64,201024258504wd,,0,05/04/2021
2010,25,5,2,1273420100422006,4,2,04,wd,8791030402,719,3.5,1,1,201024258504wd,1273420100422924,ATLANTIC COD,,22.908647785,28,71,201024258504wd,,0,05/04/2021
2010,25,5,2,1273420100422006,4,2,04,wd,8791030402,683,3,1,1,201024258504wd,1273420100422924,ATLANTIC COD,,22.908647785,26,68,201024258504wd,,0,05/04/2021
2010,25,5,2,1273420100422007,4,2,04,wd,8791031301,501,1.1,1,1,201024258504wd,1273420100422924,HADDOCK,,22.908647785,19,50,201024258504wd,,0,05/04/2021
2010,25,5,2,1273420100422007,4,2,04,wd,8791031301,584,2.1,1,1,201024258504wd,1273420100422924,HADDOCK,,22.908647785,22,58,201024258504wd,,0,05/04/2021
2010,25,5,2,1273420100422007,4,2,04,wd,8791031301,548,1.5,1,1,201024258504wd,1273420100422924,HADDOCK,,22.908647785,21,54,201024258504wd,,0,05/04/2021
2010,25,5,2,1273420100422007,4,2,04,wd,8791031301,544,1.7,1,1,201024258504wd,1273420100422924,HADDOCK,,22.908647785,21,54,201024258504wd,,0,05/04/2021
2010,25,5,2,1273420100422007,4,2,04,wd,8791030901,774,6,1,1,201024258504wd,1273420100422924,POLLOCK,,11.454323893,30,77,201024258504wd,,0,05/04/2021
2010,25,5,2,1273420100422007,4,2,04,wd,8791031301,490,1.3,1,1,201024258504wd,1273420100422924,HADDOCK,,22.908647785,19,49,201024258504wd,,0,05/04/2021
2010,25,5,2,1273420100422007,4,2,04,wd,8791030901,761,4.2,1,1,201024258504wd,1273420100422924,POLLOCK,,11.454323893,29,76,201024258504wd,,0,05/04/2021
2010,25,5,2,1273420100422007,4,2,04,wd,8791030402,699,3.5,1,1,201024258504wd,1273420100422924,ATLANTIC COD,,22.908647785,27,69,201024258504wd,,0,05/04/2021
2010,25,5,2,1273420100422007,4,2,04,wd,8791030901,664,3.1,1,1,201024258504wd,1273420100422924,POLLOCK,,11.454323893,26,66,201024258504wd,,0,05/04/2021
2010,25,5,2,1273420100422007,4,2,04,wd,8791030901,746,4,1,1,201024258504wd,1273420100422924,POLLOCK,,11.454323893,29,74,201024258504wd,,0,05/04/2021
2010,25,5,2,1273420100422007,4,2,04,wd,8791030901,785,5.2,1,1,201024258504wd,1273420100422924,POLLOCK,,11.454323893,30,78,201024258504wd,,0,05/04/2021
2010,25,5,2,1273420100422007,4,2,04,wd,8791030402,609,2.1,1,1,201024258504wd,1273420100422924,ATLANTIC COD,,22.908647785,23,60,201024258504wd,,0,05/04/2021
2010,25,5,2,1273420100422007,4,2,04,wd,8791030402,654,2.5,1,1,201024258504wd,1273420100422924,ATLANTIC COD,,22.908647785,25,65,201024258504wd,,0,05/04/2021
2010,25,5,2,1273420100422007,4,2,04,wd,8791030402,635,2.3,1,1,201024258504wd,1273420100422924,ATLANTIC COD,,22.908647785,24,63,201024258504wd,,0,05/04/2021
2010,25,5,2,1273420100422007,4,2,04,wd,8791030402,694,3.2,1,1,201024258504wd,1273420100422924,ATLANTIC COD,,22.908647785,27,69,201024258504wd,,0,05/04/2021
2010,25,5,2,1273420100422008,4,2,04,wd,8791030402,629,2.4,1,1,201024258504wd,1273420100422924,ATLANTIC COD,,21.099287742,24,62,201024258504wd,,0,05/04/2021
2010,25,5,2,1273420100422008,4,2,04,wd,8791030402,658,2.7,1,1,201024258504wd,1273420100422924,ATLANTIC COD,,21.099287742,25,65,201024258504wd,,0,05/04/2021
2010,25,5,2,1273420100422008,4,2,04,wd,8791030402,668,3.1,1,1,201024258504wd,1273420100422924,ATLANTIC COD,,21.099287742,26,66,201024258504wd,,0,05/04/2021
2010,25,5,2,1273420100422008,4,2,04,wd,8791030402,684,3,1,1,201024258504wd,1273420100422924,ATLANTIC COD,,21.099287742,26,68,201024258504wd,,0,05/04/2021
2010,25,5,2,1273420100422008,4,2,04,wd,8791030402,829,7.1,1,1,201024258504wd,1273420100422924,ATLANTIC COD,,21.099287742,32,82,201024258504wd,,0,05/04/2021
2010,25,5,2,1273420100422009,4,2,04,wd,8791030402,650,2.6,1,1,201024258504wd,1273420100422924,ATLANTIC COD,,21.099287742,25,65,201024258504wd,,0,05/04/2021
2010,25,5,2,1273420100422009,4,2,04,wd,8791031301,489,1.4,1,1,201024258504wd,1273420100422924,HADDOCK,,10.549643871,19,48,201024258504wd,,0,05/04/2021
2010,25,5,2,1273420100422009,4,2,04,wd,8791031301,597,1.4,1,1,201024258504wd,1273420100422924,HADDOCK,,10.549643871,23,59,201024258504wd,,0,05/04/2021
2010,25,5,2,1273420100422009,4,2,04,wd,8791030402,618,2.3,1,1,201024258504wd,1273420100422924,ATLANTIC COD,,21.099287742,24,61,201024258504wd,,0,05/04/2021
2010,25,5,2,1273420100422009,4,2,04,wd,8791030402,443,0.890577661,1,1,201024258504wd,1273420100422924,ATLANTIC COD,,21.099287742,17,44,201024258504wd,,0,05/04/2021
2010,25,5,2,1273420100422009,4,2,04,wd,8791030402,610,2.1,1,1,201024258504wd,1273420100422924,ATLANTIC COD,,21.099287742,24,61,201024258504wd,,0,05/04/2021
2010,25,5,2,1273420100422009,4,2,04,wd,8791030402,629,2.5,1,1,201024258504wd,1273420100422924,ATLANTIC COD,,21.099287742,24,62,201024258504wd,,0,05/04/2021
2010,25,5,2,1273420100422010,4,2,04,wd,8791030901,516,1.5,1,1,201024258504wd,1273420100422924,POLLOCK,,10.549643871,20,51,201024258504wd,,0,05/04/2021
2010,25,5,2,1273420100422010,4,2,04,wd,8791030402,459,0.9958275775,1,1,201024258504wd,1273420100422924,ATLANTIC COD,,21.099287742,18,45,201024258504wd,,0,05/04/2021
2010,25,5,2,1273420100422010,4,2,04,wd,8791030901,562,1.2,1,1,201024258504wd,1273420100422924,POLLOCK,,10.549643871,22,56,201024258504wd,,0,05/04/2021
2010,25,5,2,1273420100422010,4,2,04,wd,8791030901,681,3.4,1,1,201024258504wd,1273420100422924,POLLOCK,,10.549643871,26,68,201024258504wd,,0,05/04/2021
2010,25,5,2,1273420100422010,4,2,04,wd,8791030901,687,4,1,1,201024258504wd,1273420100422924,POLLOCK,,10.549643871,27,68,201024258504wd,,0,05/04/2021
2010,25,5,2,1273420100422010,4,2,04,wd,8791030402,650,2.6,1,1,201024258504wd,1273420100422924,ATLANTIC COD,,21.099287742,25,65,201024258504wd,,0,05/04/2021
2010,25,5,2,1273420100422010,4,2,04,wd,8791030402,617,2.5,1,1,201024258504wd,1273420100422924,ATLANTIC COD,,21.099287742,24,61,201024258504wd,,0,05/04/2021
2010,25,5,2,1273420100422010,4,2,04,wd,8791030402,778,3.7,1,1,201024258504wd,1273420100422924,ATLANTIC COD,,21.099287742,30,77,201024258504wd,,0,05/04/2021
2010,25,5,2,1273420100422010,4,2,04,wd,8791030402,730,4.2,1,1,201024258504wd,1273420100422924,ATLANTIC COD,,21.099287742,28,73,201024258504wd,,0,05/04/2021
2010,25,5,2,1273420100422011,4,2,04,wd,8791031301,531,1.7,1,1,201024258504wd,1273420100422924,HADDOCK,,10.549643871,20,53,201024258504wd,,0,05/04/2021
2010,25,5,2,1273420100422011,4,2,04,wd,8791030402,896,8.1,1,1,201024258504wd,1273420100422924,ATLANTIC COD,,21.099287742,35,89,201024258504wd,,0,05/04/2021
2010,25,5,2,1273420100422011,4,2,04,wd,8791030402,610,2.5,1,1,201024258504wd,1273420100422924,ATLANTIC COD,,21.099287742,24,61,201024258504wd,,0,05/04/2021
2010,25,5,2,1273420100422011,4,2,04,wd,8791030402,859,6.1,1,1,201024258504wd,1273420100422924,ATLANTIC COD,,21.099287742,33,85,201024258504wd,,0,05/04/2021
2010,25,5,2,1273420100422011,4,2,04,wd,8791030402,514,1.3918907981,1,1,201024258504wd,1273420100422924,ATLANTIC COD,,21.099287742,20,51,201024258504wd,,0,05/04/2021
2010,25,5,2,1273420100422011,4,2,04,wd,8791030402,798,4.7,1,1,201024258504wd,1273420100422924,ATLANTIC COD,,21.099287742,31,79,201024258504wd,,0,05/04/2021
2010,25,5,2,1273420100422012,4,2,04,wd,8791030402,708,3.1,1,1,201024258504wd,1273420100422924,ATLANTIC COD,,21.099287742,27,70,201024258504wd,,0,05/04/2021
2010,25,5,2,1273420100422012,4,2,04,wd,8791030402,614,2,1,1,201024258504wd,1273420100422924,ATLANTIC COD,,21.099287742,24,61,201024258504wd,,0,05/04/2021
2010,25,5,2,1273420100422012,4,2,04,wd,8791031301,446,1.4,1,1,201024258504wd,1273420100422924,HADDOCK,,10.549643871,17,44,201024258504wd,,0,05/04/2021
2010,25,5,2,1273420100422012,4,2,04,wd,8791031301,451,1.1,1,1,201024258504wd,1273420100422924,HADDOCK,,10.549643871,17,45,201024258504wd,,0,05/04/2021
2010,25,5,2,1273420100422012,4,2,04,wd,8791030402,700,3.2,1,1,201024258504wd,1273420100422924,ATLANTIC COD,,21.099287742,27,70,201024258504wd,,0,05/04/2021
2010,25,5,2,1273420100422012,4,2,04,wd,8791030402,693,3.4,1,1,201024258504wd,1273420100422924,ATLANTIC COD,,21.099287742,27,69,201024258504wd,,0,05/04/2021
2010,25,5,2,1273420100422012,4,2,04,wd,8791030402,443,0.890577661,1,1,201024258504wd,1273420100422924,ATLANTIC COD,,21.099287742,17,44,201024258504wd,,0,05/04/2021
2010,25,5,2,1287820100402001,4,2,04,wd,8791031301,476,1.1,1,1,201024258504wd,1287820100402924,HADDOCK,,7.4593441512,18,47,201024258504wd,,0,05/04/2021
2010,25,5,2,1287820100402001,4,2,04,wd,8791031301,573,2.1,1,1,201024258504wd,1287820100402924,HADDOCK,,7.4593441512,22,57,201024258504wd,,0,05/04/2021
2010,25,5,2,1287820100402001,4,2,04,wd,8791031301,505,1.4,1,1,201024258504wd,1287820100402924,HADDOCK,,7.4593441512,19,50,201024258504wd,,0,05/04/2021
2010,25,5,2,1287820100402001,4,2,04,wd,8791031301,620,2.6,1,1,201024258504wd,1287820100402924,HADDOCK,,7.4593441512,24,62,201024258504wd,,0,05/04/2021
2010,25,5,2,1287820100402001,4,2,04,wd,8791031301,610,2.5,1,1,201024258504wd,1287820100402924,HADDOCK,,7.4593441512,24,61,201024258504wd,,0,05/04/2021
2010,25,5,2,1287820100402002,4,2,04,wd,8791031301,527,1.6,1,1,201024258504wd,1287820100402924,HADDOCK,,7.4593441512,20,52,201024258504wd,,0,05/04/2021
2010,25,5,2,1287820100402002,4,2,04,wd,8791031301,505,1.1,1,1,201024258504wd,1287820100402924,HADDOCK,,7.4593441512,19,50,201024258504wd,,0,05/04/2021
2010,25,5,2,1287820100402002,4,2,04,wd,8791031301,551,1.9,1,1,201024258504wd,1287820100402924,HADDOCK,,7.4593441512,21,55,201024258504wd,,0,05/04/2021
2010,25,5,2,1287820100402002,4,2,04,wd,8791031301,591,2,1,1,201024258504wd,1287820100402924,HADDOCK,,7.4593441512,23,59,201024258504wd,,0,05/04/2021
2010,25,5,2,1287820100402002,4,2,04,wd,8791031301,502,1.6,1,1,201024258504wd,1287820100402924,HADDOCK,,7.4593441512,19,50,201024258504wd,,0,05/04/2021
2010,25,5,2,1287820100402003,4,2,04,wd,8791031301,570,2,1,1,201024258504wd,1287820100402924,HADDOCK,,12.432240252,22,57,201024258504wd,,0,05/04/2021
2010,25,5,2,1287820100402003,4,2,04,wd,8791031301,499,1.2,1,1,201024258504wd,1287820100402924,HADDOCK,,12.432240252,19,49,201024258504wd,,0,05/04/2021
2010,25,5,2,1287820100402003,4,2,04,wd,8791031301,441,0.8,1,1,201024258504wd,1287820100402924,HADDOCK,,12.432240252,17,44,201024258504wd,,0,05/04/2021
2010,25,5,2,1287820100402003,4,2,04,wd,8791031301,523,1.7,1,1,201024258504wd,1287820100402924,HADDOCK,,12.432240252,20,52,201024258504wd,,0,05/04/2021
2010,25,5,2,1287820100402003,4,2,04,wd,8791031301,495,1.5,1,1,201024258504wd,1287820100402924,HADDOCK,,12.432240252,19,49,201024258504wd,,0,05/04/2021
2010,25,5,2,1287820100402004,4,2,04,wd,8791031301,545,1.5,1,1,201024258504wd,1287820100402924,HADDOCK,,14.918688302,21,54,201024258504wd,,0,05/04/2021
2010,25,5,2,1287820100402004,4,2,04,wd,8791031301,549,2,1,1,201024258504wd,1287820100402924,HADDOCK,,14.918688302,21,54,201024258504wd,,0,05/04/2021
2010,25,5,2,1287820100402004,4,2,04,wd,8791031301,510,1.1,1,1,201024258504wd,1287820100402924,HADDOCK,,14.918688302,20,51,201024258504wd,,0,05/04/2021
2010,25,5,2,1287820100402004,4,2,04,wd,8791031301,562,2,1,1,201024258504wd,1287820100402924,HADDOCK,,14.918688302,22,56,201024258504wd,,0,05/04/2021
2010,25,5,2,1287820100402004,4,2,04,wd,8791031301,492,1.1,1,1,201024258504wd,1287820100402924,HADDOCK,,14.918688302,19,49,201024258504wd,,0,05/04/2021
2010,25,5,2,1287820100402005,4,2,04,wd,8791031301,516,1.8,1,1,201024258504wd,1287820100402924,HADDOCK,,18.648360378,20,51,201024258504wd,,0,05/04/2021
2010,25,5,2,1287820100402005,4,2,04,wd,8791031301,501,1.6,1,1,201024258504wd,1287820100402924,HADDOCK,,18.648360378,19,50,201024258504wd,,0,05/04/2021
2010,25,5,2,1287820100402005,4,2,04,wd,8791031301,441,1.7,1,1,201024258504wd,1287820100402924,HADDOCK,,18.648360378,17,44,201024258504wd,,0,05/04/2021
2010,25,5,2,1287820100402005,4,2,04,wd,8791031301,669,3.2,1,1,201024258504wd,1287820100402924,HADDOCK,,18.648360378,26,66,201024258504wd,,0,05/04/2021
2010,25,5,2,1287820100402005,4,2,04,wd,8791031301,560,1.7,1,1,201024258504wd,1287820100402924,HADDOCK,,18.648360378,22,56,201024258504wd,,0,05/04/2021
2010,25,5,2,1287820100402006,4,2,04,wd,8791031301,510,1.4,1,1,201024258504wd,1287820100402924,HADDOCK,,18.648360378,20,51,201024258504wd,,0,05/04/2021
2010,25,5,2,1287820100402006,4,2,04,wd,8791031301,478,1.2,1,1,201024258504wd,1287820100402924,HADDOCK,,18.648360378,18,47,201024258504wd,,0,05/04/2021
2010,25,5,2,1287820100402006,4,2,04,wd,8791031301,546,2.3,1,1,201024258504wd,1287820100402924,HADDOCK,,18.648360378,21,54,201024258504wd,,0,05/04/2021
2010,25,5,2,1287820100402006,4,2,04,wd,8791031301,500,1.6,1,1,201024258504wd,1287820100402924,HADDOCK,,18.648360378,19,50,201024258504wd,,0,05/04/2021
2010,25,5,2,1287820100402006,4,2,04,wd,8791031301,619,2,1,1,201024258504wd,1287820100402924,HADDOCK,,18.648360378,24,61,201024258504wd,,0,05/04/2021
2010,25,5,2,1287820100402007,4,2,04,wd,8791031301,523,1.55,1,1,201024258504wd,1287820100402924,HADDOCK,,16.198033788,20,52,201024258504wd,,0,05/04/2021
2010,25,5,2,1287820100402007,4,2,04,wd,8791031301,527,1.3,1,1,201024258504wd,1287820100402924,HADDOCK,,16.198033788,20,52,201024258504wd,,0,05/04/2021
2010,25,5,2,1287820100402007,4,2,04,wd,8791031301,601,2.4,1,1,201024258504wd,1287820100402924,HADDOCK,,16.198033788,23,60,201024258504wd,,0,05/04/2021
2010,25,5,2,1287820100402007,4,2,04,wd,8791031301,616,2.1,1,1,201024258504wd,1287820100402924,HADDOCK,,16.198033788,24,61,201024258504wd,,0,05/04/2021
2010,25,5,2,1287820100402007,4,2,04,wd,8791031301,589,2.4,1,1,201024258504wd,1287820100402924,HADDOCK,,16.198033788,23,58,201024258504wd,,0,05/04/2021
2010,25,5,2,1287820100402008,4,2,04,wd,8791031301,551,1.7,1,1,201024258504wd,1287820100402924,HADDOCK,,12.432240252,21,55,201024258504wd,,0,05/04/2021
2010,25,5,2,1287820100402008,4,2,04,wd,8791031301,578,1.9,1,1,201024258504wd,1287820100402924,HADDOCK,,12.432240252,22,57,201024258504wd,,0,05/04/2021
2010,25,5,2,1287820100402008,4,2,04,wd,8791031301,545,1.9,1,1,201024258504wd,1287820100402924,HADDOCK,,12.432240252,21,54,201024258504wd,,0,05/04/2021
2010,25,5,2,1287820100402008,4,2,04,wd,8791031301,521,1.8,1,1,201024258504wd,1287820100402924,HADDOCK,,12.432240252,20,52,201024258504wd,,0,05/04/2021
2010,25,5,2,1287820100402008,4,2,04,wd,8791031301,607,2.6,1,1,201024258504wd,1287820100402924,HADDOCK,,12.432240252,23,60,201024258504wd,,0,05/04/2021
2010,25,5,2,1287820100402009,4,2,04,wd,8791031301,540,1.5,1,1,201024258504wd,1287820100402924,HADDOCK,,31.08060063,21,54,201024258504wd,,0,05/04/2021
2010,25,5,2,1287820100402009,4,2,04,wd,8791031301,546,1.9,1,1,201024258504wd,1287820100402924,HADDOCK,,31.08060063,21,54,201024258504wd,,0,05/04/2021
2010,25,5,2,1287820100402009,4,2,04,wd,8791031301,484,1.25,1,1,201024258504wd,1287820100402924,HADDOCK,,31.08060063,19,48,201024258504wd,,0,05/04/2021
2010,25,5,2,1287820100402009,4,2,04,wd,8791031301,550,1.7,1,1,201024258504wd,1287820100402924,HADDOCK,,31.08060063,21,55,201024258504wd,,0,05/04/2021
2010,25,5,2,1287820100402009,4,2,04,wd,8791031301,541,1.6,1,1,201024258504wd,1287820100402924,HADDOCK,,31.08060063,21,54,201024258504wd,,0,05/04/2021
2010,25,5,2,1287820100409001,4,2,04,wd,,,,0,0,201024258504wd,12878201004099685,,,20.140229208,,,201024258504wd,,0,05/04/2021
2010,25,5,2,1287820100409002,4,2,04,wd,,,,0,0,201024258504wd,12878201004099685,,,20.140229208,,,201024258504wd,,0,05/04/2021
2010,25,5,2,1287820100409003,4,2,04,wd,,,,0,0,201024258504wd,12878201004099685,,,10.680403778,,,201024258504wd,,0,05/04/2021
2010,25,5,2,1287820100409004,4,2,04,wd,,,,0,0,201024258504wd,12878201004099685,,,10.680403778,,,201024258504wd,,0,05/04/2021
2010,25,5,2,1287820100409005,4,2,04,wd,,,,0,0,201024258504wd,12878201004099685,,,20.140229208,,,201024258504wd,,0,05/04/2021
2010,25,5,2,1287820100416001,4,2,04,wd,,,,0,0,201024258504wd,1287820100416915,,,78.841299563,,,201024258504wd,,0,05/04/2021
2010,25,5,2,1287820100416002,4,2,04,wd,,,,0,0,201024258504wd,1287820100416915,,,78.841299563,,,201024258504wd,,0,05/04/2021
2010,25,5,2,1287820100416003,4,2,04,wd,8791031301,472,0.9,1,1,201024258504wd,1287820100416915,HADDOCK,,102.7227602,18,47,201024258504wd,,0,05/04/2021
2010,25,5,2,1287820100416003,4,2,04,wd,8791031301,520,1.6,1,1,201024258504wd,1287820100416915,HADDOCK,,102.7227602,20,52,201024258504wd,,0,05/04/2021
2010,25,5,2,1287820100416003,4,2,04,wd,8791030402,712,3.6,1,1,201024258504wd,1287820100416915,ATLANTIC COD,,102.7227602,28,71,201024258504wd,,0,05/04/2021
2010,25,5,2,1287820100416004,4,2,04,wd,,,,0,0,201024258504wd,1287820100416915,,,78.841299563,,,201024258504wd,,0,05/04/2021
2010,25,5,2,1287820100416005,4,2,04,wd,8791030402,767,4.7,1,1,201024258504wd,1287820100416915,ATLANTIC COD,,78.841299563,30,76,201024258504wd,,0,05/04/2021
2010,25,5,2,1287820100416005,4,2,04,wd,8791030402,613,2.4,1,1,201024258504wd,1287820100416915,ATLANTIC COD,,78.841299563,24,61,201024258504wd,,0,05/04/2021
2010,25,5,2,1287820100416005,4,2,04,wd,8791030402,780,5.3,1,1,201024258504wd,1287820100416915,ATLANTIC COD,,78.841299563,30,78,201024258504wd,,0,05/04/2021
2010,25,5,2,1287820100416006,4,2,04,wd,8791030402,640,2.3,1,1,201024258504wd,1287820100416915,ATLANTIC COD,,78.841299563,25,64,201024258504wd,,0,05/04/2021
2010,25,5,2,1287820100416006,4,2,04,wd,8791030402,666,2.4,1,1,201024258504wd,1287820100416915,ATLANTIC COD,,78.841299563,26,66,201024258504wd,,0,05/04/2021
2010,25,5,2,1287820100416006,4,2,04,wd,8791030402,622,1.2,1,1,201024258504wd,1287820100416915,ATLANTIC COD,,78.841299563,24,62,201024258504wd,,0,05/04/2021
2010,25,5,2,1287820100416007,4,2,04,wd,8791030402,660,2.5,1,1,201024258504wd,1287820100416915,ATLANTIC COD,,78.841299563,25,66,201024258504wd,,0,05/04/2021
2010,25,5,2,1287820100416007,4,2,04,wd,8791030402,611,2,1,1,201024258504wd,1287820100416915,ATLANTIC COD,,78.841299563,24,61,201024258504wd,,0,05/04/2021
2010,25,5,2,1287820100416007,4,2,04,wd,8791030402,658,2.2,1,1,201024258504wd,1287820100416915,ATLANTIC COD,,78.841299563,25,65,201024258504wd,,0,05/04/2021
2010,25,5,2,1287820100416008,4,2,04,wd,8791030402,734,4.2,1,1,201024258504wd,1287820100416915,ATLANTIC COD,,78.841299563,28,73,201024258504wd,,0,05/04/2021
2010,25,5,2,1287820100416008,4,2,04,wd,8791030402,720,3.4,1,1,201024258504wd,1287820100416915,ATLANTIC COD,,78.841299563,28,72,201024258504wd,,0,05/04/2021
2010,25,5,2,1287820100419001,4,2,04,wd,8826010169,325,0.5,1,1,201024258504wd,1287820100419924,ACADIAN REDFISH,,30.666192622,12,32,201024258504wd,,0,05/04/2021
2010,25,5,2,1287820100419001,4,2,04,wd,8791031301,491,1.2,1,1,201024258504wd,1287820100419924,HADDOCK,,30.666192622,19,49,201024258504wd,,0,05/04/2021
2010,25,5,2,1287820100419001,4,2,04,wd,8826010169,275,0.5,1,1,201024258504wd,1287820100419924,ACADIAN REDFISH,,30.666192622,10,27,201024258504wd,,0,05/04/2021
2010,25,5,2,1287820100419001,4,2,04,wd,8791031301,476,1.1,1,1,201024258504wd,1287820100419924,HADDOCK,,30.666192622,18,47,201024258504wd,,0,05/04/2021
2010,25,5,2,1287820100419001,4,2,04,wd,8791030402,696,4,1,1,201024258504wd,1287820100419924,ATLANTIC COD,,30.666192622,27,69,201024258504wd,,0,05/04/2021
2010,25,5,2,1287820100419001,4,2,04,wd,8791030402,786,4.5,1,1,201024258504wd,1287820100419924,ATLANTIC COD,,30.666192622,30,78,201024258504wd,,0,05/04/2021
2010,25,5,2,1287820100419002,4,2,04,wd,8791031301,584,1.9,1,1,201024258504wd,1287820100419924,HADDOCK,,30.666192622,22,58,201024258504wd,,0,05/04/2021
2010,25,5,2,1287820100419002,4,2,04,wd,8791031301,541,1.8,1,1,201024258504wd,1287820100419924,HADDOCK,,30.666192622,21,54,201024258504wd,,0,05/04/2021
2010,25,5,2,1287820100419003,4,2,04,wd,8791030402,621,2.6,1,1,201024258504wd,1287820100419924,ATLANTIC COD,,36.799431146,24,62,201024258504wd,,0,05/04/2021
2010,25,5,2,1287820100419003,4,2,04,wd,8791030402,864,6.5,1,1,201024258504wd,1287820100419924,ATLANTIC COD,,36.799431146,34,86,201024258504wd,,0,05/04/2021
2010,25,5,2,1287820100419003,4,2,04,wd,8791030402,600,2.4,1,1,201024258504wd,1287820100419924,ATLANTIC COD,,36.799431146,23,60,201024258504wd,,0,05/04/2021
2010,25,5,2,1287820100419003,4,2,04,wd,8791030402,840,4.9,1,1,201024258504wd,1287820100419924,ATLANTIC COD,,36.799431146,33,84,201024258504wd,,0,05/04/2021
2010,25,5,2,1287820100419003,4,2,04,wd,8791030402,591,2,1,1,201024258504wd,1287820100419924,ATLANTIC COD,,36.799431146,23,59,201024258504wd,,0,05/04/2021
2010,25,5,2,1287820100419004,4,2,04,wd,8791031301,535,1.5,1,1,201024258504wd,1287820100419924,HADDOCK,,30.666192622,21,53,201024258504wd,,0,05/04/2021
2010,25,5,2,1287820100419005,4,2,04,wd,8791030402,754,4.9,1,1,201024258504wd,1287820100419924,ATLANTIC COD,,30.666192622,29,75,201024258504wd,,0,05/04/2021
2010,25,5,2,1287820100419005,4,2,04,wd,8791030402,836,5.4,1,1,201024258504wd,1287820100419924,ATLANTIC COD,,30.666192622,32,83,201024258504wd,,0,05/04/2021
2010,25,5,2,1287820100419006,4,2,04,wd,8791031301,513,1.4,1,1,201024258504wd,1287820100419924,HADDOCK,,30.666192622,20,51,201024258504wd,,0,05/04/2021
2010,25,5,2,1287820100419006,4,2,04,wd,8791030402,615,2.1,1,1,201024258504wd,1287820100419924,ATLANTIC COD,,30.666192622,24,61,201024258504wd,,0,05/04/2021
2010,25,5,2,1287820100419006,4,2,04,wd,8791030402,605,2.4,1,1,201024258504wd,1287820100419924,ATLANTIC COD,,30.666192622,23,60,201024258504wd,,0,05/04/2021
2010,25,5,2,1287820100419006,4,2,04,wd,8791030402,631,2.4,1,1,201024258504wd,1287820100419924,ATLANTIC COD,,30.666192622,24,63,201024258504wd,,0,05/04/2021
2010,25,5,2,1287820100419007,4,2,04,wd,8791030402,615,2.2,1,1,201024258504wd,1287820100419924,ATLANTIC COD,,30.666192622,24,61,201024258504wd,,0,05/04/2021
2010,25,5,2,1287820100419007,4,2,04,wd,8826010169,283,0.4,1,1,201024258504wd,1287820100419924,ACADIAN REDFISH,,30.666192622,11,28,201024258504wd,,0,05/04/2021
2010,25,5,2,1287820100419008,4,2,04,wd,,,,0,0,201024258504wd,1287820100419924,,,30.666192622,,,201024258504wd,,0,05/04/2021
2010,25,5,2,1287820100419009,4,2,04,wd,8791031101,574,2.2,1,1,201024258504wd,1287820100419924,CUSK,,30.666192622,22,57,201024258504wd,,0,05/04/2021
2010,25,5,2,1287820100419009,4,2,04,wd,8791031301,520,1.8,1,1,201024258504wd,1287820100419924,HADDOCK,,30.666192622,20,52,201024258504wd,,0,05/04/2021
2010,25,5,2,1287820100423001,4,2,04,wd,,,,0,0,201024258504wd,1287820100423924,,,9.324180189,,,201024258504wd,,0,05/04/2021
2010,25,5,2,1287820100423002,4,2,04,wd,8791030402,601,1.9,1,1,201024258504wd,1287820100423924,ATLANTIC COD,,13.053852265,23,60,201024258504wd,,0,05/04/2021
2010,25,5,2,1287820100423002,4,2,04,wd,8791030402,590,2.5,1,1,201024258504wd,1287820100423924,ATLANTIC COD,,13.053852265,23,59,201024258504wd,,0,05/04/2021
2010,25,5,2,1287820100423002,4,2,04,wd,8791030402,739,3.5,1,1,201024258504wd,1287820100423924,ATLANTIC COD,,13.053852265,29,73,201024258504wd,,0,05/04/2021
2010,25,5,2,1287820100423002,4,2,04,wd,8791030402,899,7.5,1,1,201024258504wd,1287820100423924,ATLANTIC COD,,13.053852265,35,89,201024258504wd,,0,05/04/2021
2010,25,5,2,1287820100423002,4,2,04,wd,8791030402,870,6.2,1,1,201024258504wd,1287820100423924,ATLANTIC COD,,13.053852265,34,87,201024258504wd,,0,05/04/2021
2010,25,5,2,1287820100423003,4,2,04,wd,8791030402,589,2,1,1,201024258504wd,1287820100423924,ATLANTIC COD,,9.324180189,23,58,201024258504wd,,0,05/04/2021
2010,25,5,2,1287820100423003,4,2,04,wd,8791030402,683,3.2,1,1,201024258504wd,1287820100423924,ATLANTIC COD,,9.324180189,26,68,201024258504wd,,0,05/04/2021
2010,25,5,2,1287820100423003,4,2,04,wd,8791030402,630,2,1,1,201024258504wd,1287820100423924,ATLANTIC COD,,9.324180189,24,63,201024258504wd,,0,05/04/2021
2010,25,5,2,1287820100423003,4,2,04,wd,8791030402,602,2.1,1,1,201024258504wd,1287820100423924,ATLANTIC COD,,9.324180189,23,60,201024258504wd,,0,05/04/2021
2010,25,5,2,1287820100423003,4,2,04,wd,8791030402,662,2.6,1,1,201024258504wd,1287820100423924,ATLANTIC COD,,9.324180189,26,66,201024258504wd,,0,05/04/2021
2010,25,5,2,1287820100423004,4,2,04,wd,8791030402,706,3.9,1,1,201024258504wd,1287820100423924,ATLANTIC COD,,9.324180189,27,70,201024258504wd,,0,05/04/2021
2010,25,5,2,1287820100423004,4,2,04,wd,8791030402,652,2.7,1,1,201024258504wd,1287820100423924,ATLANTIC COD,,9.324180189,25,65,201024258504wd,,0,05/04/2021
2010,25,5,2,1287820100423004,4,2,04,wd,8791030402,684,3.5,1,1,201024258504wd,1287820100423924,ATLANTIC COD,,9.324180189,26,68,201024258504wd,,0,05/04/2021
2010,25,5,2,1287820100423004,4,2,04,wd,8791030402,702,3.5,1,1,201024258504wd,1287820100423924,ATLANTIC COD,,9.324180189,27,70,201024258504wd,,0,05/04/2021
2010,25,5,2,1287820100423004,4,2,04,wd,8791030402,641,2.9,1,1,201024258504wd,1287820100423924,ATLANTIC COD,,9.324180189,25,64,201024258504wd,,0,05/04/2021
2010,25,5,2,1287820100423005,4,2,04,wd,8791030402,791,4.9,1,1,201024258504wd,1287820100423924,ATLANTIC COD,,9.324180189,31,79,201024258504wd,,0,05/04/2021
2010,25,5,2,1287820100423005,4,2,04,wd,8791030402,604,2.3,1,1,201024258504wd,1287820100423924,ATLANTIC COD,,9.324180189,23,60,201024258504wd,,0,05/04/2021
2010,25,5,2,1287820100423005,4,2,04,wd,8791030402,651,3.3,1,1,201024258504wd,1287820100423924,ATLANTIC COD,,9.324180189,25,65,201024258504wd,,0,05/04/2021
2010,25,5,2,1287820100423005,4,2,04,wd,8791030402,658,2.4,1,1,201024258504wd,1287820100423924,ATLANTIC COD,,9.324180189,25,65,201024258504wd,,0,05/04/2021
2010,25,5,2,1287820100423005,4,2,04,wd,8791030402,684,3,1,1,201024258504wd,1287820100423924,ATLANTIC COD,,9.324180189,26,68,201024258504wd,,0,05/04/2021
2010,25,5,2,1287820100423006,4,2,04,wd,8791030402,634,2.8,1,1,201024258504wd,1287820100423924,ATLANTIC COD,,9.324180189,24,63,201024258504wd,,0,05/04/2021
2010,25,5,2,1287820100423006,4,2,04,wd,8791030402,758,4.5,1,1,201024258504wd,1287820100423924,ATLANTIC COD,,9.324180189,29,75,201024258504wd,,0,05/04/2021
2010,25,5,2,1287820100423006,4,2,04,wd,8791030402,642,3.4,1,1,201024258504wd,1287820100423924,ATLANTIC COD,,9.324180189,25,64,201024258504wd,,0,05/04/2021
2010,25,5,2,1287820100423006,4,2,04,wd,8791030402,644,2.6,1,1,201024258504wd,1287820100423924,ATLANTIC COD,,9.324180189,25,64,201024258504wd,,0,05/04/2021
2010,25,5,2,1287820100423006,4,2,04,wd,8791030402,725,3.4,1,1,201024258504wd,1287820100423924,ATLANTIC COD,,9.324180189,28,72,201024258504wd,,0,05/04/2021
2010,25,5,2,1287820100424001,4,2,04,we,8791030901,670,3.5,1,1,201024258504we,1287820100424924,POLLOCK,,17.154646397,26,67,201024258504we,,0,05/04/2021
2010,25,5,2,1287820100424001,4,2,04,we,8791030402,606,2.3,1,1,201024258504we,1287820100424924,ATLANTIC COD,,34.309292794,23,60,201024258504we,,0,05/04/2021
2010,25,5,2,1287820100424001,4,2,04,we,8791030901,801,6,1,1,201024258504we,1287820100424924,POLLOCK,,17.154646397,31,80,201024258504we,,0,05/04/2021
2010,25,5,2,1287820100424001,4,2,04,we,8791030402,751,4.5,1,1,201024258504we,1287820100424924,ATLANTIC COD,,34.309292794,29,75,201024258504we,,0,05/04/2021
2010,25,5,2,1287820100424001,4,2,04,we,8791030402,600,2.1,1,1,201024258504we,1287820100424924,ATLANTIC COD,,34.309292794,23,60,201024258504we,,0,05/04/2021
2010,25,5,2,1287820100424001,4,2,04,we,8791030402,699,3.8,1,1,201024258504we,1287820100424924,ATLANTIC COD,,34.309292794,27,69,201024258504we,,0,05/04/2021
2010,25,5,2,1287820100424001,4,2,04,we,8791030402,788,3.2,1,1,201024258504we,1287820100424924,ATLANTIC COD,,34.309292794,31,78,201024258504we,,0,05/04/2021
2010,25,5,2,1287820100424001,4,2,04,we,8791030901,778,5.2,1,1,201024258504we,1287820100424924,POLLOCK,,17.154646397,30,77,201024258504we,,0,05/04/2021
2010,25,5,2,1287820100424002,4,2,04,we,8791030901,748,4.1,1,1,201024258504we,1287820100424924,POLLOCK,,32.348824783,29,74,201024258504we,,0,05/04/2021
2010,25,5,2,1287820100424002,4,2,04,we,8791030901,598,2.3,1,1,201024258504we,1287820100424924,POLLOCK,,32.348824783,23,59,201024258504we,,0,05/04/2021
2010,25,5,2,1287820100424002,4,2,04,we,8791030402,776,5.2,1,1,201024258504we,1287820100424924,ATLANTIC COD,,64.697649566,30,77,201024258504we,,0,05/04/2021
2010,25,5,2,1287820100424002,4,2,04,we,8791030402,612,2.5,1,1,201024258504we,1287820100424924,ATLANTIC COD,,64.697649566,24,61,201024258504we,,0,05/04/2021
2010,25,5,2,1287820100424002,4,2,04,we,8791030402,406,0.6887617647,1,1,201024258504we,1287820100424924,ATLANTIC COD,,64.697649566,15,40,201024258504we,,0,05/04/2021
2010,25,5,2,1287820100424002,4,2,04,we,8791030402,869,6.1,1,1,201024258504we,1287820100424924,ATLANTIC COD,,64.697649566,34,86,201024258504we,,0,05/04/2021
2010,25,5,2,1287820100424002,4,2,04,we,8791030402,643,2.6,1,1,201024258504we,1287820100424924,ATLANTIC COD,,64.697649566,25,64,201024258504we,,0,05/04/2021
2010,25,5,2,1287820100424002,4,2,04,we,8791030901,818,5.6,1,1,201024258504we,1287820100424924,POLLOCK,,32.348824783,32,81,201024258504we,,0,05/04/2021
2010,25,5,2,1287820100424003,4,2,04,we,8791030901,746,4.7,1,1,201024258504we,1287820100424924,POLLOCK,,17.154646397,29,74,201024258504we,,0,05/04/2021
2010,25,5,2,1287820100424003,4,2,04,we,8791030901,735,4.7,1,1,201024258504we,1287820100424924,POLLOCK,,17.154646397,28,73,201024258504we,,0,05/04/2021
2010,25,5,2,1287820100424003,4,2,04,we,8791030901,630,2.8,1,1,201024258504we,1287820100424924,POLLOCK,,17.154646397,24,63,201024258504we,,0,05/04/2021
2010,25,5,2,1287820100424003,4,2,04,we,8791030402,706,3.2,1,1,201024258504we,1287820100424924,ATLANTIC COD,,34.309292794,27,70,201024258504we,,0,05/04/2021
2010,25,5,2,1287820100424003,4,2,04,we,8791030901,802,4.9,1,1,201024258504we,1287820100424924,POLLOCK,,17.154646397,31,80,201024258504we,,0,05/04/2021
2010,25,5,2,1287820100424003,4,2,04,we,8791030402,691,4.1,1,1,201024258504we,1287820100424924,ATLANTIC COD,,34.309292794,27,69,201024258504we,,0,05/04/2021
2010,25,5,2,1287820100424003,4,2,04,we,8791030402,634,2.6,1,1,201024258504we,1287820100424924,ATLANTIC COD,,34.309292794,24,63,201024258504we,,0,05/04/2021
2010,25,5,2,1287820100424003,4,2,04,we,8791030402,687,3.7,1,1,201024258504we,1287820100424924,ATLANTIC COD,,34.309292794,27,68,201024258504we,,0,05/04/2021
2010,25,5,2,1287820100424003,4,2,04,we,8791030901,830,5.5,1,1,201024258504we,1287820100424924,POLLOCK,,17.154646397,32,83,201024258504we,,0,05/04/2021
2010,25,5,2,1287820100424003,4,2,04,we,8791030402,637,3.8,1,1,201024258504we,1287820100424924,ATLANTIC COD,,34.309292794,25,63,201024258504we,,0,05/04/2021
2010,25,5,2,1287820100424004,4,2,04,we,8791030901,674,3.7,1,1,201024258504we,1287820100424924,POLLOCK,,17.154646397,26,67,201024258504we,,0,05/04/2021
2010,25,5,2,1287820100424004,4,2,04,we,8791030901,644,3,1,1,201024258504we,1287820100424924,POLLOCK,,17.154646397,25,64,201024258504we,,0,05/04/2021
2010,25,5,2,1287820100424004,4,2,04,we,8791030402,727,3.2,1,1,201024258504we,1287820100424924,ATLANTIC COD,,34.309292794,28,72,201024258504we,,0,05/04/2021
2010,25,5,2,1287820100424004,4,2,04,we,8791030402,675,2.8,1,1,201024258504we,1287820100424924,ATLANTIC COD,,34.309292794,26,67,201024258504we,,0,05/04/2021
2010,25,5,2,1287820100424004,4,2,04,we,8791030901,752,4.4,1,1,201024258504we,1287820100424924,POLLOCK,,17.154646397,29,75,201024258504we,,0,05/04/2021
2010,25,5,2,1287820100424004,4,2,04,we,8791030402,839,6.2,1,1,201024258504we,1287820100424924,ATLANTIC COD,,34.309292794,33,83,201024258504we,,0,05/04/2021
2010,25,5,2,1287820100424004,4,2,04,we,8791030402,776,4.3,1,1,201024258504we,1287820100424924,ATLANTIC COD,,34.309292794,30,77,201024258504we,,0,05/04/2021
2010,25,5,2,1287820100424004,4,2,04,we,8791030402,824,6.1,1,1,201024258504we,1287820100424924,ATLANTIC COD,,34.309292794,32,82,201024258504we,,0,05/04/2021
2010,25,5,2,1287820100424005,4,2,04,we,8791030901,806,5.4,1,1,201024258504we,1287820100424924,POLLOCK,,17.154646397,31,80,201024258504we,,0,05/04/2021
2010,25,5,2,1287820100424005,4,2,04,we,8791030901,484,1.2,1,1,201024258504we,1287820100424924,POLLOCK,,17.154646397,19,48,201024258504we,,0,05/04/2021
2010,25,5,2,1287820100424005,4,2,04,we,8791030901,731,4.9,1,1,201024258504we,1287820100424924,POLLOCK,,17.154646397,28,73,201024258504we,,0,05/04/2021
2010,25,5,2,1287820100424005,4,2,04,we,8791030402,690,4.1,1,1,201024258504we,1287820100424924,ATLANTIC COD,,34.309292794,27,69,201024258504we,,0,05/04/2021
2010,25,5,2,1287820100424005,4,2,04,we,8791030402,644,2.8,1,1,201024258504we,1287820100424924,ATLANTIC COD,,34.309292794,25,64,201024258504we,,0,05/04/2021
2010,25,5,2,1287820100424005,4,2,04,we,8791030402,673,2.9,1,1,201024258504we,1287820100424924,ATLANTIC COD,,34.309292794,26,67,201024258504we,,0,05/04/2021
2010,25,5,2,1287820100424005,4,2,04,we,8791030402,726,4.4,1,1,201024258504we,1287820100424924,ATLANTIC COD,,34.309292794,28,72,201024258504we,,0,05/04/2021
2010,25,5,2,1287820100424005,4,2,04,we,8791030402,749,4.4,1,1,201024258504we,1287820100424924,ATLANTIC COD,,34.309292794,29,74,201024258504we,,0,05/04/2021
2010,25,5,2,1287820100425001,4,2,04,we,8791030402,645,2.5,1,1,201024258504we,1287820100425924,ATLANTIC COD,,40.203696596,25,64,201024258504we,,0,05/04/2021
2010,25,5,2,1287820100425001,4,2,04,we,8791030402,720,3.4,1,1,201024258504we,1287820100425924,ATLANTIC COD,,40.203696596,28,72,201024258504we,,0,05/04/2021
2010,25,5,2,1287820100425001,4,2,04,we,8791030901,554,1.7799277756,1,1,201024258504we,1287820100425924,POLLOCK,,40.203696596,21,55,201024258504we,,0,05/04/2021
2010,25,5,2,1287820100425001,4,2,04,we,8791030402,604,2.1,1,1,201024258504we,1287820100425924,ATLANTIC COD,,40.203696596,23,60,201024258504we,,0,05/04/2021
2010,25,5,2,1287820100425002,4,2,04,we,8791030402,740,3.9,1,1,201024258504we,1287820100425924,ATLANTIC COD,,40.203696596,29,74,201024258504we,,0,05/04/2021
2010,25,5,2,1287820100425002,4,2,04,we,8791030402,702,3.4,1,1,201024258504we,1287820100425924,ATLANTIC COD,,40.203696596,27,70,201024258504we,,0,05/04/2021
2010,25,5,2,1287820100425002,4,2,04,we,8791030402,610,2,1,1,201024258504we,1287820100425924,ATLANTIC COD,,40.203696596,24,61,201024258504we,,0,05/04/2021
2010,25,5,2,1287820100425002,4,2,04,we,8791030402,748,4.6,1,1,201024258504we,1287820100425924,ATLANTIC COD,,40.203696596,29,74,201024258504we,,0,05/04/2021
2010,25,5,2,1287820100425002,4,2,04,we,8791030402,844,5.4,1,1,201024258504we,1287820100425924,ATLANTIC COD,,40.203696596,33,84,201024258504we,,0,05/04/2021
2010,25,5,2,1287820100425003,4,2,04,we,8791030402,700,2.9,1,1,201024258504we,1287820100425924,ATLANTIC COD,,40.203696596,27,70,201024258504we,,0,05/04/2021
2010,25,5,2,1287820100425003,4,2,04,we,8791030402,661,2.8,1,1,201024258504we,1287820100425924,ATLANTIC COD,,40.203696596,26,66,201024258504we,,0,05/04/2021
2010,25,5,2,1287820100425003,4,2,04,we,8791030402,604,2.6,1,1,201024258504we,1287820100425924,ATLANTIC COD,,40.203696596,23,60,201024258504we,,0,05/04/2021
2010,25,5,2,1287820100425003,4,2,04,we,8791030402,719,3,1,1,201024258504we,1287820100425924,ATLANTIC COD,,40.203696596,28,71,201024258504we,,0,05/04/2021
2010,25,5,2,1287820100425003,4,2,04,we,8791030402,891,7.9,1,1,201024258504we,1287820100425924,ATLANTIC COD,,40.203696596,35,89,201024258504we,,0,05/04/2021
2010,25,5,2,1287820100425004,4,2,04,we,,,,0,0,201024258504we,1287820100425924,,,40.203696596,,,201024258504we,,0,05/04/2021
2010,25,5,2,1287820100425005,4,2,04,we,8791030402,638,2.3,1,1,201024258504we,1287820100425924,ATLANTIC COD,,40.203696596,25,63,201024258504we,,0,05/04/2021
2010,25,5,2,1287820100425005,4,2,04,we,8791030402,597,2.2,1,1,201024258504we,1287820100425924,ATLANTIC COD,,40.203696596,23,59,201024258504we,,0,05/04/2021
2010,25,5,2,1287820100425005,4,2,04,we,8791030402,819,5.7,1,1,201024258504we,1287820100425924,ATLANTIC COD,,40.203696596,32,81,201024258504we,,0,05/04/2021
2010,25,5,2,1287820100425005,4,2,04,we,8791030402,610,2.4,1,1,201024258504we,1287820100425924,ATLANTIC COD,,40.203696596,24,61,201024258504we,,0,05/04/2021
2010,25,5,2,1287820100425005,4,2,04,we,8791030402,807,6.1,1,1,201024258504we,1287820100425924,ATLANTIC COD,,40.203696596,31,80,201024258504we,,0,05/04/2021
2010,25,5,2,1684120100401001,4,2,04,wd,,,,0,0,201024258504wd,1684120100401915,,,175.726986,,,201024258504wd,,0,05/04/2021
2010,25,5,2,1684120100401002,4,2,04,wd,8826010169,300,0.4,1,1,201024258504wd,1684120100401915,ACADIAN REDFISH,,71.52350962,11,30,201024258504wd,,0,05/04/2021
2010,25,5,2,1684120100401003,4,2,04,wd,,,,0,0,201024258504wd,1684120100401915,,,71.52350962,,,201024258504wd,,0,05/04/2021
2010,25,5,2,1684120100401004,4,2,04,wd,,,,0,0,201024258504wd,1684120100401915,,,71.52350962,,,201024258504wd,,0,05/04/2021
2010,25,5,2,1684120100401005,4,2,04,wd,,,,0,0,201024258504wd,1684120100401915,,,175.726986,,,201024258504wd,,0,05/04/2021
2010,25,5,2,1684120100401006,4,2,04,wd,8826010169,247,0.238633228,1,1,201024258504wd,1684120100401915,ACADIAN REDFISH,,175.726986,9,24,201024258504wd,,0,05/04/2021
2010,25,5,2,1684120100403001,4,2,04,we,8791031301,548,1.4,1,1,201024258504we,1684120100403924,HADDOCK,,178.58332251,21,54,201024258504we,,0,05/04/2021
2010,25,5,2,1684120100403001,4,2,04,we,8791031301,561,1.7,1,1,201024258504we,1684120100403924,HADDOCK,,178.58332251,22,56,201024258504we,,0,05/04/2021
2010,25,5,2,1684120100403001,4,2,04,we,8791031301,517,1.4,1,1,201024258504we,1684120100403924,HADDOCK,,178.58332251,20,51,201024258504we,,0,05/04/2021
2010,25,5,2,1684120100403001,4,2,04,we,8791031301,468,1,1,1,201024258504we,1684120100403924,HADDOCK,,178.58332251,18,46,201024258504we,,0,05/04/2021
2010,25,5,2,1684120100403001,4,2,04,we,8791031301,442,0.9,1,1,201024258504we,1684120100403924,HADDOCK,,178.58332251,17,44,201024258504we,,0,05/04/2021
2010,25,5,2,1684120100403002,4,2,04,we,8791031301,484,1.3,1,1,201024258504we,1684120100403924,HADDOCK,,137.06544878,19,48,201024258504we,,0,05/04/2021
2010,25,5,2,1684120100403002,4,2,04,we,8791031301,577,2.2,1,1,201024258504we,1684120100403924,HADDOCK,,137.06544878,22,57,201024258504we,,0,05/04/2021
2010,25,5,2,1684120100403002,4,2,04,we,8791031301,406,1.4,1,1,201024258504we,1684120100403924,HADDOCK,,137.06544878,15,40,201024258504we,,0,05/04/2021
2010,25,5,2,1684120100403002,4,2,04,we,8791031301,499,1.35,1,1,201024258504we,1684120100403924,HADDOCK,,137.06544878,19,49,201024258504we,,0,05/04/2021
2010,25,5,2,1684120100403002,4,2,04,we,8791031301,671,3.2,1,1,201024258504we,1684120100403924,HADDOCK,,137.06544878,26,67,201024258504we,,0,05/04/2021
2010,25,5,2,1684120100403003,4,2,04,we,8791031301,451,1.1,1,1,201024258504we,1684120100403924,HADDOCK,,62.65849087,17,45,201024258504we,,0,05/04/2021
2010,25,5,2,1684120100403003,4,2,04,we,8791031301,506,1.4,1,1,201024258504we,1684120100403924,HADDOCK,,62.65849087,19,50,201024258504we,,0,05/04/2021
2010,25,5,2,1684120100403003,4,2,04,we,8791031301,499,1.2,1,1,201024258504we,1684120100403924,HADDOCK,,62.65849087,19,49,201024258504we,,0,05/04/2021
2010,25,5,2,1684120100403003,4,2,04,we,8791031301,456,1.1,1,1,201024258504we,1684120100403924,HADDOCK,,62.65849087,17,45,201024258504we,,0,05/04/2021
2010,25,5,2,1684120100403003,4,2,04,we,8791031301,528,1.6,1,1,201024258504we,1684120100403924,HADDOCK,,62.65849087,20,52,201024258504we,,0,05/04/2021
2010,25,5,2,1684120100403004,4,2,04,we,8791031301,631,1.5,1,1,201024258504we,1684120100403924,HADDOCK,,97.903891985,24,63,201024258504we,,0,05/04/2021
2010,25,5,2,1684120100403004,4,2,04,we,8791031301,487,1.3,1,1,201024258504we,1684120100403924,HADDOCK,,97.903891985,19,48,201024258504we,,0,05/04/2021
2010,25,5,2,1684120100403004,4,2,04,we,8791031301,551,1.65,1,1,201024258504we,1684120100403924,HADDOCK,,97.903891985,21,55,201024258504we,,0,05/04/2021
2010,25,5,2,1684120100403004,4,2,04,we,8791031301,548,2,1,1,201024258504we,1684120100403924,HADDOCK,,97.903891985,21,54,201024258504we,,0,05/04/2021
2010,25,5,2,1684120100403004,4,2,04,we,8791031301,484,1.3,1,1,201024258504we,1684120100403924,HADDOCK,,97.903891985,19,48,201024258504we,,0,05/04/2021
2010,25,5,2,1684220100418001,4,2,04,we,,,,0,0,201024258504we,168422010041823784,,,26.715775049,,,201024258504we,,0,05/04/2021
2010,25,7,5,1156420100424001,4,2,04,we,8791031301,531,2,1,1,201024258704we,115642010042423763,HADDOCK,,805.26631902,20,53,201024258704we,,0,05/04/2021
2010,25,7,5,1156420100424001,4,2,04,we,8791031301,575,1.9,1,1,201024258704we,115642010042423763,HADDOCK,,805.26631902,22,57,201024258704we,,0,05/04/2021
2010,25,7,5,1156420100424001,4,2,04,we,8791031301,575,1.9,1,1,201024258704we,115642010042423763,HADDOCK,,805.26631902,22,57,201024258704we,,0,05/04/2021
2010,25,7,5,1156420100424001,4,2,04,we,8791031301,531,2,1,1,201024258704we,115642010042423763,HADDOCK,,805.26631902,20,53,201024258704we,,0,05/04/2021
2010,25,7,5,1156420100424001,4,2,04,we,8791030901,779,4.8,1,1,201024258704we,115642010042423763,POLLOCK,,301.97486963,30,77,201024258704we,,0,05/04/2021
2010,25,7,5,1156420100424001,4,2,04,we,8791030901,540,2,1,1,201024258704we,115642010042423763,POLLOCK,,301.97486963,21,54,201024258704we,,0,05/04/2021
2010,25,7,5,1156420100424001,4,2,04,we,8791031301,531,2,1,1,201024258704we,115642010042423763,HADDOCK,,805.26631902,20,53,201024258704we,,0,05/04/2021
2010,25,7,5,1156420100424001,4,2,04,we,8791030901,738,4.2,1,1,201024258704we,115642010042423763,POLLOCK,,301.97486963,29,73,201024258704we,,0,05/04/2021
2010,25,7,5,1156420100424001,4,2,04,we,8791030901,600,2,1,1,201024258704we,115642010042423763,POLLOCK,,301.97486963,23,60,201024258704we,,0,05/04/2021
2010,25,7,5,1156420100424001,4,2,04,we,8791030901,675,3.0867281032,1,1,201024258704we,115642010042423763,POLLOCK,,301.97486963,26,67,201024258704we,,0,05/04/2021
2010,25,7,5,1156420100424002,4,2,04,we,8791030901,778,4,1,1,201024258704we,115642010042423763,POLLOCK,,301.97486963,30,77,201024258704we,,0,05/04/2021
2010,25,7,5,1156420100424002,4,2,04,we,8791030901,641,2.6,1,1,201024258704we,115642010042423763,POLLOCK,,301.97486963,25,64,201024258704we,,0,05/04/2021
2010,25,7,5,1156420100424002,4,2,04,we,8791030901,667,2.9,1,1,201024258704we,115642010042423763,POLLOCK,,301.97486963,26,66,201024258704we,,0,05/04/2021
2010,25,7,5,1156420100424002,4,2,04,we,8791030901,789,3.3,1,1,201024258704we,115642010042423763,POLLOCK,,301.97486963,31,78,201024258704we,,0,05/04/2021
2010,25,7,5,1156420100424002,4,2,04,we,8791030901,608,2.5,1,1,201024258704we,115642010042423763,POLLOCK,,301.97486963,23,60,201024258704we,,0,05/04/2021
2010,25,7,5,1156420100424006,4,2,04,we,8791030901,543,2,1,1,201024258704we,115642010042423763,POLLOCK,,215.66349665,21,54,201024258704we,,0,05/04/2021
2010,25,7,5,1156420100424006,4,2,04,we,8791030901,724,3.5,1,1,201024258704we,115642010042423763,POLLOCK,,215.66349665,28,72,201024258704we,,0,05/04/2021
2010,25,7,5,1156420100424006,4,2,04,we,8791030402,676,2.9,1,1,201024258704we,115642010042423763,ATLANTIC COD,,215.66349665,26,67,201024258704we,,0,05/04/2021
2010,25,7,5,1156420100424006,4,2,04,we,8791030402,500,2.2,1,1,201024258704we,115642010042423763,ATLANTIC COD,,215.66349665,19,50,201024258704we,,0,05/04/2021
2010,25,7,5,1156420100424006,4,2,04,we,8791030402,676,2.9,1,1,201024258704we,115642010042423763,ATLANTIC COD,,215.66349665,26,67,201024258704we,,0,05/04/2021
2010,25,7,5,1156420100424006,4,2,04,we,8791030402,676,2.9,1,1,201024258704we,115642010042423763,ATLANTIC COD,,215.66349665,26,67,201024258704we,,0,05/04/2021
2010,25,7,5,1156420100424006,4,2,04,we,8791030402,676,2.9,1,1,201024258704we,115642010042423763,ATLANTIC COD,,215.66349665,26,67,201024258704we,,0,05/04/2021
2010,25,7,5,1156420100424007,4,2,04,we,8791030901,731,4,1,1,201024258704we,115642010042423763,POLLOCK,,215.66349665,28,73,201024258704we,,0,05/04/2021
2010,25,7,5,1156420100424007,4,2,04,we,8791030402,640,2.4,1,1,201024258704we,115642010042423763,ATLANTIC COD,,431.3269933,25,64,201024258704we,,0,05/04/2021
2010,25,7,5,1156420100424007,4,2,04,we,8791030901,602,1.9,1,1,201024258704we,115642010042423763,POLLOCK,,215.66349665,23,60,201024258704we,,0,05/04/2021
2010,25,7,5,1156420100424007,4,2,04,we,8791030402,640,2.4,1,1,201024258704we,115642010042423763,ATLANTIC COD,,431.3269933,25,64,201024258704we,,0,05/04/2021
2010,25,7,5,1156420100424007,4,2,04,we,8791030402,640,2.4,1,1,201024258704we,115642010042423763,ATLANTIC COD,,431.3269933,25,64,201024258704we,,0,05/04/2021
2010,25,7,5,1156420100424007,4,2,04,we,8791030402,676,2.9,1,1,201024258704we,115642010042423763,ATLANTIC COD,,431.3269933,26,67,201024258704we,,0,05/04/2021
2010,25,7,5,1156420100424007,4,2,04,we,8791030402,676,2.9,1,1,201024258704we,115642010042423763,ATLANTIC COD,,431.3269933,26,67,201024258704we,,0,05/04/2021
2010,25,7,5,1156420100424008,4,2,04,we,8857042001,354,0.55,1,1,201024258704we,115642010042423763,WINTER FLOUNDER,,215.66349665,13,35,201024258704we,,0,05/04/2021
2010,25,7,5,1156420100424008,4,2,04,we,8857042001,389,0.75,1,1,201024258704we,115642010042423763,WINTER FLOUNDER,,215.66349665,15,38,201024258704we,,0,05/04/2021
2010,25,7,5,1156420100424008,4,2,04,we,8857042001,389,0.75,1,1,201024258704we,115642010042423763,WINTER FLOUNDER,,215.66349665,15,38,201024258704we,,0,05/04/2021
2010,25,7,5,1156420100424008,4,2,04,we,8857042001,389,0.75,1,1,201024258704we,115642010042423763,WINTER FLOUNDER,,215.66349665,15,38,201024258704we,,0,05/04/2021
2010,25,7,5,1156420100424009,4,2,04,we,8857042001,354,0.55,1,1,201024258704we,115642010042423763,WINTER FLOUNDER,,215.66349665,13,35,201024258704we,,0,05/04/2021
2010,25,7,5,1156420100424009,4,2,04,we,8857042001,354,0.55,1,1,201024258704we,115642010042423763,WINTER FLOUNDER,,215.66349665,13,35,201024258704we,,0,05/04/2021
2010,25,7,2,1273420100425002,4,2,04,we,8791030402,640,2.4,1,1,201024258704we,127342010042523217,ATLANTIC COD,,305.47233779,25,64,201024258704we,,0,05/04/2021
2010,25,7,2,1273420100425002,4,2,04,we,8791030402,640,2.4,1,1,201024258704we,127342010042523217,ATLANTIC COD,,305.47233779,25,64,201024258704we,,0,05/04/2021
2010,25,7,2,1273420100425002,4,2,04,we,8791030402,640,2.4,1,1,201024258704we,127342010042523217,ATLANTIC COD,,305.47233779,25,64,201024258704we,,0,05/04/2021
2010,25,7,2,1273420100425002,4,2,04,we,8791030402,676,2.9,1,1,201024258704we,127342010042523217,ATLANTIC COD,,305.47233779,26,67,201024258704we,,0,05/04/2021
2010,25,7,2,1273420100425002,4,2,04,we,8791030402,640,2.4,1,1,201024258704we,127342010042523217,ATLANTIC COD,,305.47233779,25,64,201024258704we,,0,05/04/2021
2010,25,7,2,1273420100425003,4,2,04,we,8791030402,640,2.4,1,1,201024258704we,127342010042523217,ATLANTIC COD,,246.34018924,25,64,201024258704we,,0,05/04/2021
2010,25,7,2,1273420100425004,4,2,04,we,8791030402,676,2.9,1,1,201024258704we,127342010042523217,ATLANTIC COD,,305.47233779,26,67,201024258704we,,0,05/04/2021
2010,25,7,2,1273420100425004,4,2,04,we,8791030402,640,2.4,1,1,201024258704we,127342010042523217,ATLANTIC COD,,305.47233779,25,64,201024258704we,,0,05/04/2021
2010,25,7,2,1273420100425004,4,2,04,we,8791030402,640,2.4,1,1,201024258704we,127342010042523217,ATLANTIC COD,,305.47233779,25,64,201024258704we,,0,05/04/2021
2010,25,7,2,1273420100425004,4,2,04,we,8791030402,676,2.9,1,1,201024258704we,127342010042523217,ATLANTIC COD,,305.47233779,26,67,201024258704we,,0,05/04/2021
2010,25,7,2,1273420100425004,4,2,04,we,8791030402,676,2.9,1,1,201024258704we,127342010042523217,ATLANTIC COD,,305.47233779,26,67,201024258704we,,0,05/04/2021
2010,25,7,2,1273420100425005,4,2,04,we,,,,0,0,201024258704we,127342010042523217,,,218.19452699,,,201024258704we,,0,05/04/2021
2010,25,7,2,1273420100425006,4,2,04,we,,,,0,0,201024258704we,127342010042523217,,,218.19452699,,,201024258704we,,0,05/04/2021
2010,25,7,2,1273420100425007,4,2,04,we,8791030402,676,2.9,1,1,201024258704we,127342010042523217,ATLANTIC COD,,218.19452699,26,67,201024258704we,,0,05/04/2021
2010,25,7,2,1273420100425007,4,2,04,we,8791030402,676,2.9,1,1,201024258704we,127342010042523217,ATLANTIC COD,,218.19452699,26,67,201024258704we,,0,05/04/2021
2010,25,7,2,1273420100425007,4,2,04,we,8791031301,531,2,1,1,201024258704we,127342010042523217,HADDOCK,,218.19452699,20,53,201024258704we,,0,05/04/2021
2010,25,7,2,1273420100425007,4,2,04,we,8791030402,676,2.9,1,1,201024258704we,127342010042523217,ATLANTIC COD,,218.19452699,26,67,201024258704we,,0,05/04/2021
2010,25,7,2,1273420100425007,4,2,04,we,8791030402,676,2.9,1,1,201024258704we,127342010042523217,ATLANTIC COD,,218.19452699,26,67,201024258704we,,0,05/04/2021
2010,25,7,2,1273420100425007,4,2,04,we,8791030402,676,2.9,1,1,201024258704we,127342010042523217,ATLANTIC COD,,218.19452699,26,67,201024258704we,,0,05/04/2021
2010,25,7,2,1273420100425008,4,2,04,we,8791030402,676,2.9,1,1,201024258704we,127342010042523217,ATLANTIC COD,,261.83343239,26,67,201024258704we,,0,05/04/2021
2010,25,7,2,1273420100425008,4,2,04,we,8791030402,676,2.9,1,1,201024258704we,127342010042523217,ATLANTIC COD,,261.83343239,26,67,201024258704we,,0,05/04/2021
2010,25,7,2,1273420100425008,4,2,04,we,8791030402,676,2.9,1,1,201024258704we,127342010042523217,ATLANTIC COD,,261.83343239,26,67,201024258704we,,0,05/04/2021
2010,25,7,2,1273420100425008,4,2,04,we,8791030402,676,2.9,1,1,201024258704we,127342010042523217,ATLANTIC COD,,261.83343239,26,67,201024258704we,,0,05/04/2021
2010,25,7,2,1273420100425008,4,2,04,we,8791030402,676,2.9,1,1,201024258704we,127342010042523217,ATLANTIC COD,,261.83343239,26,67,201024258704we,,0,05/04/2021
2010,25,7,2,1273420100425009,4,2,04,we,8791030402,676,2.9,1,1,201024258704we,127342010042523217,ATLANTIC COD,,349.11124319,26,67,201024258704we,,0,05/04/2021
2010,25,7,2,1273420100425009,4,2,04,we,8791030402,676,2.9,1,1,201024258704we,127342010042523217,ATLANTIC COD,,349.11124319,26,67,201024258704we,,0,05/04/2021
2010,25,7,2,1273420100425009,4,2,04,we,8791030402,500,2.2,1,1,201024258704we,127342010042523217,ATLANTIC COD,,349.11124319,19,50,201024258704we,,0,05/04/2021
2010,25,7,2,1273420100425009,4,2,04,we,8791030402,676,2.9,1,1,201024258704we,127342010042523217,ATLANTIC COD,,349.11124319,26,67,201024258704we,,0,05/04/2021
2010,25,7,2,1273420100425009,4,2,04,we,8791030402,676,2.9,1,1,201024258704we,127342010042523217,ATLANTIC COD,,349.11124319,26,67,201024258704we,,0,05/04/2021
2010,25,7,2,1273420100425010,4,2,04,we,,,,0,0,201024258704we,127342010042523217,,,156.11929259,,,201024258704we,,0,05/04/2021
2010,25,7,2,1273420100425011,4,2,04,we,,,,0,0,201024258704we,127342010042523217,,,156.11929259,,,201024258704we,,0,05/04/2021
2010,25,7,2,1273420100425012,4,2,04,we,8791031301,531,2,1,1,201024258704we,127342010042523217,HADDOCK,,275.54828514,20,53,201024258704we,,0,05/04/2021
2010,25,7,2,1273420100425012,4,2,04,we,8791031301,567,2,1,1,201024258704we,127342010042523217,HADDOCK,,275.54828514,22,56,201024258704we,,0,05/04/2021
2010,25,7,2,1273420100425012,4,2,04,we,8791031301,490,1.1,1,1,201024258704we,127342010042523217,HADDOCK,,275.54828514,19,49,201024258704we,,0,05/04/2021
2010,25,7,2,1273420100425012,4,2,04,we,8791030402,640,2.4,1,1,201024258704we,127342010042523217,ATLANTIC COD,,330.65794217,25,64,201024258704we,,0,05/04/2021
2010,25,7,2,1273420100425012,4,2,04,we,8791030402,500,2.2,1,1,201024258704we,127342010042523217,ATLANTIC COD,,330.65794217,19,50,201024258704we,,0,05/04/2021
2010,25,7,2,1273420100425012,4,2,04,we,8791030402,500,2.2,1,1,201024258704we,127342010042523217,ATLANTIC COD,,330.65794217,19,50,201024258704we,,0,05/04/2021
2010,25,7,2,1273420100425012,4,2,04,we,8791030402,500,2.2,1,1,201024258704we,127342010042523217,ATLANTIC COD,,330.65794217,19,50,201024258704we,,0,05/04/2021
2010,25,7,2,1273420100425012,4,2,04,we,8791030402,640,2.4,1,1,201024258704we,127342010042523217,ATLANTIC COD,,330.65794217,25,64,201024258704we,,0,05/04/2021
2010,25,7,2,1273420100425014,4,2,04,we,8791030402,500,2.2,1,1,201024258704we,127342010042523217,ATLANTIC COD,,218.19452699,19,50,201024258704we,,0,05/04/2021
2010,25,7,2,1273420100425014,4,2,04,we,8791030402,640,2.4,1,1,201024258704we,127342010042523217,ATLANTIC COD,,218.19452699,25,64,201024258704we,,0,05/04/2021
2010,25,7,2,1273420100425014,4,2,04,we,8791030402,500,2.2,1,1,201024258704we,127342010042523217,ATLANTIC COD,,218.19452699,19,50,201024258704we,,0,05/04/2021
2010,25,7,2,1273420100425015,4,2,04,we,8791031301,490,1.1,1,1,201024258704we,127342010042523217,HADDOCK,,156.11929259,19,49,201024258704we,,0,05/04/2021
2010,25,7,2,1273420100425015,4,2,04,we,8791030901,555,2.1,1,1,201024258704we,127342010042523217,POLLOCK,,156.11929259,21,55,201024258704we,,0,05/04/2021
2010,25,7,2,1273420100425015,4,2,04,we,8791030402,612,2.6,1,1,201024258704we,127342010042523217,ATLANTIC COD,,156.11929259,24,61,201024258704we,,0,05/04/2021
2010,25,7,2,1273420100425015,4,2,04,we,8791030901,643,2.69439745,1,1,201024258704we,127342010042523217,POLLOCK,,156.11929259,25,64,201024258704we,,0,05/04/2021
2010,25,7,2,1273420100425015,4,2,04,we,8791030402,500,2.2,1,1,201024258704we,127342010042523217,ATLANTIC COD,,156.11929259,19,50,201024258704we,,0,05/04/2021
2010,25,7,2,1273420100425015,4,2,04,we,8791030901,694,3.2,1,1,201024258704we,127342010042523217,POLLOCK,,156.11929259,27,69,201024258704we,,0,05/04/2021
2010,25,7,2,1273420100425016,4,2,04,we,8791030901,718,3.6,1,1,201024258704we,127342010042523217,POLLOCK,,156.11929259,28,71,201024258704we,,0,05/04/2021
2010,25,7,2,1273420100425016,4,2,04,we,8791030901,670,3,1,1,201024258704we,127342010042523217,POLLOCK,,156.11929259,26,67,201024258704we,,0,05/04/2021
2010,25,7,2,1273420100425016,4,2,04,we,8791030402,500,2.2,1,1,201024258704we,127342010042523217,ATLANTIC COD,,156.11929259,19,50,201024258704we,,0,05/04/2021
2010,25,7,2,1273420100425016,4,2,04,we,8791030402,612,2.6,1,1,201024258704we,127342010042523217,ATLANTIC COD,,156.11929259,24,61,201024258704we,,0,05/04/2021
2010,25,7,2,1273420100425017,4,2,04,we,8791031301,531,2,1,1,201024258704we,127342010042523217,HADDOCK,,156.11929259,20,53,201024258704we,,0,05/04/2021
2010,25,7,2,1273420100425017,4,2,04,we,8791031301,567,2,1,1,201024258704we,127342010042523217,HADDOCK,,156.11929259,22,56,201024258704we,,0,05/04/2021
2010,25,7,2,1273420100425017,4,2,04,we,8791030402,500,2.2,1,1,201024258704we,127342010042523217,ATLANTIC COD,,156.11929259,19,50,201024258704we,,0,05/04/2021
2010,25,7,2,1273420100425017,4,2,04,we,8791030402,500,2.2,1,1,201024258704we,127342010042523217,ATLANTIC COD,,156.11929259,19,50,201024258704we,,0,05/04/2021
2010,25,7,2,1273420100425020,4,2,04,we,8791031301,567,2,1,1,201024258704we,127342010042523217,HADDOCK,,218.19452699,22,56,201024258704we,,0,05/04/2021
2010,25,7,2,1273420100425020,4,2,04,we,8791030402,500,2.2,1,1,201024258704we,127342010042523217,ATLANTIC COD,,349.11124319,19,50,201024258704we,,0,05/04/2021
2010,25,7,2,1273420100425020,4,2,04,we,8791030402,676,2.9,1,1,201024258704we,127342010042523217,ATLANTIC COD,,349.11124319,26,67,201024258704we,,0,05/04/2021
2010,25,7,2,1273420100425020,4,2,04,we,8791030402,500,2.2,1,1,201024258704we,127342010042523217,ATLANTIC COD,,349.11124319,19,50,201024258704we,,0,05/04/2021
2010,25,7,2,1273420100425020,4,2,04,we,8791030402,612,2.6,1,1,201024258704we,127342010042523217,ATLANTIC COD,,349.11124319,24,61,201024258704we,,0,05/04/2021
2010,25,7,2,1273420100425020,4,2,04,we,8791030402,500,2.2,1,1,201024258704we,127342010042523217,ATLANTIC COD,,349.11124319,19,50,201024258704we,,0,05/04/2021
2010,25,7,2,1273420100425021,4,2,04,we,8791030402,500,2.2,1,1,201024258704we,127342010042523217,ATLANTIC COD,,349.11124319,19,50,201024258704we,,0,05/04/2021
2010,25,7,2,1273420100425021,4,2,04,we,8791030402,500,2.2,1,1,201024258704we,127342010042523217,ATLANTIC COD,,349.11124319,19,50,201024258704we,,0,05/04/2021
2010,25,7,2,1273420100425021,4,2,04,we,8791030402,500,2.2,1,1,201024258704we,127342010042523217,ATLANTIC COD,,349.11124319,19,50,201024258704we,,0,05/04/2021
2010,25,7,2,1273420100425021,4,2,04,we,8791030402,500,2.2,1,1,201024258704we,127342010042523217,ATLANTIC COD,,349.11124319,19,50,201024258704we,,0,05/04/2021
2010,25,7,2,1273420100425021,4,2,04,we,8791030402,500,2.2,1,1,201024258704we,127342010042523217,ATLANTIC COD,,349.11124319,19,50,201024258704we,,0,05/04/2021
2010,25,7,2,1273420100425022,4,2,04,we,8791030402,640,2.4,1,1,201024258704we,127342010042523217,ATLANTIC COD,,305.47233779,25,64,201024258704we,,0,05/04/2021
2010,25,7,2,1273420100425022,4,2,04,we,8791030402,640,2.4,1,1,201024258704we,127342010042523217,ATLANTIC COD,,305.47233779,25,64,201024258704we,,0,05/04/2021
2010,25,7,2,1273420100425022,4,2,04,we,8791030402,640,2.4,1,1,201024258704we,127342010042523217,ATLANTIC COD,,305.47233779,25,64,201024258704we,,0,05/04/2021
2010,25,7,2,1273420100425022,4,2,04,we,8791030402,640,2.4,1,1,201024258704we,127342010042523217,ATLANTIC COD,,305.47233779,25,64,201024258704we,,0,05/04/2021
2010,25,7,2,1273420100425022,4,2,04,we,8791030402,640,2.4,1,1,201024258704we,127342010042523217,ATLANTIC COD,,305.47233779,25,64,201024258704we,,0,05/04/2021
2010,25,7,2,1287820100403004,4,2,04,we,,,,0,0,201024258704we,12878201004039803,,,450.6408053,,,201024258704we,,0,05/04/2021
2010,25,7,2,1287820100403005,4,2,04,we,,,,0,0,201024258704we,12878201004039803,,,450.6408053,,,201024258704we,,0,05/04/2021
2010,25,7,2,1287820100403006,4,2,04,we,8826010169,212,0.1591851996,1,1,201024258704we,12878201004039803,ACADIAN REDFISH,,901.28161059,8,21,201024258704we,,0,05/04/2021
2010,25,7,2,1287820100403006,4,2,04,we,8826010169,234,0.2,1,1,201024258704we,12878201004039803,ACADIAN REDFISH,,901.28161059,9,23,201024258704we,,0,05/04/2021
2010,25,7,2,1287820100403006,4,2,04,we,8826010169,270,0.3,1,1,201024258704we,12878201004039803,ACADIAN REDFISH,,901.28161059,10,27,201024258704we,,0,05/04/2021
2010,25,7,2,1287820100403006,4,2,04,we,8826010169,321.24154206,0.5,1,1,201024258704we,12878201004039803,ACADIAN REDFISH,,901.28161059,12,32,201024258704we,,0,05/04/2021
2010,25,7,2,1287820100403006,4,2,04,we,8826010169,299,0.6,1,1,201024258704we,12878201004039803,ACADIAN REDFISH,,901.28161059,11,29,201024258704we,,0,05/04/2021
2010,25,7,2,1287820100403007,4,2,04,we,,,,0,0,201024258704we,12878201004039803,,,450.6408053,,,201024258704we,,0,05/04/2021
2010,25,7,2,1287820100403008,4,2,04,we,,,,0,0,201024258704we,12878201004039803,,,450.6408053,,,201024258704we,,0,05/04/2021
2010,25,7,2,1287820100403009,4,2,04,we,,,,0,0,201024258704we,12878201004039803,,,450.6408053,,,201024258704we,,0,05/04/2021
2010,25,7,2,1287820100403010,4,2,04,we,8791031301,490,1.1,1,1,201024258704we,12878201004039803,HADDOCK,,450.6408053,19,49,201024258704we,,0,05/04/2021
2010,25,7,2,1287820100403010,4,2,04,we,8791031301,531,2,1,1,201024258704we,12878201004039803,HADDOCK,,450.6408053,20,53,201024258704we,,0,05/04/2021
2010,25,7,2,1287820100403010,4,2,04,we,8791031301,531,2,1,1,201024258704we,12878201004039803,HADDOCK,,450.6408053,20,53,201024258704we,,0,05/04/2021
2010,25,7,2,1287820100403010,4,2,04,we,8791030402,640,2.4,1,1,201024258704we,12878201004039803,ATLANTIC COD,,450.6408053,25,64,201024258704we,,0,05/04/2021
2010,25,7,2,1287820100403011,4,2,04,we,8791031301,567,2,1,1,201024258704we,12878201004039803,HADDOCK,,450.6408053,22,56,201024258704we,,0,05/04/2021
2010,25,7,2,1287820100403012,4,2,04,we,8791031301,531,2,1,1,201024258704we,12878201004039803,HADDOCK,,450.6408053,20,53,201024258704we,,0,05/04/2021
2010,25,7,2,1287820100403012,4,2,04,we,8791031301,531,2,1,1,201024258704we,12878201004039803,HADDOCK,,450.6408053,20,53,201024258704we,,0,05/04/2021
2010,25,7,2,1287820100403013,4,2,04,we,8791031301,531,2,1,1,201024258704we,12878201004039803,HADDOCK,,508.77051218,20,53,201024258704we,,0,05/04/2021
2010,25,7,2,1287820100403013,4,2,04,we,8791031301,567,2,1,1,201024258704we,12878201004039803,HADDOCK,,508.77051218,22,56,201024258704we,,0,05/04/2021
2010,25,7,2,1287820100403013,4,2,04,we,8791031301,567,2,1,1,201024258704we,12878201004039803,HADDOCK,,508.77051218,22,56,201024258704we,,0,05/04/2021
2010,25,7,2,1287820100403013,4,2,04,we,8791031301,531,2,1,1,201024258704we,12878201004039803,HADDOCK,,508.77051218,20,53,201024258704we,,0,05/04/2021
2010,25,7,2,1287820100403013,4,2,04,we,8791031301,531,2,1,1,201024258704we,12878201004039803,HADDOCK,,508.77051218,20,53,201024258704we,,0,05/04/2021
2010,25,7,2,1287820100403014,4,2,04,we,8791031301,567,2,1,1,201024258704we,12878201004039803,HADDOCK,,508.77051218,22,56,201024258704we,,0,05/04/2021
2010,25,7,2,1287820100403014,4,2,04,we,8791031301,567,2,1,1,201024258704we,12878201004039803,HADDOCK,,508.77051218,22,56,201024258704we,,0,05/04/2021
2010,25,7,2,1287820100403014,4,2,04,we,8791031301,567,2,1,1,201024258704we,12878201004039803,HADDOCK,,508.77051218,22,56,201024258704we,,0,05/04/2021
2010,25,7,2,1287820100403014,4,2,04,we,8791031301,565,1.8,1,1,201024258704we,12878201004039803,HADDOCK,,508.77051218,22,56,201024258704we,,0,05/04/2021
2010,25,7,2,1684120100424001,4,2,04,we,,,,0,0,201024258704we,168412010042495,,,824.29351608,,,201024258704we,,0,05/04/2021
2010,25,7,2,1684120100424005,4,2,04,we,8791030402,670,2.8,1,1,201024258704we,16841201004249803,ATLANTIC COD,,4971.9319134,26,67,201024258704we,,0,05/04/2021
2010,25,7,2,1684120100424005,4,2,04,we,8791030402,670,2.8,1,1,201024258704we,16841201004249803,ATLANTIC COD,,4971.9319134,26,67,201024258704we,,0,05/04/2021
2010,25,7,2,1684120100424005,4,2,04,we,8791030402,640,2.4,1,1,201024258704we,16841201004249803,ATLANTIC COD,,4971.9319134,25,64,201024258704we,,0,05/04/2021
2010,25,7,2,1684120100424005,4,2,04,we,8791030402,670,2.8,1,1,201024258704we,16841201004249803,ATLANTIC COD,,4971.9319134,26,67,201024258704we,,0,05/04/2021
2010,25,7,2,1684120100424005,4,2,04,we,8791030402,670,2.8,1,1,201024258704we,16841201004249803,ATLANTIC COD,,4971.9319134,26,67,201024258704we,,0,05/04/2021
2010,25,7,2,1684120100424006,4,2,04,we,8791030402,670,2.8,1,1,201024258704we,16841201004249803,ATLANTIC COD,,2092.052606,26,67,201024258704we,,0,05/04/2021
2010,25,7,2,1684120100424006,4,2,04,we,8791030402,670,2.8,1,1,201024258704we,16841201004249803,ATLANTIC COD,,2092.052606,26,67,201024258704we,,0,05/04/2021
2010,25,7,2,1684120100424006,4,2,04,we,8791030402,640,2.4,1,1,201024258704we,16841201004249803,ATLANTIC COD,,2092.052606,25,64,201024258704we,,0,05/04/2021
2010,25,7,2,1684120100424006,4,2,04,we,8791030402,670,2.8,1,1,201024258704we,16841201004249803,ATLANTIC COD,,2092.052606,26,67,201024258704we,,0,05/04/2021
2010,25,7,2,1684120100424006,4,2,04,we,8791030402,670,2.8,1,1,201024258704we,16841201004249803,ATLANTIC COD,,2092.052606,26,67,201024258704we,,0,05/04/2021
2010,25,7,2,1684120100424007,4,2,04,we,8791030402,670,2.8,1,1,201024258704we,16841201004249803,ATLANTIC COD,,1830.5460302,26,67,201024258704we,,0,05/04/2021
2010,25,7,2,1684120100424007,4,2,04,we,8791030402,670,2.8,1,1,201024258704we,16841201004249803,ATLANTIC COD,,1830.5460302,26,67,201024258704we,,0,05/04/2021
2010,25,7,2,1684120100424007,4,2,04,we,8791030402,670,2.8,1,1,201024258704we,16841201004249803,ATLANTIC COD,,1830.5460302,26,67,201024258704we,,0,05/04/2021
2010,25,7,2,1684120100424007,4,2,04,we,8791030402,670,2.8,1,1,201024258704we,16841201004249803,ATLANTIC COD,,1830.5460302,26,67,201024258704we,,0,05/04/2021
2010,25,7,2,1684120100424007,4,2,04,we,8791030402,640,2.4,1,1,201024258704we,16841201004249803,ATLANTIC COD,,1830.5460302,25,64,201024258704we,,0,05/04/2021
2010,25,7,2,1684120100424008,4,2,04,we,8791031301,565,1.8,1,1,201024258704we,16841201004249803,HADDOCK,,414.32765945,22,56,201024258704we,,0,05/04/2021
2010,25,7,2,1684120100424008,4,2,04,we,8791031301,565,1.8,1,1,201024258704we,16841201004249803,HADDOCK,,414.32765945,22,56,201024258704we,,0,05/04/2021
2010,25,7,2,1684120100424008,4,2,04,we,8791031301,565,1.8,1,1,201024258704we,16841201004249803,HADDOCK,,414.32765945,22,56,201024258704we,,0,05/04/2021
2010,25,7,2,1684120100424008,4,2,04,we,8791030402,670,2.8,1,1,201024258704we,16841201004249803,ATLANTIC COD,,414.32765945,26,67,201024258704we,,0,05/04/2021
2010,25,7,2,1684120100424008,4,2,04,we,8791030402,500,2.2,1,1,201024258704we,16841201004249803,ATLANTIC COD,,414.32765945,19,50,201024258704we,,0,05/04/2021
2010,25,7,2,1684120100424008,4,2,04,we,8791031301,565,1.8,1,1,201024258704we,16841201004249803,HADDOCK,,414.32765945,22,56,201024258704we,,0,05/04/2021
2010,25,7,2,1684120100424009,4,2,04,we,8791031301,565,1.8,1,1,201024258704we,16841201004249803,HADDOCK,,653.76643937,22,56,201024258704we,,0,05/04/2021
2010,25,7,2,1684120100424009,4,2,04,we,8791031301,565,1.8,1,1,201024258704we,16841201004249803,HADDOCK,,653.76643937,22,56,201024258704we,,0,05/04/2021
2010,25,7,2,1684120100424009,4,2,04,we,8791031301,565,1.8,1,1,201024258704we,16841201004249803,HADDOCK,,653.76643937,22,56,201024258704we,,0,05/04/2021
2010,25,7,2,1684120100424009,4,2,04,we,8791031301,565,1.8,1,1,201024258704we,16841201004249803,HADDOCK,,653.76643937,22,56,201024258704we,,0,05/04/2021
2010,25,7,2,1684120100424009,4,2,04,we,8791030402,670,2.8,1,1,201024258704we,16841201004249803,ATLANTIC COD,,653.76643937,26,67,201024258704we,,0,05/04/2021
2010,25,7,2,1684120100424009,4,2,04,we,8791030402,670,2.8,1,1,201024258704we,16841201004249803,ATLANTIC COD,,653.76643937,26,67,201024258704we,,0,05/04/2021
2010,25,7,2,1684120100424009,4,2,04,we,8791031301,575,1.9,1,1,201024258704we,16841201004249803,HADDOCK,,653.76643937,22,57,201024258704we,,0,05/04/2021
2010,25,7,2,1684120100424010,4,2,04,we,8791030402,670,2.8,1,1,201024258704we,16841201004249803,ATLANTIC COD,,497.19319134,26,67,201024258704we,,0,05/04/2021
2010,25,7,2,1684120100424010,4,2,04,we,8791030402,670,2.8,1,1,201024258704we,16841201004249803,ATLANTIC COD,,497.19319134,26,67,201024258704we,,0,05/04/2021
2010,25,7,2,1684120100424010,4,2,04,we,8791030402,612,2.6,1,1,201024258704we,16841201004249803,ATLANTIC COD,,497.19319134,24,61,201024258704we,,0,05/04/2021
2010,25,7,2,1684120100424010,4,2,04,we,8791030402,670,2.8,1,1,201024258704we,16841201004249803,ATLANTIC COD,,497.19319134,26,67,201024258704we,,0,05/04/2021
2010,25,7,2,1684120100424010,4,2,04,we,8791030402,670,2.8,1,1,201024258704we,16841201004249803,ATLANTIC COD,,497.19319134,26,67,201024258704we,,0,05/04/2021
2010,25,7,2,1684120100424011,4,2,04,we,8791031301,575,1.9,1,1,201024258704we,16841201004249803,HADDOCK,,653.76643937,22,57,201024258704we,,0,05/04/2021
2010,25,7,2,1684120100424011,4,2,04,we,8791031301,575,1.9,1,1,201024258704we,16841201004249803,HADDOCK,,653.76643937,22,57,201024258704we,,0,05/04/2021
2010,25,7,2,1684120100424011,4,2,04,we,8791030402,612,2.6,1,1,201024258704we,16841201004249803,ATLANTIC COD,,1961.2993181,24,61,201024258704we,,0,05/04/2021
2010,25,7,2,1684120100424011,4,2,04,we,8791031301,575,1.9,1,1,201024258704we,16841201004249803,HADDOCK,,653.76643937,22,57,201024258704we,,0,05/04/2021
2010,25,7,2,1684120100424011,4,2,04,we,8791031301,575,1.9,1,1,201024258704we,16841201004249803,HADDOCK,,653.76643937,22,57,201024258704we,,0,05/04/2021
2010,25,7,2,1684120100424011,4,2,04,we,8791030402,612,2.6,1,1,201024258704we,16841201004249803,ATLANTIC COD,,1961.2993181,24,61,201024258704we,,0,05/04/2021
2010,25,7,2,1684120100424011,4,2,04,we,8791030402,612,2.6,1,1,201024258704we,16841201004249803,ATLANTIC COD,,1961.2993181,24,61,201024258704we,,0,05/04/2021
2010,25,7,2,1684120100424011,4,2,04,we,8791030402,612,2.6,1,1,201024258704we,16841201004249803,ATLANTIC COD,,1961.2993181,24,61,201024258704we,,0,05/04/2021
2010,25,7,2,1684120100424011,4,2,04,we,8791030402,612,2.6,1,1,201024258704we,16841201004249803,ATLANTIC COD,,1961.2993181,24,61,201024258704we,,0,05/04/2021
2010,25,7,2,1684120100424011,4,2,04,we,8791031301,575,1.9,1,1,201024258704we,16841201004249803,HADDOCK,,653.76643937,22,57,201024258704we,,0,05/04/2021
2010,25,7,2,1684120100424012,4,2,04,we,8791031301,575,1.9,1,1,201024258704we,16841201004249803,HADDOCK,,653.76643937,22,57,201024258704we,,0,05/04/2021
2010,25,7,2,1684120100424012,4,2,04,we,8791031301,575,1.9,1,1,201024258704we,16841201004249803,HADDOCK,,653.76643937,22,57,201024258704we,,0,05/04/2021
2010,25,7,2,1684120100424012,4,2,04,we,8791031301,575,1.9,1,1,201024258704we,16841201004249803,HADDOCK,,653.76643937,22,57,201024258704we,,0,05/04/2021
2010,25,7,2,1684120100424012,4,2,04,we,8791031301,575,1.9,1,1,201024258704we,16841201004249803,HADDOCK,,653.76643937,22,57,201024258704we,,0,05/04/2021
2010,25,7,2,1684120100424012,4,2,04,we,8791031301,490,1.1,1,1,201024258704we,16841201004249803,HADDOCK,,653.76643937,19,49,201024258704we,,0,05/04/2021
2010,25,7,2,1684120100424012,4,2,04,we,8791030402,612,2.6,1,1,201024258704we,16841201004249803,ATLANTIC COD,,653.76643937,24,61,201024258704we,,0,05/04/2021
2010,25,7,2,1684120100424012,4,2,04,we,8791030402,612,2.6,1,1,201024258704we,16841201004249803,ATLANTIC COD,,653.76643937,24,61,201024258704we,,0,05/04/2021
2010,25,7,2,1684120100424012,4,2,04,we,8791030402,612,2.6,1,1,201024258704we,16841201004249803,ATLANTIC COD,,653.76643937,24,61,201024258704we,,0,05/04/2021
2010,25,7,2,1684120100424012,4,2,04,we,8791030402,612,2.6,1,1,201024258704we,16841201004249803,ATLANTIC COD,,653.76643937,24,61,201024258704we,,0,05/04/2021
2010,25,7,2,1684120100424012,4,2,04,we,8791030402,612,2.6,1,1,201024258704we,16841201004249803,ATLANTIC COD,,653.76643937,24,61,201024258704we,,0,05/04/2021
2010,25,7,2,1684120100424013,4,2,04,we,8791031301,490,1.1,1,1,201024258704we,16841201004249803,HADDOCK,,784.51972725,19,49,201024258704we,,0,05/04/2021
2010,25,7,2,1684120100424013,4,2,04,we,8791030402,612,2.6,1,1,201024258704we,16841201004249803,ATLANTIC COD,,653.76643937,24,61,201024258704we,,0,05/04/2021
2010,25,7,2,1684120100424013,4,2,04,we,8791031301,490,1.1,1,1,201024258704we,16841201004249803,HADDOCK,,784.51972725,19,49,201024258704we,,0,05/04/2021
2010,25,7,2,1684120100424013,4,2,04,we,8791031301,490,1.1,1,1,201024258704we,16841201004249803,HADDOCK,,784.51972725,19,49,201024258704we,,0,05/04/2021
2010,25,7,2,1684120100424013,4,2,04,we,8791031301,490,1.1,1,1,201024258704we,16841201004249803,HADDOCK,,784.51972725,19,49,201024258704we,,0,05/04/2021
2010,25,7,2,1684120100424013,4,2,04,we,8791031301,490,1.1,1,1,201024258704we,16841201004249803,HADDOCK,,784.51972725,19,49,201024258704we,,0,05/04/2021
2010,25,7,2,1684120100424013,4,2,04,we,8791030402,612,2.6,1,1,201024258704we,16841201004249803,ATLANTIC COD,,653.76643937,24,61,201024258704we,,0,05/04/2021
2010,25,7,2,1684120100424013,4,2,04,we,8791030402,612,2.6,1,1,201024258704we,16841201004249803,ATLANTIC COD,,653.76643937,24,61,201024258704we,,0,05/04/2021
2010,25,7,2,1684120100424013,4,2,04,we,8791030402,612,2.6,1,1,201024258704we,16841201004249803,ATLANTIC COD,,653.76643937,24,61,201024258704we,,0,05/04/2021
2010,33,4,2,1656720100410001,4,2,04,we,8791031301,512,1.5,0,0,201024338404we,16567201004101521,HADDOCK,,67.193019513,20,51,201024338404we,,0,05/04/2021
2010,33,4,2,1656720100410001,4,2,04,we,8791031301,499,1.5,0,0,201024338404we,16567201004101521,HADDOCK,,67.193019513,19,49,201024338404we,,0,05/04/2021
2010,33,4,2,1656720100410001,4,2,04,we,8791031301,456,1.0136536866,0,1,201024338404we,16567201004101521,HADDOCK,,67.193019513,17,45,201024338404we,,0,05/04/2021
2010,33,4,2,1656720100410001,4,2,04,we,8791031301,540,1.65,0,0,201024338404we,16567201004101521,HADDOCK,,67.193019513,21,54,201024338404we,,0,05/04/2021
2010,33,4,2,1656720100410001,4,2,04,we,8791031301,489,1.2418864898,0,1,201024338404we,16567201004101521,HADDOCK,,67.193019513,19,48,201024338404we,,0,05/04/2021
2010,33,4,2,1656720100410001,4,2,04,we,8791031301,597,2.2180315136,0,1,201024338404we,16567201004101521,HADDOCK,,67.193019513,23,59,201024338404we,,0,05/04/2021
2010,33,4,2,1656720100410001,4,2,04,we,8791031301,557,1.8131302765,0,1,201024338404we,16567201004101521,HADDOCK,,67.193019513,21,55,201024338404we,,0,05/04/2021
2010,33,4,2,1656720100410002,4,2,04,we,8791031301,483,1.1981149736,0,1,201024338404we,16567201004101521,HADDOCK,,67.193019513,19,48,201024338404we,,0,05/04/2021
2010,33,4,2,1656720100410002,4,2,04,we,8791031301,583,2.5,0,0,201024338404we,16567201004101521,HADDOCK,,67.193019513,22,58,201024338404we,,0,05/04/2021
2010,33,4,2,1656720100410002,4,2,04,we,8791031301,581,2.1,0,0,201024338404we,16567201004101521,HADDOCK,,67.193019513,22,58,201024338404we,,0,05/04/2021
2010,33,4,2,1656720100410002,4,2,04,we,8791031301,491,1.3,0,0,201024338404we,16567201004101521,HADDOCK,,67.193019513,19,49,201024338404we,,0,05/04/2021
2010,33,4,2,1656720100410002,4,2,04,we,8791031301,701,4,0,0,201024338404we,16567201004101521,HADDOCK,,67.193019513,27,70,201024338404we,,0,05/04/2021
2010,33,4,2,1656720100410002,4,2,04,we,8791031301,602,2.7,0,0,201024338404we,16567201004101521,HADDOCK,,67.193019513,23,60,201024338404we,,0,05/04/2021
2010,33,4,2,1656720100410002,4,2,04,we,8791031301,734,3.9,0,0,201024338404we,16567201004101521,HADDOCK,,67.193019513,28,73,201024338404we,,0,05/04/2021
2010,33,4,2,1656720100410002,4,2,04,we,8791031301,570,2.3,0,0,201024338404we,16567201004101521,HADDOCK,,67.193019513,22,57,201024338404we,,0,05/04/2021
2010,33,4,2,1656720100410002,4,2,04,we,8791031301,548,1.7292874166,0,1,201024338404we,16567201004101521,HADDOCK,,67.193019513,21,54,201024338404we,,0,05/04/2021
2010,33,4,2,1656720100410002,4,2,04,we,8791031301,646,3.4,0,0,201024338404we,16567201004101521,HADDOCK,,67.193019513,25,64,201024338404we,,0,05/04/2021
2010,33,4,2,1656720100410002,4,2,04,we,8791031301,654,2.8911569585,0,1,201024338404we,16567201004101521,HADDOCK,,67.193019513,25,65,201024338404we,,0,05/04/2021
2010,33,4,2,1656720100410002,4,2,04,we,8791031301,537,1.6303186618,0,1,201024338404we,16567201004101521,HADDOCK,,67.193019513,21,53,201024338404we,,0,05/04/2021
2010,33,4,2,1656720100410003,4,2,04,we,8791031301,452,0.9880262334,1,1,201024338404we,16567201004101521,HADDOCK,,69.788613048,17,45,201024338404we,,0,05/04/2021
2010,33,4,2,1656720100410003,4,2,04,we,8791031301,549,1.73847496,1,1,201024338404we,16567201004101521,HADDOCK,,69.788613048,21,54,201024338404we,,0,05/04/2021
2010,33,4,2,1656720100410003,4,2,04,we,8791031301,554,1.7848931231,1,1,201024338404we,16567201004101521,HADDOCK,,69.788613048,21,55,201024338404we,,0,05/04/2021
2010,33,4,2,1656720100410003,4,2,04,we,8791031301,491,1.3,1,1,201024338404we,16567201004101521,HADDOCK,,69.788613048,19,49,201024338404we,,0,05/04/2021
2010,33,4,2,1656720100410004,4,2,04,we,8791031301,561,1.8512333977,0,1,201024338404we,16567201004101521,HADDOCK,,69.788613048,22,56,201024338404we,,0,05/04/2021
2010,33,4,2,1656720100410004,4,2,04,we,8791031301,590,2.143286,0,1,201024338404we,16567201004101521,HADDOCK,,69.788613048,23,59,201024338404we,,0,05/04/2021
2010,33,4,2,1656720100410004,4,2,04,we,8791031301,475,1.1413445116,0,1,201024338404we,16567201004101521,HADDOCK,,69.788613048,18,47,201024338404we,,0,05/04/2021
2010,33,4,2,1656720100410005,4,2,04,we,,,,0,0,201024338404we,16567201004101521,,,69.788613048,,,201024338404we,,0,05/04/2021
2010,33,4,2,1656720100410006,4,2,04,we,8791031301,479,1.1695038014,0,1,201024338404we,16567201004101521,HADDOCK,,69.788613048,18,47,201024338404we,,0,05/04/2021
2010,33,4,2,1656720100410006,4,2,04,we,8791031301,578,2.0190300283,0,1,201024338404we,16567201004101521,HADDOCK,,69.788613048,22,57,201024338404we,,0,05/04/2021
2010,33,4,2,1656720100410006,4,2,04,we,8791031301,538,1.6391581365,0,1,201024338404we,16567201004101521,HADDOCK,,69.788613048,21,53,201024338404we,,0,05/04/2021
2010,33,4,2,1656720100410006,4,2,04,we,8791031301,536,1.6215105126,0,1,201024338404we,16567201004101521,HADDOCK,,69.788613048,21,53,201024338404we,,0,05/04/2021
2010,33,4,2,1656720100410006,4,2,04,we,8791031301,495,1.2866939617,0,1,201024338404we,16567201004101521,HADDOCK,,69.788613048,19,49,201024338404we,,0,05/04/2021
2010,33,4,2,1656720100410006,4,2,04,we,8791031301,549,1.73847496,0,1,201024338404we,16567201004101521,HADDOCK,,69.788613048,21,54,201024338404we,,0,05/04/2021
2010,33,4,2,1656720100410006,4,2,04,we,8791031301,466,1.0796205764,0,1,201024338404we,16567201004101521,HADDOCK,,69.788613048,18,46,201024338404we,,0,05/04/2021
2010,33,4,2,1656720100410006,4,2,04,we,8791031301,486,1.2198719574,0,1,201024338404we,16567201004101521,HADDOCK,,69.788613048,19,48,201024338404we,,0,05/04/2021
2010,33,4,2,1656720100410006,4,2,04,we,8791031301,599,2.2396969282,0,1,201024338404we,16567201004101521,HADDOCK,,69.788613048,23,59,201024338404we,,0,05/04/2021
2010,33,4,2,1656720100410006,4,2,04,we,8791031301,601,2.2615006901,0,1,201024338404we,16567201004101521,HADDOCK,,69.788613048,23,60,201024338404we,,0,05/04/2021
2010,33,4,2,1656720100410006,4,2,04,we,8791031301,568,1.9191706764,0,1,201024338404we,16567201004101521,HADDOCK,,69.788613048,22,56,201024338404we,,0,05/04/2021
2010,33,4,2,1656720100410006,4,2,04,we,8791031301,504,1.3558727721,0,1,201024338404we,16567201004101521,HADDOCK,,69.788613048,19,50,201024338404we,,0,05/04/2021
2010,33,4,2,1656720100410006,4,2,04,we,8791031301,614,2.4066262562,0,1,201024338404we,16567201004101521,HADDOCK,,69.788613048,24,61,201024338404we,,0,05/04/2021
2010,33,4,2,1656720100410006,4,2,04,we,8791031301,596,2.2072505556,0,1,201024338404we,16567201004101521,HADDOCK,,69.788613048,23,59,201024338404we,,0,05/04/2021
2010,33,4,2,1656720100410006,4,2,04,we,8791031301,561,1.8512333977,0,1,201024338404we,16567201004101521,HADDOCK,,69.788613048,22,56,201024338404we,,0,05/04/2021
2010,33,4,2,1656720100410006,4,2,04,we,8791031301,548,1.7292874166,0,1,201024338404we,16567201004101521,HADDOCK,,69.788613048,21,54,201024338404we,,0,05/04/2021
2010,33,4,2,1656720100410007,4,2,04,we,,,,0,0,201024338404we,16567201004101521,,,67.193019513,,,201024338404we,,0,05/04/2021
2010,33,4,2,1656720100410008,4,2,04,we,,,,0,0,201024338404we,16567201004101521,,,67.193019513,,,201024338404we,,0,05/04/2021
2010,33,4,2,1656720100410009,4,2,04,we,8791031301,536,1.6215105126,0,1,201024338404we,16567201004101521,HADDOCK,,67.193019513,21,53,201024338404we,,0,05/04/2021
2010,33,4,2,1656720100410009,4,2,04,we,8791031301,524,1.5182368594,0,1,201024338404we,16567201004101521,HADDOCK,,67.193019513,20,52,201024338404we,,0,05/04/2021
2010,33,4,2,1656720100410009,4,2,04,we,8791031301,608,2.3389093841,0,1,201024338404we,16567201004101521,HADDOCK,,67.193019513,23,60,201024338404we,,0,05/04/2021
2010,33,4,2,1656720100410009,4,2,04,we,8791031301,497,1.3018619887,0,1,201024338404we,16567201004101521,HADDOCK,,67.193019513,19,49,201024338404we,,0,05/04/2021
2010,33,4,2,1656720100410010,4,2,04,we,,,,0,0,201024338404we,16567201004101521,,,69.788613048,,,201024338404we,,0,05/04/2021
2010,33,4,2,1656720100410011,4,2,04,we,8791031301,559,2,1,1,201024338404we,16567201004101521,HADDOCK,,69.788613048,22,55,201024338404we,,0,05/04/2021
2010,33,4,2,1656720100410012,4,2,04,we,,,,0,0,201024338404we,16567201004101521,,,69.788613048,,,201024338404we,,0,05/04/2021
2010,33,4,2,1656720100410013,4,2,04,we,8791031301,588,2.5,0,0,201024338404we,16567201004101521,HADDOCK,,69.788613048,23,58,201024338404we,,0,05/04/2021
2010,33,4,2,1656720100410013,4,2,04,we,8791031301,604,2.2944666497,0,1,201024338404we,16567201004101521,HADDOCK,,69.788613048,23,60,201024338404we,,0,05/04/2021
2010,33,4,2,1656720100410013,4,2,04,we,8791031301,452,0.9880262334,0,1,201024338404we,16567201004101521,HADDOCK,,69.788613048,17,45,201024338404we,,0,05/04/2021
2010,33,4,2,1656720100410013,4,2,04,we,8791031301,442,0.85,0,0,201024338404we,16567201004101521,HADDOCK,,69.788613048,17,44,201024338404we,,0,05/04/2021
2010,33,4,2,1656720100410013,4,2,04,we,8791031301,509,1.6,0,0,201024338404we,16567201004101521,HADDOCK,,69.788613048,20,50,201024338404we,,0,05/04/2021
2010,33,4,2,1656720100410013,4,2,04,we,8791031301,492,1.2641600113,0,1,201024338404we,16567201004101521,HADDOCK,,69.788613048,19,49,201024338404we,,0,05/04/2021
2010,33,4,2,1656720100410014,4,2,04,we,8791031301,487,1.4,0,0,201024338404we,16567201004101521,HADDOCK,,69.788613048,19,48,201024338404we,,0,05/04/2021
2010,33,4,2,1656720100410014,4,2,04,we,8791031301,457,1.0201279423,0,1,201024338404we,16567201004101521,HADDOCK,,69.788613048,17,45,201024338404we,,0,05/04/2021
2010,33,4,2,1656720100410014,4,2,04,we,8791031301,634,2.6,0,0,201024338404we,16567201004101521,HADDOCK,,69.788613048,24,63,201024338404we,,0,05/04/2021
2010,33,4,2,1656720100410014,4,2,04,we,8791031301,583,2.3,0,0,201024338404we,16567201004101521,HADDOCK,,69.788613048,22,58,201024338404we,,0,05/04/2021
2010,33,4,2,1656720100410015,4,2,04,we,8791031301,542,1.6748303482,0,1,201024338404we,16567201004101521,HADDOCK,,67.193019513,21,54,201024338404we,,0,05/04/2021
2010,33,4,2,1656720100410015,4,2,04,we,8791031301,593,2.1751140509,0,1,201024338404we,16567201004101521,HADDOCK,,67.193019513,23,59,201024338404we,,0,05/04/2021
2010,33,4,2,1656720100410015,4,2,04,we,8791031301,568,1.9191706764,0,1,201024338404we,16567201004101521,HADDOCK,,67.193019513,22,56,201024338404we,,0,05/04/2021
2010,33,4,2,1656720100410015,4,2,04,we,8791031301,597,2.2180315136,0,1,201024338404we,16567201004101521,HADDOCK,,67.193019513,23,59,201024338404we,,0,05/04/2021
2010,33,4,2,1656720100410015,4,2,04,we,8791031301,554,1.7848931231,0,1,201024338404we,16567201004101521,HADDOCK,,67.193019513,21,55,201024338404we,,0,05/04/2021
2010,33,4,2,1656720100410015,4,2,04,we,8791031301,544,1.6928557817,0,1,201024338404we,16567201004101521,HADDOCK,,67.193019513,21,54,201024338404we,,0,05/04/2021
2010,33,4,2,1656720100410016,4,2,04,we,8791031301,452,0.9880262334,0,1,201024338404we,16567201004101521,HADDOCK,,69.788613048,17,45,201024338404we,,0,05/04/2021
2010,33,4,2,1656720100410016,4,2,04,we,8791031301,477,1.155367885,0,1,201024338404we,16567201004101521,HADDOCK,,69.788613048,18,47,201024338404we,,0,05/04/2021
2010,33,4,2,1656720100410016,4,2,04,we,8791031301,512,1.4193749759,0,1,201024338404we,16567201004101521,HADDOCK,,69.788613048,20,51,201024338404we,,0,05/04/2021
2010,33,4,2,1656720100410016,4,2,04,we,8791031301,580,2.0394020484,0,1,201024338404we,16567201004101521,HADDOCK,,69.788613048,22,58,201024338404we,,0,05/04/2021
2010,33,4,2,1656720100410016,4,2,04,we,8791031301,573,1.9686850621,0,1,201024338404we,16567201004101521,HADDOCK,,69.788613048,22,57,201024338404we,,0,05/04/2021
2010,33,4,2,1656720100410016,4,2,04,we,8791031301,562,1.8608405262,0,1,201024338404we,16567201004101521,HADDOCK,,69.788613048,22,56,201024338404we,,0,05/04/2021
2010,33,4,2,1656720100410016,4,2,04,we,8791031301,554,1.7848931231,0,1,201024338404we,16567201004101521,HADDOCK,,69.788613048,21,55,201024338404we,,0,05/04/2021
2010,33,4,2,1656720100410016,4,2,04,we,8791031301,580,2.0394020484,0,1,201024338404we,16567201004101521,HADDOCK,,69.788613048,22,58,201024338404we,,0,05/04/2021
2010,33,4,2,1656720100410016,4,2,04,we,8791031301,592,2.1644704978,0,1,201024338404we,16567201004101521,HADDOCK,,69.788613048,23,59,201024338404we,,0,05/04/2021
2010,33,4,2,1656720100410016,4,2,04,we,8791031301,586,2.1013259703,0,1,201024338404we,16567201004101521,HADDOCK,,69.788613048,23,58,201024338404we,,0,05/04/2021
2010,33,4,2,1656720100410016,4,2,04,we,8791031301,478,1.1624217486,0,1,201024338404we,16567201004101521,HADDOCK,,69.788613048,18,47,201024338404we,,0,05/04/2021
2010,33,4,2,1656720100410016,4,2,04,we,8791031301,601,2.2615006901,0,1,201024338404we,16567201004101521,HADDOCK,,69.788613048,23,60,201024338404we,,0,05/04/2021
2010,33,4,2,1656720100410017,4,2,04,we,,,,0,0,201024338404we,16567201004101521,,,69.788613048,,,201024338404we,,0,05/04/2021
2010,33,4,2,1656720100410018,4,2,04,we,,,,0,0,201024338404we,16567201004101521,,,69.788613048,,,201024338404we,,0,05/04/2021
2010,33,4,2,1656720100410019,4,2,04,we,8791031301,498,1.30948978,0,1,201024338404we,16567201004101521,HADDOCK,,69.788613048,19,49,201024338404we,,0,05/04/2021
2010,33,4,2,1656720100410019,4,2,04,we,8791031301,523,1.5098311272,0,1,201024338404we,16567201004101521,HADDOCK,,69.788613048,20,52,201024338404we,,0,05/04/2021
2010,33,4,2,1656720100410019,4,2,04,we,8791031301,508,1.3873855683,0,1,201024338404we,16567201004101521,HADDOCK,,69.788613048,19,50,201024338404we,,0,05/04/2021
2010,33,4,2,1656720100410019,4,2,04,we,8791031301,546,1.711007997,0,1,201024338404we,16567201004101521,HADDOCK,,69.788613048,21,54,201024338404we,,0,05/04/2021
2010,33,4,2,1656720100410019,4,2,04,we,8791031301,557,1.8131302765,0,1,201024338404we,16567201004101521,HADDOCK,,69.788613048,21,55,201024338404we,,0,05/04/2021
2010,33,4,2,1656720100410019,4,2,04,we,8791031301,571,1.9487800061,0,1,201024338404we,16567201004101521,HADDOCK,,69.788613048,22,57,201024338404we,,0,05/04/2021
2010,33,4,2,1656720100410019,4,2,04,we,8791031301,519,1.4765135121,0,1,201024338404we,16567201004101521,HADDOCK,,69.788613048,20,51,201024338404we,,0,05/04/2021
2010,33,4,2,1656720100410019,4,2,04,we,8791031301,501,1.3325489044,0,1,201024338404we,16567201004101521,HADDOCK,,69.788613048,19,50,201024338404we,,0,05/04/2021
2010,33,4,2,1656720100410020,4,2,04,we,,,,0,0,201024338404we,16567201004101521,,,69.788613048,,,201024338404we,,0,05/04/2021
2010,33,4,2,1656720100410021,4,2,04,we,,,,0,0,201024338404we,16567201004101521,,,69.788613048,,,201024338404we,,0,05/04/2021
2010,33,4,2,1656720100410022,4,2,04,we,,,,0,0,201024338404we,16567201004101521,,,69.788613048,,,201024338404we,,0,05/04/2021
2010,33,4,2,1656720100422001,4,2,04,wd,8791031301,602,2.2,0,0,201024338404wd,1656720100422153,HADDOCK,,115.20746463,23,60,201024338404wd,,0,05/04/2021
2010,33,4,2,1656720100422001,4,2,04,wd,8791031301,586,2,0,0,201024338404wd,1656720100422153,HADDOCK,,115.20746463,23,58,201024338404wd,,0,05/04/2021
2010,33,4,2,1656720100422002,4,2,04,wd,8791031301,433,1.65,0,0,201024338404wd,1656720100422153,HADDOCK,,115.20746463,17,43,201024338404wd,,0,05/04/2021
2010,33,4,2,1656720100422002,4,2,04,wd,8791030402,678,3.2,0,0,201024338404wd,1656720100422153,ATLANTIC COD,,115.20746463,26,67,201024338404wd,,0,05/04/2021
2010,33,4,2,1656720100422002,4,2,04,wd,8791031101,552,1.9,0,0,201024338404wd,1656720100422153,CUSK,,115.20746463,21,55,201024338404wd,,0,05/04/2021
2010,33,4,2,1656720100422003,4,2,04,wd,8791031301,576,1.9987919517,0,1,201024338404wd,1656720100422153,HADDOCK,,115.20746463,22,57,201024338404wd,,0,05/04/2021
2010,33,4,2,1656720100422003,4,2,04,wd,8791031301,543,1.6838272437,0,1,201024338404wd,1656720100422153,HADDOCK,,115.20746463,21,54,201024338404wd,,0,05/04/2021
2010,33,4,2,1656720100422003,4,2,04,wd,8791031301,554,1.7848931231,0,1,201024338404wd,1656720100422153,HADDOCK,,115.20746463,21,55,201024338404wd,,0,05/04/2021
2010,33,4,2,1656720100422003,4,2,04,wd,8791031301,617,2.4409614951,0,1,201024338404wd,1656720100422153,HADDOCK,,115.20746463,24,61,201024338404wd,,0,05/04/2021
2010,33,4,2,1656720100422003,4,2,04,wd,8791031301,559,1.8321168638,0,1,201024338404wd,1656720100422153,HADDOCK,,115.20746463,22,55,201024338404wd,,0,05/04/2021
2010,33,4,2,1656720100422004,4,2,04,wd,,,,0,0,201024338404wd,1656720100422153,,,115.20746463,,,201024338404wd,,0,05/04/2021
2010,33,4,2,1656720100422005,4,2,04,wd,8791031301,553,1.7755452551,0,1,201024338404wd,1656720100422153,HADDOCK,,115.20746463,21,55,201024338404wd,,0,05/04/2021
2010,33,4,2,1656720100422005,4,2,04,wd,8791031301,535,1.6127336362,0,1,201024338404wd,1656720100422153,HADDOCK,,115.20746463,21,53,201024338404wd,,0,05/04/2021
2010,33,4,2,1656720100422005,4,2,04,wd,8791031301,542,1.6748303482,0,1,201024338404wd,1656720100422153,HADDOCK,,115.20746463,21,54,201024338404wd,,0,05/04/2021
2010,33,4,2,1656720100422006,4,2,04,wd,,,,0,0,201024338404wd,1656720100422153,,,115.20746463,,,201024338404wd,,0,05/04/2021
2010,33,4,2,1656720100422007,4,2,04,wd,8791031301,534,1.6039879795,0,1,201024338404wd,1656720100422153,HADDOCK,,119.65780415,21,53,201024338404wd,,0,05/04/2021
2010,33,4,2,1656720100422007,4,2,04,wd,8791031301,546,1.711007997,0,1,201024338404wd,1656720100422153,HADDOCK,,119.65780415,21,54,201024338404wd,,0,05/04/2021
2010,33,4,2,1656720100422010,4,2,04,wd,8791031301,582,2.0599084322,0,1,201024338404wd,1656720100422153,HADDOCK,,119.65780415,22,58,201024338404wd,,0,05/04/2021
2010,33,4,2,1656720100422010,4,2,04,wd,8791031301,574,1.9786873986,0,1,201024338404wd,1656720100422153,HADDOCK,,119.65780415,22,57,201024338404wd,,0,05/04/2021
2010,33,4,2,1656720100422010,4,2,04,wd,8791031301,578,2.0190300283,0,1,201024338404wd,1656720100422153,HADDOCK,,119.65780415,22,57,201024338404wd,,0,05/04/2021
2010,33,4,2,1656720100422010,4,2,04,wd,8791031301,537,1.6303186618,0,1,201024338404wd,1656720100422153,HADDOCK,,119.65780415,21,53,201024338404wd,,0,05/04/2021
2010,33,4,2,1656720100422010,4,2,04,wd,8791030402,861,5.8659653406,0,1,201024338404wd,1656720100422153,ATLANTIC COD,,119.65780415,33,86,201024338404wd,,0,05/04/2021
2010,33,4,2,1656720100422010,4,2,04,wd,8791031301,606,2.316618111,0,1,201024338404wd,1656720100422153,HADDOCK,,119.65780415,23,60,201024338404wd,,0,05/04/2021
2010,33,4,2,1656720100422012,4,2,04,wd,,,,0,0,201024338404wd,1656720100422153,,,119.65780415,,,201024338404wd,,0,05/04/2021
2010,33,4,2,1656720100422013,4,2,04,wd,,,,0,0,201024338404wd,1656720100422153,,,119.65780415,,,201024338404wd,,0,05/04/2021
2010,33,4,2,1656720100422014,4,2,04,wd,8791031301,610,2.4,0,0,201024338404wd,1656720100422153,HADDOCK,,119.65780415,24,61,201024338404wd,,0,05/04/2021
2010,33,4,2,1656720100422014,4,2,04,wd,8791031301,559,2,0,0,201024338404wd,1656720100422153,HADDOCK,,119.65780415,22,55,201024338404wd,,0,05/04/2021
2010,33,4,2,1656720100422014,4,2,04,wd,8791031301,534,1.6039879795,0,1,201024338404wd,1656720100422153,HADDOCK,,119.65780415,21,53,201024338404wd,,0,05/04/2021
2010,33,4,2,1656720100422014,4,2,04,wd,8791031301,495,1.45,0,0,201024338404wd,1656720100422153,HADDOCK,,119.65780415,19,49,201024338404wd,,0,05/04/2021
2010,33,4,2,1656720100422014,4,2,04,wd,8791030402,627,2.4,0,0,201024338404wd,1656720100422153,ATLANTIC COD,,119.65780415,24,62,201024338404wd,,0,05/04/2021
2010,33,4,2,1656720100422014,4,2,04,wd,8791030402,611,2.1,0,0,201024338404wd,1656720100422153,ATLANTIC COD,,119.65780415,24,61,201024338404wd,,0,05/04/2021
2010,33,4,2,1656720100422015,4,2,04,wd,8791031101,531,1.9,0,0,201024338404wd,1656720100422153,CUSK,,119.65780415,20,53,201024338404wd,,0,05/04/2021
2010,33,4,2,1656720100422016,4,2,04,wd,8791030402,909,6.8,0,0,201024338404wd,1656720100422153,ATLANTIC COD,,119.65780415,35,90,201024338404wd,,0,05/04/2021
2010,33,4,2,1656720100422017,4,2,04,wd,8791031301,558,1.7,0,0,201024338404wd,1656720100422153,HADDOCK,,119.65780415,21,55,201024338404wd,,0,05/04/2021
2010,33,4,2,1656720100422017,4,2,04,wd,8791031301,583,2.4,0,0,201024338404wd,1656720100422153,HADDOCK,,119.65780415,22,58,201024338404wd,,0,05/04/2021
2010,33,4,2,1656720100422019,4,2,04,wd,,,,0,0,201024338404wd,1656720100422153,,,119.65780415,,,201024338404wd,,0,05/04/2021
2010,33,4,2,1656720100429005,4,2,04,wd,,,,0,0,201024338404wd,1656720100429153,,,102.60664819,,,201024338404wd,,0,05/04/2021
2010,33,4,2,1656720100429006,4,2,04,wd,8791030402,721,3.3,0,0,201024338404wd,1656720100429153,ATLANTIC COD,,58.119707027,28,72,201024338404wd,,0,05/04/2021
2010,33,4,2,1656720100429006,4,2,04,wd,8791030402,653,3,0,0,201024338404wd,1656720100429153,ATLANTIC COD,,58.119707027,25,65,201024338404wd,,0,05/04/2021
2010,33,4,2,1656720100429006,4,2,04,wd,8791030402,612,2,0,0,201024338404wd,1656720100429153,ATLANTIC COD,,58.119707027,24,61,201024338404wd,,0,05/04/2021
2010,33,4,2,1656720100429006,4,2,04,wd,8747010201,274,0.1,1,1,201024338404wd,1656720100429153,ATLANTIC HERRING,,58.119707027,10,27,201024338404wd,,0,05/04/2021
2010,33,4,2,1656720100429006,4,2,04,wd,8747010201,274,0.1,1,1,201024338404wd,1656720100429153,ATLANTIC HERRING,,58.119707027,10,27,201024338404wd,,0,05/04/2021
2010,33,4,2,1656720100429006,4,2,04,wd,8747010201,274,0.1,1,1,201024338404wd,1656720100429153,ATLANTIC HERRING,,58.119707027,10,27,201024338404wd,,0,05/04/2021
2010,33,4,2,1656720100429006,4,2,04,wd,8791030402,762,4.2606626785,0,1,201024338404wd,1656720100429153,ATLANTIC COD,,58.119707027,29,76,201024338404wd,,0,05/04/2021
2010,33,4,2,1656720100429007,4,2,04,wd,,,,0,0,201024338404wd,1656720100429153,,,58.119707027,,,201024338404wd,,0,05/04/2021
2010,33,4,2,1656720100429008,4,2,04,wd,8791030402,721,4.7,0,0,201024338404wd,1656720100429153,ATLANTIC COD,,106.57023182,28,72,201024338404wd,,0,05/04/2021
2010,33,4,2,1656720100429008,4,2,04,wd,8791030402,625,2.2,0,0,201024338404wd,1656720100429153,ATLANTIC COD,,106.57023182,24,62,201024338404wd,,0,05/04/2021
2010,33,4,2,1656720100429008,4,2,04,wd,8791030402,684,3.1,0,0,201024338404wd,1656720100429153,ATLANTIC COD,,106.57023182,26,68,201024338404wd,,0,05/04/2021
2010,33,4,2,1656720100429008,4,2,04,wd,8791030402,627,2.2,0,0,201024338404wd,1656720100429153,ATLANTIC COD,,106.57023182,24,62,201024338404wd,,0,05/04/2021
2010,33,4,2,1656720100429009,4,2,04,wd,8791030402,694,3.4,0,0,201024338404wd,1656720100429153,ATLANTIC COD,,106.57023182,27,69,201024338404wd,,0,05/04/2021
2010,33,4,2,1656720100429009,4,2,04,wd,8791030402,603,2.5,0,0,201024338404wd,1656720100429153,ATLANTIC COD,,106.57023182,23,60,201024338404wd,,0,05/04/2021
2010,33,4,2,1656720100429010,4,2,04,wd,8791030402,710,3.6,0,0,201024338404wd,1656720100429153,ATLANTIC COD,,58.119707027,27,71,201024338404wd,,0,05/04/2021
2010,33,4,2,1656720100429010,4,2,04,wd,8747010201,333,0.2,0,0,201024338404wd,1656720100429153,ATLANTIC HERRING,,58.119707027,13,33,201024338404wd,,0,05/04/2021
2010,33,4,2,1656720100429012,4,2,04,wd,8791030402,662,2.7,0,0,201024338404wd,1656720100429153,ATLANTIC COD,,102.60664819,26,66,201024338404wd,,0,05/04/2021
2010,33,4,2,1656720100429016,4,2,04,wd,,,,0,0,201024338404wd,1656720100429153,,,102.60664819,,,201024338404wd,,0,05/04/2021
2010,44,3,1,1616720100425001,4,2,04,we,,,,0,0,201024448304we,16167201004259125,,,807.54318345,,,201024448304we,,0,05/04/2021
2010,44,3,1,1643320100419004,4,2,04,wd,,,,0,0,201024448304wd,16433201004199130,,,4445.4159298,,,201024448304wd,,0,05/04/2021
2010,44,3,1,1643320100419005,4,2,04,wd,,,,0,0,201024448304wd,16433201004199130,,,4445.4159298,,,201024448304wd,,0,05/04/2021
2010,44,3,1,1643320100419006,4,2,04,wd,,,,0,0,201024448304wd,16433201004199130,,,4214.7893129,,,201024448304wd,,0,05/04/2021
2010,44,3,5,1643320100425001,4,2,04,we,8839010101,510,2.6,0,0,201024448304we,16433201004255430,TAUTOG,,6601.2140787,20,51,201024448304we,,0,05/04/2021
2010,44,3,5,1643320100425003,4,2,04,we,8839010101,474,2.1,0,0,201024448304we,16433201004255166,TAUTOG,,580.86512267,18,47,201024448304we,,0,05/04/2021
2010,44,3,5,1643320100425006,4,2,04,we,,,,0,0,201024448304we,16433201004255187,,,5135.7059961,,,201024448304we,,0,05/04/2021
2010,44,3,5,1643320100428001,4,2,04,wd,,,,0,0,201024448304wd,16433201004289421,,,6987.230069,,,201024448304wd,,0,05/04/2021
2010,44,3,5,1643320100430005,4,2,04,wd,,,,0,0,201024448304wd,1643320100430955,,,13761.332127,,,201024448304wd,,0,05/04/2021
2010,44,3,1,1643320100430007,4,2,04,wd,,,,0,0,201024448304wd,1643320100430951,,,6201.3281201,,,201024448304wd,,0,05/04/2021
2010,10,3,5,1611420100317001,5,2,03,wd,8835020101,192,0.2,1,1,201025108303wd,1611420100317127,WHITE PERCH,,516.63659279,7,19,201025108303wd,,0,05/04/2021
2010,10,3,5,1611420100317001,5,2,03,wd,8835020101,280,0.5,1,1,201025108303wd,1611420100317127,WHITE PERCH,,516.63659279,11,28,201025108303wd,,0,05/04/2021
2010,10,3,5,1611420100317002,5,2,03,wd,,,,0,0,201025108303wd,1611420100317127,,,516.63659279,,,201025108303wd,,0,05/04/2021
2010,10,3,5,1611420100317003,5,2,03,wd,8835020101,230,0.25,1,1,201025108303wd,1611420100317127,WHITE PERCH,,516.63659279,9,23,201025108303wd,,0,05/04/2021
2010,10,3,5,1611420100317003,5,2,03,wd,8835020101,276,0.45,1,1,201025108303wd,1611420100317127,WHITE PERCH,,516.63659279,10,27,201025108303wd,,0,05/04/2021
2010,10,3,5,1611420100317003,5,2,03,wd,8835020101,205,0.2,1,1,201025108303wd,1611420100317127,WHITE PERCH,,516.63659279,8,20,201025108303wd,,0,05/04/2021
2010,10,3,5,1611420100317003,5,2,03,wd,8835020101,269,0.4,1,1,201025108303wd,1611420100317127,WHITE PERCH,,516.63659279,10,26,201025108303wd,,0,05/04/2021
2010,10,3,5,1611420100317003,5,2,03,wd,8835020101,220,0.25,1,1,201025108303wd,1611420100317127,WHITE PERCH,,516.63659279,8,22,201025108303wd,,0,05/04/2021
2010,10,3,5,1611420100317004,5,2,03,wd,,,,0,0,201025108303wd,1611420100317127,,,516.63659279,,,201025108303wd,,0,05/04/2021
2010,10,3,5,1611420100317005,5,2,03,wd,,,,0,0,201025108303wd,1611420100317127,,,547.96421313,,,201025108303wd,,0,05/04/2021
2010,10,3,5,1611420100318001,5,2,03,wd,,,,0,0,201025108303wd,161142010031831914,,,789.22939785,,,201025108303wd,,0,05/04/2021
2010,10,3,5,1611420100318004,5,2,03,wd,,,,0,0,201025108303wd,161142010031831914,,,744.108424,,,201025108303wd,,0,05/04/2021
2010,10,3,5,1611420100318005,5,2,03,wd,,,,0,0,201025108303wd,161142010031831914,,,744.108424,,,201025108303wd,,0,05/04/2021
2010,10,3,5,1611420100318006,5,2,03,wd,,,,0,0,201025108303wd,161142010031831914,,,744.108424,,,201025108303wd,,0,05/04/2021
2010,10,3,5,1611420100318008,5,2,03,wd,8835020101,236,0.25,1,1,201025108303wd,161142010031831914,WHITE PERCH,,758.46841113,9,23,201025108303wd,,0,05/04/2021
2010,10,3,5,1611420100318008,5,2,03,wd,8835020101,228,0.3,1,1,201025108303wd,161142010031831914,WHITE PERCH,,758.46841113,8,22,201025108303wd,,0,05/04/2021
2010,10,3,5,1611420100318008,5,2,03,wd,8835020101,228,0.3,1,1,201025108303wd,161142010031831914,WHITE PERCH,,758.46841113,8,22,201025108303wd,,0,05/04/2021
2010,10,3,5,1611420100318009,5,2,03,wd,,,,0,0,201025108303wd,161142010031831914,,,744.108424,,,201025108303wd,,0,05/04/2021
2010,10,3,5,1611420100318010,5,2,03,wd,,,,0,0,201025108303wd,161142010031831914,,,744.108424,,,201025108303wd,,0,05/04/2021
2010,10,3,5,1611420100331001,5,2,03,wd,8776010101,403,1.35,0,0,201025108303wd,161142010033131914,COMMON CARP,,1161.767338,15,40,201025108303wd,,0,05/04/2021
2010,10,3,5,1611420100331002,5,2,03,wd,,,,0,0,201025108303wd,161142010033131914,,,1161.767338,,,201025108303wd,,0,05/04/2021
2010,10,3,5,1611420100331004,5,2,03,wd,,,,0,0,201025108303wd,161142010033131914,,,1161.767338,,,201025108303wd,,0,05/04/2021
2010,10,3,5,1611420100331005,5,2,03,wd,,,,0,0,201025108303wd,161142010033131914,,,1161.767338,,,201025108303wd,,0,05/04/2021
2010,10,3,5,1611420100331007,5,2,03,wd,,,,0,0,201025108303wd,161142010033131914,,,1232.2141599,,,201025108303wd,,0,05/04/2021
2010,10,3,5,1611420100403003,5,2,04,we,,,,0,0,201025108304we,161142010040331914,,,567.06334125,,,201025108304we,,0,05/04/2021
2010,10,3,5,1611420100403004,5,2,04,we,,,,0,0,201025108304we,161142010040331914,,,534.64380611,,,201025108304we,,0,05/04/2021
2010,10,3,5,1611420100403005,5,2,04,we,,,,0,0,201025108304we,161142010040331914,,,534.64380611,,,201025108304we,,0,05/04/2021
2010,10,3,5,1611420100403006,5,2,04,we,,,,0,0,201025108304we,161142010040331914,,,534.64380611,,,201025108304we,,0,05/04/2021
2010,10,3,5,1611420100403007,5,2,04,we,,,,0,0,201025108304we,161142010040331914,,,534.64380611,,,201025108304we,,0,05/04/2021
2010,10,3,5,1611420100403008,5,2,04,we,,,,0,0,201025108304we,161142010040331914,,,534.64380611,,,201025108304we,,0,05/04/2021
2010,10,3,5,1611420100403009,5,2,04,we,,,,0,0,201025108304we,161142010040331914,,,534.64380611,,,201025108304we,,0,05/04/2021
2010,10,3,5,1611420100403010,5,2,04,we,8777020105,465,1.7,1,1,201025108304we,161142010040331914,CHANNEL CATFISH,,534.64380611,18,46,201025108304we,,0,05/04/2021
2010,10,3,5,1611420100403011,5,2,04,we,,,,0,0,201025108304we,161142010040331914,,,534.64380611,,,201025108304we,,0,05/04/2021
2010,10,3,5,1611420100403012,5,2,04,we,,,,0,0,201025108304we,161142010040331914,,,534.64380611,,,201025108304we,,0,05/04/2021
2010,10,3,5,1611420100403013,5,2,04,we,,,,0,0,201025108304we,161142010040331914,,,534.64380611,,,201025108304we,,0,05/04/2021
2010,10,3,5,1611420100403014,5,2,04,we,,,,0,0,201025108304we,161142010040331914,,,534.64380611,,,201025108304we,,0,05/04/2021
2010,10,3,5,1611420100403015,5,2,04,we,,,,0,0,201025108304we,161142010040331914,,,534.64380611,,,201025108304we,,0,05/04/2021
2010,10,3,5,1611420100407002,5,2,04,wd,,,,0,0,201025108304wd,161142010040733050,,,3542.5500622,,,201025108304wd,,0,05/04/2021
2010,10,3,5,1611420100411001,5,2,04,we,,,,0,0,201025108304we,1611420100411127,,,666.53963028,,,201025108304we,,0,05/04/2021
2010,10,3,5,1653720100418001,5,2,04,we,,,,0,0,201025108304we,1653720100418373,,,661.43398641,,,201025108304we,,0,05/04/2021
2010,10,3,5,1653720100418002,5,2,04,we,,,,0,0,201025108304we,1653720100418373,,,661.43398641,,,201025108304we,,0,05/04/2021
2010,10,3,5,1664920100318003,5,2,03,wd,,,,0,0,201025108303wd,1664920100318565,,,721.94083493,,,201025108303wd,,0,05/04/2021
2010,10,3,1,1673320100411001,5,2,04,we,,,,0,0,201025108304we,167332010041151457,,,2241.2785419,,,201025108304we,,0,05/04/2021
2010,10,3,1,1673320100411002,5,2,04,we,,,,0,0,201025108304we,167332010041151457,,,2241.2785419,,,201025108304we,,0,05/04/2021
2010,10,3,1,1673320100411005,5,2,04,we,,,,0,0,201025108304we,167332010041151457,,,2241.2785419,,,201025108304we,,0,05/04/2021
2010,10,3,1,1673320100411007,5,2,04,we,,,,0,0,201025108304we,167332010041151457,,,2241.2785419,,,201025108304we,,0,05/04/2021
2010,10,3,1,1681820100406006,5,2,04,wd,,,,0,0,201025108304wd,168182010040653087,,,2366.6733464,,,201025108304wd,,0,05/04/2021
2010,10,3,5,1682220100320001,5,2,03,we,,,,0,0,201025108303we,1682220100320376,,,348.0371293,,,201025108303we,,0,05/04/2021
2010,10,3,5,1682220100320002,5,2,03,we,,,,0,0,201025108303we,1682220100320376,,,348.0371293,,,201025108303we,,0,05/04/2021
2010,10,3,5,1682220100320003,5,2,03,we,,,,0,0,201025108303we,1682220100320376,,,348.0371293,,,201025108303we,,0,05/04/2021
2010,10,3,5,1682220100320004,5,2,03,we,,,,0,0,201025108303we,1682220100320376,,,348.0371293,,,201025108303we,,0,05/04/2021
2010,10,3,5,1682220100320005,5,2,03,we,8835020101,239,0.3,0,0,201025108303we,1682220100320376,WHITE PERCH,,348.0371293,9,23,201025108303we,,0,05/04/2021
2010,10,3,5,1682220100320005,5,2,03,we,8835020101,192,0.2,0,0,201025108303we,1682220100320376,WHITE PERCH,,348.0371293,7,19,201025108303we,,0,05/04/2021
2010,10,3,5,1682220100320005,5,2,03,we,8835020101,230,0.25,0,0,201025108303we,1682220100320376,WHITE PERCH,,348.0371293,9,23,201025108303we,,0,05/04/2021
2010,10,3,5,1682220100320005,5,2,03,we,8835020101,280,0.5,0,0,201025108303we,1682220100320376,WHITE PERCH,,348.0371293,11,28,201025108303we,,0,05/04/2021
2010,10,3,5,1682220100320005,5,2,03,we,8777020105,270,0.7,0,0,201025108303we,1682220100320376,CHANNEL CATFISH,,348.0371293,10,27,201025108303we,,0,05/04/2021
2010,10,3,5,1682220100320005,5,2,03,we,8777020105,444,1.05,0,0,201025108303we,1682220100320376,CHANNEL CATFISH,,348.0371293,17,44,201025108303we,,0,05/04/2021
2010,10,3,5,1682220100320005,5,2,03,we,8777000000,,,0,0,201025108303we,1682220100320376,UNIDENTIFIED CATFISHES,,348.0371293,,,201025108303we,,0,05/04/2021
2010,10,3,5,1682220100320006,5,2,03,we,8835020101,269,0.4,0,0,201025108303we,1682220100320376,WHITE PERCH,,348.0371293,10,26,201025108303we,,0,05/04/2021
2010,10,3,5,1682220100320006,5,2,03,we,8835020101,202,0.2,0,0,201025108303we,1682220100320376,WHITE PERCH,,348.0371293,7,20,201025108303we,,0,05/04/2021
2010,10,3,5,1682220100320006,5,2,03,we,8835020101,205,0.2,0,0,201025108303we,1682220100320376,WHITE PERCH,,348.0371293,8,20,201025108303we,,0,05/04/2021
2010,10,3,5,1682220100320006,5,2,03,we,8835020101,206,0.2,0,0,201025108303we,1682220100320376,WHITE PERCH,,348.0371293,8,20,201025108303we,,0,05/04/2021
2010,10,3,5,1682220100320006,5,2,03,we,8835020101,220,0.25,0,0,201025108303we,1682220100320376,WHITE PERCH,,348.0371293,8,22,201025108303we,,0,05/04/2021
2010,10,3,5,1682220100321001,5,2,03,we,,,,0,0,201025108303we,168222010032131914,,,212.21544771,,,201025108303we,,0,05/04/2021
2010,10,3,5,1682220100321002,5,2,03,we,,,,0,0,201025108303we,168222010032131914,,,212.21544771,,,201025108303we,,0,05/04/2021
2010,10,3,5,1682220100321004,5,2,03,we,,,,0,0,201025108303we,168222010032131914,,,212.21544771,,,201025108303we,,0,05/04/2021
2010,10,3,5,1682220100321008,5,2,03,we,,,,0,0,201025108303we,168222010032131914,,,212.21544771,,,201025108303we,,0,05/04/2021
2010,10,3,5,1682220100321009,5,2,03,we,,,,0,0,201025108303we,168222010032131914,,,212.21544771,,,201025108303we,,0,05/04/2021
2010,10,3,5,1682220100321011,5,2,03,we,,,,0,0,201025108303we,168222010032131914,,,212.21544771,,,201025108303we,,0,05/04/2021
2010,10,3,5,1682220100321012,5,2,03,we,8835020101,276,0.45,0,0,201025108303we,168222010032131914,WHITE PERCH,,81.116562578,10,27,201025108303we,,0,05/04/2021
2010,10,3,5,1682220100321013,5,2,03,we,8835020101,236,0.25,0,0,201025108303we,168222010032131914,WHITE PERCH,,212.21544771,9,23,201025108303we,,0,05/04/2021
2010,10,3,5,1682220100321013,5,2,03,we,8835020101,212,0.2,0,0,201025108303we,168222010032131914,WHITE PERCH,,212.21544771,8,21,201025108303we,,0,05/04/2021
2010,10,3,5,1682220100321013,5,2,03,we,8835020101,228,0.3,0,0,201025108303we,168222010032131914,WHITE PERCH,,212.21544771,8,22,201025108303we,,0,05/04/2021
2010,10,3,5,1682220100321014,5,2,03,we,,,,0,0,201025108303we,168222010032131914,,,212.21544771,,,201025108303we,,0,05/04/2021
2010,10,3,5,1682220100321015,5,2,03,we,,,,0,0,201025108303we,168222010032131914,,,212.21544771,,,201025108303we,,0,05/04/2021
2010,10,3,5,1682220100321016,5,2,03,we,,,,0,0,201025108303we,168222010032131914,,,212.21544771,,,201025108303we,,0,05/04/2021
2010,10,3,5,2653720100307002,5,2,03,we,8777020105,218,0.2559662647,0,1,201025108303we,265372010030731913,CHANNEL CATFISH,,4863.4800557,8,21,201025108303we,,0,05/04/2021
2010,10,3,5,2653720100307002,5,2,03,we,8777020105,220,0.2603437334,0,1,201025108303we,265372010030731913,CHANNEL CATFISH,,4863.4800557,8,22,201025108303we,,0,05/04/2021
2010,10,3,5,2653720100307002,5,2,03,we,8777020105,215,0.2494643404,0,1,201025108303we,265372010030731913,CHANNEL CATFISH,,4863.4800557,8,21,201025108303we,,0,05/04/2021
2010,10,3,5,2653720100307003,5,2,03,we,,,,0,0,201025108303we,2653720100307373,,,290.56168283,,,201025108303we,,0,05/04/2021
2010,10,3,5,2653720100307006,5,2,03,we,8835020101,228,0.3,0,0,201025108303we,2653720100307373,WHITE PERCH,,290.56168283,8,22,201025108303we,,0,05/04/2021
2010,10,3,5,2653720100307007,5,2,03,we,,,,0,0,201025108303we,2653720100307373,,,290.56168283,,,201025108303we,,0,05/04/2021
2010,10,3,5,2653720100307008,5,2,03,we,,,,0,0,201025108303we,2653720100307373,,,290.56168283,,,201025108303we,,0,05/04/2021
2010,10,3,5,2653720100307009,5,2,03,we,8835020102,835,4,0,0,201025108303we,2653720100307373,STRIPED BASS,,290.56168283,32,83,201025108303we,,0,05/04/2021
2010,10,3,5,2653720100307010,5,2,03,we,,,,0,0,201025108303we,2653720100307373,,,290.56168283,,,201025108303we,,0,05/04/2021
2010,10,3,5,2653720100307011,5,2,03,we,,,,0,0,201025108303we,2653720100307373,,,290.56168283,,,201025108303we,,0,05/04/2021
2010,10,4,5,1611420100410002,5,2,04,we,,,,0,0,201025108404we,1611420100410513,,,2.5335068616,,,201025108404we,,0,05/04/2021
2010,10,4,5,1611420100410003,5,2,04,we,,,,0,0,201025108404we,1611420100410513,,,2.5335068616,,,201025108404we,,0,05/04/2021
2010,10,4,5,1611420100410004,5,2,04,we,,,,0,0,201025108404we,1611420100410513,,,2.5335068616,,,201025108404we,,0,05/04/2021
2010,10,4,5,1611420100410005,5,2,04,we,,,,0,0,201025108404we,1611420100410513,,,2.5335068616,,,201025108404we,,0,05/04/2021
2010,10,4,5,1611420100410006,5,2,04,we,,,,0,0,201025108404we,1611420100410513,,,2.5335068616,,,201025108404we,,0,05/04/2021
2010,10,4,5,1611420100410007,5,2,04,we,8839010101,404,1.25,0,0,201025108404we,1611420100410513,TAUTOG,,2.3386217184,15,40,201025108404we,,0,05/04/2021
2010,10,4,5,1611420100410007,5,2,04,we,8839010101,383,1.15,0,0,201025108404we,1611420100410513,TAUTOG,,2.3386217184,15,38,201025108404we,,0,05/04/2021
2010,10,4,5,1611420100410007,5,2,04,we,8783010201,278,0.5,0,0,201025108404we,1611420100410513,OYSTER TOADFISH,,2.3386217184,10,27,201025108404we,,0,05/04/2021
2010,10,4,5,1611420100410010,5,2,04,we,8839010101,436,1.8,0,0,201025108404we,1611420100410513,TAUTOG,,2.3386217184,17,43,201025108404we,,0,05/04/2021
2010,10,4,5,1611420100410010,5,2,04,we,8839010101,359,1.05,0,0,201025108404we,1611420100410513,TAUTOG,,2.3386217184,14,35,201025108404we,,0,05/04/2021
2010,10,4,5,1611420100410012,5,2,04,we,8839010101,377,1,0,0,201025108404we,1611420100410513,TAUTOG,,2.3386217184,14,37,201025108404we,,0,05/04/2021
2010,10,4,2,1653720100320002,5,2,03,we,8839010101,400,1.2,0,0,201025108403we,1653720100320513,TAUTOG,,4.1166451775,15,40,201025108403we,,0,05/04/2021
2010,10,4,2,1653720100320005,5,2,03,we,8839010101,372,1,0,0,201025108403we,1653720100320513,TAUTOG,,4.1166451775,14,37,201025108403we,,0,05/04/2021
2010,10,4,2,1653720100320006,5,2,03,we,8839010101,365,0.95,0,0,201025108403we,1653720100320513,TAUTOG,,4.1166451775,14,36,201025108403we,,0,05/04/2021
2010,10,4,5,1653720100424001,5,2,04,we,8839010101,490,2.7,0,0,201025108404we,165372010042413159,TAUTOG,,2.0715529952,19,49,201025108404we,,0,05/04/2021
2010,10,4,5,1653720100424002,5,2,04,we,8839010101,420,2,0,0,201025108404we,165372010042413159,TAUTOG,,2.4939208169,16,42,201025108404we,,0,05/04/2021
2010,10,4,5,1653720100424005,5,2,04,we,,,,0,0,201025108404we,165372010042413159,,,2.0715529952,,,201025108404we,,0,05/04/2021
2010,10,4,5,1653720100424006,5,2,04,we,,,,0,0,201025108404we,165372010042413159,,,2.4939208169,,,201025108404we,,0,05/04/2021
2010,10,4,5,1653720100424010,5,2,04,we,8839010101,390,1.5,0,0,201025108404we,165372010042413159,TAUTOG,,2.4939208169,15,39,201025108404we,,0,05/04/2021
2010,10,4,5,1653720100424012,5,2,04,we,,,,0,0,201025108404we,165372010042413159,,,2.0715529952,,,201025108404we,,0,05/04/2021
2010,10,4,5,1653720100424014,5,2,04,we,,,,0,0,201025108404we,165372010042413159,,,2.0715529952,,,201025108404we,,0,05/04/2021
2010,10,4,5,1653720100424016,5,2,04,we,8839010101,477,2,0,0,201025108404we,165372010042413159,TAUTOG,,2.0715529952,18,47,201025108404we,,0,05/04/2021
2010,10,4,5,1653720100430001,5,2,04,wd,8839010101,458,1.2,0,0,201025108404wd,1653720100430513,TAUTOG,,5.225357902,18,45,201025108404wd,,0,05/04/2021
2010,10,4,5,1653720100430003,5,2,04,wd,,,,0,0,201025108404wd,1653720100430513,,,5.225357902,,,201025108404wd,,0,05/04/2021
2010,10,4,5,1653720100430004,5,2,04,wd,8839010101,487,1.35,0,0,201025108404wd,1653720100430513,TAUTOG,,5.225357902,19,48,201025108404wd,,0,05/04/2021
2010,10,4,5,1653720100430006,5,2,04,wd,,,,0,0,201025108404wd,1653720100430513,,,5.225357902,,,201025108404wd,,0,05/04/2021
2010,10,4,5,1653720100430007,5,2,04,wd,,,,0,0,201025108404wd,1653720100430513,,,4.3403967519,,,201025108404wd,,0,05/04/2021
2010,10,4,5,1653720100430010,5,2,04,wd,,,,0,0,201025108404wd,1653720100430513,,,5.225357902,,,201025108404wd,,0,05/04/2021
2010,10,4,5,1673320100414001,5,2,04,wd,,,,0,0,201025108404wd,1673320100414513,,,4.3403967519,,,201025108404wd,,0,05/04/2021
2010,10,4,5,1673320100414002,5,2,04,wd,8839010101,407,1.55,0,0,201025108404wd,1673320100414513,TAUTOG,,5.225357902,16,40,201025108404wd,,0,05/04/2021
2010,10,4,5,1673320100414002,5,2,04,wd,8839010101,370,1.05,0,0,201025108404wd,1673320100414513,TAUTOG,,5.225357902,14,37,201025108404wd,,0,05/04/2021
2010,10,4,5,1673320100414002,5,2,04,wd,8839010101,400,1.2,0,0,201025108404wd,1673320100414513,TAUTOG,,5.225357902,15,40,201025108404wd,,0,05/04/2021
2010,10,4,5,1673320100414002,5,2,04,wd,8839010101,363,1.05,0,0,201025108404wd,1673320100414513,TAUTOG,,5.225357902,14,36,201025108404wd,,0,05/04/2021
2010,10,4,5,1673320100414002,5,2,04,wd,8839010101,448,2,0,0,201025108404wd,1673320100414513,TAUTOG,,5.225357902,17,44,201025108404wd,,0,05/04/2021
2010,10,4,5,1673320100414002,5,2,04,wd,8839010101,432,1.7,0,0,201025108404wd,1673320100414513,TAUTOG,,5.225357902,17,43,201025108404wd,,0,05/04/2021
2010,10,4,5,1673320100414002,5,2,04,wd,8839010101,368,1.1,0,0,201025108404wd,1673320100414513,TAUTOG,,5.225357902,14,36,201025108404wd,,0,05/04/2021
2010,10,4,5,1673320100414002,5,2,04,wd,8839010101,368,1.1,0,0,201025108404wd,1673320100414513,TAUTOG,,5.225357902,14,36,201025108404wd,,0,05/04/2021
2010,10,4,5,1673320100414003,5,2,04,wd,8839010101,509,2.6,0,0,201025108404wd,1673320100414513,TAUTOG,,4.3403967519,20,50,201025108404wd,,0,05/04/2021
2010,10,4,5,1673320100414003,5,2,04,wd,8839010101,392,1.4,0,0,201025108404wd,1673320100414513,TAUTOG,,4.3403967519,15,39,201025108404wd,,0,05/04/2021
2010,10,4,5,1673320100414003,5,2,04,wd,8839010101,367,0.95,0,0,201025108404wd,1673320100414513,TAUTOG,,4.3403967519,14,36,201025108404wd,,0,05/04/2021
2010,10,4,5,1673320100414003,5,2,04,wd,8839010101,585,4.3,0,0,201025108404wd,1673320100414513,TAUTOG,,4.3403967519,23,58,201025108404wd,,0,05/04/2021
2010,10,4,5,1673320100414003,5,2,04,wd,8839010101,388,1.15,0,0,201025108404wd,1673320100414513,TAUTOG,,4.3403967519,15,38,201025108404wd,,0,05/04/2021
2010,10,4,5,1673320100414004,5,2,04,wd,,,,0,0,201025108404wd,1673320100414513,,,4.3403967519,,,201025108404wd,,0,05/04/2021
2010,10,4,5,1673320100414005,5,2,04,wd,,,,0,0,201025108404wd,1673320100414513,,,4.3403967519,,,201025108404wd,,0,05/04/2021
2010,10,4,5,1673320100414006,5,2,04,wd,,,,0,0,201025108404wd,1673320100414513,,,4.3403967519,,,201025108404wd,,0,05/04/2021
2010,10,4,1,1673320100419001,5,2,04,wd,8839010101,392,,0,0,201025108404wd,1673320100419513,TAUTOG,,0,15,39,201025108404wd,,0,05/04/2021
2010,10,4,1,1673320100419001,5,2,04,wd,8839010101,378,,0,0,201025108404wd,1673320100419513,TAUTOG,,0,14,37,201025108404wd,,0,05/04/2021
2010,10,4,1,1673320100419001,5,2,04,wd,8839010101,420,,0,0,201025108404wd,1673320100419513,TAUTOG,,0,16,42,201025108404wd,,0,05/04/2021
2010,10,4,1,1673320100419001,5,2,04,wd,8839010101,397,,0,0,201025108404wd,1673320100419513,TAUTOG,,0,15,39,201025108404wd,,0,05/04/2021
2010,10,4,1,1673320100419001,5,2,04,wd,8839010101,395,,0,0,201025108404wd,1673320100419513,TAUTOG,,0,15,39,201025108404wd,,0,05/04/2021
2010,10,4,1,1673320100419001,5,2,04,wd,8839010101,378,,0,0,201025108404wd,1673320100419513,TAUTOG,,0,14,37,201025108404wd,,0,05/04/2021
2010,10,4,1,1673320100419001,5,2,04,wd,8839010101,390,,0,0,201025108404wd,1673320100419513,TAUTOG,,0,15,39,201025108404wd,,0,05/04/2021
2010,10,4,1,1673320100419001,5,2,04,wd,8710010201,705,,0,0,201025108404wd,1673320100419513,SPINY DOGFISH,,0,27,70,201025108404wd,,0,05/04/2021
2010,10,4,1,1673320100419001,5,2,04,wd,8710010201,740,,0,0,201025108404wd,1673320100419513,SPINY DOGFISH,,0,29,74,201025108404wd,,0,05/04/2021
2010,10,4,1,1673320100419001,5,2,04,wd,8710010201,740,,0,0,201025108404wd,1673320100419513,SPINY DOGFISH,,0,29,74,201025108404wd,,0,05/04/2021
2010,10,4,1,1673320100419001,5,2,04,wd,8710010201,740,,0,0,201025108404wd,1673320100419513,SPINY DOGFISH,,0,29,74,201025108404wd,,0,05/04/2021
2010,10,4,1,1673320100419001,5,2,04,wd,8710010201,748,,0,0,201025108404wd,1673320100419513,SPINY DOGFISH,,0,29,74,201025108404wd,,0,05/04/2021
2010,10,4,1,1673320100419001,5,2,04,wd,8839010101,375,,0,0,201025108404wd,1673320100419513,TAUTOG,,0,14,37,201025108404wd,,0,05/04/2021
2010,10,4,1,1673320100419001,5,2,04,wd,8710010201,778,,0,0,201025108404wd,1673320100419513,SPINY DOGFISH,,0,30,77,201025108404wd,,0,05/04/2021
2010,10,4,1,1673320100419001,5,2,04,wd,8710010201,820,,0,0,201025108404wd,1673320100419513,SPINY DOGFISH,,0,32,82,201025108404wd,,0,05/04/2021
2010,10,4,1,1673320100419001,5,2,04,wd,8710010201,835,,0,0,201025108404wd,1673320100419513,SPINY DOGFISH,,0,32,83,201025108404wd,,0,05/04/2021
2010,10,4,1,1673320100419001,5,2,04,wd,8710010201,840,,0,1,201025108404wd,1673320100419513,SPINY DOGFISH,,0,33,84,201025108404wd,,0,05/04/2021
2010,10,4,1,1673320100419001,5,2,04,wd,8710010201,845,,0,0,201025108404wd,1673320100419513,SPINY DOGFISH,,0,33,84,201025108404wd,,0,05/04/2021
2010,10,4,1,1673320100419001,5,2,04,wd,8710010201,870,,0,0,201025108404wd,1673320100419513,SPINY DOGFISH,,0,34,87,201025108404wd,,0,05/04/2021
2010,10,4,1,1673320100419001,5,2,04,wd,8710010201,898,,0,0,201025108404wd,1673320100419513,SPINY DOGFISH,,0,35,89,201025108404wd,,0,05/04/2021
2010,10,5,5,1653720100411001,5,2,04,we,8839010101,390,1.35,0,0,201025108504we,1653720100411513,TAUTOG,,2.4824018265,15,39,201025108504we,,0,05/04/2021
2010,10,5,5,1653720100411001,5,2,04,we,8839010101,390,1.35,1,1,201025108504we,1653720100411513,TAUTOG,,2.4824018265,15,39,201025108504we,,0,05/04/2021
2010,10,5,5,1653720100411001,5,2,04,we,8839010101,423,2.1,0,0,201025108504we,1653720100411513,TAUTOG,,2.4824018265,16,42,201025108504we,,0,05/04/2021
2010,10,5,5,1653720100411001,5,2,04,we,8839010101,379,1.25,1,1,201025108504we,1653720100411513,TAUTOG,,2.4824018265,14,37,201025108504we,,0,05/04/2021
2010,10,5,5,1653720100411001,5,2,04,we,8839010101,412,2.05,0,0,201025108504we,1653720100411513,TAUTOG,,2.4824018265,16,41,201025108504we,,0,05/04/2021
2010,10,5,5,1653720100411001,5,2,04,we,8839010101,385,1.2,0,0,201025108504we,1653720100411513,TAUTOG,,2.4824018265,15,38,201025108504we,,0,05/04/2021
2010,10,5,5,1653720100411001,5,2,04,we,8839010101,494.989748,2.5,1,0,201025108504we,1653720100411513,TAUTOG,,2.4824018265,19,49,201025108504we,,0,05/04/2021
2010,10,5,5,1653720100411001,5,2,04,we,8839010101,398,2,0,0,201025108504we,1653720100411513,TAUTOG,,2.4824018265,15,39,201025108504we,,0,05/04/2021
2010,10,5,5,1653720100411001,5,2,04,we,8839010101,481.92230052,2.3,1,0,201025108504we,1653720100411513,TAUTOG,,2.4824018265,18,48,201025108504we,,0,05/04/2021
2010,10,5,5,1653720100411001,5,2,04,we,8839010101,494.989748,2.5,1,1,201025108504we,1653720100411513,TAUTOG,,2.4824018265,19,49,201025108504we,,0,05/04/2021
2010,10,5,5,1653720100411001,5,2,04,we,8839010101,426,1.55,1,1,201025108504we,1653720100411513,TAUTOG,,2.4824018265,16,42,201025108504we,,0,05/04/2021
2010,10,5,5,1653720100411001,5,2,04,we,8839010101,460.78812096,2,1,0,201025108504we,1653720100411513,TAUTOG,,2.4824018265,18,46,201025108504we,,0,05/04/2021
2010,10,5,5,1653720100411002,5,2,04,we,8839010101,424,1.55,1,1,201025108504we,1653720100411513,TAUTOG,,2.4824018265,16,42,201025108504we,,0,05/04/2021
2010,10,5,5,1653720100411002,5,2,04,we,8839010101,469,1.85,1,1,201025108504we,1653720100411513,TAUTOG,,2.4824018265,18,46,201025108504we,,0,05/04/2021
2010,10,5,5,1653720100411003,5,2,04,we,,,,0,0,201025108504we,1653720100411513,,,2.4824018265,,,201025108504we,,0,05/04/2021
2010,10,5,5,1653720100411004,5,2,04,we,,,,0,0,201025108504we,1653720100411513,,,2.4824018265,,,201025108504we,,0,05/04/2021
2010,10,5,5,1653720100411005,5,2,04,we,8839010101,379,1.25,0,0,201025108504we,1653720100411513,TAUTOG,,3.3854699378,14,37,201025108504we,,0,05/04/2021
2010,10,5,5,1653720100411005,5,2,04,we,8839010101,433,1.7,1,1,201025108504we,1653720100411513,TAUTOG,,3.3854699378,17,43,201025108504we,,0,05/04/2021
2010,10,5,5,1653720100411005,5,2,04,we,8839010101,379,1.05,0,0,201025108504we,1653720100411513,TAUTOG,,3.3854699378,14,37,201025108504we,,0,05/04/2021
2010,10,5,5,1653720100411005,5,2,04,we,8839010101,396,2,0,0,201025108504we,1653720100411513,TAUTOG,,3.3854699378,15,39,201025108504we,,0,05/04/2021
2010,10,5,5,1653720100411005,5,2,04,we,8839010101,414,1.55,1,1,201025108504we,1653720100411513,TAUTOG,,3.3854699378,16,41,201025108504we,,0,05/04/2021
2010,10,5,5,1653720100411005,5,2,04,we,8839010101,395,1.5,0,0,201025108504we,1653720100411513,TAUTOG,,3.3854699378,15,39,201025108504we,,0,05/04/2021
2010,10,5,5,1653720100411005,5,2,04,we,8839010101,383,1.35,1,1,201025108504we,1653720100411513,TAUTOG,,3.3854699378,15,38,201025108504we,,0,05/04/2021
2010,10,5,5,1653720100411005,5,2,04,we,8839010101,500,2.5,0,0,201025108504we,1653720100411513,TAUTOG,,3.3854699378,19,50,201025108504we,,0,05/04/2021
2010,10,5,5,1653720100411005,5,2,04,we,8839010101,440,2.2,0,0,201025108504we,1653720100411513,TAUTOG,,3.3854699378,17,44,201025108504we,,0,05/04/2021
2010,10,5,5,1653720100411005,5,2,04,we,8835020102,956,7,0,0,201025108504we,1653720100411513,STRIPED BASS,,3.3854699378,37,95,201025108504we,,0,05/04/2021
2010,10,5,5,1653720100411006,5,2,04,we,,,,0,0,201025108504we,1653720100411513,,,1.9307569761,,,201025108504we,,0,05/04/2021
2010,10,5,5,1653720100411007,5,2,04,we,,,,0,0,201025108504we,1653720100411513,,,1.9307569761,,,201025108504we,,0,05/04/2021
2010,10,5,5,1653720100411008,5,2,04,we,,,,0,0,201025108504we,1653720100411513,,,3.3854699378,,,201025108504we,,0,05/04/2021
2010,10,5,5,1653720100411009,5,2,04,we,,,,0,0,201025108504we,1653720100411513,,,3.3854699378,,,201025108504we,,0,05/04/2021
2010,10,5,5,1653720100411010,5,2,04,we,,,,0,0,201025108504we,1653720100411513,,,1.9307569761,,,201025108504we,,0,05/04/2021
2010,10,5,5,1653720100411011,5,2,04,we,8835020102,898,7.8,0,0,201025108504we,1653720100411513,STRIPED BASS,,5.3891154112,35,89,201025108504we,,0,05/04/2021
2010,10,5,5,1653720100411011,5,2,04,we,8835020102,885,7.8,0,0,201025108504we,1653720100411513,STRIPED BASS,,5.3891154112,34,88,201025108504we,,0,05/04/2021
2010,10,5,5,1653720100411011,5,2,04,we,8835020102,914,9.5,0,0,201025108504we,1653720100411513,STRIPED BASS,,5.3891154112,35,91,201025108504we,,0,05/04/2021
2010,10,5,5,1653720100411011,5,2,04,we,8835020102,956,7,1,1,201025108504we,1653720100411513,STRIPED BASS,,5.3891154112,37,95,201025108504we,,0,05/04/2021
2010,10,5,5,1653720100411011,5,2,04,we,8835020102,883,7.6,0,0,201025108504we,1653720100411513,STRIPED BASS,,5.3891154112,34,88,201025108504we,,0,05/04/2021
2010,10,5,5,1653720100411011,5,2,04,we,8835020102,883,7.6,1,1,201025108504we,1653720100411513,STRIPED BASS,,5.3891154112,34,88,201025108504we,,0,05/04/2021
2010,10,5,5,1653720100411011,5,2,04,we,8710010201,787,3,1,1,201025108504we,1653720100411513,SPINY DOGFISH,,5.3891154112,30,78,201025108504we,,0,05/04/2021
2010,10,5,5,1664920100403002,5,2,04,we,8835020102,731,4.3,0,0,201025108504we,1664920100403513,STRIPED BASS,,4.6451003874,28,73,201025108504we,,0,05/04/2021
2010,10,5,5,1664920100403003,5,2,04,we,8835020102,796,5.7,0,0,201025108504we,1664920100403513,STRIPED BASS,,4.6451003874,31,79,201025108504we,,0,05/04/2021
2010,10,5,5,1664920100403004,5,2,04,we,8835020102,726,5.4,0,0,201025108504we,1664920100403513,STRIPED BASS,,4.6451003874,28,72,201025108504we,,0,05/04/2021
2010,10,5,5,1664920100403004,5,2,04,we,8835020102,731,4.3,1,1,201025108504we,1664920100403513,STRIPED BASS,,4.6451003874,28,73,201025108504we,,0,05/04/2021
2010,10,5,5,1664920100416001,5,2,04,wd,8839010101,420,1.6,1,1,201025108504wd,1664920100416513,TAUTOG,,4.6487885133,16,42,201025108504wd,,0,05/04/2021
2010,10,5,5,1664920100416002,5,2,04,wd,,,,0,0,201025108504wd,1664920100416513,,,4.6487885133,,,201025108504wd,,0,05/04/2021
2010,10,5,5,1664920100416003,5,2,04,wd,8839010101,369,1.05,1,1,201025108504wd,1664920100416513,TAUTOG,,2.651236318,14,36,201025108504wd,,0,05/04/2021
2010,10,5,5,1664920100416004,5,2,04,wd,8839010101,494,2.7,1,1,201025108504wd,1664920100416513,TAUTOG,,2.651236318,19,49,201025108504wd,,0,05/04/2021
2010,10,5,5,1664920100416005,5,2,04,wd,,,,0,0,201025108504wd,1664920100416513,,,4.6487885133,,,201025108504wd,,0,05/04/2021
2010,10,5,5,1664920100422001,5,2,04,wd,8839010101,426,1.55,0,0,201025108504wd,1664920100422513,TAUTOG,,10.04256181,16,42,201025108504wd,,0,05/04/2021
2010,10,5,5,1664920100422001,5,2,04,wd,8839010101,385,1.15,0,0,201025108504wd,1664920100422513,TAUTOG,,10.04256181,15,38,201025108504wd,,0,05/04/2021
2010,10,5,5,1664920100422001,5,2,04,wd,8839010101,414,1.35,0,0,201025108504wd,1664920100422513,TAUTOG,,10.04256181,16,41,201025108504wd,,0,05/04/2021
2010,10,5,5,1664920100422001,5,2,04,wd,8839010101,424,1.55,0,0,201025108504wd,1664920100422513,TAUTOG,,10.04256181,16,42,201025108504wd,,0,05/04/2021
2010,10,5,5,1664920100422001,5,2,04,wd,8839010101,447,1.75,1,1,201025108504wd,1664920100422513,TAUTOG,,10.04256181,17,44,201025108504wd,,0,05/04/2021
2010,10,5,5,1664920100422001,5,2,04,wd,8839010101,396,1.2,0,0,201025108504wd,1664920100422513,TAUTOG,,10.04256181,15,39,201025108504wd,,0,05/04/2021
2010,10,5,5,1664920100422001,5,2,04,wd,8839010101,481,2.3,0,0,201025108504wd,1664920100422513,TAUTOG,,10.04256181,18,48,201025108504wd,,0,05/04/2021
2010,10,5,5,1664920100422001,5,2,04,wd,8839010101,469,1.85,0,0,201025108504wd,1664920100422513,TAUTOG,,10.04256181,18,46,201025108504wd,,0,05/04/2021
2010,10,5,5,1664920100422001,5,2,04,wd,8839010101,398,1.25,0,0,201025108504wd,1664920100422513,TAUTOG,,10.04256181,15,39,201025108504wd,,0,05/04/2021
2010,10,5,5,1664920100422001,5,2,04,wd,8839010101,453,1.8,0,0,201025108504wd,1664920100422513,TAUTOG,,10.04256181,17,45,201025108504wd,,0,05/04/2021
2010,10,5,5,1664920100422001,5,2,04,wd,8839010101,387,1.15,0,0,201025108504wd,1664920100422513,TAUTOG,,10.04256181,15,38,201025108504wd,,0,05/04/2021
2010,10,5,5,1664920100422001,5,2,04,wd,8839010101,460,1.95,0,0,201025108504wd,1664920100422513,TAUTOG,,10.04256181,18,46,201025108504wd,,0,05/04/2021
2010,10,5,5,1664920100422001,5,2,04,wd,8839010101,445,1.75,0,0,201025108504wd,1664920100422513,TAUTOG,,10.04256181,17,44,201025108504wd,,0,05/04/2021
2010,10,5,5,1664920100422002,5,2,04,wd,,,,0,0,201025108504wd,1664920100422513,,,10.04256181,,,201025108504wd,,0,05/04/2021
2010,10,5,5,1664920100422003,5,2,04,wd,,,,0,0,201025108504wd,1664920100422513,,,10.04256181,,,201025108504wd,,0,05/04/2021
2010,10,5,5,1664920100424001,5,2,04,we,8839010101,509,2.7,0,0,201025108504we,1664920100424513,TAUTOG,,1.5646653936,20,50,201025108504we,,0,05/04/2021
2010,10,5,5,1664920100424001,5,2,04,we,8839010101,499,2.5,0,0,201025108504we,1664920100424513,TAUTOG,,1.5646653936,19,49,201025108504we,,0,05/04/2021
2010,10,5,5,1664920100424001,5,2,04,we,8839010101,409,1.2,0,0,201025108504we,1664920100424513,TAUTOG,,1.5646653936,16,40,201025108504we,,0,05/04/2021
2010,10,5,5,1664920100424001,5,2,04,we,8839010101,433,1.7,0,0,201025108504we,1664920100424513,TAUTOG,,1.5646653936,17,43,201025108504we,,0,05/04/2021
2010,10,5,5,1664920100424001,5,2,04,we,8839010101,420,1.6,0,0,201025108504we,1664920100424513,TAUTOG,,1.5646653936,16,42,201025108504we,,0,05/04/2021
2010,10,5,5,1664920100424001,5,2,04,we,8839010101,383,1.35,0,0,201025108504we,1664920100424513,TAUTOG,,1.5646653936,15,38,201025108504we,,0,05/04/2021
2010,10,5,5,1664920100424001,5,2,04,we,8839010101,504,2.1,0,0,201025108504we,1664920100424513,TAUTOG,,1.5646653936,19,50,201025108504we,,0,05/04/2021
2010,10,5,5,1664920100424001,5,2,04,we,8839010101,541,3.1,0,0,201025108504we,1664920100424513,TAUTOG,,1.5646653936,21,54,201025108504we,,0,05/04/2021
2010,10,5,5,1664920100424001,5,2,04,we,8839010101,469,2,0,0,201025108504we,1664920100424513,TAUTOG,,1.5646653936,18,46,201025108504we,,0,05/04/2021
2010,10,5,5,1664920100424001,5,2,04,we,8839010101,392,1.05,0,0,201025108504we,1664920100424513,TAUTOG,,1.5646653936,15,39,201025108504we,,0,05/04/2021
2010,10,5,5,1664920100424001,5,2,04,we,8839010101,604,3.9,0,0,201025108504we,1664920100424513,TAUTOG,,1.5646653936,23,60,201025108504we,,0,05/04/2021
2010,10,5,5,1664920100424001,5,2,04,we,8839010101,414,1.55,0,0,201025108504we,1664920100424513,TAUTOG,,1.5646653936,16,41,201025108504we,,0,05/04/2021
2010,10,5,5,1664920100424001,5,2,04,we,8839010101,394,1.2,0,0,201025108504we,1664920100424513,TAUTOG,,1.5646653936,15,39,201025108504we,,0,05/04/2021
2010,10,5,5,1664920100424001,5,2,04,we,8839010101,378,1,0,0,201025108504we,1664920100424513,TAUTOG,,1.5646653936,14,37,201025108504we,,0,05/04/2021
2010,10,5,5,1664920100424002,5,2,04,we,,,,0,0,201025108504we,1664920100424513,,,1.5646653936,,,201025108504we,,0,05/04/2021
2010,10,5,5,1664920100424005,5,2,04,we,,,,0,0,201025108504we,1664920100424513,,,1.5646653936,,,201025108504we,,0,05/04/2021
2010,10,5,5,1664920100424007,5,2,04,we,,,,0,0,201025108504we,1664920100424513,,,1.5646653936,,,201025108504we,,0,05/04/2021
2010,10,5,5,1664920100424008,5,2,04,we,8839010101,376,1,0,0,201025108504we,1664920100424513,TAUTOG,,1.7881890213,14,37,201025108504we,,0,05/04/2021
2010,10,5,5,1664920100424008,5,2,04,we,8839010101,393,1,0,0,201025108504we,1664920100424513,TAUTOG,,1.7881890213,15,39,201025108504we,,0,05/04/2021
2010,10,5,5,1664920100424008,5,2,04,we,8839010101,375,1.05,0,0,201025108504we,1664920100424513,TAUTOG,,1.7881890213,14,37,201025108504we,,0,05/04/2021
2010,10,5,5,1664920100424008,5,2,04,we,8839010101,369,1.05,0,0,201025108504we,1664920100424513,TAUTOG,,1.7881890213,14,36,201025108504we,,0,05/04/2021
2010,10,5,5,1664920100424008,5,2,04,we,8839010101,361,0.95,0,0,201025108504we,1664920100424513,TAUTOG,,1.7881890213,14,36,201025108504we,,0,05/04/2021
2010,10,5,5,1664920100424008,5,2,04,we,8710010201,787,3,0,0,201025108504we,1664920100424513,SPINY DOGFISH,,1.7881890213,30,78,201025108504we,,0,05/04/2021
2010,10,5,5,1664920100424008,5,2,04,we,8710010201,872,5.1,0,0,201025108504we,1664920100424513,SPINY DOGFISH,,1.7881890213,34,87,201025108504we,,0,05/04/2021
2010,10,5,5,1664920100424008,5,2,04,we,8710010201,714,2.6,0,0,201025108504we,1664920100424513,SPINY DOGFISH,,1.7881890213,28,71,201025108504we,,0,05/04/2021
2010,10,5,5,1664920100424009,5,2,04,we,,,,0,0,201025108504we,1664920100424513,,,2.0862205249,,,201025108504we,,0,05/04/2021
2010,10,5,5,1664920100424010,5,2,04,we,,,,0,0,201025108504we,1664920100424513,,,2.0862205249,,,201025108504we,,0,05/04/2021
2010,10,5,5,1664920100424011,5,2,04,we,,,,0,0,201025108504we,1664920100424513,,,2.0862205249,,,201025108504we,,0,05/04/2021
2010,10,5,5,1664920100424012,5,2,04,we,,,,0,0,201025108504we,1664920100424513,,,2.0862205249,,,201025108504we,,0,05/04/2021
2010,10,5,5,1664920100424013,5,2,04,we,,,,0,0,201025108504we,1664920100424513,,,2.0862205249,,,201025108504we,,0,05/04/2021
2010,10,5,5,1664920100430001,5,2,04,wd,8839010101,399,1.2,0,0,201025108504wd,1664920100430513,TAUTOG,,4.6487885133,15,39,201025108504wd,,0,05/04/2021
2010,10,5,5,1664920100430001,5,2,04,wd,8839010101,402,1.35,0,0,201025108504wd,1664920100430513,TAUTOG,,4.6487885133,15,40,201025108504wd,,0,05/04/2021
2010,10,5,5,1664920100430001,5,2,04,wd,8839010101,403,1.5,0,0,201025108504wd,1664920100430513,TAUTOG,,4.6487885133,15,40,201025108504wd,,0,05/04/2021
2010,10,5,5,1664920100430001,5,2,04,wd,8839010101,416,1.4,0,0,201025108504wd,1664920100430513,TAUTOG,,4.6487885133,16,41,201025108504wd,,0,05/04/2021
2010,10,5,5,1664920100430001,5,2,04,wd,8839010101,494,2.7,0,0,201025108504wd,1664920100430513,TAUTOG,,4.6487885133,19,49,201025108504wd,,0,05/04/2021
2010,10,5,5,1664920100430001,5,2,04,wd,8839010101,415,1.65,0,0,201025108504wd,1664920100430513,TAUTOG,,4.6487885133,16,41,201025108504wd,,0,05/04/2021
2010,10,5,5,1664920100430001,5,2,04,wd,8839010101,447,1.75,0,0,201025108504wd,1664920100430513,TAUTOG,,4.6487885133,17,44,201025108504wd,,0,05/04/2021
2010,10,5,5,1664920100430002,5,2,04,wd,,,,0,0,201025108504wd,1664920100430513,,,4.6487885133,,,201025108504wd,,0,05/04/2021
2010,10,5,1,1673320100421002,5,2,04,wd,8839010101,385,1.2,1,1,201025108504wd,1673320100421513,TAUTOG,,4.9540585285,15,38,201025108504wd,,0,05/04/2021
2010,10,5,1,1673320100421002,5,2,04,wd,8839010101,494.989748,2.5,1,1,201025108504wd,1673320100421513,TAUTOG,,4.9540585285,19,49,201025108504wd,,0,05/04/2021
2010,10,5,5,1684920100405001,5,2,04,wd,8835020102,782,5.7763212327,0,1,201025108504wd,1684920100405513,STRIPED BASS,,3.8563437352,30,78,201025108504wd,,0,05/04/2021
2010,10,5,5,1684920100405001,5,2,04,wd,8835020102,835,6.8904832174,0,1,201025108504wd,1684920100405513,STRIPED BASS,,3.8563437352,32,83,201025108504wd,,0,05/04/2021
2010,10,5,5,1684920100405002,5,2,04,wd,8835020102,835,6.8904832174,1,1,201025108504wd,1684920100405513,STRIPED BASS,,3.8563437352,32,83,201025108504wd,,0,05/04/2021
2010,10,5,5,1684920100405002,5,2,04,wd,8835020102,845,7.4,0,0,201025108504wd,1684920100405513,STRIPED BASS,,3.8563437352,33,84,201025108504wd,,0,05/04/2021
2010,10,5,5,1684920100405004,5,2,04,wd,8835020102,714.25071714,4.3,1,0,201025108504wd,1684920100405513,STRIPED BASS,,3.8563437352,28,71,201025108504wd,,0,05/04/2021
2010,10,5,5,1684920100405004,5,2,04,wd,8835020102,667.26567045,3.5,1,0,201025108504wd,1684920100405513,STRIPED BASS,,3.8563437352,26,66,201025108504wd,,0,05/04/2021
2010,10,5,5,1684920100405005,5,2,04,wd,8835020102,667.26567045,3.5,1,1,201025108504wd,1684920100405513,STRIPED BASS,,3.8563437352,26,66,201025108504wd,,0,05/04/2021
2010,10,5,5,1690120100412002,5,2,04,wd,,,,0,0,201025108504wd,1690120100412513,,,4.0170247242,,,201025108504wd,,0,05/04/2021
2010,10,5,5,1690120100412003,5,2,04,wd,8835020102,775,5.4,1,1,201025108504wd,1690120100412513,STRIPED BASS,,4.0170247242,30,77,201025108504wd,,0,05/04/2021
2010,10,5,5,1690120100412003,5,2,04,wd,8835020102,704,3.7,1,1,201025108504wd,1690120100412513,STRIPED BASS,,4.0170247242,27,70,201025108504wd,,0,05/04/2021
2010,10,5,5,2611420100407001,5,2,04,wd,8839010101,506,2.5631815479,1,1,201025108504wd,2611420100407513,TAUTOG,,6.0373876796,19,50,201025108504wd,,0,05/04/2021
2010,10,5,5,2611420100407001,5,2,04,wd,8839010101,411,1.45,0,0,201025108504wd,2611420100407513,TAUTOG,,6.0373876796,16,41,201025108504wd,,0,05/04/2021
2010,10,5,5,2611420100407001,5,2,04,wd,8839010101,371,1,0,0,201025108504wd,2611420100407513,TAUTOG,,6.0373876796,14,37,201025108504wd,,0,05/04/2021
2010,10,5,5,2611420100407001,5,2,04,wd,8839010101,506,2.5631815479,0,1,201025108504wd,2611420100407513,TAUTOG,,6.0373876796,19,50,201025108504wd,,0,05/04/2021
2010,10,5,5,2611420100407001,5,2,04,wd,8839010101,391,1.15,0,0,201025108504wd,2611420100407513,TAUTOG,,6.0373876796,15,39,201025108504wd,,0,05/04/2021
2010,10,5,5,2611420100407001,5,2,04,wd,8835020102,862,7.8,0,0,201025108504wd,2611420100407513,STRIPED BASS,,6.0373876796,33,86,201025108504wd,,0,05/04/2021
2010,10,5,5,2611420100407001,5,2,04,wd,8835020102,676,3.5,0,0,201025108504wd,2611420100407513,STRIPED BASS,,6.0373876796,26,67,201025108504wd,,0,05/04/2021
2010,10,5,5,2611420100407001,5,2,04,wd,8835020102,886,6.8,0,0,201025108504wd,2611420100407513,STRIPED BASS,,6.0373876796,34,88,201025108504wd,,0,05/04/2021
2010,10,5,5,2611420100407001,5,2,04,wd,8835020102,862,7.8,1,1,201025108504wd,2611420100407513,STRIPED BASS,,6.0373876796,33,86,201025108504wd,,0,05/04/2021
2010,10,5,5,2611420100407001,5,2,04,wd,8835020102,730,4.4,0,0,201025108504wd,2611420100407513,STRIPED BASS,,6.0373876796,28,73,201025108504wd,,0,05/04/2021
2010,10,5,5,2611420100407001,5,2,04,wd,8835020102,769,5.2,0,0,201025108504wd,2611420100407513,STRIPED BASS,,6.0373876796,30,76,201025108504wd,,0,05/04/2021
2010,10,5,5,2611420100407001,5,2,04,wd,8835020102,862,7.8,1,1,201025108504wd,2611420100407513,STRIPED BASS,,6.0373876796,33,86,201025108504wd,,0,05/04/2021
2010,10,5,5,2611420100407001,5,2,04,wd,8835020102,704,3.7,0,0,201025108504wd,2611420100407513,STRIPED BASS,,6.0373876796,27,70,201025108504wd,,0,05/04/2021
2010,10,5,5,2611420100407001,5,2,04,wd,8835020102,717,3.8,0,0,201025108504wd,2611420100407513,STRIPED BASS,,6.0373876796,28,71,201025108504wd,,0,05/04/2021
2010,10,5,5,2611420100407001,5,2,04,wd,8835020102,769,5.2,1,1,201025108504wd,2611420100407513,STRIPED BASS,,6.0373876796,30,76,201025108504wd,,0,05/04/2021
2010,10,5,5,2611420100407001,5,2,04,wd,8835020102,775,5.4,0,0,201025108504wd,2611420100407513,STRIPED BASS,,6.0373876796,30,77,201025108504wd,,0,05/04/2021
2010,10,5,5,2611420100407004,5,2,04,wd,8835020102,862,7.8,0,0,201025108504wd,2611420100407513,STRIPED BASS,,6.0373876796,33,86,201025108504wd,,0,05/04/2021
2010,10,5,5,2611420100407004,5,2,04,wd,8835020102,832,6.2,0,0,201025108504wd,2611420100407513,STRIPED BASS,,6.0373876796,32,83,201025108504wd,,0,05/04/2021
2010,10,7,5,1141320100320001,5,2,03,we,8835020101,216.18097286,0.2,1,0,201025108703we,1141320100320127,WHITE PERCH,,634.06588582,8,21,201025108703we,,0,05/04/2021
2010,10,7,5,1141320100320001,5,2,03,we,8835020101,197.1800387,0.15,1,0,201025108703we,1141320100320127,WHITE PERCH,,634.06588582,7,19,201025108703we,,0,05/04/2021
2010,10,7,5,1141320100320001,5,2,03,we,8835020101,197.1800387,0.15,1,0,201025108703we,1141320100320127,WHITE PERCH,,634.06588582,7,19,201025108703we,,0,05/04/2021
2010,10,7,5,1141320100320001,5,2,03,we,8835020101,232.17133568,0.25,1,0,201025108703we,1141320100320127,WHITE PERCH,,634.06588582,9,23,201025108703we,,0,05/04/2021
2010,10,7,5,1141320100320001,5,2,03,we,8835020101,232.17133568,0.25,1,0,201025108703we,1141320100320127,WHITE PERCH,,634.06588582,9,23,201025108703we,,0,05/04/2021
2010,10,7,5,1141320100320001,5,2,03,we,8835020101,216.18097286,0.2,1,0,201025108703we,1141320100320127,WHITE PERCH,,634.06588582,8,21,201025108703we,,0,05/04/2021
2010,10,7,5,1141320100320001,5,2,03,we,8835020101,232.17133568,0.25,1,0,201025108703we,1141320100320127,WHITE PERCH,,634.06588582,9,23,201025108703we,,0,05/04/2021
2010,10,7,5,1141320100320001,5,2,03,we,8777020105,382,0.95,0,0,201025108703we,1141320100320127,CHANNEL CATFISH,,634.06588582,15,38,201025108703we,,0,05/04/2021
2010,10,7,5,1141320100320001,5,2,03,we,8777020105,412,0.9,0,0,201025108703we,1141320100320127,CHANNEL CATFISH,,634.06588582,16,41,201025108703we,,0,05/04/2021
2010,10,7,5,1141320100320001,5,2,03,we,8777020105,488,1.2,0,0,201025108703we,1141320100320127,CHANNEL CATFISH,,634.06588582,19,48,201025108703we,,0,05/04/2021
2010,10,7,5,1141320100320002,5,2,03,we,,,,0,0,201025108703we,1141320100320127,,,634.06588582,,,201025108703we,,0,05/04/2021
2010,10,7,5,1141320100320003,5,2,03,we,8777020105,372,1,0,0,201025108703we,1141320100320127,CHANNEL CATFISH,,634.06588582,14,37,201025108703we,,0,05/04/2021
2010,10,7,5,1141320100320004,5,2,03,we,,,,0,0,201025108703we,1141320100320127,,,634.06588582,,,201025108703we,,0,05/04/2021
2010,10,7,5,1141320100320005,5,2,03,we,,,,0,0,201025108703we,1141320100320127,,,634.06588582,,,201025108703we,,0,05/04/2021
2010,10,7,5,1141320100320006,5,2,03,we,,,,0,0,201025108703we,1141320100320127,,,634.06588582,,,201025108703we,,0,05/04/2021
2010,10,7,5,1141320100320007,5,2,03,we,,,,0,0,201025108703we,1141320100320127,,,634.06588582,,,201025108703we,,0,05/04/2021
2010,10,7,5,1611420100319001,5,2,03,wd,,,,0,0,201025108703wd,1611420100319127,,,450.38097536,,,201025108703wd,,0,05/04/2021
2010,10,7,5,1611420100319002,5,2,03,wd,,,,0,0,201025108703wd,1611420100319127,,,450.38097536,,,201025108703wd,,0,05/04/2021
2010,10,7,5,1611420100319003,5,2,03,wd,,,,0,0,201025108703wd,1611420100319127,,,450.38097536,,,201025108703wd,,0,05/04/2021
2010,10,7,5,1611420100319008,5,2,03,wd,,,,0,0,201025108703wd,1611420100319127,,,450.38097536,,,201025108703wd,,0,05/04/2021
2010,10,7,5,1611420100319009,5,2,03,wd,,,,0,0,201025108703wd,1611420100319127,,,450.38097536,,,201025108703wd,,0,05/04/2021
2010,10,7,5,1611420100319010,5,2,03,wd,8835020101,211,0.2,0,0,201025108703wd,1611420100319127,WHITE PERCH,,450.38097536,8,21,201025108703wd,,0,05/04/2021
2010,10,7,5,1611420100319010,5,2,03,wd,8835020101,231,0.25,0,0,201025108703wd,1611420100319127,WHITE PERCH,,450.38097536,9,23,201025108703wd,,0,05/04/2021
2010,10,7,5,1611420100319010,5,2,03,wd,8835020101,257,0.35,0,0,201025108703wd,1611420100319127,WHITE PERCH,,450.38097536,10,25,201025108703wd,,0,05/04/2021
2010,10,7,5,1611420100319010,5,2,03,wd,8835020101,253,0.25,0,0,201025108703wd,1611420100319127,WHITE PERCH,,450.38097536,9,25,201025108703wd,,0,05/04/2021
2010,10,7,5,1611420100319010,5,2,03,wd,8835020101,245,0.3,0,0,201025108703wd,1611420100319127,WHITE PERCH,,450.38097536,9,24,201025108703wd,,0,05/04/2021
2010,10,7,5,1611420100319010,5,2,03,wd,8835020101,242,0.3,0,0,201025108703wd,1611420100319127,WHITE PERCH,,450.38097536,9,24,201025108703wd,,0,05/04/2021
2010,10,7,5,1611420100319010,5,2,03,wd,8835020101,217,0.2,0,0,201025108703wd,1611420100319127,WHITE PERCH,,450.38097536,8,21,201025108703wd,,0,05/04/2021
2010,10,7,5,1611420100319010,5,2,03,wd,8835020101,224,0.25,0,0,201025108703wd,1611420100319127,WHITE PERCH,,450.38097536,8,22,201025108703wd,,0,05/04/2021
2010,10,7,5,1611420100319010,5,2,03,wd,8835020101,278,0.4,0,0,201025108703wd,1611420100319127,WHITE PERCH,,450.38097536,10,27,201025108703wd,,0,05/04/2021
2010,10,7,5,1611420100319010,5,2,03,wd,8835020101,215,0.2,0,0,201025108703wd,1611420100319127,WHITE PERCH,,450.38097536,8,21,201025108703wd,,0,05/04/2021
2010,10,7,5,1611420100319010,5,2,03,wd,8835020101,233,0.25,0,0,201025108703wd,1611420100319127,WHITE PERCH,,450.38097536,9,23,201025108703wd,,0,05/04/2021
2010,10,7,5,1611420100319010,5,2,03,wd,8835020101,237,0.3,0,0,201025108703wd,1611420100319127,WHITE PERCH,,450.38097536,9,23,201025108703wd,,0,05/04/2021
2010,10,7,5,1611420100319010,5,2,03,wd,8835020101,232,0.25,0,0,201025108703wd,1611420100319127,WHITE PERCH,,450.38097536,9,23,201025108703wd,,0,05/04/2021
2010,10,7,5,1611420100319010,5,2,03,wd,8835020101,221,0.25,0,0,201025108703wd,1611420100319127,WHITE PERCH,,450.38097536,8,22,201025108703wd,,0,05/04/2021
2010,10,7,5,1611420100319010,5,2,03,wd,8835020101,236,0.25,0,0,201025108703wd,1611420100319127,WHITE PERCH,,450.38097536,9,23,201025108703wd,,0,05/04/2021
2010,10,7,5,1611420100319010,5,2,03,wd,8835020101,240,0.3,0,0,201025108703wd,1611420100319127,WHITE PERCH,,450.38097536,9,24,201025108703wd,,0,05/04/2021
2010,10,7,5,1611420100319010,5,2,03,wd,8835020101,253,0.35,0,0,201025108703wd,1611420100319127,WHITE PERCH,,450.38097536,9,25,201025108703wd,,0,05/04/2021
2010,10,7,5,1611420100319010,5,2,03,wd,8835020101,229,0.2,0,0,201025108703wd,1611420100319127,WHITE PERCH,,450.38097536,9,22,201025108703wd,,0,05/04/2021
2010,10,7,5,1611420100319010,5,2,03,wd,8835020101,225,0.25,0,0,201025108703wd,1611420100319127,WHITE PERCH,,450.38097536,8,22,201025108703wd,,0,05/04/2021
2010,10,7,5,1611420100319010,5,2,03,wd,8835020101,216,0.2,0,0,201025108703wd,1611420100319127,WHITE PERCH,,450.38097536,8,21,201025108703wd,,0,05/04/2021
2010,10,7,5,1611420100319010,5,2,03,wd,8835020101,240,0.25,0,0,201025108703wd,1611420100319127,WHITE PERCH,,450.38097536,9,24,201025108703wd,,0,05/04/2021
2010,10,7,5,1611420100320001,5,2,03,we,,,,0,0,201025108703we,161142010032031598,,,230.56869712,,,201025108703we,,0,05/04/2021
2010,10,7,5,1611420100320003,5,2,03,we,,,,0,0,201025108703we,161142010032031598,,,132.72721518,,,201025108703we,,0,05/04/2021
2010,10,7,5,1611420100320004,5,2,03,we,,,,0,0,201025108703we,161142010032031598,,,132.72721518,,,201025108703we,,0,05/04/2021
2010,10,7,5,1611420100320005,5,2,03,we,,,,0,0,201025108703we,161142010032031598,,,132.72721518,,,201025108703we,,0,05/04/2021
2010,10,7,5,1611420100320006,5,2,03,we,,,,0,0,201025108703we,161142010032031598,,,132.72721518,,,201025108703we,,0,05/04/2021
2010,10,7,5,1611420100320007,5,2,03,we,,,,0,0,201025108703we,161142010032031598,,,132.72721518,,,201025108703we,,0,05/04/2021
2010,10,7,5,1611420100320008,5,2,03,we,,,,0,0,201025108703we,161142010032031598,,,132.72721518,,,201025108703we,,0,05/04/2021
2010,10,7,5,1611420100320009,5,2,03,we,,,,0,0,201025108703we,161142010032031598,,,132.72721518,,,201025108703we,,0,05/04/2021
2010,10,7,5,1611420100320010,5,2,03,we,8835020101,254,0.35,0,0,201025108703we,161142010032031598,WHITE PERCH,,132.72721518,9,25,201025108703we,,0,05/04/2021
2010,10,7,5,1611420100320010,5,2,03,we,8835020101,231,0.25,0,0,201025108703we,161142010032031598,WHITE PERCH,,132.72721518,9,23,201025108703we,,0,05/04/2021
2010,10,7,5,1611420100320010,5,2,03,we,8835020101,242,0.3,0,0,201025108703we,161142010032031598,WHITE PERCH,,132.72721518,9,24,201025108703we,,0,05/04/2021
2010,10,7,5,1611420100320010,5,2,03,we,8835020101,276,0.4,0,0,201025108703we,161142010032031598,WHITE PERCH,,132.72721518,10,27,201025108703we,,0,05/04/2021
2010,10,7,5,1611420100320011,5,2,03,we,,,,0,0,201025108703we,161142010032031598,,,132.72721518,,,201025108703we,,0,05/04/2021
2010,10,7,5,1611420100320012,5,2,03,we,,,,0,0,201025108703we,161142010032031598,,,230.56869712,,,201025108703we,,0,05/04/2021
2010,10,7,5,1611420100321004,5,2,03,we,8835020101,263,0.4,0,0,201025108703we,161142010032131598,WHITE PERCH,,81.715844254,10,26,201025108703we,,0,05/04/2021
2010,10,7,5,1611420100321004,5,2,03,we,8835020101,252,0.35,0,0,201025108703we,161142010032131598,WHITE PERCH,,81.715844254,9,25,201025108703we,,0,05/04/2021
2010,10,7,5,1611420100321004,5,2,03,we,8835020101,230,0.25,0,0,201025108703we,161142010032131598,WHITE PERCH,,81.715844254,9,23,201025108703we,,0,05/04/2021
2010,10,7,5,1611420100321004,5,2,03,we,8835020101,249,0.35,0,0,201025108703we,161142010032131598,WHITE PERCH,,81.715844254,9,24,201025108703we,,0,05/04/2021
2010,10,7,5,1611420100321004,5,2,03,we,8835020101,234,0.25,0,0,201025108703we,161142010032131598,WHITE PERCH,,81.715844254,9,23,201025108703we,,0,05/04/2021
2010,10,7,5,1611420100321005,5,2,03,we,,,,0,0,201025108703we,161142010032131598,,,81.715844254,,,201025108703we,,0,05/04/2021
2010,10,7,5,1611420100321006,5,2,03,we,,,,0,0,201025108703we,161142010032131598,,,81.715844254,,,201025108703we,,0,05/04/2021
2010,10,7,5,1611420100321007,5,2,03,we,,,,0,0,201025108703we,161142010032131598,,,128.54595527,,,201025108703we,,0,05/04/2021
2010,10,7,5,1611420100321009,5,2,03,we,8835020101,262,0.35,0,0,201025108703we,161142010032131598,WHITE PERCH,,81.715844254,10,26,201025108703we,,0,05/04/2021
2010,10,7,5,1611420100321011,5,2,03,we,,,,0,0,201025108703we,161142010032131598,,,81.715844254,,,201025108703we,,0,05/04/2021
2010,10,7,5,1611420100321012,5,2,03,we,,,,0,0,201025108703we,161142010032131598,,,121.9136722,,,201025108703we,,0,05/04/2021
2010,10,7,5,1611420100321013,5,2,03,we,,,,0,0,201025108703we,161142010032131598,,,175.37606628,,,201025108703we,,0,05/04/2021
2010,10,7,5,1611420100321014,5,2,03,we,8835020101,241,0.25,0,0,201025108703we,161142010032131598,WHITE PERCH,,81.715844254,9,24,201025108703we,,0,05/04/2021
2010,10,7,5,1611420100321014,5,2,03,we,8835020101,204,0.15,0,0,201025108703we,161142010032131598,WHITE PERCH,,81.715844254,8,20,201025108703we,,0,05/04/2021
2010,10,7,5,1611420100321014,5,2,03,we,8835020101,225,0.2,0,0,201025108703we,161142010032131598,WHITE PERCH,,81.715844254,8,22,201025108703we,,0,05/04/2021
2010,10,7,5,1611420100321014,5,2,03,we,8835020101,260,0.35,0,0,201025108703we,161142010032131598,WHITE PERCH,,81.715844254,10,26,201025108703we,,0,05/04/2021
2010,10,7,5,1611420100321014,5,2,03,we,8835020101,209,0.2,0,0,201025108703we,161142010032131598,WHITE PERCH,,81.715844254,8,20,201025108703we,,0,05/04/2021
2010,10,7,5,1611420100321014,5,2,03,we,8835020101,208,0.2,0,0,201025108703we,161142010032131598,WHITE PERCH,,81.715844254,8,20,201025108703we,,0,05/04/2021
2010,10,7,5,1611420100321014,5,2,03,we,8835020101,255,0.35,0,0,201025108703we,161142010032131598,WHITE PERCH,,81.715844254,10,25,201025108703we,,0,05/04/2021
2010,10,7,5,1611420100321015,5,2,03,we,,,,0,0,201025108703we,161142010032131598,,,105.13089976,,,201025108703we,,0,05/04/2021
2010,10,7,5,1611420100321016,5,2,03,we,,,,0,0,201025108703we,161142010032131598,,,222.2061773,,,201025108703we,,0,05/04/2021
2010,10,7,5,1611420100327003,5,2,03,we,8835020101,249,0.3,0,0,201025108703we,1611420100327373,WHITE PERCH,,214.50148238,9,24,201025108703we,,0,05/04/2021
2010,10,7,5,1611420100327003,5,2,03,we,8835020101,198,0.15,0,0,201025108703we,1611420100327373,WHITE PERCH,,214.50148238,7,19,201025108703we,,0,05/04/2021
2010,10,7,5,1611420100327003,5,2,03,we,8777020105,485,1.5,0,0,201025108703we,1611420100327373,CHANNEL CATFISH,,214.50148238,19,48,201025108703we,,0,05/04/2021
2010,10,7,5,1611420100327003,5,2,03,we,8777020105,448,1.2,0,0,201025108703we,1611420100327373,CHANNEL CATFISH,,214.50148238,17,44,201025108703we,,0,05/04/2021
2010,10,7,5,1611420100327007,5,2,03,we,8835020102,724,4.7,0,0,201025108703we,161142010032731598,STRIPED BASS,,175.37606628,28,72,201025108703we,,0,05/04/2021
2010,10,7,5,1611420100327007,5,2,03,we,8835020102,700,4.2,0,0,201025108703we,161142010032731598,STRIPED BASS,,175.37606628,27,70,201025108703we,,0,05/04/2021
2010,10,7,5,1611420100327010,5,2,03,we,,,,0,0,201025108703we,161142010032731598,,,81.715844254,,,201025108703we,,0,05/04/2021
2010,10,7,5,1611420100328001,5,2,03,we,,,,0,0,201025108703we,161142010032831598,,,210.49864954,,,201025108703we,,0,05/04/2021
2010,10,7,5,1611420100401001,5,2,04,wd,8835020101,253,0.35,1,1,201025108704wd,161142010040131598,WHITE PERCH,,223.71405816,9,25,201025108704wd,,0,05/04/2021
2010,10,7,5,1611420100401001,5,2,04,wd,8835020101,216.18097286,0.2,1,1,201025108704wd,161142010040131598,WHITE PERCH,,223.71405816,8,21,201025108704wd,,0,05/04/2021
2010,10,7,5,1611420100401002,5,2,04,wd,,,,0,0,201025108704wd,161142010040131598,,,321.81863433,,,201025108704wd,,0,05/04/2021
2010,10,7,5,1611420100401005,5,2,04,wd,,,,0,0,201025108704wd,161142010040131598,,,321.81863433,,,201025108704wd,,0,05/04/2021
2010,10,7,5,1611420100401006,5,2,04,wd,8835020101,278,0.5,0,0,201025108704wd,161142010040131598,WHITE PERCH,,223.71405816,10,27,201025108704wd,,0,05/04/2021
2010,10,7,5,1611420100401006,5,2,04,wd,8835020101,261,0.4,0,0,201025108704wd,161142010040131598,WHITE PERCH,,223.71405816,10,26,201025108704wd,,0,05/04/2021
2010,10,7,5,1611420100401006,5,2,04,wd,8835020101,216,0.25,0,0,201025108704wd,161142010040131598,WHITE PERCH,,223.71405816,8,21,201025108704wd,,0,05/04/2021
2010,10,7,5,1611420100401006,5,2,04,wd,8835020101,233,0.25,0,0,201025108704wd,161142010040131598,WHITE PERCH,,223.71405816,9,23,201025108704wd,,0,05/04/2021
2010,10,7,5,1611420100401006,5,2,04,wd,8835020101,237,0.25,0,0,201025108704wd,161142010040131598,WHITE PERCH,,223.71405816,9,23,201025108704wd,,0,05/04/2021
2010,10,7,5,1611420100401006,5,2,04,wd,8835020101,251,0.35,0,0,201025108704wd,161142010040131598,WHITE PERCH,,223.71405816,9,25,201025108704wd,,0,05/04/2021
2010,10,7,5,1611420100401006,5,2,04,wd,8835020101,227,0.25,0,0,201025108704wd,161142010040131598,WHITE PERCH,,223.71405816,8,22,201025108704wd,,0,05/04/2021
2010,10,7,5,1611420100405001,5,2,04,wd,,,,0,0,201025108704wd,1611420100405373,,,324.59220505,,,201025108704wd,,0,05/04/2021
2010,10,7,5,1611420100405002,5,2,04,wd,8835020102,697,4.1,0,0,201025108704wd,1611420100405373,STRIPED BASS,,324.59220505,27,69,201025108704wd,,0,05/04/2021
2010,10,7,5,1611420100405003,5,2,04,wd,,,,0,0,201025108704wd,1611420100405373,,,324.59220505,,,201025108704wd,,0,05/04/2021
2010,10,7,5,1611420100405004,5,2,04,wd,,,,0,0,201025108704wd,1611420100405373,,,324.59220505,,,201025108704wd,,0,05/04/2021
2010,10,7,5,1611420100405005,5,2,04,wd,,,,0,0,201025108704wd,1611420100405373,,,324.59220505,,,201025108704wd,,0,05/04/2021
2010,10,7,5,1611420100405006,5,2,04,wd,8835020102,700,4.2,1,1,201025108704wd,1611420100405373,STRIPED BASS,,324.59220505,27,70,201025108704wd,,0,05/04/2021
2010,10,7,5,1611420100405007,5,2,04,wd,8835020101,204,0.15,0,0,201025108704wd,1611420100405373,WHITE PERCH,,324.59220505,8,20,201025108704wd,,0,05/04/2021
2010,10,7,5,1611420100405007,5,2,04,wd,8835020101,199,0.15,0,0,201025108704wd,1611420100405373,WHITE PERCH,,324.59220505,7,19,201025108704wd,,0,05/04/2021
2010,10,7,5,1611420100405007,5,2,04,wd,8835020101,199,0.15,0,0,201025108704wd,1611420100405373,WHITE PERCH,,324.59220505,7,19,201025108704wd,,0,05/04/2021
2010,10,7,5,1611420100405009,5,2,04,wd,8835020101,273,0.55,0,0,201025108704wd,1611420100405373,WHITE PERCH,,380.39429452,10,27,201025108704wd,,0,05/04/2021
2010,10,7,5,1611420100405010,5,2,04,wd,,,,0,0,201025108704wd,1611420100405373,,,380.39429452,,,201025108704wd,,0,05/04/2021
2010,10,7,5,1611420100405013,5,2,04,wd,,,,0,0,201025108704wd,1611420100405373,,,408.29533926,,,201025108704wd,,0,05/04/2021
2010,10,7,5,1611420100405014,5,2,04,wd,,,,0,0,201025108704wd,1611420100405373,,,491.99847347,,,201025108704wd,,0,05/04/2021
2010,10,7,5,1611420100405015,5,2,04,wd,,,,0,0,201025108704wd,1611420100405373,,,659.4047419,,,201025108704wd,,0,05/04/2021
2010,10,7,5,1611420100405017,5,2,04,wd,,,,0,0,201025108704wd,1611420100405373,,,408.29533926,,,201025108704wd,,0,05/04/2021
2010,10,7,5,1653720100307001,5,2,03,we,,,,0,0,201025108703we,1653720100307373,,,262.62184813,,,201025108703we,,0,05/04/2021
2010,10,7,5,1653720100307002,5,2,03,we,,,,0,0,201025108703we,1653720100307373,,,262.62184813,,,201025108703we,,0,05/04/2021
2010,10,7,5,1653720100307003,5,2,03,we,,,,0,0,201025108703we,1653720100307373,,,262.62184813,,,201025108703we,,0,05/04/2021
2010,10,7,5,1653720100403002,5,2,04,we,,,,0,0,201025108704we,165372010040331598,,,250.63774725,,,201025108704we,,0,05/04/2021
2010,10,7,5,1653720100403005,5,2,04,we,,,,0,0,201025108704we,165372010040331598,,,174.23225875,,,201025108704we,,0,05/04/2021
2010,10,7,5,1653720100403006,5,2,04,we,,,,0,0,201025108704we,165372010040331598,,,250.63774725,,,201025108704we,,0,05/04/2021
2010,10,7,5,1653720100403007,5,2,04,we,,,,0,0,201025108704we,165372010040331598,,,250.63774725,,,201025108704we,,0,05/04/2021
2010,10,7,5,1653720100403008,5,2,04,we,,,,0,0,201025108704we,165372010040331598,,,250.63774725,,,201025108704we,,0,05/04/2021
2010,10,7,5,1653720100403009,5,2,04,we,,,,0,0,201025108704we,165372010040331598,,,250.63774725,,,201025108704we,,0,05/04/2021
2010,10,7,5,1653720100403010,5,2,04,we,,,,0,0,201025108704we,165372010040331598,,,250.63774725,,,201025108704we,,0,05/04/2021
2010,10,7,5,1653720100403011,5,2,04,we,8835020101,287,0.4,0,0,201025108704we,165372010040331598,WHITE PERCH,,250.63774725,11,28,201025108704we,,0,05/04/2021
2010,10,7,5,1653720100403011,5,2,04,we,8835020101,280,0.4,0,0,201025108704we,165372010040331598,WHITE PERCH,,250.63774725,11,28,201025108704we,,0,05/04/2021
2010,10,7,5,1653720100403011,5,2,04,we,8835020101,275,0.35,0,0,201025108704we,165372010040331598,WHITE PERCH,,250.63774725,10,27,201025108704we,,0,05/04/2021
2010,10,7,5,1653720100403012,5,2,04,we,,,,0,0,201025108704we,165372010040331598,,,250.63774725,,,201025108704we,,0,05/04/2021
2010,10,7,5,1653720100403013,5,2,04,we,,,,0,0,201025108704we,165372010040331598,,,250.63774725,,,201025108704we,,0,05/04/2021
2010,10,7,5,1653720100403014,5,2,04,we,,,,0,0,201025108704we,165372010040331598,,,250.63774725,,,201025108704we,,0,05/04/2021
2010,10,7,5,1653720100403015,5,2,04,we,,,,0,0,201025108704we,165372010040331598,,,250.63774725,,,201025108704we,,0,05/04/2021
2010,10,7,5,1653720100403016,5,2,04,we,,,,0,0,201025108704we,165372010040331598,,,250.63774725,,,201025108704we,,0,05/04/2021
2010,10,7,5,1653720100403017,5,2,04,we,,,,0,0,201025108704we,165372010040331598,,,174.23225875,,,201025108704we,,0,05/04/2021
2010,10,7,5,1653720100403018,5,2,04,we,,,,0,0,201025108704we,165372010040331598,,,250.63774725,,,201025108704we,,0,05/04/2021
2010,10,7,5,1653720100403019,5,2,04,we,,,,0,0,201025108704we,165372010040331598,,,250.63774725,,,201025108704we,,0,05/04/2021
2010,10,7,5,1664920100321001,5,2,03,we,,,,0,0,201025108703we,166492010032151220,,,1176.313505,,,201025108703we,,0,05/04/2021
2010,10,7,5,1664920100405001,5,2,04,wd,,,,0,0,201025108704wd,166492010040551220,,,2730.9427398,,,201025108704wd,,0,05/04/2021
2010,10,7,5,1673320100321001,5,2,03,we,,,,0,0,201025108703we,1673320100321373,,,157.35101674,,,201025108703we,,0,05/04/2021
2010,10,7,5,1673320100321004,5,2,03,we,8835020101,245,0.3,1,1,201025108703we,1673320100321373,WHITE PERCH,,402.28158375,9,24,201025108703we,,0,05/04/2021
2010,10,7,5,1673320100321004,5,2,03,we,8835020101,278,0.4,1,1,201025108703we,1673320100321373,WHITE PERCH,,402.28158375,10,27,201025108703we,,0,05/04/2021
2010,10,7,5,1673320100321004,5,2,03,we,8835020101,224,0.25,1,1,201025108703we,1673320100321373,WHITE PERCH,,402.28158375,8,22,201025108703we,,0,05/04/2021
2010,10,7,5,1673320100403001,5,2,04,we,,,,0,0,201025108704we,1673320100403373,,,560.55562739,,,201025108704we,,0,05/04/2021
2010,10,7,5,1673320100403002,5,2,04,we,8835020101,230,0.25,1,1,201025108704we,1673320100403373,WHITE PERCH,,1007.96776,9,23,201025108704we,,0,05/04/2021
2010,10,7,5,1673320100403002,5,2,04,we,8835020101,225,0.2,1,1,201025108704we,1673320100403373,WHITE PERCH,,1007.96776,8,22,201025108704we,,0,05/04/2021
2010,10,7,5,1673320100403002,5,2,04,we,8835020101,260,0.35,1,1,201025108704we,1673320100403373,WHITE PERCH,,1007.96776,10,26,201025108704we,,0,05/04/2021
2010,10,7,5,1673320100403002,5,2,04,we,8835020101,199,0.15,1,1,201025108704we,1673320100403373,WHITE PERCH,,1007.96776,7,19,201025108704we,,0,05/04/2021
2010,10,7,5,1673320100403003,5,2,04,we,8835020101,273,0.55,1,1,201025108704we,1673320100403373,WHITE PERCH,,304.52883002,10,27,201025108704we,,0,05/04/2021
2010,10,7,5,1673320100403003,5,2,04,we,8835020101,241,0.25,1,1,201025108704we,1673320100403373,WHITE PERCH,,304.52883002,9,24,201025108704we,,0,05/04/2021
2010,10,7,5,1673320100403005,5,2,04,we,,,,0,0,201025108704we,1673320100403373,,,639.66638925,,,201025108704we,,0,05/04/2021
2010,10,7,5,1673320100403015,5,2,04,we,,,,0,0,201025108704we,167332010040331598,,,705.30277485,,,201025108704we,,0,05/04/2021
2010,10,7,5,1673320100403017,5,2,04,we,,,,0,0,201025108704we,167332010040331598,,,481.83042765,,,201025108704we,,0,05/04/2021
2010,10,7,5,1673320100403018,5,2,04,we,,,,0,0,201025108704we,167332010040331598,,,481.83042765,,,201025108704we,,0,05/04/2021
2010,10,7,5,1684920100319001,5,2,03,wd,8835020101,240,0.2,0,0,201025108703wd,168492010031953339,WHITE PERCH,,1489.4046182,9,24,201025108703wd,,0,05/04/2021
2010,10,7,5,1684920100319001,5,2,03,wd,8835020101,248,0.25,0,0,201025108703wd,168492010031953339,WHITE PERCH,,1489.4046182,9,24,201025108703wd,,0,05/04/2021
2010,10,7,5,1684920100319001,5,2,03,wd,8835020101,223,0.2,0,0,201025108703wd,168492010031953339,WHITE PERCH,,1489.4046182,8,22,201025108703wd,,0,05/04/2021
2010,10,7,5,1684920100319001,5,2,03,wd,8835020101,243,0.3,0,0,201025108703wd,168492010031953339,WHITE PERCH,,1489.4046182,9,24,201025108703wd,,0,05/04/2021
2010,10,7,5,1684920100319001,5,2,03,wd,8835020101,239,0.3,0,0,201025108703wd,168492010031953339,WHITE PERCH,,1489.4046182,9,23,201025108703wd,,0,05/04/2021
2010,10,7,5,1684920100319001,5,2,03,wd,8835020101,221,0.2,0,0,201025108703wd,168492010031953339,WHITE PERCH,,1489.4046182,8,22,201025108703wd,,0,05/04/2021
2010,10,7,5,1684920100319001,5,2,03,wd,8835020101,241,0.25,0,0,201025108703wd,168492010031953339,WHITE PERCH,,1489.4046182,9,24,201025108703wd,,0,05/04/2021
2010,10,7,5,1684920100319001,5,2,03,wd,8835020101,210,0.2,0,0,201025108703wd,168492010031953339,WHITE PERCH,,1489.4046182,8,21,201025108703wd,,0,05/04/2021
2010,10,7,5,2664920100416001,5,2,04,wd,,,,0,0,201025108704wd,26649201004165106,,,717.32921979,,,201025108704wd,,0,05/04/2021
2010,10,7,5,2664920100416002,5,2,04,wd,,,,0,0,201025108704wd,26649201004165106,,,904.04364751,,,201025108704wd,,0,05/04/2021
2010,10,7,5,2664920100416003,5,2,04,wd,,,,0,0,201025108704wd,26649201004165106,,,904.04364751,,,201025108704wd,,0,05/04/2021
2010,10,7,5,2664920100416004,5,2,04,wd,,,,0,0,201025108704wd,26649201004165106,,,904.04364751,,,201025108704wd,,0,05/04/2021
2010,24,3,5,1609520100327004,5,2,03,we,,,,0,0,201025248303we,16095201003275928,,,15279.615204,,,201025248303we,,0,05/04/2021
2010,24,3,5,1640420100310001,5,2,03,wd,8835020101,234,0.25,0,0,201025248303wd,164042010031033089,WHITE PERCH,,671.99629413,9,23,201025248303wd,,0,05/04/2021
2010,24,3,5,1640420100310001,5,2,03,wd,8835020101,229,0.2,0,0,201025248303wd,164042010031033089,WHITE PERCH,,671.99629413,9,22,201025248303wd,,0,05/04/2021
2010,24,3,5,1640420100310004,5,2,03,wd,8777020104,223,0.45,0,0,201025248303wd,164042010031033089,BROWN BULLHEAD,,671.99629413,8,22,201025248303wd,,0,05/04/2021
2010,24,3,5,1640420100310004,5,2,03,wd,8777020104,205,0.4,0,0,201025248303wd,164042010031033089,BROWN BULLHEAD,,671.99629413,8,20,201025248303wd,,0,05/04/2021
2010,24,3,5,1640420100310004,5,2,03,wd,8777020104,257,0.5,0,0,201025248303wd,164042010031033089,BROWN BULLHEAD,,671.99629413,10,25,201025248303wd,,0,05/04/2021
2010,24,3,5,1640420100310004,5,2,03,wd,8777020104,265,0.65,0,0,201025248303wd,164042010031033089,BROWN BULLHEAD,,671.99629413,10,26,201025248303wd,,0,05/04/2021
2010,24,3,5,1640420100310006,5,2,03,wd,8835200201,251,0.25,0,0,201025248303wd,164042010031033089,YELLOW PERCH,,671.99629413,9,25,201025248303wd,,0,05/04/2021
2010,24,3,5,1640420100310008,5,2,03,wd,8835200201,255,0.25,0,0,201025248303wd,164042010031033089,YELLOW PERCH,,671.99629413,10,25,201025248303wd,,0,05/04/2021
2010,24,3,5,1640420100310008,5,2,03,wd,8835020101,260,0.3,0,0,201025248303wd,164042010031033089,WHITE PERCH,,671.99629413,10,26,201025248303wd,,0,05/04/2021
2010,24,3,5,1640420100310010,5,2,03,wd,8835200201,240,0.2,0,0,201025248303wd,164042010031031722,YELLOW PERCH,,4198.5183501,9,24,201025248303wd,,0,05/04/2021
2010,24,3,5,1640420100310010,5,2,03,wd,8835200201,250,0.25,0,0,201025248303wd,164042010031031722,YELLOW PERCH,,4198.5183501,9,25,201025248303wd,,0,05/04/2021
2010,24,3,5,1640420100310010,5,2,03,wd,8835200201,262,0.3,0,0,201025248303wd,164042010031031722,YELLOW PERCH,,4198.5183501,10,26,201025248303wd,,0,05/04/2021
2010,24,3,5,1640420100310010,5,2,03,wd,8835200201,253,0.3,0,0,201025248303wd,164042010031031722,YELLOW PERCH,,4198.5183501,9,25,201025248303wd,,0,05/04/2021
2010,24,3,5,1640420100321001,5,2,03,we,8835020101,234,0.35,0,0,201025248303we,164042010032117933,WHITE PERCH,,4379.4495927,9,23,201025248303we,,0,05/04/2021
2010,24,3,5,1640420100321001,5,2,03,we,8835020101,215,0.2,0,0,201025248303we,164042010032117933,WHITE PERCH,,4379.4495927,8,21,201025248303we,,0,05/04/2021
2010,24,3,5,1640420100321001,5,2,03,we,8835020101,228,0.25,0,0,201025248303we,164042010032117933,WHITE PERCH,,4379.4495927,8,22,201025248303we,,0,05/04/2021
2010,24,3,5,1640420100321001,5,2,03,we,8835020101,231,0.3,0,0,201025248303we,164042010032117933,WHITE PERCH,,4379.4495927,9,23,201025248303we,,0,05/04/2021
2010,24,3,5,1640420100321001,5,2,03,we,8835020101,220,0.25,0,0,201025248303we,164042010032117933,WHITE PERCH,,4379.4495927,8,22,201025248303we,,0,05/04/2021
2010,24,3,5,1640420100321002,5,2,03,we,8835020101,236,0.3,0,0,201025248303we,164042010032117933,WHITE PERCH,,4379.4495927,9,23,201025248303we,,0,05/04/2021
2010,24,3,5,1640420100321002,5,2,03,we,8835020101,230,0.3,0,0,201025248303we,164042010032117933,WHITE PERCH,,4379.4495927,9,23,201025248303we,,0,05/04/2021
2010,24,3,5,1640420100321002,5,2,03,we,8835020101,208,0.2,0,0,201025248303we,164042010032117933,WHITE PERCH,,4379.4495927,8,20,201025248303we,,0,05/04/2021
2010,24,3,5,1640420100321005,5,2,03,we,8835200201,262,0.3,1,1,201025248303we,164042010032117933,YELLOW PERCH,,4379.4495927,10,26,201025248303we,,0,05/04/2021
2010,24,3,5,1640420100321005,5,2,03,we,8835200201,255,0.25,1,1,201025248303we,164042010032117933,YELLOW PERCH,,4379.4495927,10,25,201025248303we,,0,05/04/2021
2010,24,3,5,1640420100321005,5,2,03,we,8835200201,250,0.25,1,1,201025248303we,164042010032117933,YELLOW PERCH,,4379.4495927,9,25,201025248303we,,0,05/04/2021
2010,24,3,5,1640420100321005,5,2,03,we,8835200201,240,0.2,1,1,201025248303we,164042010032117933,YELLOW PERCH,,4379.4495927,9,24,201025248303we,,0,05/04/2021
2010,24,3,5,1640420100321005,5,2,03,we,8835020101,229,0.2,1,1,201025248303we,164042010032117933,WHITE PERCH,,5255.3395112,9,22,201025248303we,,0,05/04/2021
2010,24,3,5,1640420100321005,5,2,03,we,8835020101,234,0.35,1,1,201025248303we,164042010032117933,WHITE PERCH,,5255.3395112,9,23,201025248303we,,0,05/04/2021
2010,24,3,5,1640420100321005,5,2,03,we,8835020101,234,0.25,1,1,201025248303we,164042010032117933,WHITE PERCH,,5255.3395112,9,23,201025248303we,,0,05/04/2021
2010,24,3,5,1640420100321005,5,2,03,we,8835020101,260,0.3,1,1,201025248303we,164042010032117933,WHITE PERCH,,5255.3395112,10,26,201025248303we,,0,05/04/2021
2010,24,3,5,1640420100321005,5,2,03,we,8835020101,220,0.25,1,1,201025248303we,164042010032117933,WHITE PERCH,,5255.3395112,8,22,201025248303we,,0,05/04/2021
2010,24,3,5,1640420100321008,5,2,03,we,8835020101,215,0.2,1,1,201025248303we,164042010032117931,WHITE PERCH,,71327.449839,8,21,201025248303we,,0,05/04/2021
2010,24,3,5,1640420100321008,5,2,03,we,8835020101,230,0.3,1,1,201025248303we,164042010032117931,WHITE PERCH,,71327.449839,9,23,201025248303we,,0,05/04/2021
2010,24,3,5,1640420100321008,5,2,03,we,8835020101,236,0.3,1,1,201025248303we,164042010032117931,WHITE PERCH,,71327.449839,9,23,201025248303we,,0,05/04/2021
2010,24,3,5,1640420100321008,5,2,03,we,8835020101,231,0.3,1,1,201025248303we,164042010032117931,WHITE PERCH,,71327.449839,9,23,201025248303we,,0,05/04/2021
2010,24,3,5,1640420100321008,5,2,03,we,8835020101,228,0.25,1,1,201025248303we,164042010032117931,WHITE PERCH,,71327.449839,8,22,201025248303we,,0,05/04/2021
2010,24,3,5,1640420100321009,5,2,03,we,8835020101,210,0.15,0,0,201025248303we,164042010032117931,WHITE PERCH,,35663.724919,8,21,201025248303we,,0,05/04/2021
2010,24,3,5,1640420100321009,5,2,03,we,8835020101,233,0.25,0,0,201025248303we,164042010032117931,WHITE PERCH,,35663.724919,9,23,201025248303we,,0,05/04/2021
2010,24,3,5,1640420100321009,5,2,03,we,8835020101,205,0.15,0,0,201025248303we,164042010032117931,WHITE PERCH,,35663.724919,8,20,201025248303we,,0,05/04/2021
2010,24,3,5,1640420100321009,5,2,03,we,8835020101,231,0.25,0,0,201025248303we,164042010032117931,WHITE PERCH,,35663.724919,9,23,201025248303we,,0,05/04/2021
2010,24,3,5,1640420100321009,5,2,03,we,8835020101,232,0.25,0,0,201025248303we,164042010032117931,WHITE PERCH,,35663.724919,9,23,201025248303we,,0,05/04/2021
2010,24,3,5,1640420100321009,5,2,03,we,8835020101,220,0.15,0,0,201025248303we,164042010032117931,WHITE PERCH,,35663.724919,8,22,201025248303we,,0,05/04/2021
2010,24,3,5,1640420100321009,5,2,03,we,8835020101,222,0.15,0,0,201025248303we,164042010032117931,WHITE PERCH,,35663.724919,8,22,201025248303we,,0,05/04/2021
2010,24,3,5,1640420100321009,5,2,03,we,8835020101,199,0.15,0,0,201025248303we,164042010032117931,WHITE PERCH,,35663.724919,7,19,201025248303we,,0,05/04/2021
2010,24,3,5,1640420100321009,5,2,03,we,8835020101,216,0.15,0,0,201025248303we,164042010032117931,WHITE PERCH,,35663.724919,8,21,201025248303we,,0,05/04/2021
2010,24,3,5,1640420100321009,5,2,03,we,8835020101,208,0.15,0,0,201025248303we,164042010032117931,WHITE PERCH,,35663.724919,8,20,201025248303we,,0,05/04/2021
2010,24,3,5,1640420100321009,5,2,03,we,8835020101,222,0.15,0,0,201025248303we,164042010032117931,WHITE PERCH,,35663.724919,8,22,201025248303we,,0,05/04/2021
2010,24,3,5,1640420100321009,5,2,03,we,8835020101,233,0.25,0,0,201025248303we,164042010032117931,WHITE PERCH,,35663.724919,9,23,201025248303we,,0,05/04/2021
2010,24,3,5,1673420100406001,5,2,04,wd,,,,0,0,201025248304wd,167342010040625789,,,17911.024393,,,201025248304wd,,0,05/04/2021
2010,24,3,5,1673420100406002,5,2,04,wd,,,,0,0,201025248304wd,167342010040625789,,,17911.024393,,,201025248304wd,,0,05/04/2021
2010,24,3,5,1673420100406003,5,2,04,wd,8835200201,253,0.3,1,1,201025248304wd,167342010040625789,YELLOW PERCH,,17911.024393,9,25,201025248304wd,,0,05/04/2021
2010,24,3,5,1673420100406003,5,2,04,wd,8835020101,208,0.2,1,1,201025248304wd,167342010040625789,WHITE PERCH,,17911.024393,8,20,201025248304wd,,0,05/04/2021
2010,24,3,5,1673420100406003,5,2,04,wd,8835020101,231,0.25,1,1,201025248304wd,167342010040625789,WHITE PERCH,,17911.024393,9,23,201025248304wd,,0,05/04/2021
2010,24,3,5,1673420100406003,5,2,04,wd,8835020101,222,0.15,1,1,201025248304wd,167342010040625789,WHITE PERCH,,17911.024393,8,22,201025248304wd,,0,05/04/2021
2010,24,3,5,1673420100406003,5,2,04,wd,8835020101,222,0.15,1,1,201025248304wd,167342010040625789,WHITE PERCH,,17911.024393,8,22,201025248304wd,,0,05/04/2021
2010,24,3,5,1673420100406003,5,2,04,wd,8835020101,216,0.15,1,1,201025248304wd,167342010040625789,WHITE PERCH,,17911.024393,8,21,201025248304wd,,0,05/04/2021
2010,24,3,5,1673420100406003,5,2,04,wd,8835020101,220,0.15,1,1,201025248304wd,167342010040625789,WHITE PERCH,,17911.024393,8,22,201025248304wd,,0,05/04/2021
2010,24,3,5,1673420100406003,5,2,04,wd,8835020101,232,0.25,1,1,201025248304wd,167342010040625789,WHITE PERCH,,17911.024393,9,23,201025248304wd,,0,05/04/2021
2010,24,3,5,1673420100406003,5,2,04,wd,8835020101,208,0.15,1,1,201025248304wd,167342010040625789,WHITE PERCH,,17911.024393,8,20,201025248304wd,,0,05/04/2021
2010,24,3,5,1673420100406003,5,2,04,wd,8835020101,210,0.15,1,1,201025248304wd,167342010040625789,WHITE PERCH,,17911.024393,8,21,201025248304wd,,0,05/04/2021
2010,24,3,5,1673420100406004,5,2,04,wd,8835020101,233,0.25,1,1,201025248304wd,167342010040625789,WHITE PERCH,,60897.482936,9,23,201025248304wd,,0,05/04/2021
2010,24,3,5,1673420100406004,5,2,04,wd,8835020101,205,0.15,1,1,201025248304wd,167342010040625789,WHITE PERCH,,60897.482936,8,20,201025248304wd,,0,05/04/2021
2010,24,3,5,1673420100406004,5,2,04,wd,8835020101,231,0.25,1,1,201025248304wd,167342010040625789,WHITE PERCH,,60897.482936,9,23,201025248304wd,,0,05/04/2021
2010,24,3,5,1673420100406004,5,2,04,wd,8835020101,233,0.25,1,1,201025248304wd,167342010040625789,WHITE PERCH,,60897.482936,9,23,201025248304wd,,0,05/04/2021
2010,24,3,5,1673420100406004,5,2,04,wd,8835020101,199,0.15,1,1,201025248304wd,167342010040625789,WHITE PERCH,,60897.482936,7,19,201025248304wd,,0,05/04/2021
2010,24,3,5,1673420100406004,5,2,04,wd,8777020105,685,1.65,0,0,201025248304wd,167342010040625789,CHANNEL CATFISH,,17911.024393,26,68,201025248304wd,,0,05/04/2021
2010,24,3,5,1673420100406005,5,2,04,wd,,,,0,0,201025248304wd,167342010040625789,,,17911.024393,,,201025248304wd,,0,05/04/2021
2010,24,3,5,1673420100410001,5,2,04,we,8777020105,485,1.85,0,0,201025248304we,16734201004101568,CHANNEL CATFISH,,15001.056017,19,48,201025248304we,,0,05/04/2021
2010,24,3,5,1673420100410002,5,2,04,we,,,,0,0,201025248304we,16734201004101568,,,15387.204578,,,201025248304we,,0,05/04/2021
2010,24,3,5,1673420100411002,5,2,04,we,,,,0,0,201025248304we,167342010041125789,,,20635.438851,,,201025248304we,,0,05/04/2021
2010,24,3,5,1673420100411003,5,2,04,we,,,,0,0,201025248304we,16734201004112555,,,62999.747957,,,201025248304we,,0,05/04/2021
2010,24,3,5,1673420100422001,5,2,04,wd,,,,0,0,201025248304wd,167342010042215128,,,42523.218185,,,201025248304wd,,0,05/04/2021
2010,24,3,5,1673420100422002,5,2,04,wd,,,,0,0,201025248304wd,167342010042215128,,,42523.218185,,,201025248304wd,,0,05/04/2021
2010,24,3,5,1673420100422003,5,2,04,wd,,,,0,0,201025248304wd,167342010042215128,,,41456.079614,,,201025248304wd,,0,05/04/2021
2010,24,3,5,1684920100410002,5,2,04,we,,,,0,0,201025248304we,168492010041047906,,,10142.800937,,,201025248304we,,0,05/04/2021
2010,24,4,2,1141320100321002,5,2,03,we,8839010101,373,1.0775024389,0,1,201025248403we,114132010032147853,TAUTOG,,1.128543744,14,37,201025248403we,,0,05/04/2021
2010,24,4,2,1141320100325002,5,2,03,wd,8839010101,394,1.25,0,0,201025248403wd,114132010032547853,TAUTOG,,2.5139976402,15,39,201025248403wd,,0,05/04/2021
2010,24,4,2,1141320100325003,5,2,03,wd,8839010101,396,1.2,0,0,201025248403wd,114132010032547853,TAUTOG,,2.5139976402,15,39,201025248403wd,,0,05/04/2021
2010,24,4,2,1141320100325003,5,2,03,wd,8839010101,447,1.802075966,0,1,201025248403wd,114132010032547853,TAUTOG,,2.5139976402,17,44,201025248403wd,,0,05/04/2021
2010,24,4,2,1141320100325003,5,2,03,wd,8839010101,418,1.4,0,0,201025248403wd,114132010032547853,TAUTOG,,2.5139976402,16,41,201025248403wd,,0,05/04/2021
2010,24,4,2,1141320100325003,5,2,03,wd,8839010101,407,1.15,0,0,201025248403wd,114132010032547853,TAUTOG,,2.5139976402,16,40,201025248403wd,,0,05/04/2021
2010,24,4,2,1141320100325005,5,2,03,wd,,,,0,0,201025248403wd,114132010032547853,,,3.244563264,,,201025248403wd,,0,05/04/2021
2010,24,4,2,1141320100325006,5,2,03,wd,8839010101,419,1.3,0,0,201025248403wd,114132010032547853,TAUTOG,,3.244563264,16,41,201025248403wd,,0,05/04/2021
2010,24,4,2,1141320100325007,5,2,03,wd,,,,0,0,201025248403wd,114132010032547853,,,3.244563264,,,201025248403wd,,0,05/04/2021
2010,24,4,2,1141320100325008,5,2,03,wd,8839010101,428,1.5,0,0,201025248403wd,114132010032547853,TAUTOG,,3.244563264,16,42,201025248403wd,,0,05/04/2021
2010,24,4,2,1141320100328001,5,2,03,we,8839010101,398,1.2956310111,0,1,201025248403we,114132010032847853,TAUTOG,,0.8744339618,15,39,201025248403we,,0,05/04/2021
2010,24,4,2,1141320100328001,5,2,03,we,8839010101,405,1.3614404117,0,1,201025248403we,114132010032847853,TAUTOG,,0.8744339618,15,40,201025248403we,,0,05/04/2021
2010,24,4,2,1141320100328001,5,2,03,we,8839010101,450,1.836657772,0,1,201025248403we,114132010032847853,TAUTOG,,0.8744339618,17,45,201025248403we,,0,05/04/2021
2010,24,4,2,1141320100328001,5,2,03,we,8839010101,419,1.3,1,1,201025248403we,114132010032847853,TAUTOG,,0.8744339618,16,41,201025248403we,,0,05/04/2021
2010,24,4,2,1141320100328003,5,2,03,we,8839010101,496,2.4218376228,0,1,201025248403we,114132010032847853,TAUTOG,,0.8744339618,19,49,201025248403we,,0,05/04/2021
2010,24,4,2,1141320100328003,5,2,03,we,8839010101,556,3.3502280045,1,1,201025248403we,114132010032847853,TAUTOG,,0.8744339618,21,55,201025248403we,,0,05/04/2021
2010,24,4,2,1141320100328004,5,2,03,we,8839010101,512,2.65049722,0,1,201025248403we,114132010032847853,TAUTOG,,0.8744339618,20,51,201025248403we,,0,05/04/2021
2010,24,4,2,1141320100328004,5,2,03,we,8839010101,464,2.003726969,0,1,201025248403we,114132010032847853,TAUTOG,,0.8744339618,18,46,201025248403we,,0,05/04/2021
2010,24,4,2,1141320100328004,5,2,03,we,8839010101,490,2.3395098578,0,1,201025248403we,114132010032847853,TAUTOG,,0.8744339618,19,49,201025248403we,,0,05/04/2021
2010,24,4,2,1141320100328004,5,2,03,we,8839010101,450,1.836657772,0,1,201025248403we,114132010032847853,TAUTOG,,0.8744339618,17,45,201025248403we,,0,05/04/2021
2010,24,4,2,1141320100328004,5,2,03,we,8839010101,556,3.3502280045,0,1,201025248403we,114132010032847853,TAUTOG,,0.8744339618,21,55,201025248403we,,0,05/04/2021
2010,24,4,2,1141320100328004,5,2,03,we,8839010101,471,2.0908264577,0,1,201025248403we,114132010032847853,TAUTOG,,0.8744339618,18,47,201025248403we,,0,05/04/2021
2010,24,4,2,1141320100328004,5,2,03,we,8839010101,548,3.2150517498,0,1,201025248403we,114132010032847853,TAUTOG,,0.8744339618,21,54,201025248403we,,0,05/04/2021
2010,24,4,2,1141320100328004,5,2,03,we,8839010101,380,1.1359636035,0,1,201025248403we,114132010032847853,TAUTOG,,0.8744339618,14,38,201025248403we,,0,05/04/2021
2010,24,4,2,1141320100328004,5,2,03,we,8839010101,439,1.7119281777,0,1,201025248403we,114132010032847853,TAUTOG,,0.8744339618,17,43,201025248403we,,0,05/04/2021
2010,24,4,2,1141320100328004,5,2,03,we,8839010101,472,2.103465841,0,1,201025248403we,114132010032847853,TAUTOG,,0.8744339618,18,47,201025248403we,,0,05/04/2021
2010,24,4,2,1141320100328004,5,2,03,we,8839010101,497,2.4357387299,0,1,201025248403we,114132010032847853,TAUTOG,,0.8744339618,19,49,201025248403we,,0,05/04/2021
2010,24,4,2,1141320100328004,5,2,03,we,8839010101,437,1.6898579105,0,1,201025248403we,114132010032847853,TAUTOG,,0.8744339618,17,43,201025248403we,,0,05/04/2021
2010,24,4,2,1141320100328005,5,2,03,we,,,,0,0,201025248403we,114132010032847853,,,0.8744339618,,,201025248403we,,0,05/04/2021
2010,24,4,2,1141320100328006,5,2,03,we,,,,0,0,201025248403we,114132010032847853,,,0.8744339618,,,201025248403we,,0,05/04/2021
2010,24,4,2,1141320100328007,5,2,03,we,8839010101,561,3.4365537285,0,1,201025248403we,114132010032847853,TAUTOG,,0.8744339618,22,56,201025248403we,,0,05/04/2021
2010,24,4,2,1141320100328007,5,2,03,we,8839010101,490,2.3395098578,0,1,201025248403we,114132010032847853,TAUTOG,,0.8744339618,19,49,201025248403we,,0,05/04/2021
2010,24,4,2,1141320100328007,5,2,03,we,8839010101,502,2.506020137,0,1,201025248403we,114132010032847853,TAUTOG,,0.8744339618,19,50,201025248403we,,0,05/04/2021
2010,24,4,2,1141320100328007,5,2,03,we,8839010101,459,1.9429760662,0,1,201025248403we,114132010032847853,TAUTOG,,0.8744339618,18,45,201025248403we,,0,05/04/2021
2010,24,4,2,1141320100328009,5,2,03,we,,,,0,0,201025248403we,114132010032847853,,,1.128543744,,,201025248403we,,0,05/04/2021
2010,24,4,2,1141320100328010,5,2,03,we,,,,0,0,201025248403we,114132010032847853,,,0.8744339618,,,201025248403we,,0,05/04/2021
2010,24,4,2,1141320100328012,5,2,03,we,8839010101,466,2.0283676704,0,1,201025248403we,114132010032847853,TAUTOG,,0.8744339618,18,46,201025248403we,,0,05/04/2021
2010,24,4,2,1141320100328012,5,2,03,we,8839010101,455,1.8952446671,0,1,201025248403we,114132010032847853,TAUTOG,,0.8744339618,17,45,201025248403we,,0,05/04/2021
2010,24,4,2,1141320100406001,5,2,04,wd,8839010101,406.1916662,1.35,1,0,201025248404wd,114132010040647853,TAUTOG,,31.261014135,15,40,201025248404wd,,0,05/04/2021
2010,24,4,2,1141320100406001,5,2,04,wd,8839010101,428.94967679,1.6,1,0,201025248404wd,114132010040647853,TAUTOG,,31.261014135,16,42,201025248404wd,,0,05/04/2021
2010,24,4,2,1141320100406001,5,2,04,wd,8839010101,438,1.7008698437,0,1,201025248404wd,114132010040647853,TAUTOG,,31.261014135,17,43,201025248404wd,,0,05/04/2021
2010,24,4,2,1141320100406001,5,2,04,wd,8839010101,394,1.2589693871,0,1,201025248404wd,114132010040647853,TAUTOG,,31.261014135,15,39,201025248404wd,,0,05/04/2021
2010,24,4,2,1141320100406001,5,2,04,wd,8839010101,508,2.5920762675,0,1,201025248404wd,114132010040647853,TAUTOG,,31.261014135,19,50,201025248404wd,,0,05/04/2021
2010,24,4,2,1141320100406002,5,2,04,wd,,,,0,0,201025248404wd,114132010040647853,,,31.261014135,,,201025248404wd,,0,05/04/2021
2010,24,4,2,1141320100406004,5,2,04,wd,8839010101,356.63968848,0.9,1,0,201025248404wd,114132010040647853,TAUTOG,,31.261014135,14,35,201025248404wd,,0,05/04/2021
2010,24,4,2,1141320100406004,5,2,04,wd,8839010101,396.2839932,1.25,1,0,201025248404wd,114132010040647853,TAUTOG,,31.261014135,15,39,201025248404wd,,0,05/04/2021
2010,24,4,2,1141320100406005,5,2,04,wd,,,,0,0,201025248404wd,114132010040647853,,,40.345438848,,,201025248404wd,,0,05/04/2021
2010,24,4,2,1141320100406006,5,2,04,wd,8839010101,433,1.6462724005,0,1,201025248404wd,114132010040647853,TAUTOG,,40.345438848,17,43,201025248404wd,,0,05/04/2021
2010,24,4,2,1141320100406007,5,2,04,wd,,,,0,0,201025248404wd,114132010040647853,,,31.261014135,,,201025248404wd,,0,05/04/2021
2010,24,4,2,1141320100406008,5,2,04,wd,8839010101,508,2.5920762675,0,1,201025248404wd,114132010040647853,TAUTOG,,31.261014135,19,50,201025248404wd,,0,05/04/2021
2010,24,4,2,1141320100406008,5,2,04,wd,8839010101,483,2.5,0,0,201025248404wd,114132010040647853,TAUTOG,,31.261014135,19,48,201025248404wd,,0,05/04/2021
2010,24,4,2,1141320100406008,5,2,04,wd,8839010101,432,1.6354911324,0,1,201025248404wd,114132010040647853,TAUTOG,,31.261014135,17,43,201025248404wd,,0,05/04/2021
2010,24,4,2,1141320100406008,5,2,04,wd,8839010101,424.60214275,1.55,1,0,201025248404wd,114132010040647853,TAUTOG,,31.261014135,16,42,201025248404wd,,0,05/04/2021
2010,24,4,2,1141320100406008,5,2,04,wd,8839010101,472,2.103465841,0,1,201025248404wd,114132010040647853,TAUTOG,,31.261014135,18,47,201025248404wd,,0,05/04/2021
2010,24,4,2,1141320100406008,5,2,04,wd,8839010101,584.64175626,4.2,1,0,201025248404wd,114132010040647853,TAUTOG,,31.261014135,23,58,201025248404wd,,0,05/04/2021
2010,24,4,2,1141320100406008,5,2,04,wd,8839010101,391.12719044,1.2,1,0,201025248404wd,114132010040647853,TAUTOG,,31.261014135,15,39,201025248404wd,,0,05/04/2021
2010,24,4,2,1141320100406008,5,2,04,wd,8839010101,513.3203637,2.8,1,0,201025248404wd,114132010040647853,TAUTOG,,31.261014135,20,51,201025248404wd,,0,05/04/2021
2010,24,4,2,1141320100406008,5,2,04,wd,8839010101,393,1.2499103197,0,1,201025248404wd,114132010040647853,TAUTOG,,31.261014135,15,39,201025248404wd,,0,05/04/2021
2010,24,4,2,1141320100406008,5,2,04,wd,8839010101,587,4.5,0,0,201025248404wd,114132010040647853,TAUTOG,,31.261014135,23,58,201025248404wd,,0,05/04/2021
2010,24,4,2,1141320100406008,5,2,04,wd,8839010101,424.60214275,1.55,1,0,201025248404wd,114132010040647853,TAUTOG,,31.261014135,16,42,201025248404wd,,0,05/04/2021
2010,24,4,2,1141320100406008,5,2,04,wd,8839010101,490,2.3395098578,1,1,201025248404wd,114132010040647853,TAUTOG,,31.261014135,19,49,201025248404wd,,0,05/04/2021
2010,24,4,2,1141320100406008,5,2,04,wd,8839010101,457.06003872,1.95,1,0,201025248404wd,114132010040647853,TAUTOG,,31.261014135,17,45,201025248404wd,,0,05/04/2021
2010,24,4,2,1141320100406009,5,2,04,wd,8839010101,481.92230052,2.3,1,0,201025248404wd,114132010040647853,TAUTOG,,31.261014135,18,48,201025248404wd,,0,05/04/2021
2010,24,4,2,1141320100406011,5,2,04,wd,8839010101,406.1916662,1.35,1,0,201025248404wd,114132010040647853,TAUTOG,,31.261014135,15,40,201025248404wd,,0,05/04/2021
2010,24,4,2,1141320100406011,5,2,04,wd,8839010101,444,1.767918977,0,1,201025248404wd,114132010040647853,TAUTOG,,31.261014135,17,44,201025248404wd,,0,05/04/2021
2010,24,4,2,1141320100406011,5,2,04,wd,8839010101,362.88073202,0.95,1,0,201025248404wd,114132010040647853,TAUTOG,,31.261014135,14,36,201025248404wd,,0,05/04/2021
2010,24,4,2,1141320100406011,5,2,04,wd,8839010101,391.12719044,1.2,1,1,201025248404wd,114132010040647853,TAUTOG,,31.261014135,15,39,201025248404wd,,0,05/04/2021
2010,24,4,2,1141320100406011,5,2,04,wd,8839010101,452,1.8599495035,0,1,201025248404wd,114132010040647853,TAUTOG,,31.261014135,17,45,201025248404wd,,0,05/04/2021
2010,24,4,2,1141320100406011,5,2,04,wd,8839010101,391.12719044,1.2,1,0,201025248404wd,114132010040647853,TAUTOG,,31.261014135,15,39,201025248404wd,,0,05/04/2021
2010,24,4,2,1141320100406012,5,2,04,wd,8839010101,363,0.9974239471,0,1,201025248404wd,114132010040647853,TAUTOG,,31.261014135,14,36,201025248404wd,,0,05/04/2021
2010,24,4,2,1141320100415001,5,2,04,wd,8839010101,379,1.05,0,0,201025248404wd,114132010041547853,TAUTOG,,40.345438848,14,37,201025248404wd,,0,05/04/2021
2010,24,4,2,1141320100415003,5,2,04,wd,8839010101,450,2,0,0,201025248404wd,114132010041547853,TAUTOG,,40.345438848,17,45,201025248404wd,,0,05/04/2021
2010,24,4,2,1141320100415003,5,2,04,wd,8839010101,410,1.35,0,0,201025248404wd,114132010041547853,TAUTOG,,40.345438848,16,41,201025248404wd,,0,05/04/2021
2010,24,4,2,1141320100415003,5,2,04,wd,8839010101,530,2.8,0,0,201025248404wd,114132010041547853,TAUTOG,,40.345438848,20,53,201025248404wd,,0,05/04/2021
2010,24,4,2,1141320100415004,5,2,04,wd,8839010101,513.3203637,2.8,1,1,201025248404wd,114132010041547853,TAUTOG,,31.261014135,20,51,201025248404wd,,0,05/04/2021
2010,24,4,2,1141320100415005,5,2,04,wd,8839010101,377,1.05,0,0,201025248404wd,114132010041547853,TAUTOG,,31.261014135,14,37,201025248404wd,,0,05/04/2021
2010,24,4,2,1141320100415006,5,2,04,wd,8839010101,588,4.3,0,0,201025248404wd,114132010041547853,TAUTOG,,40.345438848,23,58,201025248404wd,,0,05/04/2021
2010,24,4,2,1141320100415006,5,2,04,wd,8839010101,507,2.9,0,0,201025248404wd,114132010041547853,TAUTOG,,40.345438848,19,50,201025248404wd,,0,05/04/2021
2010,24,4,2,1141320100415007,5,2,04,wd,8839010101,488,2.2,0,0,201025248404wd,114132010041547853,TAUTOG,,40.345438848,19,48,201025248404wd,,0,05/04/2021
2010,24,4,2,1141320100415008,5,2,04,wd,8839010101,476,2.2,1,1,201025248404wd,114132010041547853,TAUTOG,,31.261014135,18,47,201025248404wd,,0,05/04/2021
2010,24,4,2,1141320100415008,5,2,04,wd,8839010101,393,1.2499103197,0,1,201025248404wd,114132010041547853,TAUTOG,,31.261014135,15,39,201025248404wd,,0,05/04/2021
2010,24,4,2,1141320100415008,5,2,04,wd,8839010101,406.1916662,1.35,1,1,201025248404wd,114132010041547853,TAUTOG,,31.261014135,15,40,201025248404wd,,0,05/04/2021
2010,24,4,2,1141320100415008,5,2,04,wd,8839010101,572,3.6315143982,0,1,201025248404wd,114132010041547853,TAUTOG,,31.261014135,22,57,201025248404wd,,0,05/04/2021
2010,24,4,2,1141320100415008,5,2,04,wd,8741120101,907.08591698,2.2,1,0,201025248404wd,114132010041547853,CONGER EEL,,31.261014135,35,90,201025248404wd,,0,05/04/2021
2010,24,4,2,1141320100415009,5,2,04,wd,8839010101,408,1.25,0,0,201025248404wd,114132010041547853,TAUTOG,,31.261014135,16,40,201025248404wd,,0,05/04/2021
2010,24,4,2,1141320100415009,5,2,04,wd,8839010101,476,2.2,0,0,201025248404wd,114132010041547853,TAUTOG,,31.261014135,18,47,201025248404wd,,0,05/04/2021
2010,24,4,2,1141320100415009,5,2,04,wd,8839010101,379,1.05,0,0,201025248404wd,114132010041547853,TAUTOG,,31.261014135,14,37,201025248404wd,,0,05/04/2021
2010,24,4,2,1141320100415009,5,2,04,wd,8839010101,432,1.6,0,0,201025248404wd,114132010041547853,TAUTOG,,31.261014135,17,43,201025248404wd,,0,05/04/2021
2010,24,4,2,1141320100415009,5,2,04,wd,8839010101,372,0.95,0,0,201025248404wd,114132010041547853,TAUTOG,,31.261014135,14,37,201025248404wd,,0,05/04/2021
2010,24,4,2,1141320100415009,5,2,04,wd,8839010101,593,4.1,0,0,201025248404wd,114132010041547853,TAUTOG,,31.261014135,23,59,201025248404wd,,0,05/04/2021
2010,24,4,2,1141320100415009,5,2,04,wd,8839010101,528,3,0,0,201025248404wd,114132010041547853,TAUTOG,,31.261014135,20,52,201025248404wd,,0,05/04/2021
2010,24,4,5,1306420100424002,5,2,04,we,8835020102,821,6.5,0,0,201025248404we,130642010042437763,STRIPED BASS,,0.2304763201,32,82,201025248404we,,0,05/04/2021
2010,24,4,5,1306420100424002,5,2,04,we,8835020102,714,4.4,0,0,201025248404we,130642010042437763,STRIPED BASS,,0.2304763201,28,71,201025248404we,,0,05/04/2021
2010,24,4,5,1306420100424002,5,2,04,we,8835020102,702,4.3,0,0,201025248404we,130642010042437763,STRIPED BASS,,0.2304763201,27,70,201025248404we,,0,05/04/2021
2010,24,4,5,1306420100424002,5,2,04,we,8835020102,913,9.3,0,0,201025248404we,130642010042437763,STRIPED BASS,,0.2304763201,35,91,201025248404we,,0,05/04/2021
2010,24,5,5,1141320100423001,5,2,04,wd,8835020102,703.09377486,4.1,1,1,201025248504wd,114132010042335851,STRIPED BASS,,184.94702566,27,70,201025248504wd,,0,05/04/2021
2010,24,5,5,1141320100423002,5,2,04,wd,8835020102,889,7.9,1,1,201025248504wd,114132010042335851,STRIPED BASS,,242.82536562,34,88,201025248504wd,,0,05/04/2021
2010,24,5,5,1141320100423003,5,2,04,wd,8835020102,829,6.9,1,1,201025248504wd,114132010042335851,STRIPED BASS,,242.82536562,32,82,201025248504wd,,0,05/04/2021
2010,24,5,5,1141320100423004,5,2,04,wd,8835020102,806,6.8,1,1,201025248504wd,11413201004233541,STRIPED BASS,,128.86225898,31,80,201025248504wd,,0,05/04/2021
2010,24,5,5,1141320100423005,5,2,04,wd,8835020102,878,8.3,1,1,201025248504wd,11413201004233541,STRIPED BASS,,128.86225898,34,87,201025248504wd,,0,05/04/2021
2010,24,5,5,1141320100423006,5,2,04,wd,8835020102,703.09377486,4.1,1,0,201025248504wd,11413201004233541,STRIPED BASS,,344.83949826,27,70,201025248504wd,,0,05/04/2021
2010,24,5,5,1141320100423006,5,2,04,wd,8835020102,983.00464594,11.3,1,0,201025248504wd,11413201004233541,STRIPED BASS,,344.83949826,38,98,201025248504wd,,0,05/04/2021
2010,24,5,5,1141320100423006,5,2,04,wd,8835020102,918.41709867,9.2,1,0,201025248504wd,11413201004233541,STRIPED BASS,,344.83949826,36,91,201025248504wd,,0,05/04/2021
2010,24,5,5,1609520100420001,5,2,04,wd,8835020102,859,7.5,0,0,201025248504wd,160952010042091253,STRIPED BASS,,24.568764617,33,85,201025248504wd,,0,05/04/2021
2010,24,5,5,1609520100420001,5,2,04,wd,8835020102,816,7.8,0,0,201025248504wd,160952010042091253,STRIPED BASS,,24.568764617,32,81,201025248504wd,,0,05/04/2021
2010,24,5,5,1609520100420001,5,2,04,wd,8835020102,793,5.7,0,0,201025248504wd,160952010042091253,STRIPED BASS,,24.568764617,31,79,201025248504wd,,0,05/04/2021
2010,24,5,5,1609520100420001,5,2,04,wd,8835020102,898,7.9,0,0,201025248504wd,160952010042091253,STRIPED BASS,,24.568764617,35,89,201025248504wd,,0,05/04/2021
2010,24,5,5,1609520100420001,5,2,04,wd,8835020102,841,7.1,0,0,201025248504wd,160952010042091253,STRIPED BASS,,24.568764617,33,84,201025248504wd,,0,05/04/2021
2010,24,5,5,1609520100420001,5,2,04,wd,8835020102,779,5.5,1,1,201025248504wd,160952010042091253,STRIPED BASS,,24.568764617,30,77,201025248504wd,,0,05/04/2021
2010,24,5,5,1609520100420007,5,2,04,wd,8835020102,698,4,0,0,201025248504wd,160952010042091253,STRIPED BASS,,24.568764617,27,69,201025248504wd,,0,05/04/2021
2010,24,5,5,1609520100420007,5,2,04,wd,8835020102,889,7.9,0,0,201025248504wd,160952010042091253,STRIPED BASS,,24.568764617,34,88,201025248504wd,,0,05/04/2021
2010,24,5,5,1609520100420007,5,2,04,wd,8835020102,806,6.8,0,0,201025248504wd,160952010042091253,STRIPED BASS,,24.568764617,31,80,201025248504wd,,0,05/04/2021
2010,24,5,5,1609520100420007,5,2,04,wd,8835020102,829,6.9,0,0,201025248504wd,160952010042091253,STRIPED BASS,,24.568764617,32,82,201025248504wd,,0,05/04/2021
2010,24,5,5,1609520100420007,5,2,04,wd,8835020102,907,9.1,0,0,201025248504wd,160952010042091253,STRIPED BASS,,24.568764617,35,90,201025248504wd,,0,05/04/2021
2010,24,5,5,1609520100420007,5,2,04,wd,8835020102,784,5.5,0,0,201025248504wd,160952010042091253,STRIPED BASS,,24.568764617,30,78,201025248504wd,,0,05/04/2021
2010,24,5,5,1609520100420007,5,2,04,wd,8835020102,788,5.9,0,0,201025248504wd,160952010042091253,STRIPED BASS,,24.568764617,31,78,201025248504wd,,0,05/04/2021
2010,24,5,5,1609520100420007,5,2,04,wd,8835020102,997,12.7,0,0,201025248504wd,160952010042091253,STRIPED BASS,,24.568764617,39,99,201025248504wd,,0,05/04/2021
2010,24,5,5,1609520100420007,5,2,04,wd,8835020102,789,6.2,0,0,201025248504wd,160952010042091253,STRIPED BASS,,24.568764617,31,78,201025248504wd,,0,05/04/2021
2010,24,5,5,1609520100420007,5,2,04,wd,8835020102,940,7.8,0,0,201025248504wd,160952010042091253,STRIPED BASS,,24.568764617,37,94,201025248504wd,,0,05/04/2021
2010,24,5,5,1609520100420013,5,2,04,wd,8835020102,732,4.9,1,1,201025248504wd,160952010042091253,STRIPED BASS,,40.947941028,28,73,201025248504wd,,0,05/04/2021
2010,24,5,5,1609520100420013,5,2,04,wd,8835020102,903,8.6,1,1,201025248504wd,160952010042091253,STRIPED BASS,,40.947941028,35,90,201025248504wd,,0,05/04/2021
2010,24,5,5,1609520100420013,5,2,04,wd,8835020102,724,4.4,0,0,201025248504wd,160952010042091253,STRIPED BASS,,40.947941028,28,72,201025248504wd,,0,05/04/2021
2010,24,5,5,1609520100420013,5,2,04,wd,8835020102,956,12.1,1,1,201025248504wd,160952010042091253,STRIPED BASS,,40.947941028,37,95,201025248504wd,,0,05/04/2021
2010,24,5,5,1609520100420013,5,2,04,wd,8835020102,734,4.3,1,1,201025248504wd,160952010042091253,STRIPED BASS,,40.947941028,28,73,201025248504wd,,0,05/04/2021
2010,24,5,5,1609520100420013,5,2,04,wd,8835020102,792,6.6,0,0,201025248504wd,160952010042091253,STRIPED BASS,,40.947941028,31,79,201025248504wd,,0,05/04/2021
2010,24,5,5,1609520100420016,5,2,04,wd,8835020102,878,8.3,0,0,201025248504wd,160952010042091253,STRIPED BASS,,23.689178187,34,87,201025248504wd,,0,05/04/2021
2010,24,5,5,1609520100420016,5,2,04,wd,8835020102,809,6.5,0,0,201025248504wd,160952010042091253,STRIPED BASS,,23.689178187,31,80,201025248504wd,,0,05/04/2021
2010,24,5,5,1609520100420016,5,2,04,wd,8835020102,841,7.5,0,0,201025248504wd,160952010042091253,STRIPED BASS,,23.689178187,33,84,201025248504wd,,0,05/04/2021
2010,24,5,5,1609520100420016,5,2,04,wd,8835020102,844,8.9,0,0,201025248504wd,160952010042091253,STRIPED BASS,,23.689178187,33,84,201025248504wd,,0,05/04/2021
2010,24,5,5,1609520100420016,5,2,04,wd,8835020102,867,7.8,0,0,201025248504wd,160952010042091253,STRIPED BASS,,23.689178187,34,86,201025248504wd,,0,05/04/2021
2010,24,5,5,1609520100420016,5,2,04,wd,8835020102,779,5.5,0,0,201025248504wd,160952010042091253,STRIPED BASS,,23.689178187,30,77,201025248504wd,,0,05/04/2021
2010,24,5,5,1609520100422001,5,2,04,wd,8835020102,974,9.3,0,0,201025248504wd,16095201004229144,STRIPED BASS,,43.584910529,38,97,201025248504wd,,0,05/04/2021
2010,24,5,5,1609520100422001,5,2,04,wd,8835020102,956,12.1,0,0,201025248504wd,16095201004229144,STRIPED BASS,,43.584910529,37,95,201025248504wd,,0,05/04/2021
2010,24,5,5,1609520100422001,5,2,04,wd,8835020102,903,9.1,0,0,201025248504wd,16095201004229144,STRIPED BASS,,43.584910529,35,90,201025248504wd,,0,05/04/2021
2010,24,5,5,1609520100422001,5,2,04,wd,8835020102,892,7.7,0,0,201025248504wd,16095201004229144,STRIPED BASS,,43.584910529,35,89,201025248504wd,,0,05/04/2021
2010,24,5,5,1609520100422001,5,2,04,wd,8835020102,888,7.9,0,0,201025248504wd,16095201004229144,STRIPED BASS,,43.584910529,34,88,201025248504wd,,0,05/04/2021
2010,24,5,5,1609520100422001,5,2,04,wd,8835020102,837,6.9,1,1,201025248504wd,16095201004229144,STRIPED BASS,,43.584910529,32,83,201025248504wd,,0,05/04/2021
2010,24,5,5,1609520100422003,5,2,04,wd,8835020102,799,6,0,0,201025248504wd,16095201004229144,STRIPED BASS,,47.635035344,31,79,201025248504wd,,0,05/04/2021
2010,24,5,5,1609520100422003,5,2,04,wd,8835020102,861,7.9,0,0,201025248504wd,16095201004229144,STRIPED BASS,,47.635035344,33,86,201025248504wd,,0,05/04/2021
2010,24,5,5,1609520100422003,5,2,04,wd,8835020102,704,6.3,0,0,201025248504wd,16095201004229144,STRIPED BASS,,47.635035344,27,70,201025248504wd,,0,05/04/2021
2010,24,5,5,1609520100422003,5,2,04,wd,8835020102,903,8.6,0,0,201025248504wd,16095201004229144,STRIPED BASS,,47.635035344,35,90,201025248504wd,,0,05/04/2021
2010,24,5,5,1609520100422003,5,2,04,wd,8835020102,805,6.3,0,0,201025248504wd,16095201004229144,STRIPED BASS,,47.635035344,31,80,201025248504wd,,0,05/04/2021
2010,24,5,5,1609520100422003,5,2,04,wd,8835020102,882,6,0,0,201025248504wd,16095201004229144,STRIPED BASS,,47.635035344,34,88,201025248504wd,,0,05/04/2021
2010,24,5,5,1609520100422007,5,2,04,wd,8835020102,1003,12.2,0,0,201025248504wd,16095201004229144,STRIPED BASS,,30.835165518,39,100,201025248504wd,,0,05/04/2021
2010,24,5,5,1609520100422007,5,2,04,wd,8835020102,844,7,1,1,201025248504wd,16095201004229144,STRIPED BASS,,30.835165518,33,84,201025248504wd,,0,05/04/2021
2010,24,5,5,1609520100422007,5,2,04,wd,8835020102,956,10.4,0,0,201025248504wd,16095201004229144,STRIPED BASS,,30.835165518,37,95,201025248504wd,,0,05/04/2021
2010,24,5,5,1609520100422007,5,2,04,wd,8835020102,779,5.6,0,0,201025248504wd,16095201004229144,STRIPED BASS,,30.835165518,30,77,201025248504wd,,0,05/04/2021
2010,24,5,5,1609520100422007,5,2,04,wd,8835020102,928,8.8,0,0,201025248504wd,16095201004229144,STRIPED BASS,,30.835165518,36,92,201025248504wd,,0,05/04/2021
2010,24,5,5,1609520100422007,5,2,04,wd,8835020102,734,4.3,0,0,201025248504wd,16095201004229144,STRIPED BASS,,30.835165518,28,73,201025248504wd,,0,05/04/2021
2010,24,5,5,1609520100422011,5,2,04,wd,8835020102,1053,12.858862053,0,1,201025248504wd,16095201004229144,STRIPED BASS,,30.835165518,41,105,201025248504wd,,0,05/04/2021
2010,24,5,5,1609520100422011,5,2,04,wd,8835020102,837,6.9,0,0,201025248504wd,16095201004229144,STRIPED BASS,,30.835165518,32,83,201025248504wd,,0,05/04/2021
2010,24,5,5,1609520100422011,5,2,04,wd,8835020102,964,9.7,0,0,201025248504wd,16095201004229144,STRIPED BASS,,30.835165518,37,96,201025248504wd,,0,05/04/2021
2010,24,5,5,1609520100422011,5,2,04,wd,8835020102,732,4.9,0,0,201025248504wd,16095201004229144,STRIPED BASS,,30.835165518,28,73,201025248504wd,,0,05/04/2021
2010,24,5,5,1609520100422016,5,2,04,wd,8835020102,963,9.9,1,1,201025248504wd,16095201004229144,STRIPED BASS,,19.245657438,37,96,201025248504wd,,0,05/04/2021
2010,24,5,5,1609520100422016,5,2,04,wd,8835020102,704,4.3,0,0,201025248504wd,16095201004229144,STRIPED BASS,,19.245657438,27,70,201025248504wd,,0,05/04/2021
2010,24,5,5,1609520100422016,5,2,04,wd,8835020102,837,6.6,0,0,201025248504wd,16095201004229144,STRIPED BASS,,19.245657438,32,83,201025248504wd,,0,05/04/2021
2010,24,5,5,1609520100422016,5,2,04,wd,8835020102,852,6.7,0,0,201025248504wd,16095201004229144,STRIPED BASS,,19.245657438,33,85,201025248504wd,,0,05/04/2021
2010,24,5,5,1609520100422016,5,2,04,wd,8835020102,903,8.7,0,0,201025248504wd,16095201004229144,STRIPED BASS,,19.245657438,35,90,201025248504wd,,0,05/04/2021
2010,24,5,5,1609520100422016,5,2,04,wd,8835020102,844,7,0,0,201025248504wd,16095201004229144,STRIPED BASS,,19.245657438,33,84,201025248504wd,,0,05/04/2021
2010,24,5,5,1609520100422017,5,2,04,wd,,,,0,0,201025248504wd,16095201004229144,,,21.008546587,,,201025248504wd,,0,05/04/2021
2010,24,5,5,1609520100423001,5,2,04,wd,8835020102,865,8.3,0,0,201025248504wd,1609520100423385,STRIPED BASS,,42.119292527,34,86,201025248504wd,,0,05/04/2021
2010,24,5,5,1609520100423001,5,2,04,wd,8835020102,857,8.1,0,0,201025248504wd,1609520100423385,STRIPED BASS,,42.119292527,33,85,201025248504wd,,0,05/04/2021
2010,24,5,5,1609520100423001,5,2,04,wd,8835020102,894,8.2,0,0,201025248504wd,1609520100423385,STRIPED BASS,,42.119292527,35,89,201025248504wd,,0,05/04/2021
2010,24,5,5,1609520100423001,5,2,04,wd,8835020102,963,9.9,0,0,201025248504wd,1609520100423385,STRIPED BASS,,42.119292527,37,96,201025248504wd,,0,05/04/2021
2010,24,5,5,1609520100423001,5,2,04,wd,8835020102,848,8,0,0,201025248504wd,1609520100423385,STRIPED BASS,,42.119292527,33,84,201025248504wd,,0,05/04/2021
2010,24,5,5,1609520100423001,5,2,04,wd,8835020102,906,9.8,0,0,201025248504wd,1609520100423385,STRIPED BASS,,42.119292527,35,90,201025248504wd,,0,05/04/2021
2010,24,5,5,1609520100423001,5,2,04,wd,8835020102,827,6.9,0,0,201025248504wd,1609520100423385,STRIPED BASS,,42.119292527,32,82,201025248504wd,,0,05/04/2021
2010,24,5,5,1609520100423008,5,2,04,wd,8835020102,803,6.2,0,0,201025248504wd,1609520100423385,STRIPED BASS,,88.601546106,31,80,201025248504wd,,0,05/04/2021
2010,24,5,5,1609520100423008,5,2,04,wd,8835020102,892,8.2,0,0,201025248504wd,1609520100423385,STRIPED BASS,,88.601546106,35,89,201025248504wd,,0,05/04/2021
2010,24,5,5,1609520100423008,5,2,04,wd,8835020102,839,7.3,0,0,201025248504wd,1609520100423385,STRIPED BASS,,88.601546106,33,83,201025248504wd,,0,05/04/2021
2010,24,5,5,1609520100423008,5,2,04,wd,8835020102,826,7.5,0,0,201025248504wd,1609520100423385,STRIPED BASS,,88.601546106,32,82,201025248504wd,,0,05/04/2021
2010,24,5,5,1609520100423008,5,2,04,wd,8835020102,757,5.2,0,0,201025248504wd,1609520100423385,STRIPED BASS,,88.601546106,29,75,201025248504wd,,0,05/04/2021
2010,24,5,5,1609520100423008,5,2,04,wd,8835020102,884,7.9,0,0,201025248504wd,1609520100423385,STRIPED BASS,,88.601546106,34,88,201025248504wd,,0,05/04/2021
2010,24,5,5,1609520100423009,5,2,04,wd,,,,0,0,201025248504wd,1609520100423385,,,120.38363915,,,201025248504wd,,0,05/04/2021
2010,24,5,5,1609520100423010,5,2,04,wd,,,,0,0,201025248504wd,1609520100423385,,,120.38363915,,,201025248504wd,,0,05/04/2021
2010,24,5,5,1609520100426001,5,2,04,wd,8835020102,878,8.4,0,0,201025248504wd,16095201004269144,STRIPED BASS,,18.05533867,34,87,201025248504wd,,0,05/04/2021
2010,24,5,5,1609520100426001,5,2,04,wd,8835020102,789,6.2,0,0,201025248504wd,16095201004269144,STRIPED BASS,,18.05533867,31,78,201025248504wd,,0,05/04/2021
2010,24,5,5,1609520100426001,5,2,04,wd,8835020102,842,8.6,0,0,201025248504wd,16095201004269144,STRIPED BASS,,18.05533867,33,84,201025248504wd,,0,05/04/2021
2010,24,5,5,1609520100426001,5,2,04,wd,8835020102,913,10.3,0,0,201025248504wd,16095201004269144,STRIPED BASS,,18.05533867,35,91,201025248504wd,,0,05/04/2021
2010,24,5,5,1609520100426002,5,2,04,wd,,,,0,0,201025248504wd,16095201004269144,,,17.430915598,,,201025248504wd,,0,05/04/2021
2010,24,5,5,1609520100426003,5,2,04,wd,,,,0,0,201025248504wd,16095201004269144,,,26.927771155,,,201025248504wd,,0,05/04/2021
2010,24,5,5,1609520100426004,5,2,04,wd,,,,0,0,201025248504wd,16095201004269144,,,26.927771155,,,201025248504wd,,0,05/04/2021
2010,24,5,5,1609520100426005,5,2,04,wd,8835020102,933,9.2,0,0,201025248504wd,16095201004269144,STRIPED BASS,,28.928050817,36,93,201025248504wd,,0,05/04/2021
2010,24,5,5,1609520100426005,5,2,04,wd,8835020102,785,6.1,0,0,201025248504wd,16095201004269144,STRIPED BASS,,28.928050817,30,78,201025248504wd,,0,05/04/2021
2010,24,5,5,1609520100426005,5,2,04,wd,8835020102,906,9.8,1,1,201025248504wd,16095201004269144,STRIPED BASS,,28.928050817,35,90,201025248504wd,,0,05/04/2021
2010,24,5,5,1609520100426005,5,2,04,wd,8835020102,977,10.8,0,0,201025248504wd,16095201004269144,STRIPED BASS,,28.928050817,38,97,201025248504wd,,0,05/04/2021
2010,24,5,5,1609520100426005,5,2,04,wd,8835020102,803,6.2,1,1,201025248504wd,16095201004269144,STRIPED BASS,,28.928050817,31,80,201025248504wd,,0,05/04/2021
2010,24,5,5,1609520100426005,5,2,04,wd,8835020102,858,6.5,0,0,201025248504wd,16095201004269144,STRIPED BASS,,28.928050817,33,85,201025248504wd,,0,05/04/2021
2010,24,5,5,1609520100426005,5,2,04,wd,8835020102,824,6.6,0,0,201025248504wd,16095201004269144,STRIPED BASS,,28.928050817,32,82,201025248504wd,,0,05/04/2021
2010,24,5,5,1609520100426010,5,2,04,wd,8835020102,921,11,0,0,201025248504wd,16095201004269144,STRIPED BASS,,28.928050817,36,92,201025248504wd,,0,05/04/2021
2010,24,5,5,1609520100426010,5,2,04,wd,8835020102,870,7.6,0,0,201025248504wd,16095201004269144,STRIPED BASS,,28.928050817,34,87,201025248504wd,,0,05/04/2021
2010,24,5,5,1609520100426010,5,2,04,wd,8835020102,866,7.3,0,0,201025248504wd,16095201004269144,STRIPED BASS,,28.928050817,34,86,201025248504wd,,0,05/04/2021
2010,24,5,5,1609520100426010,5,2,04,wd,8835020102,858,6.5,1,1,201025248504wd,16095201004269144,STRIPED BASS,,28.928050817,33,85,201025248504wd,,0,05/04/2021
2010,24,5,5,1609520100426010,5,2,04,wd,8835020102,789,6.2,1,1,201025248504wd,16095201004269144,STRIPED BASS,,28.928050817,31,78,201025248504wd,,0,05/04/2021
2010,24,5,5,1609520100426010,5,2,04,wd,8835020102,870,7.6,1,1,201025248504wd,16095201004269144,STRIPED BASS,,28.928050817,34,87,201025248504wd,,0,05/04/2021
2010,24,5,5,1609520100426013,5,2,04,wd,8835020102,846,7.3,0,0,201025248504wd,16095201004269144,STRIPED BASS,,28.928050817,33,84,201025248504wd,,0,05/04/2021
2010,24,5,5,1609520100426013,5,2,04,wd,8835020102,914,9.1,1,1,201025248504wd,16095201004269144,STRIPED BASS,,28.928050817,35,91,201025248504wd,,0,05/04/2021
2010,24,5,5,1609520100426013,5,2,04,wd,8835020102,995,11.04141592,0,1,201025248504wd,16095201004269144,STRIPED BASS,,28.928050817,39,99,201025248504wd,,0,05/04/2021
2010,24,5,5,1609520100426013,5,2,04,wd,8835020102,846,7.3,1,1,201025248504wd,16095201004269144,STRIPED BASS,,28.928050817,33,84,201025248504wd,,0,05/04/2021
2010,24,5,5,1609520100426013,5,2,04,wd,8835020102,803,6.4,0,0,201025248504wd,16095201004269144,STRIPED BASS,,28.928050817,31,80,201025248504wd,,0,05/04/2021
2010,24,5,5,1609520100426016,5,2,04,wd,8835020102,838,7.4,1,1,201025248504wd,16095201004269144,STRIPED BASS,,28.928050817,32,83,201025248504wd,,0,05/04/2021
2010,24,5,5,1609520100426016,5,2,04,wd,8835020102,716,4.5,0,0,201025248504wd,16095201004269144,STRIPED BASS,,28.928050817,28,71,201025248504wd,,0,05/04/2021
2010,24,5,5,1609520100426016,5,2,04,wd,8835020102,862,8.2,0,0,201025248504wd,16095201004269144,STRIPED BASS,,28.928050817,33,86,201025248504wd,,0,05/04/2021
2010,24,5,5,1609520100426016,5,2,04,wd,8835020102,914,9.1,0,0,201025248504wd,16095201004269144,STRIPED BASS,,28.928050817,35,91,201025248504wd,,0,05/04/2021
2010,24,5,5,1609520100426016,5,2,04,wd,8835020102,842,7.6,0,0,201025248504wd,16095201004269144,STRIPED BASS,,28.928050817,33,84,201025248504wd,,0,05/04/2021
2010,24,5,5,1609520100426016,5,2,04,wd,8835020102,911,9,0,0,201025248504wd,16095201004269144,STRIPED BASS,,28.928050817,35,91,201025248504wd,,0,05/04/2021
2010,24,5,5,1609520100426016,5,2,04,wd,8835020102,941,9.6,0,0,201025248504wd,16095201004269144,STRIPED BASS,,28.928050817,37,94,201025248504wd,,0,05/04/2021
2010,24,5,5,1609520100427001,5,2,04,wd,8835020102,882,7.3,0,0,201025248504wd,16095201004279144,STRIPED BASS,,21.546005289,34,88,201025248504wd,,0,05/04/2021
2010,24,5,5,1609520100427001,5,2,04,wd,8835020102,866,7.3,1,1,201025248504wd,16095201004279144,STRIPED BASS,,21.546005289,34,86,201025248504wd,,0,05/04/2021
2010,24,5,5,1609520100427001,5,2,04,wd,8835020102,961,11.4,0,0,201025248504wd,16095201004279144,STRIPED BASS,,21.546005289,37,96,201025248504wd,,0,05/04/2021
2010,24,5,5,1609520100427001,5,2,04,wd,8835020102,904,8.1,0,0,201025248504wd,16095201004279144,STRIPED BASS,,21.546005289,35,90,201025248504wd,,0,05/04/2021
2010,24,5,5,1609520100427001,5,2,04,wd,8835020102,838,7.4,0,0,201025248504wd,16095201004279144,STRIPED BASS,,21.546005289,32,83,201025248504wd,,0,05/04/2021
2010,24,5,5,1609520100427001,5,2,04,wd,8835020102,904,8.6,0,0,201025248504wd,16095201004279144,STRIPED BASS,,21.546005289,35,90,201025248504wd,,0,05/04/2021
2010,24,5,5,1609520100427001,5,2,04,wd,8835020102,961,11.4,1,1,201025248504wd,16095201004279144,STRIPED BASS,,21.546005289,37,96,201025248504wd,,0,05/04/2021
2010,24,5,5,1609520100427001,5,2,04,wd,8835020102,919,8.3,0,0,201025248504wd,16095201004279144,STRIPED BASS,,21.546005289,36,91,201025248504wd,,0,05/04/2021
2010,24,5,5,1609520100427001,5,2,04,wd,8835020102,868,8.2,0,0,201025248504wd,16095201004279144,STRIPED BASS,,21.546005289,34,86,201025248504wd,,0,05/04/2021
2010,24,5,5,1609520100427003,5,2,04,wd,8835020102,851,7.8,0,0,201025248504wd,16095201004279144,STRIPED BASS,,21.546005289,33,85,201025248504wd,,0,05/04/2021
2010,24,5,5,1609520100427003,5,2,04,wd,8835020102,866,7.3,0,0,201025248504wd,16095201004279144,STRIPED BASS,,21.546005289,34,86,201025248504wd,,0,05/04/2021
2010,24,5,5,1609520100427003,5,2,04,wd,8835020102,736,4.7,0,0,201025248504wd,16095201004279144,STRIPED BASS,,21.546005289,28,73,201025248504wd,,0,05/04/2021
2010,24,5,5,1609520100427003,5,2,04,wd,8835020102,974,11.2,0,0,201025248504wd,16095201004279144,STRIPED BASS,,21.546005289,38,97,201025248504wd,,0,05/04/2021
2010,24,5,5,1609520100427003,5,2,04,wd,8835020102,884,9.3,0,0,201025248504wd,16095201004279144,STRIPED BASS,,21.546005289,34,88,201025248504wd,,0,05/04/2021
2010,24,5,5,1609520100427003,5,2,04,wd,8835020102,982,12.3,0,0,201025248504wd,16095201004279144,STRIPED BASS,,21.546005289,38,98,201025248504wd,,0,05/04/2021
2010,24,5,5,1609520100427005,5,2,04,wd,8835020102,787,6.7,0,0,201025248504wd,16095201004279144,STRIPED BASS,,34.520755733,30,78,201025248504wd,,0,05/04/2021
2010,24,5,5,1609520100427005,5,2,04,wd,8835020102,715,5.8,0,0,201025248504wd,16095201004279144,STRIPED BASS,,34.520755733,28,71,201025248504wd,,0,05/04/2021
2010,24,5,5,1609520100427005,5,2,04,wd,8835020102,831,6.5,0,0,201025248504wd,16095201004279144,STRIPED BASS,,34.520755733,32,83,201025248504wd,,0,05/04/2021
2010,24,5,5,1609520100427005,5,2,04,wd,8835020102,868,8.1,0,0,201025248504wd,16095201004279144,STRIPED BASS,,34.520755733,34,86,201025248504wd,,0,05/04/2021
2010,24,5,5,1609520100427005,5,2,04,wd,8835020102,830,7.2,0,0,201025248504wd,16095201004279144,STRIPED BASS,,34.520755733,32,83,201025248504wd,,0,05/04/2021
2010,24,5,5,1609520100427005,5,2,04,wd,8835020102,859,7.8,0,0,201025248504wd,16095201004279144,STRIPED BASS,,34.520755733,33,85,201025248504wd,,0,05/04/2021
2010,24,5,5,1609520100427005,5,2,04,wd,8835020102,904,8,0,0,201025248504wd,16095201004279144,STRIPED BASS,,34.520755733,35,90,201025248504wd,,0,05/04/2021
2010,24,5,5,1609520100427005,5,2,04,wd,8835020102,1002,10.7,0,0,201025248504wd,16095201004279144,STRIPED BASS,,34.520755733,39,100,201025248504wd,,0,05/04/2021
2010,24,5,5,1640420100418001,5,2,04,we,8835020102,914,8.3,0,0,201025248504we,16404201004189144,STRIPED BASS,,18.603419295,35,91,201025248504we,,0,05/04/2021
2010,24,5,5,1640420100418002,5,2,04,we,8835020102,1002,11.251581197,0,1,201025248504we,16404201004189144,STRIPED BASS,,18.603419295,39,100,201025248504we,,0,05/04/2021
2010,24,5,5,1640420100418003,5,2,04,we,8835020102,956,8.5,0,0,201025248504we,16404201004189144,STRIPED BASS,,15.481676149,37,95,201025248504we,,0,05/04/2021
2010,24,5,5,1640420100418004,5,2,04,we,8835020102,1011,11.525462042,0,1,201025248504we,16404201004189144,STRIPED BASS,,15.481676149,39,101,201025248504we,,0,05/04/2021
2010,24,5,5,1640420100418005,5,2,04,we,8835020102,942,8.6,0,0,201025248504we,16404201004189144,STRIPED BASS,,18.603419295,37,94,201025248504we,,0,05/04/2021
2010,24,5,5,1640420100418006,5,2,04,we,8835020102,977,9,0,0,201025248504we,16404201004189144,STRIPED BASS,,18.603419295,38,97,201025248504we,,0,05/04/2021
2010,24,5,5,1640420100418007,5,2,04,we,8835020102,870,7.3,0,0,201025248504we,16404201004189144,STRIPED BASS,,31.005698825,34,87,201025248504we,,0,05/04/2021
2010,24,5,5,1640420100418011,5,2,04,we,8835020102,787,6.7,1,1,201025248504we,16404201004189144,STRIPED BASS,,24.80455906,30,78,201025248504we,,0,05/04/2021
2010,24,5,5,1640420100418012,5,2,04,we,8835020102,763,6.2,0,0,201025248504we,16404201004189144,STRIPED BASS,,24.80455906,30,76,201025248504we,,0,05/04/2021
2010,24,5,5,1640420100418013,5,2,04,we,8835020102,1016,11.1,0,0,201025248504we,16404201004189144,STRIPED BASS,,15.481676149,39,101,201025248504we,,0,05/04/2021
2010,24,5,5,1640420100418014,5,2,04,we,,,,0,0,201025248504we,16404201004189144,,,15.481676149,,,201025248504we,,0,05/04/2021
2010,24,5,5,1640420100418015,5,2,04,we,8835020102,1071,13.458627248,0,1,201025248504we,16404201004189144,STRIPED BASS,,18.603419295,42,107,201025248504we,,0,05/04/2021
2010,24,5,5,1640420100418016,5,2,04,we,8835020102,1016,11.4,0,0,201025248504we,16404201004189144,STRIPED BASS,,18.603419295,39,101,201025248504we,,0,05/04/2021
2010,24,5,5,1640420100418017,5,2,04,we,8835020102,1117,15.070315947,0,1,201025248504we,16404201004189144,STRIPED BASS,,9.3017096475,43,111,201025248504we,,0,05/04/2021
2010,24,5,5,1640420100418018,5,2,04,we,8835020102,915,6.8,0,0,201025248504we,16404201004189144,STRIPED BASS,,9.3017096475,36,91,201025248504we,,0,05/04/2021
2010,24,5,5,1684920100417001,5,2,04,we,8835020102,859,7.8,1,1,201025248504we,1684920100417412,STRIPED BASS,,37.034660762,33,85,201025248504we,,0,05/04/2021
2010,24,5,5,1684920100417002,5,2,04,we,8835020102,956,8.5,1,1,201025248504we,1684920100417412,STRIPED BASS,,37.034660762,37,95,201025248504we,,0,05/04/2021
2010,24,5,5,1684920100417003,5,2,04,we,8835020102,977,9,1,1,201025248504we,1684920100417412,STRIPED BASS,,37.034660762,38,97,201025248504we,,0,05/04/2021
2010,24,5,5,1684920100417004,5,2,04,we,8835020102,1071,13.458627248,1,1,201025248504we,1684920100417412,STRIPED BASS,,37.034660762,42,107,201025248504we,,0,05/04/2021
2010,24,7,5,1609520100306001,5,2,03,we,,,,0,0,201025248703we,160952010030625789,,,1656.5467546,,,201025248703we,,0,05/04/2021
2010,24,7,5,1609520100306002,5,2,03,we,,,,0,0,201025248703we,160952010030625789,,,1656.5467546,,,201025248703we,,0,05/04/2021
2010,24,7,5,1609520100306007,5,2,03,we,,,,0,0,201025248703we,160952010030625789,,,1656.5467546,,,201025248703we,,0,05/04/2021
2010,24,7,5,1609520100306008,5,2,03,we,,,,0,0,201025248703we,160952010030625789,,,1656.5467546,,,201025248703we,,0,05/04/2021
2010,24,7,5,1609520100306011,5,2,03,we,,,,0,0,201025248703we,160952010030625789,,,1656.5467546,,,201025248703we,,0,05/04/2021
2010,24,7,5,1609520100411001,5,2,04,we,,,,0,0,201025248704we,160952010041125789,,,3556.5312007,,,201025248704we,,0,05/04/2021
2010,24,7,5,1609520100411006,5,2,04,we,,,,0,0,201025248704we,160952010041125789,,,3556.5312007,,,201025248704we,,0,05/04/2021
2010,24,7,5,1609520100411009,5,2,04,we,,,,0,0,201025248704we,160952010041125789,,,2703.5211898,,,201025248704we,,0,05/04/2021
2010,24,7,5,1609520100411010,5,2,04,we,,,,0,0,201025248704we,160952010041125789,,,2703.5211898,,,201025248704we,,0,05/04/2021
2010,24,7,5,1609520100411012,5,2,04,we,8777020105,322,0.5,0,0,201025248704we,160952010041125789,CHANNEL CATFISH,,2703.5211898,12,32,201025248704we,,0,05/04/2021
2010,24,7,5,1609520100411012,5,2,04,we,8777020105,325,0.45,0,0,201025248704we,160952010041125789,CHANNEL CATFISH,,2703.5211898,12,32,201025248704we,,0,05/04/2021
2010,24,7,5,1609520100411012,5,2,04,we,8777020105,321,0.4,0,0,201025248704we,160952010041125789,CHANNEL CATFISH,,2703.5211898,12,32,201025248704we,,0,05/04/2021
2010,24,7,5,1609520100411012,5,2,04,we,8835020101,172,0.1,0,0,201025248704we,160952010041125789,WHITE PERCH,,2703.5211898,6,17,201025248704we,,0,05/04/2021
2010,24,7,5,1609520100411012,5,2,04,we,8777020105,329,0.5,0,0,201025248704we,160952010041125789,CHANNEL CATFISH,,2703.5211898,12,32,201025248704we,,0,05/04/2021
2010,24,7,5,1609520100411012,5,2,04,we,8777020105,339,0.55,0,0,201025248704we,160952010041125789,CHANNEL CATFISH,,2703.5211898,13,33,201025248704we,,0,05/04/2021
2010,24,7,5,1609520100411012,5,2,04,we,8777020105,327,0.5,0,0,201025248704we,160952010041125789,CHANNEL CATFISH,,2703.5211898,12,32,201025248704we,,0,05/04/2021
2010,24,7,5,1609520100411012,5,2,04,we,8777020105,326,0.45,0,0,201025248704we,160952010041125789,CHANNEL CATFISH,,2703.5211898,12,32,201025248704we,,0,05/04/2021
2010,24,7,5,1609520100411012,5,2,04,we,8777020105,301,0.3,0,0,201025248704we,160952010041125789,CHANNEL CATFISH,,2703.5211898,11,30,201025248704we,,0,05/04/2021
2010,24,7,5,1609520100411012,5,2,04,we,8777020105,318,0.4,0,0,201025248704we,160952010041125789,CHANNEL CATFISH,,2703.5211898,12,31,201025248704we,,0,05/04/2021
2010,24,7,5,1609520100411012,5,2,04,we,8777020105,314,0.35,0,0,201025248704we,160952010041125789,CHANNEL CATFISH,,2703.5211898,12,31,201025248704we,,0,05/04/2021
2010,24,7,5,1609520100411012,5,2,04,we,8777020105,356,0.6,0,0,201025248704we,160952010041125789,CHANNEL CATFISH,,2703.5211898,14,35,201025248704we,,0,05/04/2021
2010,24,7,5,1609520100411012,5,2,04,we,8777020105,313,0.35,0,0,201025248704we,160952010041125789,CHANNEL CATFISH,,2703.5211898,12,31,201025248704we,,0,05/04/2021
2010,24,7,5,1609520100411012,5,2,04,we,8777020105,282,0.3,0,0,201025248704we,160952010041125789,CHANNEL CATFISH,,2703.5211898,11,28,201025248704we,,0,05/04/2021
2010,24,7,5,1609520100411012,5,2,04,we,8835020101,166,0.1,0,0,201025248704we,160952010041125789,WHITE PERCH,,2703.5211898,6,16,201025248704we,,0,05/04/2021
2010,24,7,5,1609520100411012,5,2,04,we,8835020101,170,0.1,0,0,201025248704we,160952010041125789,WHITE PERCH,,2703.5211898,6,17,201025248704we,,0,05/04/2021
2010,24,7,5,1609520100411012,5,2,04,we,8835020101,200,0.15,0,0,201025248704we,160952010041125789,WHITE PERCH,,2703.5211898,7,20,201025248704we,,0,05/04/2021
2010,24,7,5,1609520100411012,5,2,04,we,8835020101,173,0.1,0,0,201025248704we,160952010041125789,WHITE PERCH,,2703.5211898,6,17,201025248704we,,0,05/04/2021
2010,24,7,5,1609520100411013,5,2,04,we,,,,0,0,201025248704we,160952010041125789,,,3556.5312007,,,201025248704we,,0,05/04/2021
2010,24,7,5,1609520100411014,5,2,04,we,,,,0,0,201025248704we,160952010041125789,,,3556.5312007,,,201025248704we,,0,05/04/2021
2010,24,7,5,1609520100411015,5,2,04,we,,,,0,0,201025248704we,160952010041125789,,,2703.5211898,,,201025248704we,,0,05/04/2021
2010,24,7,5,1609520100411018,5,2,04,we,,,,0,0,201025248704we,160952010041125789,,,2703.5211898,,,201025248704we,,0,05/04/2021
2010,24,7,5,1609520100419001,5,2,04,wd,8835020102,827,6.2,0,0,201025248704wd,160952010041931462,STRIPED BASS,,4958.6882345,32,82,201025248704wd,,0,05/04/2021
2010,24,7,5,1609520100419002,5,2,04,wd,8835020102,874,7.9,0,0,201025248704wd,160952010041931462,STRIPED BASS,,4958.6882345,34,87,201025248704wd,,0,05/04/2021
2010,24,7,5,1609520100419003,5,2,04,wd,8835020102,490,1.5,1,1,201025248704wd,160952010041931462,STRIPED BASS,,2479.3441172,19,49,201025248704wd,,0,05/04/2021
2010,24,7,5,1609520100419004,5,2,04,wd,8835020102,953,10.8,0,0,201025248704wd,160952010041931462,STRIPED BASS,,3261.6221925,37,95,201025248704wd,,0,05/04/2021
2010,24,7,5,1609520100419008,5,2,04,wd,8835020102,751,5.7,0,0,201025248704wd,160952010041931462,STRIPED BASS,,7438.0323517,29,75,201025248704wd,,0,05/04/2021
2010,24,7,5,1609520100419010,5,2,04,wd,8835020102,955,10.1,0,0,201025248704wd,160952010041931462,STRIPED BASS,,9917.3764689,37,95,201025248704wd,,0,05/04/2021
2010,24,7,5,1640420100318001,5,2,03,wd,8835020101,260,0.3,0,0,201025248703wd,164042010031825789,WHITE PERCH,,2630.6080367,10,26,201025248703wd,,0,05/04/2021
2010,24,7,5,1640420100318001,5,2,03,wd,8835020101,250,0.25,0,0,201025248703wd,164042010031825789,WHITE PERCH,,2630.6080367,9,25,201025248703wd,,0,05/04/2021
2010,24,7,5,1640420100318001,5,2,03,wd,8835020101,238,0.25,0,0,201025248703wd,164042010031825789,WHITE PERCH,,2630.6080367,9,23,201025248703wd,,0,05/04/2021
2010,24,7,5,1640420100318001,5,2,03,wd,8835020101,221,0.2,0,0,201025248703wd,164042010031825789,WHITE PERCH,,2630.6080367,8,22,201025248703wd,,0,05/04/2021
2010,24,7,5,1640420100318002,5,2,03,wd,,,,0,0,201025248703wd,164042010031825789,,,2630.6080367,,,201025248703wd,,0,05/04/2021
2010,24,7,5,1640420100318004,5,2,03,wd,8835200201,235,0.3,0,0,201025248703wd,164042010031825789,YELLOW PERCH,,2630.6080367,9,23,201025248703wd,,0,05/04/2021
2010,24,7,5,1640420100318004,5,2,03,wd,8835200201,237,0.3,0,0,201025248703wd,164042010031825789,YELLOW PERCH,,2630.6080367,9,23,201025248703wd,,0,05/04/2021
2010,24,7,5,1640420100318005,5,2,03,wd,8835020101,222,0.15,0,0,201025248703wd,16404201003182555,WHITE PERCH,,460.22878321,8,22,201025248703wd,,0,05/04/2021
2010,24,7,5,1640420100318005,5,2,03,wd,8835020101,236,0.3,0,0,201025248703wd,16404201003182555,WHITE PERCH,,460.22878321,9,23,201025248703wd,,0,05/04/2021
2010,24,7,5,1640420100318005,5,2,03,wd,8835020101,280,0.25,0,0,201025248703wd,16404201003182555,WHITE PERCH,,460.22878321,11,28,201025248703wd,,0,05/04/2021
2010,24,7,5,1640420100318005,5,2,03,wd,8835020101,215,0.15,0,0,201025248703wd,16404201003182555,WHITE PERCH,,460.22878321,8,21,201025248703wd,,0,05/04/2021
2010,24,7,5,1640420100318005,5,2,03,wd,8777020104,271,0.5,0,0,201025248703wd,16404201003182555,BROWN BULLHEAD,,460.22878321,10,27,201025248703wd,,0,05/04/2021
2010,24,7,5,1640420100318006,5,2,03,wd,,,,0,0,201025248703wd,16404201003182555,,,460.22878321,,,201025248703wd,,0,05/04/2021
2010,24,7,5,1640420100411001,5,2,04,we,,,,0,0,201025248704we,164042010041129964,,,14935.952264,,,201025248704we,,0,05/04/2021
2010,24,7,5,1640420100411002,5,2,04,we,,,,0,0,201025248704we,164042010041129964,,,14935.952264,,,201025248704we,,0,05/04/2021
2010,24,7,5,1640420100411003,5,2,04,we,8835020101,166,0.1,1,1,201025248704we,164042010041129964,WHITE PERCH,,35846.285434,6,16,201025248704we,,0,05/04/2021
2010,24,7,5,1640420100411003,5,2,04,we,8835020101,170,0.1,1,1,201025248704we,164042010041129964,WHITE PERCH,,35846.285434,6,17,201025248704we,,0,05/04/2021
2010,24,7,5,1640420100411003,5,2,04,we,8835020101,173,0.1,1,1,201025248704we,164042010041129964,WHITE PERCH,,35846.285434,6,17,201025248704we,,0,05/04/2021
2010,24,7,5,1640420100411003,5,2,04,we,8835020101,173,0.1,1,1,201025248704we,164042010041129964,WHITE PERCH,,35846.285434,6,17,201025248704we,,0,05/04/2021
2010,24,7,5,1640420100411003,5,2,04,we,8835020101,172,0.1,1,1,201025248704we,164042010041129964,WHITE PERCH,,35846.285434,6,17,201025248704we,,0,05/04/2021
2010,24,7,5,1640420100411005,5,2,04,we,,,,0,0,201025248704we,1640420100411291963,,,16043.351464,,,201025248704we,,0,05/04/2021
2010,24,7,5,1640420100411006,5,2,04,we,,,,0,0,201025248704we,1640420100411291963,,,16043.351464,,,201025248704we,,0,05/04/2021
2010,24,7,5,1673420100307001,5,2,03,we,,,,0,0,201025248703we,167342010030725789,,,1875.7955897,,,201025248703we,,0,05/04/2021
2010,24,7,5,1673420100307002,5,2,03,we,,,,0,0,201025248703we,167342010030725789,,,1875.7955897,,,201025248703we,,0,05/04/2021
2010,24,7,5,1673420100307005,5,2,03,we,,,,0,0,201025248703we,167342010030725789,,,1875.7955897,,,201025248703we,,0,05/04/2021
2010,24,7,5,1673420100307007,5,2,03,we,,,,0,0,201025248703we,167342010030725789,,,1875.7955897,,,201025248703we,,0,05/04/2021
2010,24,7,5,1673420100403004,5,2,04,we,,,,0,0,201025248704we,16734201004035122,,,1414.3006796,,,201025248704we,,0,05/04/2021
2010,24,7,5,1673420100403006,5,2,04,we,,,,0,0,201025248704we,16734201004035122,,,1414.3006796,,,201025248704we,,0,05/04/2021
2010,24,7,5,1673420100424001,5,2,04,we,,,,0,0,201025248704we,167342010042415963,,,4696.0984444,,,201025248704we,,0,05/04/2021
2010,24,7,5,1673420100424002,5,2,04,we,,,,0,0,201025248704we,167342010042415963,,,4696.0984444,,,201025248704we,,0,05/04/2021
2010,24,7,5,1673420100424003,5,2,04,we,,,,0,0,201025248704we,167342010042415963,,,3130.7322963,,,201025248704we,,0,05/04/2021
2010,24,7,5,1673420100424005,5,2,04,we,,,,0,0,201025248704we,167342010042415963,,,3130.7322963,,,201025248704we,,0,05/04/2021
2010,24,7,5,1673420100424006,5,2,04,we,,,,0,0,201025248704we,167342010042415963,,,3130.7322963,,,201025248704we,,0,05/04/2021
2010,24,7,5,1673420100424007,5,2,04,we,8835020101,221,0.2,1,1,201025248704we,167342010042415963,WHITE PERCH,,9392.1968888,8,22,201025248704we,,0,05/04/2021
2010,24,7,5,1673420100424007,5,2,04,we,8835020101,200,0.15,1,1,201025248704we,167342010042415963,WHITE PERCH,,9392.1968888,7,20,201025248704we,,0,05/04/2021
2010,24,7,5,1673420100424007,5,2,04,we,8835020101,238,0.25,1,1,201025248704we,167342010042415963,WHITE PERCH,,9392.1968888,9,23,201025248704we,,0,05/04/2021
2010,24,7,5,1673420100424007,5,2,04,we,8835020101,250,0.25,1,1,201025248704we,167342010042415963,WHITE PERCH,,9392.1968888,9,25,201025248704we,,0,05/04/2021
2010,24,7,5,1673420100424007,5,2,04,we,8835020101,260,0.3,1,1,201025248704we,167342010042415963,WHITE PERCH,,9392.1968888,10,26,201025248704we,,0,05/04/2021
2010,24,7,5,1673420100424008,5,2,04,we,,,,0,0,201025248704we,167342010042415963,,,3130.7322963,,,201025248704we,,0,05/04/2021
2010,24,7,5,1673420100424009,5,2,04,we,,,,0,0,201025248704we,167342010042415963,,,3130.7322963,,,201025248704we,,0,05/04/2021
2010,24,7,5,1673420100424010,5,2,04,we,,,,0,0,201025248704we,167342010042415963,,,3130.7322963,,,201025248704we,,0,05/04/2021
2010,24,7,5,1673420100424011,5,2,04,we,,,,0,0,201025248704we,167342010042415963,,,4759.6945589,,,201025248704we,,0,05/04/2021
2010,24,7,5,1673420100424012,5,2,04,we,,,,0,0,201025248704we,167342010042415963,,,2379.8472795,,,201025248704we,,0,05/04/2021
2010,24,7,5,1673420100424013,5,2,04,we,,,,0,0,201025248704we,167342010042415963,,,3130.7322963,,,201025248704we,,0,05/04/2021
2010,24,7,5,1673420100424014,5,2,04,we,,,,0,0,201025248704we,167342010042415963,,,2379.8472795,,,201025248704we,,0,05/04/2021
2010,24,7,5,1673420100424015,5,2,04,we,,,,0,0,201025248704we,167342010042415963,,,2379.8472795,,,201025248704we,,0,05/04/2021
2010,24,7,5,1681820100424001,5,2,04,we,,,,0,0,201025248704we,168182010042447856,,,1082.9672785,,,201025248704we,,0,05/04/2021
2010,24,7,5,1681820100424002,5,2,04,we,,,,0,0,201025248704we,168182010042447856,,,1082.9672785,,,201025248704we,,0,05/04/2021
2010,24,7,5,1681820100424003,5,2,04,we,8857030301,665,3.2,0,0,201025248704we,168182010042447856,SUMMER FLOUNDER,,1424.6631134,26,66,201025248704we,,0,05/04/2021
2010,24,7,1,1681820100424013,5,2,04,we,8839010101,400,1.6,0,0,201025248704we,168182010042447856,TAUTOG,,7169.929785,15,40,201025248704we,,0,05/04/2021
2010,24,7,1,1681820100424013,5,2,04,we,8839010101,380,1.25,0,0,201025248704we,168182010042447856,TAUTOG,,7169.929785,14,38,201025248704we,,0,05/04/2021
2010,24,7,1,1681820100424013,5,2,04,we,8839010101,415,1.6,0,0,201025248704we,168182010042447856,TAUTOG,,7169.929785,16,41,201025248704we,,0,05/04/2021
2010,24,7,1,1681820100424013,5,2,04,we,8839010101,425,1.7,0,0,201025248704we,168182010042447856,TAUTOG,,7169.929785,16,42,201025248704we,,0,05/04/2021
2010,24,7,1,1681820100424014,5,2,04,we,8839010101,355,0.9362178794,1,1,201025248704we,168182010042447856,TAUTOG,,9432.1727842,13,35,201025248704we,,0,05/04/2021
2010,24,7,1,1681820100424014,5,2,04,we,8839010101,415,1.6,1,1,201025248704we,168182010042447856,TAUTOG,,9432.1727842,16,41,201025248704we,,0,05/04/2021
2010,24,7,1,1681820100424014,5,2,04,we,8839010101,380,1.25,1,1,201025248704we,168182010042447856,TAUTOG,,9432.1727842,14,38,201025248704we,,0,05/04/2021
2010,24,7,1,1681820100424014,5,2,04,we,8839010101,400,1.6,1,1,201025248704we,168182010042447856,TAUTOG,,9432.1727842,15,40,201025248704we,,0,05/04/2021
2010,24,7,1,1681820100424015,5,2,04,we,8839010101,362,0.9,1,1,201025248704we,168182010042447856,TAUTOG,,7169.929785,14,36,201025248704we,,0,05/04/2021
2010,24,7,1,1681820100424015,5,2,04,we,8839010101,372,0.95,1,1,201025248704we,168182010042447856,TAUTOG,,7169.929785,14,37,201025248704we,,0,05/04/2021
2010,24,7,1,1681820100424015,5,2,04,we,8839010101,371,0.9,1,1,201025248704we,168182010042447856,TAUTOG,,7169.929785,14,37,201025248704we,,0,05/04/2021
2010,24,7,1,1681820100424015,5,2,04,we,8839010101,370,0.9,1,1,201025248704we,168182010042447856,TAUTOG,,7169.929785,14,37,201025248704we,,0,05/04/2021
2010,24,7,5,1681820100424017,5,2,04,we,8857030301,491,1.1,0,0,201025248704we,168182010042447856,SUMMER FLOUNDER,,1082.9672785,19,49,201025248704we,,0,05/04/2021
2010,24,7,5,1684920100411002,5,2,04,we,,,,0,0,201025248704we,168492010041119797,,,9999.1174757,,,201025248704we,,0,05/04/2021
2010,24,7,5,1690120100411001,5,2,04,we,,,,0,0,201025248704we,169012010041147856,,,1320.5213912,,,201025248704we,,0,05/04/2021
2010,24,7,5,1690120100411002,5,2,04,we,8839010101,362,0.9,0,0,201025248704we,169012010041147856,TAUTOG,,1320.5213912,14,36,201025248704we,,0,05/04/2021
2010,24,7,5,1690120100411002,5,2,04,we,8839010101,370,0.9,0,0,201025248704we,169012010041147856,TAUTOG,,1320.5213912,14,37,201025248704we,,0,05/04/2021
2010,24,7,5,1690120100411002,5,2,04,we,8839010101,350,0.85,0,0,201025248704we,169012010041147856,TAUTOG,,1320.5213912,13,35,201025248704we,,0,05/04/2021
2010,24,7,5,1690120100411002,5,2,04,we,8839010101,371,0.9,0,0,201025248704we,169012010041147856,TAUTOG,,1320.5213912,14,37,201025248704we,,0,05/04/2021
2010,24,7,5,1690120100411003,5,2,04,we,,,,0,0,201025248704we,169012010041147856,,,1320.5213912,,,201025248704we,,0,05/04/2021
2010,24,7,2,1690120100411004,5,2,04,we,8839010101,369,1.1223815438,1,1,201025248704we,169012010041147856,TAUTOG,,3477.6919491,14,36,201025248704we,,0,05/04/2021
2010,24,7,2,1690120100411004,5,2,04,we,8839010101,364,0.95,1,1,201025248704we,169012010041147856,TAUTOG,,3477.6919491,14,36,201025248704we,,0,05/04/2021
2010,24,7,2,1690120100411004,5,2,04,we,8839010101,365,1.1,1,1,201025248704we,169012010041147856,TAUTOG,,3477.6919491,14,36,201025248704we,,0,05/04/2021
2010,24,7,2,1690120100411007,5,2,04,we,8839010101,355,0.9362178794,0,1,201025248704we,169012010041147856,TAUTOG,,3477.6919491,13,35,201025248704we,,0,05/04/2021
2010,24,7,2,1690120100411009,5,2,04,we,,,,0,0,201025248704we,169012010041147856,,,4057.3072739,,,201025248704we,,0,05/04/2021
2010,24,7,5,2640420100411002,5,2,04,we,,,,0,0,201025248704we,264042010041131462,,,1483.3426257,,,201025248704we,,0,05/04/2021
2010,24,7,5,2640420100411003,5,2,04,we,,,,0,0,201025248704we,264042010041131462,,,1483.3426257,,,201025248704we,,0,05/04/2021
2010,24,7,5,2640420100411004,5,2,04,we,,,,0,0,201025248704we,264042010041131462,,,1483.3426257,,,201025248704we,,0,05/04/2021
2010,24,7,5,2640420100411005,5,2,04,we,,,,0,0,201025248704we,264042010041131462,,,1483.3426257,,,201025248704we,,0,05/04/2021
2010,24,7,5,2640420100411006,5,2,04,we,,,,0,0,201025248704we,264042010041131462,,,1483.3426257,,,201025248704we,,0,05/04/2021
2010,24,7,5,2640420100411007,5,2,04,we,8835020101,238,0.25,1,1,201025248704we,264042010041131462,WHITE PERCH,,7120.0446032,9,23,201025248704we,,0,05/04/2021
2010,24,7,5,2640420100411007,5,2,04,we,8835020101,236,0.3,1,1,201025248704we,264042010041131462,WHITE PERCH,,7120.0446032,9,23,201025248704we,,0,05/04/2021
2010,24,7,5,2640420100411007,5,2,04,we,8835020101,215,0.15,1,1,201025248704we,264042010041131462,WHITE PERCH,,7120.0446032,8,21,201025248704we,,0,05/04/2021
2010,24,7,5,2640420100411007,5,2,04,we,8835020101,280,0.25,1,1,201025248704we,264042010041131462,WHITE PERCH,,7120.0446032,11,28,201025248704we,,0,05/04/2021
2010,24,7,5,2640420100411007,5,2,04,we,8835020101,222,0.15,1,1,201025248704we,264042010041131462,WHITE PERCH,,7120.0446032,8,22,201025248704we,,0,05/04/2021
2010,24,7,5,2640420100411009,5,2,04,we,,,,0,0,201025248704we,264042010041131462,,,1483.3426257,,,201025248704we,,0,05/04/2021
2010,24,7,5,2640420100411010,5,2,04,we,,,,0,0,201025248704we,264042010041131462,,,1483.3426257,,,201025248704we,,0,05/04/2021
2010,24,7,5,2640420100411011,5,2,04,we,,,,0,0,201025248704we,264042010041131462,,,1483.3426257,,,201025248704we,,0,05/04/2021
2010,34,3,1,1606820100328004,5,2,03,we,,,,0,0,201025348303we,160682010032891597,,,19921.861414,,,201025348303we,,0,05/04/2021
2010,34,3,1,1606820100416001,5,2,04,wd,8839010101,380,1,1,1,201025348304wd,160682010041691059,TAUTOG,,34144.009839,14,38,201025348304wd,,0,05/04/2021
2010,34,3,1,1606820100416001,5,2,04,wd,8839010101,380,1,1,1,201025348304wd,160682010041691059,TAUTOG,,34144.009839,14,38,201025348304wd,,0,05/04/2021
2010,34,3,1,1606820100416001,5,2,04,wd,8839010101,429,1.5,1,1,201025348304wd,160682010041691059,TAUTOG,,34144.009839,16,42,201025348304wd,,0,05/04/2021
2010,34,3,1,1606820100416001,5,2,04,wd,8839010101,369,1.1124472669,1,1,201025348304wd,160682010041691059,TAUTOG,,34144.009839,14,36,201025348304wd,,0,05/04/2021
2010,34,3,1,1606820100416002,5,2,04,wd,8839010101,354,0.8,1,1,201025348304wd,160682010041691059,TAUTOG,,34144.009839,13,35,201025348304wd,,0,05/04/2021
2010,34,3,1,1606820100416002,5,2,04,wd,8839010101,426,1.4,1,1,201025348304wd,160682010041691059,TAUTOG,,34144.009839,16,42,201025348304wd,,0,05/04/2021
2010,34,3,1,1606820100416003,5,2,04,wd,8839010101,372,0.85,1,1,201025348304wd,160682010041691059,TAUTOG,,34144.009839,14,37,201025348304wd,,0,05/04/2021
2010,34,3,1,1606820100416003,5,2,04,wd,8839010101,383,1.1807212769,1,1,201025348304wd,160682010041691059,TAUTOG,,34144.009839,15,38,201025348304wd,,0,05/04/2021
2010,34,3,1,1606820100416003,5,2,04,wd,8839010101,368,0.8,1,1,201025348304wd,160682010041691059,TAUTOG,,34144.009839,14,36,201025348304wd,,0,05/04/2021
2010,34,3,1,1606820100416003,5,2,04,wd,8839010101,365,1.0844833441,1,1,201025348304wd,160682010041691059,TAUTOG,,34144.009839,14,36,201025348304wd,,0,05/04/2021
2010,34,3,5,1606820100416006,5,2,04,wd,,,,0,0,201025348304wd,16068201004169878,,,43475.193978,,,201025348304wd,,0,05/04/2021
2010,34,3,5,1606820100416007,5,2,04,wd,8835020102,732,3.5,0,0,201025348304wd,16068201004169878,STRIPED BASS,,43475.193978,28,73,201025348304wd,,0,05/04/2021
2010,34,3,1,1606820100424004,5,2,04,we,,,,0,0,201025348304we,160682010042491597,,,11296.756904,,,201025348304we,,0,05/04/2021
2010,34,3,5,1652920100420001,5,2,04,wd,,,,0,0,201025348304wd,165292010042029272,,,80049.876292,,,201025348304wd,,0,05/04/2021
2010,34,3,5,1652920100420002,5,2,04,wd,8835020102,960,7.3,0,0,201025348304wd,165292010042029272,STRIPED BASS,,80049.876292,37,96,201025348304wd,,0,05/04/2021
2010,34,3,5,1652920100420003,5,2,04,wd,,,,0,0,201025348304wd,165292010042029272,,,80049.876292,,,201025348304wd,,0,05/04/2021
2010,34,3,5,1652920100420004,5,2,04,wd,,,,0,0,201025348304wd,165292010042029272,,,80049.876292,,,201025348304wd,,0,05/04/2021
2010,34,3,1,1652920100424002,5,2,04,we,,,,0,0,201025348304we,165292010042429219,,,5048.2112569,,,201025348304we,,0,05/04/2021
2010,34,3,1,1652920100424004,5,2,04,we,,,,0,0,201025348304we,165292010042429219,,,5613.5434611,,,201025348304we,,0,05/04/2021
2010,34,3,1,1652920100424005,5,2,04,we,,,,0,0,201025348304we,165292010042429219,,,5613.5434611,,,201025348304we,,0,05/04/2021
2010,34,4,2,1641220100320001,5,2,03,we,,,,0,0,201025348403we,164122010032025100,,,18.937446833,,,201025348403we,,0,05/04/2021
2010,34,4,2,1641220100320002,5,2,03,we,8791031001,429,0.6,0,0,201025348403we,164122010032025100,RED HAKE,,18.937446833,16,42,201025348403we,,0,05/04/2021
2010,34,4,2,1641220100320003,5,2,03,we,8747010201,239,0.1,0,0,201025348403we,164122010032025100,ATLANTIC HERRING,,20.880979177,9,23,201025348403we,,0,05/04/2021
2010,34,4,2,1641220100320005,5,2,03,we,8793011601,323,0.2010442368,0,1,201025348403we,164122010032025100,OCEAN POUT,,20.880979177,12,32,201025348403we,,0,05/04/2021
2010,34,4,2,1641220100320007,5,2,03,we,,,,0,0,201025348403we,164122010032025100,,,20.880979177,,,201025348403we,,0,05/04/2021
2010,34,4,2,1641220100320009,5,2,03,we,8839010201,130,0.0436015329,1,1,201025348403we,164122010032025100,CUNNER,,20.880979177,5,13,201025348403we,,0,05/04/2021
2010,34,4,2,1641220100403001,5,2,04,we,8791031001,406,0.5,0,0,201025348404we,164122010040325101,RED HAKE,,25.42086649,15,40,201025348404we,,0,05/04/2021
2010,34,4,2,1641220100403001,5,2,04,we,8791031001,462,0.7,0,0,201025348404we,164122010040325101,RED HAKE,,25.42086649,18,46,201025348404we,,0,05/04/2021
2010,34,4,2,1641220100403001,5,2,04,we,8791031001,462,1.8,0,0,201025348404we,164122010040325101,RED HAKE,,25.42086649,18,46,201025348404we,,0,05/04/2021
2010,34,4,2,1641220100403001,5,2,04,we,8791031001,441,0.6,0,0,201025348404we,164122010040325101,RED HAKE,,25.42086649,17,44,201025348404we,,0,05/04/2021
2010,34,4,2,1641220100403002,5,2,04,we,,,,0,0,201025348404we,164122010040325101,,,25.42086649,,,201025348404we,,0,05/04/2021
2010,34,4,2,1641220100403003,5,2,04,we,8791031001,553,1.4,0,0,201025348404we,164122010040325101,RED HAKE,,25.42086649,21,55,201025348404we,,0,05/04/2021
2010,34,4,2,1641220100403003,5,2,04,we,8791030402,672,3.4,0,0,201025348404we,164122010040325101,ATLANTIC COD,,25.42086649,26,67,201025348404we,,0,05/04/2021
2010,34,4,2,1641220100403004,5,2,04,we,,,,0,0,201025348404we,164122010040325101,,,25.42086649,,,201025348404we,,0,05/04/2021
2010,34,4,2,1641220100403005,5,2,04,we,8791030402,693,3.7,0,0,201025348404we,164122010040325101,ATLANTIC COD,,25.42086649,27,69,201025348404we,,0,05/04/2021
2010,34,4,2,1641220100403006,5,2,04,we,8791031001,392,0.4,0,0,201025348404we,164122010040325101,RED HAKE,,25.42086649,15,39,201025348404we,,0,05/04/2021
2010,34,4,2,1641220100403006,5,2,04,we,8791031001,372,0.6,0,0,201025348404we,164122010040325101,RED HAKE,,25.42086649,14,37,201025348404we,,0,05/04/2021
2010,34,4,2,1641220100403012,5,2,04,we,8791031001,396,0.45,0,0,201025348404we,164122010040325101,RED HAKE,,23.05477648,15,39,201025348404we,,0,05/04/2021
2010,34,4,2,1641220100403013,5,2,04,we,8791031001,460,0.7,0,0,201025348404we,164122010040325101,RED HAKE,,23.05477648,18,46,201025348404we,,0,05/04/2021
2010,34,4,2,1641220100403014,5,2,04,we,8791030402,583,2,0,0,201025348404we,164122010040325101,ATLANTIC COD,,25.42086649,22,58,201025348404we,,0,05/04/2021
2010,34,4,2,1641220100403015,5,2,04,we,,,,0,0,201025348404we,164122010040325101,,,23.05477648,,,201025348404we,,0,05/04/2021
2010,34,4,2,1641220100403016,5,2,04,we,8791031001,448,0.7,0,0,201025348404we,164122010040325101,RED HAKE,,23.05477648,17,44,201025348404we,,0,05/04/2021
2010,34,4,2,1641220100403016,5,2,04,we,8791031001,445,0.7,0,0,201025348404we,164122010040325101,RED HAKE,,23.05477648,17,44,201025348404we,,0,05/04/2021
2010,34,4,2,1641220100403016,5,2,04,we,8791030402,584,2.2,0,0,201025348404we,164122010040325101,ATLANTIC COD,,23.05477648,22,58,201025348404we,,0,05/04/2021
2010,34,4,2,1641220100403016,5,2,04,we,8791030402,616,2.2,0,0,201025348404we,164122010040325101,ATLANTIC COD,,23.05477648,24,61,201025348404we,,0,05/04/2021
2010,34,4,2,1641220100403017,5,2,04,we,8791030402,616,2.3,0,0,201025348404we,164122010040325101,ATLANTIC COD,,23.05477648,24,61,201025348404we,,0,05/04/2021
2010,34,4,2,1641220100403018,5,2,04,we,8791030402,654,2.6,0,0,201025348404we,164122010040325101,ATLANTIC COD,,23.05477648,25,65,201025348404we,,0,05/04/2021
2010,34,4,2,1641220100403019,5,2,04,we,8791031001,524,1.2,0,0,201025348404we,164122010040325101,RED HAKE,,25.42086649,20,52,201025348404we,,0,05/04/2021
2010,34,4,1,1641220100411003,5,2,04,we,8835020102,726,4.3,0,0,201025348404we,164122010041125101,STRIPED BASS,,31.815613451,28,72,201025348404we,,0,05/04/2021
2010,34,4,1,1641220100411004,5,2,04,we,8835020102,753,5.5,0,0,201025348404we,164122010041125101,STRIPED BASS,,31.815613451,29,75,201025348404we,,0,05/04/2021
2010,34,4,1,1641220100411005,5,2,04,we,,,,0,0,201025348404we,164122010041125101,,,35.080819914,,,201025348404we,,0,05/04/2021
2010,34,4,1,1641220100411006,5,2,04,we,8835020102,762,4.7,0,0,201025348404we,164122010041125101,STRIPED BASS,,35.080819914,29,76,201025348404we,,0,05/04/2021
2010,34,4,1,1641220100411008,5,2,04,we,8835020102,726,4.3,1,1,201025348404we,164122010041125101,STRIPED BASS,,35.080819914,28,72,201025348404we,,0,05/04/2021
2010,34,4,1,1641220100411008,5,2,04,we,8835020102,742,4.9,0,0,201025348404we,164122010041125101,STRIPED BASS,,35.080819914,29,74,201025348404we,,0,05/04/2021
2010,34,4,1,1641220100411008,5,2,04,we,8835020102,746,5,0,0,201025348404we,164122010041125101,STRIPED BASS,,35.080819914,29,74,201025348404we,,0,05/04/2021
2010,34,4,1,1641220100411009,5,2,04,we,8835020102,711,4.1,0,0,201025348404we,164122010041125101,STRIPED BASS,,31.815613451,27,71,201025348404we,,0,05/04/2021
2010,34,4,1,1641220100411012,5,2,04,we,8835020102,726,4.3,0,0,201025348404we,164122010041125101,STRIPED BASS,,35.080819914,28,72,201025348404we,,0,05/04/2021
2010,34,4,2,1641220100423001,5,2,04,wd,8793011601,643,1.8,0,0,201025348404wd,1641220100423291012,OCEAN POUT,,92.399323416,25,64,201025348404wd,,0,05/04/2021
2010,34,4,2,1641220100423001,5,2,04,wd,8793011601,458,0.75,0,0,201025348404wd,1641220100423291012,OCEAN POUT,,92.399323416,18,45,201025348404wd,,0,05/04/2021
2010,34,4,2,1641220100423001,5,2,04,wd,8791031001,453,0.65,0,0,201025348404wd,1641220100423291012,RED HAKE,,92.399323416,17,45,201025348404wd,,0,05/04/2021
2010,34,4,2,1641220100423001,5,2,04,wd,8791031001,451,0.6,0,0,201025348404wd,1641220100423291012,RED HAKE,,92.399323416,17,45,201025348404wd,,0,05/04/2021
2010,34,4,2,1641220100423001,5,2,04,wd,8791031001,458,0.7,0,0,201025348404wd,1641220100423291012,RED HAKE,,92.399323416,18,45,201025348404wd,,0,05/04/2021
2010,34,4,2,1641220100423001,5,2,04,wd,8791031001,527,1.2,0,0,201025348404wd,1641220100423291012,RED HAKE,,92.399323416,20,52,201025348404wd,,0,05/04/2021
2010,34,4,2,1641220100423001,5,2,04,wd,8791031001,459,0.65,0,0,201025348404wd,1641220100423291012,RED HAKE,,92.399323416,18,45,201025348404wd,,0,05/04/2021
2010,34,4,2,1641220100423001,5,2,04,wd,8791031001,510,0.9,0,0,201025348404wd,1641220100423291012,RED HAKE,,92.399323416,20,51,201025348404wd,,0,05/04/2021
2010,34,4,2,1641220100423001,5,2,04,wd,8791031001,455,0.6,0,0,201025348404wd,1641220100423291012,RED HAKE,,92.399323416,17,45,201025348404wd,,0,05/04/2021
2010,34,4,2,1641220100423001,5,2,04,wd,8791031001,511,0.9,0,0,201025348404wd,1641220100423291012,RED HAKE,,92.399323416,20,51,201025348404wd,,0,05/04/2021
2010,34,4,2,1641220100423002,5,2,04,wd,8839010201,233,0.2,1,1,201025348404wd,1641220100423291012,CUNNER,,92.399323416,9,23,201025348404wd,,0,05/04/2021
2010,34,4,2,1641220100423002,5,2,04,wd,8793011601,601,1.5,0,0,201025348404wd,1641220100423291012,OCEAN POUT,,92.399323416,23,60,201025348404wd,,0,05/04/2021
2010,34,4,2,1641220100423002,5,2,04,wd,8791031001,485,0.75,0,0,201025348404wd,1641220100423291012,RED HAKE,,92.399323416,19,48,201025348404wd,,0,05/04/2021
2010,34,4,2,1641220100423002,5,2,04,wd,8791031001,452,0.65,0,0,201025348404wd,1641220100423291012,RED HAKE,,92.399323416,17,45,201025348404wd,,0,05/04/2021
2010,34,4,2,1641220100423002,5,2,04,wd,8791031001,459,0.7,0,0,201025348404wd,1641220100423291012,RED HAKE,,92.399323416,18,45,201025348404wd,,0,05/04/2021
2010,34,4,2,1641220100423002,5,2,04,wd,8793011601,524,0.7,0,0,201025348404wd,1641220100423291012,OCEAN POUT,,92.399323416,20,52,201025348404wd,,0,05/04/2021
2010,34,4,2,1641220100423002,5,2,04,wd,8791031001,455,0.65,0,0,201025348404wd,1641220100423291012,RED HAKE,,92.399323416,17,45,201025348404wd,,0,05/04/2021
2010,34,4,2,1641220100423003,5,2,04,wd,8793011601,662,2,0,0,201025348404wd,1641220100423291012,OCEAN POUT,,92.399323416,26,66,201025348404wd,,0,05/04/2021
2010,34,4,2,1641220100423003,5,2,04,wd,8793011601,578,0.8,0,0,201025348404wd,1641220100423291012,OCEAN POUT,,92.399323416,22,57,201025348404wd,,0,05/04/2021
2010,34,4,2,1641220100423003,5,2,04,wd,8793011601,513,0.7,0,0,201025348404wd,1641220100423291012,OCEAN POUT,,92.399323416,20,51,201025348404wd,,0,05/04/2021
2010,34,4,2,1641220100423003,5,2,04,wd,8791031001,465,0.8,0,0,201025348404wd,1641220100423291012,RED HAKE,,92.399323416,18,46,201025348404wd,,0,05/04/2021
2010,34,4,2,1641220100423003,5,2,04,wd,8791031001,461,0.7,0,0,201025348404wd,1641220100423291012,RED HAKE,,92.399323416,18,46,201025348404wd,,0,05/04/2021
2010,34,4,2,1641220100423003,5,2,04,wd,8791031001,407,0.4,0,0,201025348404wd,1641220100423291012,RED HAKE,,92.399323416,16,40,201025348404wd,,0,05/04/2021
2010,34,4,2,1641220100423003,5,2,04,wd,8791031001,471,0.9,0,0,201025348404wd,1641220100423291012,RED HAKE,,92.399323416,18,47,201025348404wd,,0,05/04/2021
2010,34,4,2,1641220100423003,5,2,04,wd,8791031001,434,0.6,0,0,201025348404wd,1641220100423291012,RED HAKE,,92.399323416,17,43,201025348404wd,,0,05/04/2021
2010,34,4,2,1641220100423003,5,2,04,wd,8791031001,403,0.45,0,0,201025348404wd,1641220100423291012,RED HAKE,,92.399323416,15,40,201025348404wd,,0,05/04/2021
2010,34,4,2,1641220100423003,5,2,04,wd,8791031001,470,0.85,0,0,201025348404wd,1641220100423291012,RED HAKE,,92.399323416,18,47,201025348404wd,,0,05/04/2021
2010,34,4,2,1641220100423004,5,2,04,wd,8793011601,453,0.65,0,0,201025348404wd,1641220100423291012,OCEAN POUT,,92.399323416,17,45,201025348404wd,,0,05/04/2021
2010,34,4,2,1641220100423004,5,2,04,wd,8791031001,401,0.45,0,0,201025348404wd,1641220100423291012,RED HAKE,,92.399323416,15,40,201025348404wd,,0,05/04/2021
2010,34,4,2,1641220100423004,5,2,04,wd,8791031001,463,0.8,0,0,201025348404wd,1641220100423291012,RED HAKE,,92.399323416,18,46,201025348404wd,,0,05/04/2021
2010,34,4,2,1641220100423004,5,2,04,wd,8791031001,534,1.1,0,0,201025348404wd,1641220100423291012,RED HAKE,,92.399323416,21,53,201025348404wd,,0,05/04/2021
2010,34,4,2,1641220100423004,5,2,04,wd,8791031001,462,0.7,0,0,201025348404wd,1641220100423291012,RED HAKE,,92.399323416,18,46,201025348404wd,,0,05/04/2021
2010,34,4,2,1641220100423005,5,2,04,wd,8791031001,457,0.65,0,0,201025348404wd,1641220100423291012,RED HAKE,,92.399323416,17,45,201025348404wd,,0,05/04/2021
2010,34,4,2,1641220100423005,5,2,04,wd,8791031001,461,0.8,1,1,201025348404wd,1641220100423291012,RED HAKE,,92.399323416,18,46,201025348404wd,,0,05/04/2021
2010,34,4,2,1641220100423005,5,2,04,wd,8791031001,459,0.65,0,0,201025348404wd,1641220100423291012,RED HAKE,,92.399323416,18,45,201025348404wd,,0,05/04/2021
2010,34,4,2,1641220100423005,5,2,04,wd,8791031001,470,0.85,1,1,201025348404wd,1641220100423291012,RED HAKE,,92.399323416,18,47,201025348404wd,,0,05/04/2021
2010,34,4,2,1641220100423005,5,2,04,wd,8791031001,440,0.6435111936,1,1,201025348404wd,1641220100423291012,RED HAKE,,92.399323416,17,44,201025348404wd,,0,05/04/2021
2010,34,4,2,1641220100423005,5,2,04,wd,8791031001,372,0.6,1,1,201025348404wd,1641220100423291012,RED HAKE,,92.399323416,14,37,201025348404wd,,0,05/04/2021
2010,34,4,2,1641220100423005,5,2,04,wd,8791031001,550,0.9,0,0,201025348404wd,1641220100423291012,RED HAKE,,92.399323416,21,55,201025348404wd,,0,05/04/2021
2010,34,4,2,1641220100423006,5,2,04,wd,8791031001,455,0.65,0,0,201025348404wd,1641220100423291012,RED HAKE,,92.399323416,17,45,201025348404wd,,0,05/04/2021
2010,34,4,2,1641220100423006,5,2,04,wd,8791031001,458,0.75,0,0,201025348404wd,1641220100423291012,RED HAKE,,92.399323416,18,45,201025348404wd,,0,05/04/2021
2010,34,4,2,1641220100423006,5,2,04,wd,8791031001,451,0.6,0,0,201025348404wd,1641220100423291012,RED HAKE,,92.399323416,17,45,201025348404wd,,0,05/04/2021
2010,34,4,2,1641220100423006,5,2,04,wd,8791031001,432,0.7,0,0,201025348404wd,1641220100423291012,RED HAKE,,92.399323416,17,43,201025348404wd,,0,05/04/2021
2010,34,4,2,1641220100423006,5,2,04,wd,8791031001,435,0.7,0,0,201025348404wd,1641220100423291012,RED HAKE,,92.399323416,17,43,201025348404wd,,0,05/04/2021
2010,34,4,2,1641220100423006,5,2,04,wd,8791031001,452,0.6,0,0,201025348404wd,1641220100423291012,RED HAKE,,92.399323416,17,45,201025348404wd,,0,05/04/2021
2010,34,4,2,1641220100423006,5,2,04,wd,8791031001,528,1.2,0,0,201025348404wd,1641220100423291012,RED HAKE,,92.399323416,20,52,201025348404wd,,0,05/04/2021
2010,34,4,2,1641220100423006,5,2,04,wd,8791031001,457,0.7,0,0,201025348404wd,1641220100423291012,RED HAKE,,92.399323416,17,45,201025348404wd,,0,05/04/2021
2010,34,4,2,1641220100423006,5,2,04,wd,8791030402,697,3.4,0,0,201025348404wd,1641220100423291012,ATLANTIC COD,,92.399323416,27,69,201025348404wd,,0,05/04/2021
2010,34,4,2,1641220100423007,5,2,04,wd,8793011601,660,1.5178735838,0,1,201025348404wd,1641220100423291012,OCEAN POUT,,92.399323416,25,66,201025348404wd,,0,05/04/2021
2010,34,4,2,1641220100423007,5,2,04,wd,8793011601,550,0.9062226019,0,1,201025348404wd,1641220100423291012,OCEAN POUT,,92.399323416,21,55,201025348404wd,,0,05/04/2021
2010,34,4,2,1641220100423007,5,2,04,wd,8791031001,450,0.6876792421,0,1,201025348404wd,1641220100423291012,RED HAKE,,92.399323416,17,45,201025348404wd,,0,05/04/2021
2010,34,4,2,1641220100423007,5,2,04,wd,8791031001,500,0.9387501655,0,1,201025348404wd,1641220100423291012,RED HAKE,,92.399323416,19,50,201025348404wd,,0,05/04/2021
2010,34,4,2,1641220100423007,5,2,04,wd,8791031001,475,0.8067654074,0,1,201025348404wd,1641220100423291012,RED HAKE,,92.399323416,18,47,201025348404wd,,0,05/04/2021
2010,34,4,2,1641220100423007,5,2,04,wd,8791031001,440,0.6435111936,0,1,201025348404wd,1641220100423291012,RED HAKE,,92.399323416,17,44,201025348404wd,,0,05/04/2021
2010,34,4,2,1641220100423007,5,2,04,wd,8791031001,473,0.7967724258,0,1,201025348404wd,1641220100423291012,RED HAKE,,92.399323416,18,47,201025348404wd,,0,05/04/2021
2010,34,4,2,1641220100423007,5,2,04,wd,8791031001,347,0.3191082933,0,1,201025348404wd,1641220100423291012,RED HAKE,,92.399323416,13,34,201025348404wd,,0,05/04/2021
2010,34,4,2,1641220100423008,5,2,04,wd,8791031001,437,0.6306367747,0,1,201025348404wd,1641220100423291012,RED HAKE,,83.799100596,17,43,201025348404wd,,0,05/04/2021
2010,34,4,2,1641220100423008,5,2,04,wd,8791031001,345,0.3137058535,0,1,201025348404wd,1641220100423291012,RED HAKE,,83.799100596,13,34,201025348404wd,,0,05/04/2021
2010,34,4,2,1641220100423008,5,2,04,wd,8791031001,355,0.3413332666,0,1,201025348404wd,1641220100423291012,RED HAKE,,83.799100596,13,35,201025348404wd,,0,05/04/2021
2010,34,4,2,1641220100423008,5,2,04,wd,8791031001,437,0.6306367747,0,1,201025348404wd,1641220100423291012,RED HAKE,,83.799100596,17,43,201025348404wd,,0,05/04/2021
2010,34,4,2,1641220100423008,5,2,04,wd,8791030402,480,1.2707962527,0,1,201025348404wd,1641220100423291012,ATLANTIC COD,,83.799100596,18,48,201025348404wd,,0,05/04/2021
2010,34,4,2,1641220100423009,5,2,04,wd,8791031001,453,0.7013099757,0,1,201025348404wd,1641220100423291012,RED HAKE,,83.799100596,17,45,201025348404wd,,0,05/04/2021
2010,34,4,2,1641220100423009,5,2,04,wd,8791031001,350,0.3273267801,0,1,201025348404wd,1641220100423291012,RED HAKE,,83.799100596,13,35,201025348404wd,,0,05/04/2021
2010,34,4,2,1641220100423009,5,2,04,wd,8791031001,420,0.560888913,0,1,201025348404wd,1641220100423291012,RED HAKE,,83.799100596,16,42,201025348404wd,,0,05/04/2021
2010,34,4,2,1641220100423009,5,2,04,wd,8791031001,440,0.6435111936,0,1,201025348404wd,1641220100423291012,RED HAKE,,83.799100596,17,44,201025348404wd,,0,05/04/2021
2010,34,4,2,1641220100423009,5,2,04,wd,8791031001,487,0.8684684867,0,1,201025348404wd,1641220100423291012,RED HAKE,,83.799100596,19,48,201025348404wd,,0,05/04/2021
2010,34,4,2,1641220100423010,5,2,04,wd,8791031001,460,0.7338073389,0,1,201025348404wd,1641220100423291012,RED HAKE,,92.399323416,18,46,201025348404wd,,0,05/04/2021
2010,34,4,2,1675020100320001,5,2,03,we,,,,0,0,201025348403we,1675020100320291782,,,54.841474991,,,201025348403we,,0,05/04/2021
2010,34,4,2,1675020100320002,5,2,03,we,,,,0,0,201025348403we,1675020100320291782,,,54.841474991,,,201025348403we,,0,05/04/2021
2010,34,4,2,1675020100320003,5,2,03,we,,,,0,0,201025348403we,1675020100320291782,,,54.841474991,,,201025348403we,,0,05/04/2021
2010,34,4,2,1675020100320004,5,2,03,we,8791030402,577,1.6,0,0,201025348403we,1675020100320291782,ATLANTIC COD,,54.841474991,22,57,201025348403we,,0,05/04/2021
2010,34,4,2,1675020100320005,5,2,03,we,,,,0,0,201025348403we,1675020100320291782,,,54.841474991,,,201025348403we,,0,05/04/2021
2010,34,4,2,1675020100320006,5,2,03,we,,,,0,0,201025348403we,1675020100320291782,,,54.841474991,,,201025348403we,,0,05/04/2021
2010,34,4,2,1675020100320007,5,2,03,we,,,,0,0,201025348403we,1675020100320291782,,,77.790054877,,,201025348403we,,0,05/04/2021
2010,34,4,2,1675020100320008,5,2,03,we,,,,0,0,201025348403we,1675020100320291782,,,60.469803951,,,201025348403we,,0,05/04/2021
2010,34,4,2,1675020100320009,5,2,03,we,,,,0,0,201025348403we,1675020100320291782,,,60.469803951,,,201025348403we,,0,05/04/2021
2010,34,4,2,1675020100320011,5,2,03,we,,,,0,0,201025348403we,1675020100320291782,,,60.469803951,,,201025348403we,,0,05/04/2021
2010,34,4,2,1675020100320012,5,2,03,we,,,,0,0,201025348403we,1675020100320291782,,,60.469803951,,,201025348403we,,0,05/04/2021
2010,34,4,2,1675020100320013,5,2,03,we,8791031001,452.76117978,0.7,1,0,201025348403we,1675020100320291782,RED HAKE,,60.469803951,17,45,201025348403we,,0,05/04/2021
2010,34,4,2,1675320100318001,5,2,03,wd,8839010101,396,1.2,0,0,201025348403wd,167532010031825101,TAUTOG,,48.983131892,15,39,201025348403wd,,0,05/04/2021
2010,34,4,2,1675320100318002,5,2,03,wd,8791031001,427,0.7,1,1,201025348403wd,167532010031825101,RED HAKE,,48.983131892,16,42,201025348403wd,,0,05/04/2021
2010,34,4,2,1675320100318002,5,2,03,wd,8791030402,590,2.3,0,0,201025348403wd,167532010031825101,ATLANTIC COD,,48.983131892,23,59,201025348403wd,,0,05/04/2021
2010,34,4,2,1675320100318002,5,2,03,wd,8791030402,600,2,0,0,201025348403wd,167532010031825101,ATLANTIC COD,,48.983131892,23,60,201025348403wd,,0,05/04/2021
2010,34,4,2,1675320100318005,5,2,03,wd,,,,0,0,201025348403wd,167532010031825101,,,48.983131892,,,201025348403wd,,0,05/04/2021
2010,34,4,2,1675320100318006,5,2,03,wd,8791030402,590,2.3,0,0,201025348403wd,167532010031825101,ATLANTIC COD,,48.983131892,23,59,201025348403wd,,0,05/04/2021
2010,34,4,2,1675320100318007,5,2,03,wd,,,,0,0,201025348403wd,167532010031825101,,,48.983131892,,,201025348403wd,,0,05/04/2021
2010,34,4,2,1675320100318008,5,2,03,wd,8791031001,461,0.8,0,0,201025348403wd,167532010031825101,RED HAKE,,48.983131892,18,46,201025348403wd,,0,05/04/2021
2010,34,4,2,1675320100318009,5,2,03,wd,,,,0,0,201025348403wd,167532010031825101,,,44.423944302,,,201025348403wd,,0,05/04/2021
2010,34,4,2,1675320100318010,5,2,03,wd,8791030402,590,2.3,0,0,201025348403wd,167532010031825101,ATLANTIC COD,,44.423944302,23,59,201025348403wd,,0,05/04/2021
2010,34,4,2,1675320100318011,5,2,03,wd,,,,0,0,201025348403wd,167532010031825101,,,44.423944302,,,201025348403wd,,0,05/04/2021
2010,34,4,2,1675320100318012,5,2,03,wd,,,,0,0,201025348403wd,167532010031825101,,,44.423944302,,,201025348403wd,,0,05/04/2021
2010,34,4,2,1675320100318013,5,2,03,wd,,,,0,0,201025348403wd,167532010031825101,,,48.983131892,,,201025348403wd,,0,05/04/2021
2010,34,4,2,1675320100318014,5,2,03,wd,,,,0,0,201025348403wd,167532010031825101,,,44.423944302,,,201025348403wd,,0,05/04/2021
2010,34,4,1,1683020100417001,5,2,04,we,8835020102,800,5.7,0,0,201025348404we,168302010041725101,STRIPED BASS,,36.38010954,31,80,201025348404we,,0,05/04/2021
2010,34,4,1,1683020100417001,5,2,04,we,8835020102,735,4.5,0,0,201025348404we,168302010041725101,STRIPED BASS,,36.38010954,28,73,201025348404we,,0,05/04/2021
2010,34,4,1,1683020100417002,5,2,04,we,8835020102,800,6.8,0,0,201025348404we,168302010041725101,STRIPED BASS,,32.993969505,31,80,201025348404we,,0,05/04/2021
2010,34,4,1,1683020100417003,5,2,04,we,,,,0,0,201025348404we,168302010041725101,,,32.993969505,,,201025348404we,,0,05/04/2021
2010,34,4,1,1683020100417004,5,2,04,we,8835020102,794,5.7,0,0,201025348404we,168302010041725101,STRIPED BASS,,32.993969505,31,79,201025348404we,,0,05/04/2021
2010,34,4,1,1683020100417005,5,2,04,we,8835020102,689,3.5,0,0,201025348404we,168302010041725101,STRIPED BASS,,36.38010954,27,68,201025348404we,,0,05/04/2021
2010,34,4,1,1683020100417005,5,2,04,we,8835020102,683,3.4,0,0,201025348404we,168302010041725101,STRIPED BASS,,36.38010954,26,68,201025348404we,,0,05/04/2021
2010,34,4,1,1683020100417006,5,2,04,we,8835020102,765,5.2,0,0,201025348404we,168302010041725101,STRIPED BASS,,32.993969505,30,76,201025348404we,,0,05/04/2021
2010,34,4,1,1683020100417006,5,2,04,we,8835020102,711,4,0,0,201025348404we,168302010041725101,STRIPED BASS,,32.993969505,27,71,201025348404we,,0,05/04/2021
2010,34,4,1,1683020100418001,5,2,04,we,8835020102,735,4.5,1,1,201025348404we,168302010041825101,STRIPED BASS,,16.791573766,28,73,201025348404we,,0,05/04/2021
2010,34,4,1,1683020100418003,5,2,04,we,8835020102,710,3.8,0,0,201025348404we,168302010041825101,STRIPED BASS,,18.514877177,27,71,201025348404we,,0,05/04/2021
2010,34,4,1,1683020100418003,5,2,04,we,8835020102,831,6,0,0,201025348404we,168302010041825101,STRIPED BASS,,18.514877177,32,83,201025348404we,,0,05/04/2021
2010,34,4,1,1683020100418004,5,2,04,we,8835020102,712,4.6,0,0,201025348404we,168302010041825101,STRIPED BASS,,18.514877177,28,71,201025348404we,,0,05/04/2021
2010,34,4,1,1683020100418004,5,2,04,we,8835020102,873,6.1,0,0,201025348404we,168302010041825101,STRIPED BASS,,18.514877177,34,87,201025348404we,,0,05/04/2021
2010,34,4,1,1683020100418005,5,2,04,we,8835020102,753,4.4,0,0,201025348404we,168302010041825101,STRIPED BASS,,18.514877177,29,75,201025348404we,,0,05/04/2021
2010,34,4,1,1683020100418005,5,2,04,we,8835020102,672,3.9,0,0,201025348404we,168302010041825101,STRIPED BASS,,18.514877177,26,67,201025348404we,,0,05/04/2021
2010,34,4,1,1683020100418006,5,2,04,we,8835020102,672,3.9,0,0,201025348404we,168302010041825101,STRIPED BASS,,18.514877177,26,67,201025348404we,,0,05/04/2021
2010,34,4,1,1683020100418007,5,2,04,we,,,,0,0,201025348404we,168302010041825101,,,18.514877177,,,201025348404we,,0,05/04/2021
2010,34,4,1,1683020100418008,5,2,04,we,8835020102,800,6.8,1,1,201025348404we,168302010041825101,STRIPED BASS,,18.514877177,31,80,201025348404we,,0,05/04/2021
2010,34,4,1,1683020100418011,5,2,04,we,8835020102,775,5.1,0,0,201025348404we,168302010041825101,STRIPED BASS,,16.791573766,30,77,201025348404we,,0,05/04/2021
2010,34,4,1,1683020100418011,5,2,04,we,8835020102,806,6.2,0,0,201025348404we,168302010041825101,STRIPED BASS,,16.791573766,31,80,201025348404we,,0,05/04/2021
2010,34,4,1,1683020100418012,5,2,04,we,8835020102,745,4.6,0,0,201025348404we,168302010041825101,STRIPED BASS,,18.514877177,29,74,201025348404we,,0,05/04/2021
2010,34,4,1,1683020100418013,5,2,04,we,8835020102,831,6,1,1,201025348404we,168302010041825101,STRIPED BASS,,18.514877177,32,83,201025348404we,,0,05/04/2021
2010,34,4,1,1683020100418013,5,2,04,we,8835020102,765,5.2,1,1,201025348404we,168302010041825101,STRIPED BASS,,18.514877177,30,76,201025348404we,,0,05/04/2021
2010,34,4,1,1683020100418014,5,2,04,we,,,,0,0,201025348404we,168302010041825101,,,18.514877177,,,201025348404we,,0,05/04/2021
2010,34,4,1,1683020100418016,5,2,04,we,8835020102,753,4.4,1,1,201025348404we,168302010041825101,STRIPED BASS,,18.514877177,29,75,201025348404we,,0,05/04/2021
2010,34,4,1,1683020100418016,5,2,04,we,8835020102,672,3.9,1,1,201025348404we,168302010041825101,STRIPED BASS,,18.514877177,26,67,201025348404we,,0,05/04/2021
2010,34,4,2,1683020100430001,5,2,04,wd,8791031001,462,0.75,0,0,201025348404wd,1683020100430291012,RED HAKE,,58.193819858,18,46,201025348404wd,,0,05/04/2021
2010,34,4,2,1683020100430001,5,2,04,wd,8791031001,426,0.65,0,0,201025348404wd,1683020100430291012,RED HAKE,,58.193819858,16,42,201025348404wd,,0,05/04/2021
2010,34,4,2,1683020100430001,5,2,04,wd,8791031001,431,0.55,0,0,201025348404wd,1683020100430291012,RED HAKE,,58.193819858,16,43,201025348404wd,,0,05/04/2021
2010,34,4,2,1683020100430002,5,2,04,wd,8791031001,400,0.5,0,0,201025348404wd,1683020100430291012,RED HAKE,,58.193819858,15,40,201025348404wd,,0,05/04/2021
2010,34,4,2,1683020100430002,5,2,04,wd,8791031001,429,0.6,0,0,201025348404wd,1683020100430291012,RED HAKE,,58.193819858,16,42,201025348404wd,,0,05/04/2021
2010,34,4,2,1683020100430002,5,2,04,wd,8791031001,358,0.3,0,0,201025348404wd,1683020100430291012,RED HAKE,,58.193819858,14,35,201025348404wd,,0,05/04/2021
2010,34,4,2,1683020100430003,5,2,04,wd,8791031001,393,0.45,0,0,201025348404wd,1683020100430291012,RED HAKE,,64.166196817,15,39,201025348404wd,,0,05/04/2021
2010,34,4,2,1683020100430003,5,2,04,wd,8791031001,446,0.65,0,0,201025348404wd,1683020100430291012,RED HAKE,,64.166196817,17,44,201025348404wd,,0,05/04/2021
2010,34,4,2,1683020100430003,5,2,04,wd,8791031001,378,0.35,0,0,201025348404wd,1683020100430291012,RED HAKE,,64.166196817,14,37,201025348404wd,,0,05/04/2021
2010,34,4,2,1683020100430003,5,2,04,wd,8741120101,549,0.85,0,0,201025348404wd,1683020100430291012,CONGER EEL,,64.166196817,21,54,201025348404wd,,0,05/04/2021
2010,34,4,2,1683020100430003,5,2,04,wd,8741120101,672,1.7,0,0,201025348404wd,1683020100430291012,CONGER EEL,,64.166196817,26,67,201025348404wd,,0,05/04/2021
2010,34,4,2,1683020100430004,5,2,04,wd,8835020102,681,3.5,0,0,201025348404wd,1683020100430291012,STRIPED BASS,,58.193819858,26,68,201025348404wd,,0,05/04/2021
2010,34,4,2,1683020100430004,5,2,04,wd,8791031001,445,0.55,0,0,201025348404wd,1683020100430291012,RED HAKE,,58.193819858,17,44,201025348404wd,,0,05/04/2021
2010,34,4,2,1683020100430004,5,2,04,wd,8791031001,401,0.45,0,0,201025348404wd,1683020100430291012,RED HAKE,,58.193819858,15,40,201025348404wd,,0,05/04/2021
2010,34,4,2,1683020100430004,5,2,04,wd,8791031001,378,0.4,0,0,201025348404wd,1683020100430291012,RED HAKE,,58.193819858,14,37,201025348404wd,,0,05/04/2021
2010,34,4,2,1683020100430004,5,2,04,wd,8791031001,383,0.35,0,0,201025348404wd,1683020100430291012,RED HAKE,,58.193819858,15,38,201025348404wd,,0,05/04/2021
2010,34,4,2,1683020100430004,5,2,04,wd,8741120101,579,0.9,0,0,201025348404wd,1683020100430291012,CONGER EEL,,58.193819858,22,57,201025348404wd,,0,05/04/2021
2010,34,4,2,1683020100430004,5,2,04,wd,8741120101,597,1.25,0,0,201025348404wd,1683020100430291012,CONGER EEL,,58.193819858,23,59,201025348404wd,,0,05/04/2021
2010,34,4,2,1683020100430004,5,2,04,wd,8741120101,620,1.35,0,0,201025348404wd,1683020100430291012,CONGER EEL,,58.193819858,24,62,201025348404wd,,0,05/04/2021
2010,34,4,2,1683020100430004,5,2,04,wd,8741120101,732,2.1,0,0,201025348404wd,1683020100430291012,CONGER EEL,,58.193819858,28,73,201025348404wd,,0,05/04/2021
2010,34,4,2,1683020100430005,5,2,04,wd,8791031001,388,0.45,0,0,201025348404wd,1683020100430291012,RED HAKE,,58.193819858,15,38,201025348404wd,,0,05/04/2021
2010,34,4,2,1683020100430005,5,2,04,wd,8791030402,650,3.4,0,0,201025348404wd,1683020100430291012,ATLANTIC COD,,58.193819858,25,65,201025348404wd,,0,05/04/2021
2010,34,4,2,1683020100430006,5,2,04,wd,8791031001,468,0.9,0,0,201025348404wd,1683020100430291012,RED HAKE,,58.193819858,18,46,201025348404wd,,0,05/04/2021
2010,34,4,2,1683020100430007,5,2,04,wd,8835020102,730,4.4,0,0,201025348404wd,1683020100430291012,STRIPED BASS,,64.166196817,28,73,201025348404wd,,0,05/04/2021
2010,34,4,2,1683020100430007,5,2,04,wd,8791031001,320,0.25,0,0,201025348404wd,1683020100430291012,RED HAKE,,64.166196817,12,32,201025348404wd,,0,05/04/2021
2010,34,4,2,1683020100430007,5,2,04,wd,8791031001,427,0.7,0,0,201025348404wd,1683020100430291012,RED HAKE,,64.166196817,16,42,201025348404wd,,0,05/04/2021
2010,34,4,2,1683020100430008,5,2,04,wd,8791031001,431,0.45,0,0,201025348404wd,1683020100430291012,RED HAKE,,64.166196817,16,43,201025348404wd,,0,05/04/2021
2010,34,4,2,1683020100430008,5,2,04,wd,8741120101,760,2.1,0,0,201025348404wd,1683020100430291012,CONGER EEL,,64.166196817,29,76,201025348404wd,,0,05/04/2021
2010,34,4,2,1683020100430009,5,2,04,wd,8835020102,756,5,0,0,201025348404wd,1683020100430291012,STRIPED BASS,,64.166196817,29,75,201025348404wd,,0,05/04/2021
2010,34,4,2,1683020100430009,5,2,04,wd,8835020102,894,8.5,0,0,201025348404wd,1683020100430291012,STRIPED BASS,,64.166196817,35,89,201025348404wd,,0,05/04/2021
2010,34,4,2,1683020100430009,5,2,04,wd,8835020102,827,7.3,0,0,201025348404wd,1683020100430291012,STRIPED BASS,,64.166196817,32,82,201025348404wd,,0,05/04/2021
2010,34,4,2,1683020100430009,5,2,04,wd,8791031001,404,0.5,0,0,201025348404wd,1683020100430291012,RED HAKE,,64.166196817,15,40,201025348404wd,,0,05/04/2021
2010,34,4,2,1683020100430009,5,2,04,wd,8741120101,571,1,0,0,201025348404wd,1683020100430291012,CONGER EEL,,64.166196817,22,57,201025348404wd,,0,05/04/2021
2010,34,4,5,1683220100403001,5,2,04,we,8835020102,742,5.2,0,0,201025348404we,16832201004039891,STRIPED BASS,,105.99313169,29,74,201025348404we,,0,05/04/2021
2010,34,4,5,1683220100403002,5,2,04,we,8835020102,740,5.3,0,0,201025348404we,16832201004039891,STRIPED BASS,,116.87110703,29,74,201025348404we,,0,05/04/2021
2010,34,4,5,1683220100403003,5,2,04,we,8835020102,712,4.8,0,0,201025348404we,16832201004039891,STRIPED BASS,,105.99313169,28,71,201025348404we,,0,05/04/2021
2010,34,4,5,1683220100403003,5,2,04,we,8835020102,723,5.2,0,0,201025348404we,16832201004039891,STRIPED BASS,,105.99313169,28,72,201025348404we,,0,05/04/2021
2010,34,4,5,1683220100403004,5,2,04,we,,,,0,0,201025348404we,16832201004039891,,,105.99313169,,,201025348404we,,0,05/04/2021
2010,34,4,5,1683220100403005,5,2,04,we,,,,0,0,201025348404we,16832201004039891,,,105.99313169,,,201025348404we,,0,05/04/2021
2010,34,4,5,1683220100403006,5,2,04,we,8835020102,731,5.3,0,0,201025348404we,16832201004039891,STRIPED BASS,,105.99313169,28,73,201025348404we,,0,05/04/2021
2010,34,4,5,1683220100403006,5,2,04,we,8835020102,761,5.4,0,0,201025348404we,16832201004039891,STRIPED BASS,,105.99313169,29,76,201025348404we,,0,05/04/2021
2010,34,4,5,1683220100403007,5,2,04,we,8835020102,730,5.1,0,0,201025348404we,16832201004039891,STRIPED BASS,,105.99313169,28,73,201025348404we,,0,05/04/2021
2010,34,4,5,1683220100403007,5,2,04,we,8835020102,800,6.5,0,0,201025348404we,16832201004039891,STRIPED BASS,,105.99313169,31,80,201025348404we,,0,05/04/2021
2010,34,4,5,1683220100403008,5,2,04,we,8835020102,740,5.4,0,0,201025348404we,16832201004039891,STRIPED BASS,,116.87110703,29,74,201025348404we,,0,05/04/2021
2010,34,4,5,1683220100403008,5,2,04,we,8835020102,800,6.7,0,0,201025348404we,16832201004039891,STRIPED BASS,,116.87110703,31,80,201025348404we,,0,05/04/2021
2010,34,4,5,1683220100403008,5,2,04,we,8835020102,820,7.3,0,0,201025348404we,16832201004039891,STRIPED BASS,,116.87110703,32,82,201025348404we,,0,05/04/2021
2010,34,4,5,1683220100403009,5,2,04,we,,,,0,0,201025348404we,16832201004039891,,,105.99313169,,,201025348404we,,0,05/04/2021
2010,34,4,5,1683220100403010,5,2,04,we,8835020102,785,6.1,0,0,201025348404we,16832201004039891,STRIPED BASS,,116.87110703,30,78,201025348404we,,0,05/04/2021
2010,34,4,5,1683220100403010,5,2,04,we,8835020102,752,6,0,0,201025348404we,16832201004039891,STRIPED BASS,,116.87110703,29,75,201025348404we,,0,05/04/2021
2010,34,4,5,1683220100403011,5,2,04,we,,,,0,0,201025348404we,16832201004039891,,,116.87110703,,,201025348404we,,0,05/04/2021
2010,34,5,5,1606820100413003,5,2,04,wd,8835020102,760,5.3,1,1,201025348504wd,160682010041391672,STRIPED BASS,,102.30883908,29,76,201025348504wd,,0,05/04/2021
2010,34,5,5,1606820100413007,5,2,04,wd,,,,0,0,201025348504wd,160682010041391672,,,153.46325863,,,201025348504wd,,0,05/04/2021
2010,34,5,5,1606820100413008,5,2,04,wd,8835020102,760,5.3,1,1,201025348504wd,160682010041391672,STRIPED BASS,,98.388904154,29,76,201025348504wd,,0,05/04/2021
2010,34,5,1,1606820100415001,5,2,04,wd,8839010101,430,1.6,1,1,201025348504wd,160682010041591671,TAUTOG,,24.607204339,16,43,201025348504wd,,0,05/04/2021
2010,34,5,1,1606820100415001,5,2,04,wd,8839010101,430,1.6,1,1,201025348504wd,160682010041591671,TAUTOG,,24.607204339,16,43,201025348504wd,,0,05/04/2021
2010,34,5,1,1606820100415001,5,2,04,wd,8839010101,430,1.6,1,1,201025348504wd,160682010041591671,TAUTOG,,24.607204339,16,43,201025348504wd,,0,05/04/2021
2010,34,5,1,1606820100415001,5,2,04,wd,8839010101,430,1.6,1,1,201025348504wd,160682010041591671,TAUTOG,,24.607204339,16,43,201025348504wd,,0,05/04/2021
2010,34,5,1,1606820100415002,5,2,04,wd,8839010101,430,1.6,1,1,201025348504wd,160682010041591671,TAUTOG,,24.607204339,16,43,201025348504wd,,0,05/04/2021
2010,34,5,1,1606820100415002,5,2,04,wd,8839010101,433,1.7,1,1,201025348504wd,160682010041591671,TAUTOG,,24.607204339,17,43,201025348504wd,,0,05/04/2021
2010,34,5,1,1606820100415002,5,2,04,wd,8839010101,433,1.7,1,1,201025348504wd,160682010041591671,TAUTOG,,24.607204339,17,43,201025348504wd,,0,05/04/2021
2010,34,5,1,1606820100415002,5,2,04,wd,8839010101,433,1.7,1,1,201025348504wd,160682010041591671,TAUTOG,,24.607204339,17,43,201025348504wd,,0,05/04/2021
2010,34,5,1,1606820100415003,5,2,04,wd,8839010101,429,1.65,1,1,201025348504wd,160682010041591671,TAUTOG,,24.607204339,16,42,201025348504wd,,0,05/04/2021
2010,34,5,1,1606820100415003,5,2,04,wd,8839010101,433,1.7,1,1,201025348504wd,160682010041591671,TAUTOG,,24.607204339,17,43,201025348504wd,,0,05/04/2021
2010,34,5,1,1606820100415003,5,2,04,wd,8839010101,433,1.7,1,1,201025348504wd,160682010041591671,TAUTOG,,24.607204339,17,43,201025348504wd,,0,05/04/2021
2010,34,5,1,1606820100415003,5,2,04,wd,8839010101,429,1.65,1,1,201025348504wd,160682010041591671,TAUTOG,,24.607204339,16,42,201025348504wd,,0,05/04/2021
2010,34,5,1,1606820100415004,5,2,04,wd,8839010101,429,1.65,1,1,201025348504wd,160682010041591671,TAUTOG,,29.528645207,16,42,201025348504wd,,0,05/04/2021
2010,34,5,1,1606820100415004,5,2,04,wd,8839010101,429,1.65,1,1,201025348504wd,160682010041591671,TAUTOG,,29.528645207,16,42,201025348504wd,,0,05/04/2021
2010,34,5,1,1606820100415004,5,2,04,wd,8839010101,429,1.65,1,1,201025348504wd,160682010041591671,TAUTOG,,29.528645207,16,42,201025348504wd,,0,05/04/2021
2010,34,5,1,1606820100415004,5,2,04,wd,8839010101,397,1.15,1,1,201025348504wd,160682010041591671,TAUTOG,,29.528645207,15,39,201025348504wd,,0,05/04/2021
2010,34,5,1,1606820100415004,5,2,04,wd,8839010101,397,1.15,1,1,201025348504wd,160682010041591671,TAUTOG,,29.528645207,15,39,201025348504wd,,0,05/04/2021
2010,34,5,1,1606820100415005,5,2,04,wd,8839010101,402,1.5,1,1,201025348504wd,160682010041591671,TAUTOG,,24.607204339,15,40,201025348504wd,,0,05/04/2021
2010,34,5,1,1606820100415005,5,2,04,wd,8839010101,397,1.15,1,1,201025348504wd,160682010041591671,TAUTOG,,24.607204339,15,39,201025348504wd,,0,05/04/2021
2010,34,5,1,1606820100415005,5,2,04,wd,8839010101,397,1.15,1,1,201025348504wd,160682010041591671,TAUTOG,,24.607204339,15,39,201025348504wd,,0,05/04/2021
2010,34,5,1,1606820100415005,5,2,04,wd,8839010101,397,1.15,1,1,201025348504wd,160682010041591671,TAUTOG,,24.607204339,15,39,201025348504wd,,0,05/04/2021
2010,34,5,1,1606820100415006,5,2,04,wd,8839010101,402,1.5,1,1,201025348504wd,160682010041591671,TAUTOG,,24.607204339,15,40,201025348504wd,,0,05/04/2021
2010,34,5,1,1606820100415006,5,2,04,wd,8839010101,402,1.5,1,1,201025348504wd,160682010041591671,TAUTOG,,24.607204339,15,40,201025348504wd,,0,05/04/2021
2010,34,5,1,1606820100415006,5,2,04,wd,8839010101,402,1.5,1,1,201025348504wd,160682010041591671,TAUTOG,,24.607204339,15,40,201025348504wd,,0,05/04/2021
2010,34,5,1,1606820100415006,5,2,04,wd,8839010101,402,1.5,1,1,201025348504wd,160682010041591671,TAUTOG,,24.607204339,15,40,201025348504wd,,0,05/04/2021
2010,34,5,5,1606820100417001,5,2,04,we,8835020102,760,5.3,1,1,201025348504we,160682010041791672,STRIPED BASS,,31.274669254,29,76,201025348504we,,0,05/04/2021
2010,34,5,5,1606820100417001,5,2,04,we,8835020102,852,6.9,1,1,201025348504we,160682010041791672,STRIPED BASS,,31.274669254,33,85,201025348504we,,0,05/04/2021
2010,34,5,5,1606820100417002,5,2,04,we,8835020102,852,6.9,1,1,201025348504we,160682010041791672,STRIPED BASS,,31.274669254,33,85,201025348504we,,0,05/04/2021
2010,34,5,5,1606820100417005,5,2,04,we,,,,0,0,201025348504we,160682010041791672,,,31.274669254,,,201025348504we,,0,05/04/2021
2010,34,5,5,1606820100417009,5,2,04,we,8835020102,852,6.9,1,1,201025348504we,160682010041791672,STRIPED BASS,,31.274669254,33,85,201025348504we,,0,05/04/2021
2010,34,5,1,1606820100420001,5,2,04,wd,8835250101,300,0.4,1,1,201025348504wd,16068201004209385,BLUEFISH,,9.1556102234,11,30,201025348504wd,,0,05/04/2021
2010,34,5,1,1606820100420001,5,2,04,wd,8835250101,277,0.3,1,1,201025348504wd,16068201004209385,BLUEFISH,,9.1556102234,10,27,201025348504wd,,0,05/04/2021
2010,34,5,1,1606820100420001,5,2,04,wd,8835250101,252,0.3,1,1,201025348504wd,16068201004209385,BLUEFISH,,9.1556102234,9,25,201025348504wd,,0,05/04/2021
2010,34,5,1,1606820100420002,5,2,04,wd,8839010101,399,1.35,1,1,201025348504wd,16068201004209385,TAUTOG,,9.1556102234,15,39,201025348504wd,,0,05/04/2021
2010,34,5,1,1606820100420002,5,2,04,wd,8835250101,313,0.45,1,1,201025348504wd,16068201004209385,BLUEFISH,,9.1556102234,12,31,201025348504wd,,0,05/04/2021
2010,34,5,1,1606820100420002,5,2,04,wd,8835250101,271,0.25,1,1,201025348504wd,16068201004209385,BLUEFISH,,9.1556102234,10,27,201025348504wd,,0,05/04/2021
2010,34,5,1,1606820100420002,5,2,04,wd,8835250101,261,0.25,1,1,201025348504wd,16068201004209385,BLUEFISH,,9.1556102234,10,26,201025348504wd,,0,05/04/2021
2010,34,5,1,1606820100420003,5,2,04,wd,8835250101,291,0.45,1,1,201025348504wd,16068201004209385,BLUEFISH,,9.1556102234,11,29,201025348504wd,,0,05/04/2021
2010,34,5,1,1606820100420003,5,2,04,wd,8835250101,266,0.5,1,1,201025348504wd,16068201004209385,BLUEFISH,,9.1556102234,10,26,201025348504wd,,0,05/04/2021
2010,34,5,1,1606820100420004,5,2,04,wd,8835250101,268,0.3,1,1,201025348504wd,16068201004209385,BLUEFISH,,9.1556102234,10,26,201025348504wd,,0,05/04/2021
2010,34,5,1,1606820100420004,5,2,04,wd,8835250101,270,0.3,1,1,201025348504wd,16068201004209385,BLUEFISH,,9.1556102234,10,27,201025348504wd,,0,05/04/2021
2010,34,5,1,1606820100420004,5,2,04,wd,8835250101,251,0.2,1,1,201025348504wd,16068201004209385,BLUEFISH,,9.1556102234,9,25,201025348504wd,,0,05/04/2021
2010,34,5,1,1606820100420005,5,2,04,wd,8835250101,289,0.4,1,1,201025348504wd,16068201004209385,BLUEFISH,,9.1556102234,11,28,201025348504wd,,0,05/04/2021
2010,34,5,1,1606820100420005,5,2,04,wd,8835250101,271,0.25,1,1,201025348504wd,16068201004209385,BLUEFISH,,9.1556102234,10,27,201025348504wd,,0,05/04/2021
2010,34,5,1,1606820100420006,5,2,04,wd,8835250101,253,0.25,1,1,201025348504wd,16068201004209385,BLUEFISH,,9.1556102234,9,25,201025348504wd,,0,05/04/2021
2010,34,5,1,1606820100420006,5,2,04,wd,8835250101,268,0.35,1,1,201025348504wd,16068201004209385,BLUEFISH,,9.1556102234,10,26,201025348504wd,,0,05/04/2021
2010,34,5,1,1606820100420007,5,2,04,wd,,,,0,0,201025348504wd,160682010042093165,,,28.053912628,,,201025348504wd,,0,05/04/2021
2010,34,5,1,1606820100420008,5,2,04,wd,,,,0,0,201025348504wd,160682010042093165,,,28.053912628,,,201025348504wd,,0,05/04/2021
2010,34,5,5,1606820100430001,5,2,04,wd,8839010101,409,1.4,1,1,201025348504wd,16068201004309385,TAUTOG,,275.57673781,16,40,201025348504wd,,0,05/04/2021
2010,34,5,5,1606820100430001,5,2,04,wd,8839010101,466,2.1,1,1,201025348504wd,16068201004309385,TAUTOG,,275.57673781,18,46,201025348504wd,,0,05/04/2021
2010,34,5,5,1606820100430001,5,2,04,wd,8839010101,467,2.3,1,1,201025348504wd,16068201004309385,TAUTOG,,275.57673781,18,46,201025348504wd,,0,05/04/2021
2010,34,5,5,1606820100430001,5,2,04,wd,8839010101,375,1.1,1,1,201025348504wd,16068201004309385,TAUTOG,,275.57673781,14,37,201025348504wd,,0,05/04/2021
2010,34,5,5,1606820100430002,5,2,04,wd,,,,0,0,201025348504wd,16068201004309891,,,39.245289087,,,201025348504wd,,0,05/04/2021
2010,34,5,5,1606820100430003,5,2,04,wd,,,,0,0,201025348504wd,16068201004309891,,,39.245289087,,,201025348504wd,,0,05/04/2021
2010,34,5,5,1606820100430004,5,2,04,wd,,,,0,0,201025348504wd,16068201004309891,,,39.245289087,,,201025348504wd,,0,05/04/2021
2010,34,5,5,1606820100430009,5,2,04,wd,,,,0,0,201025348504wd,16068201004309891,,,39.245289087,,,201025348504wd,,0,05/04/2021
2010,34,5,1,1683020100427001,5,2,04,wd,8835250101,290,0.35,1,1,201025348504wd,168302010042725102,BLUEFISH,,190.1544762,11,29,201025348504wd,,0,05/04/2021
2010,34,5,1,1683020100427001,5,2,04,wd,8835250101,244,0.25,1,1,201025348504wd,168302010042725102,BLUEFISH,,190.1544762,9,24,201025348504wd,,0,05/04/2021
2010,34,5,1,1683020100427001,5,2,04,wd,8835020102,852,6.9,0,0,201025348504wd,168302010042725102,STRIPED BASS,,190.1544762,33,85,201025348504wd,,0,05/04/2021
2010,34,5,1,1683020100427001,5,2,04,wd,8835020102,760,5.3,0,0,201025348504wd,168302010042725102,STRIPED BASS,,190.1544762,29,76,201025348504wd,,0,05/04/2021
2010,34,5,1,1683020100427002,5,2,04,wd,8835020102,766,5.5,0,0,201025348504wd,168302010042725102,STRIPED BASS,,190.1544762,30,76,201025348504wd,,0,05/04/2021
2010,34,5,1,1683020100427002,5,2,04,wd,8835020102,828,7,0,0,201025348504wd,168302010042725102,STRIPED BASS,,190.1544762,32,82,201025348504wd,,0,05/04/2021
2010,34,5,1,1683020100429001,5,2,04,wd,8839010101,399,1.35,1,1,201025348504wd,168302010042925101,TAUTOG,,114.13023704,15,39,201025348504wd,,0,05/04/2021
2010,34,5,1,1683020100429001,5,2,04,wd,8839010101,399,1.35,1,1,201025348504wd,168302010042925101,TAUTOG,,114.13023704,15,39,201025348504wd,,0,05/04/2021
2010,34,5,1,1683020100429001,5,2,04,wd,8839010101,399,1.35,1,1,201025348504wd,168302010042925101,TAUTOG,,114.13023704,15,39,201025348504wd,,0,05/04/2021
2010,34,5,1,1683020100429002,5,2,04,wd,8839010101,400,1.4,1,1,201025348504wd,168302010042925101,TAUTOG,,114.13023704,15,40,201025348504wd,,0,05/04/2021
2010,34,5,1,1683020100429002,5,2,04,wd,8839010101,400,1.4,1,1,201025348504wd,168302010042925101,TAUTOG,,114.13023704,15,40,201025348504wd,,0,05/04/2021
2010,34,5,1,1683020100429002,5,2,04,wd,8839010101,400,1.4,1,1,201025348504wd,168302010042925101,TAUTOG,,114.13023704,15,40,201025348504wd,,0,05/04/2021
2010,34,5,1,1683020100429002,5,2,04,wd,8839010101,399,1.35,1,1,201025348504wd,168302010042925101,TAUTOG,,114.13023704,15,39,201025348504wd,,0,05/04/2021
2010,34,5,1,1683020100429003,5,2,04,wd,8839010101,402,1.5,1,1,201025348504wd,168302010042925101,TAUTOG,,114.13023704,15,40,201025348504wd,,0,05/04/2021
2010,34,5,1,1683020100429003,5,2,04,wd,8839010101,400,1.4,1,1,201025348504wd,168302010042925101,TAUTOG,,114.13023704,15,40,201025348504wd,,0,05/04/2021
2010,34,5,1,1683020100429003,5,2,04,wd,8839010101,400,1.4,1,1,201025348504wd,168302010042925101,TAUTOG,,114.13023704,15,40,201025348504wd,,0,05/04/2021
2010,34,5,1,1683020100429003,5,2,04,wd,8791030402,506,1.5,1,1,201025348504wd,168302010042925101,ATLANTIC COD,,114.13023704,19,50,201025348504wd,,0,05/04/2021
2010,34,5,2,2606820100424001,5,2,04,we,8839010101,377,1.2,1,1,201025348504we,260682010042493165,TAUTOG,,192.42333054,14,37,201025348504we,,0,05/04/2021
2010,34,5,2,2606820100424002,5,2,04,we,,,,0,0,201025348504we,260682010042493165,,,192.42333054,,,201025348504we,,0,05/04/2021
2010,34,5,2,2606820100424003,5,2,04,we,,,,0,0,201025348504we,260682010042493165,,,192.42333054,,,201025348504we,,0,05/04/2021
2010,34,5,2,2606820100424004,5,2,04,we,,,,0,0,201025348504we,260682010042493165,,,192.42333054,,,201025348504we,,0,05/04/2021
2010,34,5,2,2606820100424005,5,2,04,we,,,,0,0,201025348504we,260682010042493165,,,192.42333054,,,201025348504we,,0,05/04/2021
2010,34,5,2,2606820100424006,5,2,04,we,,,,0,0,201025348504we,260682010042493165,,,192.42333054,,,201025348504we,,0,05/04/2021
2010,34,7,1,1606820100414001,5,2,04,wd,8839010101,408,1.45,0,0,201025348704wd,160682010041491044,TAUTOG,,4647.5594915,16,40,201025348704wd,,0,05/04/2021
2010,34,7,1,1606820100414001,5,2,04,wd,8839010101,396,1.35,0,0,201025348704wd,160682010041491044,TAUTOG,,4647.5594915,15,39,201025348704wd,,0,05/04/2021
2010,34,7,1,1606820100414001,5,2,04,wd,8839010101,384,1.25,0,0,201025348704wd,160682010041491044,TAUTOG,,4647.5594915,15,38,201025348704wd,,0,05/04/2021
2010,34,7,1,1606820100414001,5,2,04,wd,8839010101,385,1.3,0,0,201025348704wd,160682010041491044,TAUTOG,,4647.5594915,15,38,201025348704wd,,0,05/04/2021
2010,34,7,1,1606820100414001,5,2,04,wd,8839010101,391,1.3,0,0,201025348704wd,160682010041491044,TAUTOG,,4647.5594915,15,39,201025348704wd,,0,05/04/2021
2010,34,7,1,1606820100414001,5,2,04,wd,8839010101,400,1.4,0,0,201025348704wd,160682010041491044,TAUTOG,,4647.5594915,15,40,201025348704wd,,0,05/04/2021
2010,34,7,1,1606820100414001,5,2,04,wd,8839010101,402,1.5,0,0,201025348704wd,160682010041491044,TAUTOG,,4647.5594915,15,40,201025348704wd,,0,05/04/2021
2010,34,7,1,1606820100414001,5,2,04,wd,8839010101,370,1.1,0,0,201025348704wd,160682010041491044,TAUTOG,,4647.5594915,14,37,201025348704wd,,0,05/04/2021
2010,34,7,1,1606820100414001,5,2,04,wd,8839010101,433,1.7,0,0,201025348704wd,160682010041491044,TAUTOG,,4647.5594915,17,43,201025348704wd,,0,05/04/2021
2010,34,7,1,1606820100414001,5,2,04,wd,8839010101,397,1.15,0,0,201025348704wd,160682010041491044,TAUTOG,,4647.5594915,15,39,201025348704wd,,0,05/04/2021
2010,34,7,1,1606820100414001,5,2,04,wd,8839010101,401,1.4,0,0,201025348704wd,160682010041491044,TAUTOG,,4647.5594915,15,40,201025348704wd,,0,05/04/2021
2010,34,7,1,1606820100414001,5,2,04,wd,8839010101,409,1.45,0,0,201025348704wd,160682010041491044,TAUTOG,,4647.5594915,16,40,201025348704wd,,0,05/04/2021
2010,34,7,1,1606820100414002,5,2,04,wd,,,,0,0,201025348704wd,160682010041491044,,,4647.5594915,,,201025348704wd,,0,05/04/2021
2010,34,7,1,1606820100414005,5,2,04,wd,8839010101,410,1.5,0,0,201025348704wd,160682010041491044,TAUTOG,,4647.5594915,16,41,201025348704wd,,0,05/04/2021
2010,34,7,1,1606820100414006,5,2,04,wd,,,,0,0,201025348704wd,160682010041491044,,,4647.5594915,,,201025348704wd,,0,05/04/2021
2010,34,7,1,1606820100414007,5,2,04,wd,,,,0,0,201025348704wd,160682010041491044,,,4647.5594915,,,201025348704wd,,0,05/04/2021
2010,34,7,1,1606820100422001,5,2,04,wd,8839010101,419,1.25,0,0,201025348704wd,16068201004229385,TAUTOG,,5458.4224846,16,41,201025348704wd,,0,05/04/2021
2010,34,7,1,1606820100422001,5,2,04,wd,8839010101,410,1.4,0,0,201025348704wd,16068201004229385,TAUTOG,,5458.4224846,16,41,201025348704wd,,0,05/04/2021
2010,34,7,1,1606820100422001,5,2,04,wd,8839010101,406,1.25,0,0,201025348704wd,16068201004229385,TAUTOG,,5458.4224846,15,40,201025348704wd,,0,05/04/2021
2010,34,7,1,1606820100422001,5,2,04,wd,8839010101,402,1.1,0,0,201025348704wd,16068201004229385,TAUTOG,,5458.4224846,15,40,201025348704wd,,0,05/04/2021
2010,34,7,1,1606820100422002,5,2,04,wd,,,,0,0,201025348704wd,16068201004229385,,,6885.8180374,,,201025348704wd,,0,05/04/2021
2010,34,7,1,1606820100422003,5,2,04,wd,,,,0,0,201025348704wd,16068201004229385,,,5458.4224846,,,201025348704wd,,0,05/04/2021
2010,34,7,1,1606820100422006,5,2,04,wd,8839010101,401,1.15,0,0,201025348704wd,16068201004229385,TAUTOG,,5458.4224846,15,40,201025348704wd,,0,05/04/2021
2010,34,7,1,1606820100423001,5,2,04,wd,8839010101,415,1.25,0,0,201025348704wd,160682010042393218,TAUTOG,,2997.8218658,16,41,201025348704wd,,0,05/04/2021
2010,34,7,1,1606820100423002,5,2,04,wd,,,,0,0,201025348704wd,160682010042393218,,,2997.8218658,,,201025348704wd,,0,05/04/2021
2010,34,7,5,1648420100428001,5,2,04,wd,8835020102,829,7.1,1,1,201025348704wd,164842010042811155,STRIPED BASS,,3591.0131789,32,82,201025348704wd,,0,05/04/2021
2010,34,7,5,1648420100428001,5,2,04,wd,8835020102,990,11,1,1,201025348704wd,164842010042811155,STRIPED BASS,,3591.0131789,38,99,201025348704wd,,0,05/04/2021
2010,34,7,1,1674020100418001,5,2,04,we,,,,0,0,201025348704we,167402010041829155,,,77542.455094,,,201025348704we,,0,05/04/2021
2010,34,7,5,1683020100411007,5,2,04,we,8857042001,451,0.95,0,0,201025348704we,1683020100411251159,WINTER FLOUNDER,,18261.222491,17,45,201025348704we,,0,05/04/2021
2010,34,7,5,1683020100411007,5,2,04,we,8857042001,410,0.85,0,0,201025348704we,1683020100411251159,WINTER FLOUNDER,,18261.222491,16,41,201025348704we,,0,05/04/2021
2010,34,7,5,1683020100411008,5,2,04,we,,,,0,0,201025348704we,1683020100411251159,,,18261.222491,,,201025348704we,,0,05/04/2021
2010,34,7,5,1683220100307001,5,2,03,we,,,,0,0,201025348703we,168322010030711727,,,8347.7980066,,,201025348703we,,0,05/04/2021
2010,36,3,5,1655320100407005,5,2,04,wd,,,,0,0,201025368304wd,165532010040781438,,,4253.7481365,,,201025368304wd,,0,05/04/2021
2010,36,3,5,1664720100429004,5,2,04,wd,8835250101,561,1.4,1,1,201025368304wd,1664720100429103233,BLUEFISH,,3493.0533993,22,56,201025368304wd,,0,05/04/2021
2010,36,3,5,1664720100429004,5,2,04,wd,8835250101,605,2,0,0,201025368304wd,1664720100429103233,BLUEFISH,,3493.0533993,23,60,201025368304wd,,0,05/04/2021
2010,36,3,5,1664720100429004,5,2,04,wd,8835250101,456,1.1,1,1,201025368304wd,1664720100429103233,BLUEFISH,,3493.0533993,17,45,201025368304wd,,0,05/04/2021
2010,36,3,5,1664720100429004,5,2,04,wd,8835250101,605,2,1,1,201025368304wd,1664720100429103233,BLUEFISH,,3493.0533993,23,60,201025368304wd,,0,05/04/2021
2010,36,3,5,1664720100429004,5,2,04,wd,8835250101,530,1.7,0,0,201025368304wd,1664720100429103233,BLUEFISH,,3493.0533993,20,53,201025368304wd,,0,05/04/2021
2010,36,3,5,1664720100429005,5,2,04,wd,8835250101,561,1.4,0,0,201025368304wd,1664720100429103233,BLUEFISH,,3493.0533993,22,56,201025368304wd,,0,05/04/2021
2010,36,3,5,1664720100429005,5,2,04,wd,8835250101,379,1.4,1,1,201025368304wd,1664720100429103233,BLUEFISH,,3493.0533993,14,37,201025368304wd,,0,05/04/2021
2010,36,3,5,1664720100429005,5,2,04,wd,8835250101,448,0.85,0,0,201025368304wd,1664720100429103233,BLUEFISH,,3493.0533993,17,44,201025368304wd,,0,05/04/2021
2010,36,3,5,1664720100429006,5,2,04,wd,,,,0,0,201025368304wd,1664720100429103233,,,3493.0533993,,,201025368304wd,,0,05/04/2021
2010,36,4,1,1627020100423002,5,2,04,wd,,,,0,0,201025368404wd,162702010042310358,,,12.940775004,,,201025368404wd,,0,05/04/2021
2010,36,4,1,1627020100423006,5,2,04,wd,,,,0,0,201025368404wd,162702010042310358,,,11.656761862,,,201025368404wd,,0,05/04/2021
2010,36,4,1,1655320100402005,5,2,04,wd,8857042001,310,0.45,0,0,201025368404wd,165532010040210358,WINTER FLOUNDER,,16.686788821,12,31,201025368404wd,,0,05/04/2021
2010,36,4,1,1655320100402009,5,2,04,wd,8857042001,376,0.65,0,0,201025368404wd,165532010040210358,WINTER FLOUNDER,,16.686788821,14,37,201025368404wd,,0,05/04/2021
2010,36,4,1,1655320100402009,5,2,04,wd,8857042001,338,0.5,0,0,201025368404wd,165532010040210358,WINTER FLOUNDER,,16.686788821,13,33,201025368404wd,,0,05/04/2021
2010,36,4,1,1655320100402014,5,2,04,wd,8857042001,363,0.55,0,0,201025368404wd,165532010040210358,WINTER FLOUNDER,,16.686788821,14,36,201025368404wd,,0,05/04/2021
2010,36,4,1,1655320100402017,5,2,04,wd,8857042001,351,0.45,0,0,201025368404wd,165532010040210358,WINTER FLOUNDER,,16.686788821,13,35,201025368404wd,,0,05/04/2021
2010,36,4,1,1655320100402019,5,2,04,wd,8857042001,366,0.6,0,0,201025368404wd,165532010040210358,WINTER FLOUNDER,,16.686788821,14,36,201025368404wd,,0,05/04/2021
2010,36,4,1,1655320100402019,5,2,04,wd,8857042001,341,0.45,0,0,201025368404wd,165532010040210358,WINTER FLOUNDER,,16.686788821,13,34,201025368404wd,,0,05/04/2021
2010,36,4,5,1655320100429003,5,2,04,wd,,,,0,0,201025368404wd,165532010042910358,,,89.377081368,,,201025368404wd,,0,05/04/2021
2010,36,4,5,1655320100429004,5,2,04,wd,8857030301,459,1.1,0,0,201025368404wd,165532010042910358,SUMMER FLOUNDER,,89.377081368,18,45,201025368404wd,,0,05/04/2021
2010,36,4,5,1655320100429004,5,2,04,wd,8857030301,459,0.85,0,0,201025368404wd,165532010042910358,SUMMER FLOUNDER,,89.377081368,18,45,201025368404wd,,0,05/04/2021
2010,36,4,2,1658820100325001,5,2,03,wd,,,,0,0,201025368403wd,165882010032510358,,,334.93682067,,,201025368403wd,,0,05/04/2021
2010,36,4,2,1658820100325002,5,2,03,wd,,,,0,0,201025368403wd,165882010032510358,,,316.11246731,,,201025368403wd,,0,05/04/2021
2010,36,4,2,1658820100325004,5,2,03,wd,,,,0,0,201025368403wd,165882010032510358,,,334.93682067,,,201025368403wd,,0,05/04/2021
2010,36,4,2,1658820100325005,5,2,03,wd,,,,0,0,201025368403wd,165882010032510358,,,334.93682067,,,201025368403wd,,0,05/04/2021
2010,36,4,2,1658820100325006,5,2,03,wd,8793011601,685,1.6862183754,0,1,201025368403wd,165882010032510358,OCEAN POUT,,334.93682067,26,68,201025368403wd,,0,05/04/2021
2010,36,4,2,1658820100325007,5,2,03,wd,,,,0,0,201025368403wd,165882010032510358,,,334.93682067,,,201025368403wd,,0,05/04/2021
2010,36,4,2,1658820100325008,5,2,03,wd,8791030402,560,1.6,0,0,201025368403wd,165882010032510358,ATLANTIC COD,,334.93682067,22,56,201025368403wd,,0,05/04/2021
2010,36,4,1,1658820100406001,5,2,04,wd,8857042001,353,0.65,0,0,201025368404wd,165882010040610358,WINTER FLOUNDER,,13.381937788,13,35,201025368404wd,,0,05/04/2021
2010,36,4,1,1658820100406003,5,2,04,wd,8857042001,320,0.5,0,0,201025368404wd,165882010040610358,WINTER FLOUNDER,,13.381937788,12,32,201025368404wd,,0,05/04/2021
2010,36,4,1,1658820100406004,5,2,04,wd,8857042001,345,0.5,0,0,201025368404wd,165882010040610358,WINTER FLOUNDER,,13.381937788,13,34,201025368404wd,,0,05/04/2021
2010,36,4,1,1658820100406007,5,2,04,wd,8857042001,355,0.6,0,0,201025368404wd,165882010040610358,WINTER FLOUNDER,,13.381937788,13,35,201025368404wd,,0,05/04/2021
2010,36,4,1,1658820100406008,5,2,04,wd,8857042001,349,0.5,0,0,201025368404wd,165882010040610358,WINTER FLOUNDER,,13.381937788,13,34,201025368404wd,,0,05/04/2021
2010,36,4,1,1658820100406009,5,2,04,wd,8857042001,347,0.5,0,0,201025368404wd,165882010040610358,WINTER FLOUNDER,,13.381937788,13,34,201025368404wd,,0,05/04/2021
2010,36,4,5,1658820100408001,5,2,04,wd,8857042001,380,0.7,0,0,201025368404wd,165882010040847115,WINTER FLOUNDER,,83.484086992,14,38,201025368404wd,,0,05/04/2021
2010,36,4,5,1658820100408002,5,2,04,wd,,,,0,0,201025368404wd,165882010040847115,,,75.200605916,,,201025368404wd,,0,05/04/2021
2010,36,4,5,1658820100408003,5,2,04,wd,,,,0,0,201025368404wd,165882010040847115,,,83.484086992,,,201025368404wd,,0,05/04/2021
2010,36,4,5,1658820100408004,5,2,04,wd,8857042001,350,0.5,0,0,201025368404wd,165882010040847115,WINTER FLOUNDER,,83.484086992,13,35,201025368404wd,,0,05/04/2021
2010,36,4,5,1658820100408005,5,2,04,wd,,,,0,0,201025368404wd,165882010040847115,,,83.484086992,,,201025368404wd,,0,05/04/2021
2010,36,4,5,1658820100408008,5,2,04,wd,8857042001,337,0.55,0,0,201025368404wd,165882010040847115,WINTER FLOUNDER,,83.484086992,13,33,201025368404wd,,0,05/04/2021
2010,36,4,5,1658820100408009,5,2,04,wd,8857042001,376,0.7,0,0,201025368404wd,165882010040847115,WINTER FLOUNDER,,83.484086992,14,37,201025368404wd,,0,05/04/2021
2010,36,4,5,1658820100408009,5,2,04,wd,8857042001,333,0.45,0,0,201025368404wd,165882010040847115,WINTER FLOUNDER,,83.484086992,13,33,201025368404wd,,0,05/04/2021
2010,36,4,5,1658820100408010,5,2,04,wd,8857042001,307,0.3,0,0,201025368404wd,165882010040847115,WINTER FLOUNDER,,83.484086992,12,30,201025368404wd,,0,05/04/2021
2010,36,4,5,1658820100408011,5,2,04,wd,8747010201,245,0.2,0,0,201025368404wd,165882010040847115,ATLANTIC HERRING,,83.484086992,9,24,201025368404wd,,0,05/04/2021
2010,36,4,1,1658820100423002,5,2,04,wd,8835020102,668,3.5,0,0,201025368404wd,165882010042347445,STRIPED BASS,,15.367170317,26,66,201025368404wd,,0,05/04/2021
2010,36,4,1,1658820100423002,5,2,04,wd,8835020102,715,4.2,0,0,201025368404wd,165882010042347445,STRIPED BASS,,15.367170317,28,71,201025368404wd,,0,05/04/2021
2010,36,4,1,1658820100423004,5,2,04,wd,8835020102,770,5.8,0,0,201025368404wd,165882010042347445,STRIPED BASS,,15.367170317,30,77,201025368404wd,,0,05/04/2021
2010,36,4,1,1658820100423005,5,2,04,wd,8835020102,679,3.8,0,0,201025368404wd,165882010042347445,STRIPED BASS,,15.367170317,26,67,201025368404wd,,0,05/04/2021
2010,36,4,1,1658820100423006,5,2,04,wd,8835020102,743,5.4,0,0,201025368404wd,165882010042347445,STRIPED BASS,,15.367170317,29,74,201025368404wd,,0,05/04/2021
2010,36,4,1,1658820100423006,5,2,04,wd,8835020102,797,5.2,0,0,201025368404wd,165882010042347445,STRIPED BASS,,15.367170317,31,79,201025368404wd,,0,05/04/2021
2010,36,4,1,1658820100423007,5,2,04,wd,8835020102,762,4.9,0,0,201025368404wd,165882010042347445,STRIPED BASS,,15.367170317,29,76,201025368404wd,,0,05/04/2021
2010,36,4,1,1658820100423008,5,2,04,wd,8835020102,744,5,0,0,201025368404wd,165882010042347445,STRIPED BASS,,15.367170317,29,74,201025368404wd,,0,05/04/2021
2010,36,4,1,1658820100423008,5,2,04,wd,8835020102,709,4.5,0,0,201025368404wd,165882010042347445,STRIPED BASS,,15.367170317,27,70,201025368404wd,,0,05/04/2021
2010,36,4,1,1658820100423009,5,2,04,wd,8835020102,706,4.1,0,0,201025368404wd,165882010042347445,STRIPED BASS,,15.367170317,27,70,201025368404wd,,0,05/04/2021
2010,36,4,1,1658820100423009,5,2,04,wd,8835020102,779,5.9,0,0,201025368404wd,165882010042347445,STRIPED BASS,,15.367170317,30,77,201025368404wd,,0,05/04/2021
2010,36,4,1,1658820100423010,5,2,04,wd,8835020102,714,4.2,0,0,201025368404wd,165882010042347445,STRIPED BASS,,15.367170317,28,71,201025368404wd,,0,05/04/2021
2010,36,4,1,1658820100423010,5,2,04,wd,8835020102,772,4.9,0,0,201025368404wd,165882010042347445,STRIPED BASS,,15.367170317,30,77,201025368404wd,,0,05/04/2021
2010,36,4,1,1658820100423011,5,2,04,wd,8835020102,730,4.8,0,0,201025368404wd,165882010042347445,STRIPED BASS,,15.367170317,28,73,201025368404wd,,0,05/04/2021
2010,36,4,1,1658820100423012,5,2,04,wd,8835020102,820,6.6,0,0,201025368404wd,165882010042347445,STRIPED BASS,,15.367170317,32,82,201025368404wd,,0,05/04/2021
2010,36,4,1,1658820100423012,5,2,04,wd,8835020102,772,5.5,0,0,201025368404wd,165882010042347445,STRIPED BASS,,15.367170317,30,77,201025368404wd,,0,05/04/2021
2010,36,4,1,1658820100423013,5,2,04,wd,8835020102,781,6.1,0,0,201025368404wd,165882010042347445,STRIPED BASS,,15.367170317,30,78,201025368404wd,,0,05/04/2021
2010,36,4,1,1658820100423013,5,2,04,wd,8835020102,712,4.3,0,0,201025368404wd,165882010042347445,STRIPED BASS,,15.367170317,28,71,201025368404wd,,0,05/04/2021
2010,36,4,1,1658820100423014,5,2,04,wd,8835020102,811,6.9,0,0,201025368404wd,165882010042347445,STRIPED BASS,,15.367170317,31,81,201025368404wd,,0,05/04/2021
2010,36,4,1,1658820100423014,5,2,04,wd,8835020102,818,7.2,0,0,201025368404wd,165882010042347445,STRIPED BASS,,15.367170317,32,81,201025368404wd,,0,05/04/2021
2010,36,4,5,1676220100412002,5,2,04,wd,8857042001,346,0.5,0,0,201025368404wd,167622010041210358,WINTER FLOUNDER,,79.800965507,13,34,201025368404wd,,0,05/04/2021
2010,36,4,5,1676220100412002,5,2,04,wd,8857042001,361,0.6,0,0,201025368404wd,167622010041210358,WINTER FLOUNDER,,79.800965507,14,36,201025368404wd,,0,05/04/2021
2010,36,4,5,1676220100412003,5,2,04,wd,,,,0,0,201025368404wd,167622010041210358,,,79.800965507,,,201025368404wd,,0,05/04/2021
2010,36,4,5,1676220100422001,5,2,04,wd,,,,0,0,201025368404wd,167622010042210358,,,63.840772405,,,201025368404wd,,0,05/04/2021
2010,36,4,5,1676220100422002,5,2,04,wd,8857042001,352,0.6,0,0,201025368404wd,167622010042210358,WINTER FLOUNDER,,63.840772405,13,35,201025368404wd,,0,05/04/2021
2010,36,4,5,1676220100422002,5,2,04,wd,8857042001,309,0.4,0,0,201025368404wd,167622010042210358,WINTER FLOUNDER,,63.840772405,12,30,201025368404wd,,0,05/04/2021
2010,36,4,5,1676220100422003,5,2,04,wd,8857042001,323,0.4,0,0,201025368404wd,167622010042210358,WINTER FLOUNDER,,63.840772405,12,32,201025368404wd,,0,05/04/2021
2010,36,5,1,1634520100424001,5,2,04,we,,,,0,0,201025368504we,1634520100424103123,,,80.290051678,,,201025368504we,,0,05/04/2021
2010,36,5,1,1634520100424003,5,2,04,we,,,,0,0,201025368504we,1634520100424103123,,,80.290051678,,,201025368504we,,0,05/04/2021
2010,36,5,1,1634520100424005,5,2,04,we,8791030402,554,1.5,1,1,201025368504we,1634520100424103123,ATLANTIC COD,,80.290051678,21,55,201025368504we,,0,05/04/2021
2010,36,5,2,1654820100305001,5,2,03,wd,8791030402,672,3.4,1,1,201025368503wd,1654820100305103203,ATLANTIC COD,,198.1690724,26,67,201025368503wd,,0,05/04/2021
2010,36,5,2,1654820100305001,5,2,03,wd,8791030402,584,2.2,1,1,201025368503wd,1654820100305103203,ATLANTIC COD,,198.1690724,22,58,201025368503wd,,0,05/04/2021
2010,36,5,2,1654820100305001,5,2,03,wd,8791030402,567,1.9,1,1,201025368503wd,1654820100305103203,ATLANTIC COD,,198.1690724,22,56,201025368503wd,,0,05/04/2021
2010,36,5,2,1654820100305001,5,2,03,wd,8791030402,654,2.6,1,1,201025368503wd,1654820100305103203,ATLANTIC COD,,198.1690724,25,65,201025368503wd,,0,05/04/2021
2010,36,5,2,1654820100305001,5,2,03,wd,8791030402,693,3.7,1,1,201025368503wd,1654820100305103203,ATLANTIC COD,,198.1690724,27,69,201025368503wd,,0,05/04/2021
2010,36,5,2,1654820100305002,5,2,03,wd,8791030402,442,0.9,1,1,201025368503wd,1654820100305103203,ATLANTIC COD,,330.28178733,17,44,201025368503wd,,0,05/04/2021
2010,36,5,2,1654820100305002,5,2,03,wd,8791030402,577,1.6,1,1,201025368503wd,1654820100305103203,ATLANTIC COD,,330.28178733,22,57,201025368503wd,,0,05/04/2021
2010,36,5,2,1654820100305002,5,2,03,wd,8791030402,538,1.7,1,1,201025368503wd,1654820100305103203,ATLANTIC COD,,330.28178733,21,53,201025368503wd,,0,05/04/2021
2010,36,5,2,1654820100305002,5,2,03,wd,8791030402,608,2.3,1,1,201025368503wd,1654820100305103203,ATLANTIC COD,,330.28178733,23,60,201025368503wd,,0,05/04/2021
2010,36,5,2,1654820100305002,5,2,03,wd,8791030402,590,2.3,1,1,201025368503wd,1654820100305103203,ATLANTIC COD,,330.28178733,23,59,201025368503wd,,0,05/04/2021
2010,36,5,2,1654820100305003,5,2,03,wd,8791030402,624,2.5,1,1,201025368503wd,1654820100305103203,ATLANTIC COD,,330.28178733,24,62,201025368503wd,,0,05/04/2021
2010,36,5,2,1654820100305003,5,2,03,wd,8791030402,560,1.65,1,1,201025368503wd,1654820100305103203,ATLANTIC COD,,330.28178733,22,56,201025368503wd,,0,05/04/2021
2010,36,5,2,1654820100305003,5,2,03,wd,8791030402,670,3,1,1,201025368503wd,1654820100305103203,ATLANTIC COD,,330.28178733,26,67,201025368503wd,,0,05/04/2021
2010,36,5,2,1654820100305003,5,2,03,wd,8791030402,842,7.1,1,1,201025368503wd,1654820100305103203,ATLANTIC COD,,330.28178733,33,84,201025368503wd,,0,05/04/2021
2010,36,5,2,1654820100305003,5,2,03,wd,8791030402,628,2.6,1,1,201025368503wd,1654820100305103203,ATLANTIC COD,,330.28178733,24,62,201025368503wd,,0,05/04/2021
2010,36,5,2,1654820100305004,5,2,03,wd,8791030402,625,2.7,1,1,201025368503wd,1654820100305103203,ATLANTIC COD,,198.1690724,24,62,201025368503wd,,0,05/04/2021
2010,36,5,2,1654820100305004,5,2,03,wd,8791030402,600,2,1,1,201025368503wd,1654820100305103203,ATLANTIC COD,,198.1690724,23,60,201025368503wd,,0,05/04/2021
2010,36,5,2,1654820100305004,5,2,03,wd,8791030402,558,1.9,1,1,201025368503wd,1654820100305103203,ATLANTIC COD,,198.1690724,21,55,201025368503wd,,0,05/04/2021
2010,36,5,2,1654820100305004,5,2,03,wd,8791030402,671,3.3,1,1,201025368503wd,1654820100305103203,ATLANTIC COD,,198.1690724,26,67,201025368503wd,,0,05/04/2021
2010,36,5,2,1654820100305004,5,2,03,wd,8791030402,650,3.4,1,1,201025368503wd,1654820100305103203,ATLANTIC COD,,198.1690724,25,65,201025368503wd,,0,05/04/2021
2010,36,5,2,1654820100305005,5,2,03,wd,8791030402,442,0.6,1,1,201025368503wd,1654820100305103203,ATLANTIC COD,,330.28178733,17,44,201025368503wd,,0,05/04/2021
2010,36,5,2,1654820100305005,5,2,03,wd,8791030402,538,1.65,1,1,201025368503wd,1654820100305103203,ATLANTIC COD,,330.28178733,21,53,201025368503wd,,0,05/04/2021
2010,36,5,2,1654820100305005,5,2,03,wd,8791030402,590,2.3,1,1,201025368503wd,1654820100305103203,ATLANTIC COD,,330.28178733,23,59,201025368503wd,,0,05/04/2021
2010,36,5,2,1654820100305005,5,2,03,wd,8791030402,541,1.8,1,1,201025368503wd,1654820100305103203,ATLANTIC COD,,330.28178733,21,54,201025368503wd,,0,05/04/2021
2010,36,5,2,1654820100305005,5,2,03,wd,8791030402,606,2.6,1,1,201025368503wd,1654820100305103203,ATLANTIC COD,,330.28178733,23,60,201025368503wd,,0,05/04/2021
2010,36,5,1,1669820100320003,5,2,03,we,,,,0,0,201025368503we,166982010032010385,,,81.812186468,,,201025368503we,,0,05/04/2021
2010,36,5,2,1669820100424001,5,2,04,we,8791030402,513,1.45,1,1,201025368504we,1669820100424103203,ATLANTIC COD,,77.065750377,20,51,201025368504we,,0,05/04/2021
2010,36,5,2,1669820100424001,5,2,04,we,8791030402,807,6.1,1,1,201025368504we,1669820100424103203,ATLANTIC COD,,77.065750377,31,80,201025368504we,,0,05/04/2021
2010,36,5,2,1669820100424001,5,2,04,we,8791030402,796,5.8,1,1,201025368504we,1669820100424103203,ATLANTIC COD,,77.065750377,31,79,201025368504we,,0,05/04/2021
2010,36,5,2,1669820100424001,5,2,04,we,8791030402,721,3.9,1,1,201025368504we,1669820100424103203,ATLANTIC COD,,77.065750377,28,72,201025368504we,,0,05/04/2021
2010,36,5,2,1669820100424001,5,2,04,we,8791030402,603,2.3,1,1,201025368504we,1669820100424103203,ATLANTIC COD,,77.065750377,23,60,201025368504we,,0,05/04/2021
2010,36,5,2,1669820100424002,5,2,04,we,8791030402,594,2.2,1,1,201025368504we,1669820100424103203,ATLANTIC COD,,77.065750377,23,59,201025368504we,,0,05/04/2021
2010,36,5,2,1669820100424002,5,2,04,we,8791030402,555,1.75,1,1,201025368504we,1669820100424103203,ATLANTIC COD,,77.065750377,21,55,201025368504we,,0,05/04/2021
2010,36,5,2,1669820100424002,5,2,04,we,8791030402,616,2.3,1,1,201025368504we,1669820100424103203,ATLANTIC COD,,77.065750377,24,61,201025368504we,,0,05/04/2021
2010,36,5,2,1669820100424002,5,2,04,we,8791030402,616,2.3,1,1,201025368504we,1669820100424103203,ATLANTIC COD,,77.065750377,24,61,201025368504we,,0,05/04/2021
2010,36,5,2,1669820100424002,5,2,04,we,8791030402,573,2.1,1,1,201025368504we,1669820100424103203,ATLANTIC COD,,77.065750377,22,57,201025368504we,,0,05/04/2021
2010,36,5,2,1669820100424003,5,2,04,we,8791030402,614,2.6,1,1,201025368504we,1669820100424103203,ATLANTIC COD,,66.056357466,24,61,201025368504we,,0,05/04/2021
2010,36,5,2,1669820100424003,5,2,04,we,8791030402,752,5,1,1,201025368504we,1669820100424103203,ATLANTIC COD,,66.056357466,29,75,201025368504we,,0,05/04/2021
2010,36,5,2,1669820100424003,5,2,04,we,8791030402,538.49743403,1.6,1,1,201025368504we,1669820100424103203,ATLANTIC COD,,66.056357466,21,53,201025368504we,,0,05/04/2021
2010,36,5,2,1669820100424003,5,2,04,we,8791030402,512,1.9,1,1,201025368504we,1669820100424103203,ATLANTIC COD,,66.056357466,20,51,201025368504we,,0,05/04/2021
2010,36,5,2,1669820100424003,5,2,04,we,8791030402,580,2.3,1,1,201025368504we,1669820100424103203,ATLANTIC COD,,66.056357466,22,58,201025368504we,,0,05/04/2021
2010,36,5,2,1669820100424004,5,2,04,we,8791030402,501,1.45,1,1,201025368504we,1669820100424103203,ATLANTIC COD,,80.770380709,19,50,201025368504we,,0,05/04/2021
2010,36,5,2,1669820100424004,5,2,04,we,8791030402,561,2.2,1,1,201025368504we,1669820100424103203,ATLANTIC COD,,80.770380709,22,56,201025368504we,,0,05/04/2021
2010,36,5,2,1669820100424004,5,2,04,we,8791030402,654,2.9,1,1,201025368504we,1669820100424103203,ATLANTIC COD,,80.770380709,25,65,201025368504we,,0,05/04/2021
2010,36,5,2,1669820100424004,5,2,04,we,8791030402,592,2.3,1,1,201025368504we,1669820100424103203,ATLANTIC COD,,80.770380709,23,59,201025368504we,,0,05/04/2021
2010,36,5,2,1669820100424004,5,2,04,we,8791030402,518,1.45,1,1,201025368504we,1669820100424103203,ATLANTIC COD,,80.770380709,20,51,201025368504we,,0,05/04/2021
2010,36,5,2,1669820100424005,5,2,04,we,8791030402,607.63241808,2.3,1,1,201025368504we,1669820100424103203,ATLANTIC COD,,66.056357466,23,60,201025368504we,,0,05/04/2021
2010,36,5,2,1669820100424005,5,2,04,we,8791030402,550,1.65,1,1,201025368504we,1669820100424103203,ATLANTIC COD,,66.056357466,21,55,201025368504we,,0,05/04/2021
2010,36,5,2,1669820100424005,5,2,04,we,8791030402,631,2,1,1,201025368504we,1669820100424103203,ATLANTIC COD,,66.056357466,24,63,201025368504we,,0,05/04/2021
2010,36,5,2,1669820100424005,5,2,04,we,8791030402,532,1.6,1,1,201025368504we,1669820100424103203,ATLANTIC COD,,66.056357466,20,53,201025368504we,,0,05/04/2021
2010,36,5,2,1669820100424005,5,2,04,we,8791030402,591,2.3,1,1,201025368504we,1669820100424103203,ATLANTIC COD,,66.056357466,23,59,201025368504we,,0,05/04/2021
2010,36,5,2,1669820100424006,5,2,04,we,8791030402,606,2.6,1,1,201025368504we,1669820100424103203,ATLANTIC COD,,66.056357466,23,60,201025368504we,,0,05/04/2021
2010,36,5,2,1669820100424006,5,2,04,we,8791030402,536,1.5,1,1,201025368504we,1669820100424103203,ATLANTIC COD,,66.056357466,21,53,201025368504we,,0,05/04/2021
2010,36,5,2,1669820100424006,5,2,04,we,8791030402,571,1.7,1,1,201025368504we,1669820100424103203,ATLANTIC COD,,66.056357466,22,57,201025368504we,,0,05/04/2021
2010,36,5,2,1669820100424006,5,2,04,we,8791030402,773,5.4,1,1,201025368504we,1669820100424103203,ATLANTIC COD,,66.056357466,30,77,201025368504we,,0,05/04/2021
2010,36,5,2,1669820100424006,5,2,04,we,8791030402,604,2.3,1,1,201025368504we,1669820100424103203,ATLANTIC COD,,66.056357466,23,60,201025368504we,,0,05/04/2021
2010,36,5,2,1669820100424007,5,2,04,we,8791030402,606,2.5,1,1,201025368504we,1669820100424103123,ATLANTIC COD,,444.2370939,23,60,201025368504we,,0,05/04/2021
2010,36,5,2,1669820100424007,5,2,04,we,8791030402,566,2,1,1,201025368504we,1669820100424103123,ATLANTIC COD,,444.2370939,22,56,201025368504we,,0,05/04/2021
2010,36,5,2,1669820100424007,5,2,04,we,8791030402,616,2.2,1,1,201025368504we,1669820100424103123,ATLANTIC COD,,444.2370939,24,61,201025368504we,,0,05/04/2021
2010,36,5,2,1669820100424007,5,2,04,we,8791030402,605,2.2236840519,1,1,201025368504we,1669820100424103123,ATLANTIC COD,,444.2370939,23,60,201025368504we,,0,05/04/2021
2010,36,5,2,1669820100424007,5,2,04,we,8791030402,580,2.1,1,1,201025368504we,1669820100424103123,ATLANTIC COD,,444.2370939,22,58,201025368504we,,0,05/04/2021
2010,36,5,2,1669820100424008,5,2,04,we,8791030402,605,2.2236840519,1,1,201025368504we,1669820100424103123,ATLANTIC COD,,444.2370939,23,60,201025368504we,,0,05/04/2021
2010,36,5,2,1669820100424008,5,2,04,we,8791030402,652,2.7,1,1,201025368504we,1669820100424103123,ATLANTIC COD,,444.2370939,25,65,201025368504we,,0,05/04/2021
2010,36,5,2,1669820100424008,5,2,04,we,8791030402,575,1.9,1,1,201025368504we,1669820100424103123,ATLANTIC COD,,444.2370939,22,57,201025368504we,,0,05/04/2021
2010,36,5,2,1669820100424008,5,2,04,we,8791030402,599,2.4,1,1,201025368504we,1669820100424103123,ATLANTIC COD,,444.2370939,23,59,201025368504we,,0,05/04/2021
2010,36,5,2,1669820100424008,5,2,04,we,8791030402,552,1.7,1,1,201025368504we,1669820100424103123,ATLANTIC COD,,444.2370939,21,55,201025368504we,,0,05/04/2021
2010,36,5,2,1669820100424009,5,2,04,we,8791030402,594,1.9,1,1,201025368504we,1669820100424103123,ATLANTIC COD,,370.19757825,23,59,201025368504we,,0,05/04/2021
2010,36,5,2,1669820100424009,5,2,04,we,8791030402,596,2.3,1,1,201025368504we,1669820100424103123,ATLANTIC COD,,370.19757825,23,59,201025368504we,,0,05/04/2021
2010,36,5,2,1669820100424009,5,2,04,we,8791030402,724,5,1,1,201025368504we,1669820100424103123,ATLANTIC COD,,370.19757825,28,72,201025368504we,,0,05/04/2021
2010,36,5,2,1669820100424009,5,2,04,we,8791030402,848,7.3,1,1,201025368504we,1669820100424103123,ATLANTIC COD,,370.19757825,33,84,201025368504we,,0,05/04/2021
2010,36,5,2,1669820100424009,5,2,04,we,8791030402,509,1.3,1,1,201025368504we,1669820100424103123,ATLANTIC COD,,370.19757825,20,50,201025368504we,,0,05/04/2021
2010,36,7,1,1634520100415002,5,2,04,wd,,,,0,0,201025368704wd,163452010041510358,,,902.79470253,,,201025368704wd,,0,05/04/2021
2010,36,7,1,1634520100415005,5,2,04,wd,,,,0,0,201025368704wd,163452010041510358,,,902.79470253,,,201025368704wd,,0,05/04/2021
2010,36,7,1,1634520100415006,5,2,04,wd,8857042001,343,0.6,0,0,201025368704wd,163452010041510358,WINTER FLOUNDER,,902.79470253,13,34,201025368704wd,,0,05/04/2021
2010,36,7,1,1634520100415007,5,2,04,wd,8857042001,336,0.5,0,0,201025368704wd,163452010041510358,WINTER FLOUNDER,,902.79470253,13,33,201025368704wd,,0,05/04/2021
2010,36,7,1,1634520100415007,5,2,04,wd,8857042001,479,1.35,0,0,201025368704wd,163452010041510358,WINTER FLOUNDER,,902.79470253,18,47,201025368704wd,,0,05/04/2021
2010,36,7,5,1654820100412001,5,2,04,wd,,,,0,0,201025368704wd,1654820100412103615,,,12382.002893,,,201025368704wd,,0,05/04/2021
2010,36,7,5,1654820100412002,5,2,04,wd,,,,0,0,201025368704wd,1654820100412103615,,,12382.002893,,,201025368704wd,,0,05/04/2021
2010,36,7,5,1654820100412003,5,2,04,wd,,,,0,0,201025368704wd,1654820100412103615,,,12382.002893,,,201025368704wd,,0,05/04/2021
2010,36,7,5,1654820100412004,5,2,04,wd,,,,0,0,201025368704wd,1654820100412103357,,,3797.4517186,,,201025368704wd,,0,05/04/2021
2010,36,7,5,1654820100412005,5,2,04,wd,,,,0,0,201025368704wd,1654820100412103357,,,3797.4517186,,,201025368704wd,,0,05/04/2021
2010,36,7,5,1654820100412006,5,2,04,wd,,,,0,0,201025368704wd,1654820100412103357,,,3797.4517186,,,201025368704wd,,0,05/04/2021
2010,36,7,5,1654820100423001,5,2,04,wd,8835020102,732,4.8,1,1,201025368704wd,165482010042359235,STRIPED BASS,,1358.1435437,28,73,201025368704wd,,0,05/04/2021
2010,36,7,5,1654820100423002,5,2,04,wd,8835020102,779,4.5,1,1,201025368704wd,165482010042359235,STRIPED BASS,,1358.1435437,30,77,201025368704wd,,0,05/04/2021
2010,36,7,5,1654820100423003,5,2,04,wd,,,,0,0,201025368704wd,165482010042359235,,,1358.1435437,,,201025368704wd,,0,05/04/2021
2010,36,7,5,1654820100423004,5,2,04,wd,,,,0,0,201025368704wd,165482010042359235,,,1358.1435437,,,201025368704wd,,0,05/04/2021
2010,36,7,5,1654820100423005,5,2,04,wd,,,,0,0,201025368704wd,165482010042359235,,,1358.1435437,,,201025368704wd,,0,05/04/2021
2010,36,7,5,1654820100423006,5,2,04,wd,,,,0,0,201025368704wd,165482010042359235,,,1358.1435437,,,201025368704wd,,0,05/04/2021
2010,36,7,5,1654820100423007,5,2,04,wd,,,,0,0,201025368704wd,165482010042359235,,,1358.1435437,,,201025368704wd,,0,05/04/2021
2010,36,7,5,1655320100406001,5,2,04,wd,8857042001,373,0.75,0,0,201025368704wd,165532010040659618,WINTER FLOUNDER,,12382.002893,14,37,201025368704wd,,0,05/04/2021
2010,36,7,5,1655320100406001,5,2,04,wd,8857042001,334,0.5,0,0,201025368704wd,165532010040659618,WINTER FLOUNDER,,12382.002893,13,33,201025368704wd,,0,05/04/2021
2010,36,7,5,1655320100406002,5,2,04,wd,8857042001,370,0.6,0,0,201025368704wd,165532010040659618,WINTER FLOUNDER,,12382.002893,14,37,201025368704wd,,0,05/04/2021
2010,36,7,5,1655320100406002,5,2,04,wd,8857042001,344,0.5,0,0,201025368704wd,165532010040659618,WINTER FLOUNDER,,12382.002893,13,34,201025368704wd,,0,05/04/2021
2010,36,7,5,1655320100406003,5,2,04,wd,8747010401,279,0.3758773855,1,1,201025368704wd,165532010040659618,ATLANTIC MENHADEN,,12382.002893,10,27,201025368704wd,,0,05/04/2021
2010,36,7,5,1655320100406003,5,2,04,wd,8747010401,281,0.35,1,1,201025368704wd,165532010040659618,ATLANTIC MENHADEN,,12382.002893,11,28,201025368704wd,,0,05/04/2021
2010,36,7,5,1655320100418001,5,2,04,we,,,,0,0,201025368704we,165532010041859385,,,14339.475951,,,201025368704we,,0,05/04/2021
2010,36,7,5,1655320100418002,5,2,04,we,,,,0,0,201025368704we,165532010041859385,,,14339.475951,,,201025368704we,,0,05/04/2021
2010,36,7,2,1655320100421003,5,2,04,wd,,,,0,0,201025368704wd,165532010042159235,,,5332.1694356,,,201025368704wd,,0,05/04/2021
2010,36,7,5,1655320100424002,5,2,04,we,8835020102,861,8.7,0,0,201025368704we,165532010042459223,STRIPED BASS,,887.74903617,33,86,201025368704we,,0,05/04/2021
2010,36,7,5,1658820100415001,5,2,04,wd,8857042001,343,0.6,1,1,201025368704wd,165882010041559235,WINTER FLOUNDER,,1206.6553397,13,34,201025368704wd,,0,05/04/2021
2010,36,7,5,1658820100415002,5,2,04,wd,8857042001,343,0.6,1,1,201025368704wd,165882010041559235,WINTER FLOUNDER,,1206.6553397,13,34,201025368704wd,,0,05/04/2021
2010,36,7,5,1658820100415002,5,2,04,wd,8857042001,479,1.35,1,1,201025368704wd,165882010041559235,WINTER FLOUNDER,,1206.6553397,18,47,201025368704wd,,0,05/04/2021
2010,36,7,5,1658820100415003,5,2,04,wd,8857042001,479,1.35,1,1,201025368704wd,165882010041559235,WINTER FLOUNDER,,1206.6553397,18,47,201025368704wd,,0,05/04/2021
2010,36,7,5,1658820100415004,5,2,04,wd,,,,0,0,201025368704wd,165882010041559235,,,1206.6553397,,,201025368704wd,,0,05/04/2021
2010,36,7,5,1658820100415005,5,2,04,wd,,,,0,0,201025368704wd,165882010041559235,,,1206.6553397,,,201025368704wd,,0,05/04/2021
2010,36,7,5,1664720100424001,5,2,04,we,8839010101,459,1.8,1,1,201025368704we,1664720100424103208,TAUTOG,,3404.9186089,18,45,201025368704we,,0,05/04/2021
2010,36,7,5,1664720100424001,5,2,04,we,8839010101,392,1.95,1,1,201025368704we,1664720100424103208,TAUTOG,,3404.9186089,15,39,201025368704we,,0,05/04/2021
2010,36,7,5,1664720100424001,5,2,04,we,8839010101,492,1.9,1,1,201025368704we,1664720100424103208,TAUTOG,,3404.9186089,19,49,201025368704we,,0,05/04/2021
2010,36,7,5,1664720100424002,5,2,04,we,8839010101,476,1.85,1,1,201025368704we,1664720100424103208,TAUTOG,,3404.9186089,18,47,201025368704we,,0,05/04/2021
2010,36,7,5,1664720100424002,5,2,04,we,8839010101,404,1.5,1,1,201025368704we,1664720100424103208,TAUTOG,,3404.9186089,15,40,201025368704we,,0,05/04/2021
2010,36,7,5,1664720100424002,5,2,04,we,8839010101,422,1.5,1,1,201025368704we,1664720100424103208,TAUTOG,,3404.9186089,16,42,201025368704we,,0,05/04/2021
2010,51,3,5,1239120100413001,5,2,04,wd,,,,0,0,201025518304wd,1239120100413650274,,,2706.311648,,,201025518304wd,,0,05/04/2021
2010,51,3,1,1239320100417001,5,2,04,we,8835250101,411,1.05,0,0,201025518304we,1239320100417810152,BLUEFISH,,4543.4003193,16,41,201025518304we,,0,05/04/2021
2010,51,3,1,1239320100417001,5,2,04,we,8835250101,402,1,0,0,201025518304we,1239320100417810152,BLUEFISH,,4543.4003193,15,40,201025518304we,,0,05/04/2021
2010,51,3,1,1239320100417001,5,2,04,we,8835250101,415,1.05,0,0,201025518304we,1239320100417810152,BLUEFISH,,4543.4003193,16,41,201025518304we,,0,05/04/2021
2010,51,3,1,1239320100417001,5,2,04,we,8835250101,408,1.05,0,0,201025518304we,1239320100417810152,BLUEFISH,,4543.4003193,16,40,201025518304we,,0,05/04/2021
2010,51,3,1,1239320100417002,5,2,04,we,8835250101,410,1.05,0,0,201025518304we,1239320100417810152,BLUEFISH,,4543.4003193,16,41,201025518304we,,0,05/04/2021
2010,51,3,1,1239320100417002,5,2,04,we,8835250101,408,1,0,0,201025518304we,1239320100417810152,BLUEFISH,,4543.4003193,16,40,201025518304we,,0,05/04/2021
2010,51,3,1,1239320100417002,5,2,04,we,8835250101,416,1.05,0,0,201025518304we,1239320100417810152,BLUEFISH,,4543.4003193,16,41,201025518304we,,0,05/04/2021
2010,51,3,1,1239320100417003,5,2,04,we,8835250101,405,1.05,0,0,201025518304we,1239320100417810152,BLUEFISH,,4275.456998,15,40,201025518304we,,0,05/04/2021
2010,51,3,1,1239320100417003,5,2,04,we,8835250101,406,1,0,0,201025518304we,1239320100417810152,BLUEFISH,,4275.456998,15,40,201025518304we,,0,05/04/2021
2010,51,3,1,1239320100417003,5,2,04,we,8835250101,414,1.05,0,0,201025518304we,1239320100417810152,BLUEFISH,,4275.456998,16,41,201025518304we,,0,05/04/2021
2010,51,3,1,1239320100417003,5,2,04,we,8835250101,408,1.05,0,0,201025518304we,1239320100417810152,BLUEFISH,,4275.456998,16,40,201025518304we,,0,05/04/2021
2010,51,3,1,1239320100417003,5,2,04,we,8835250101,421,1.15,0,0,201025518304we,1239320100417810152,BLUEFISH,,4275.456998,16,42,201025518304we,,0,05/04/2021
2010,51,3,1,1239320100417003,5,2,04,we,8835250101,412,1.05,0,0,201025518304we,1239320100417810152,BLUEFISH,,4275.456998,16,41,201025518304we,,0,05/04/2021
2010,51,3,1,1239320100417006,5,2,04,we,8835250101,428,1.2,0,0,201025518304we,1239320100417810152,BLUEFISH,,4275.456998,16,42,201025518304we,,0,05/04/2021
2010,51,3,1,1239320100417006,5,2,04,we,8835250101,417,1.1,0,0,201025518304we,1239320100417810152,BLUEFISH,,4275.456998,16,41,201025518304we,,0,05/04/2021
2010,51,3,1,1239320100417006,5,2,04,we,8835250101,412,1.1,0,0,201025518304we,1239320100417810152,BLUEFISH,,4275.456998,16,41,201025518304we,,0,05/04/2021
2010,51,3,1,1239320100417006,5,2,04,we,8835250101,406,1.1,0,0,201025518304we,1239320100417810152,BLUEFISH,,4275.456998,15,40,201025518304we,,0,05/04/2021
2010,51,3,1,1239320100417006,5,2,04,we,8835250101,406,1.05,0,0,201025518304we,1239320100417810152,BLUEFISH,,4275.456998,15,40,201025518304we,,0,05/04/2021
2010,51,3,1,1239320100417006,5,2,04,we,8835250101,412,1.1,0,0,201025518304we,1239320100417810152,BLUEFISH,,4275.456998,16,41,201025518304we,,0,05/04/2021
2010,51,3,1,1239320100417006,5,2,04,we,8835250101,419,1.15,0,0,201025518304we,1239320100417810152,BLUEFISH,,4275.456998,16,41,201025518304we,,0,05/04/2021
2010,51,3,1,1239320100417006,5,2,04,we,8835250101,421,1.15,0,0,201025518304we,1239320100417810152,BLUEFISH,,4275.456998,16,42,201025518304we,,0,05/04/2021
2010,51,3,1,1239320100417006,5,2,04,we,8835250101,423,1.15,0,0,201025518304we,1239320100417810152,BLUEFISH,,4275.456998,16,42,201025518304we,,0,05/04/2021
2010,51,3,1,1239320100417006,5,2,04,we,8835250101,423,1.15,0,0,201025518304we,1239320100417810152,BLUEFISH,,4275.456998,16,42,201025518304we,,0,05/04/2021
2010,51,3,1,1239320100417006,5,2,04,we,8835250101,417,1.1,0,0,201025518304we,1239320100417810152,BLUEFISH,,4275.456998,16,41,201025518304we,,0,05/04/2021
2010,51,3,5,1669220100404001,5,2,04,we,,,,0,0,201025518304we,1669220100404700995,,,1587.8765839,,,201025518304we,,0,05/04/2021
2010,51,3,5,1669220100404002,5,2,04,we,,,,0,0,201025518304we,1669220100404700995,,,1687.3889695,,,201025518304we,,0,05/04/2021
2010,51,3,5,1669220100404003,5,2,04,we,8777020105,272,0.25,1,1,201025518304we,1669220100404700995,CHANNEL CATFISH,,1587.8765839,10,27,201025518304we,,0,05/04/2021
2010,51,3,5,1669220100404003,5,2,04,we,8777020105,268,0.25,1,1,201025518304we,1669220100404700995,CHANNEL CATFISH,,1587.8765839,10,26,201025518304we,,0,05/04/2021
2010,51,3,5,1669220100404004,5,2,04,we,8777020105,332,0.5,1,1,201025518304we,1669220100404700995,CHANNEL CATFISH,,974.0559052,13,33,201025518304we,,0,05/04/2021
2010,51,3,5,1669220100404004,5,2,04,we,8777020105,278,0.3,1,1,201025518304we,1669220100404700995,CHANNEL CATFISH,,974.0559052,10,27,201025518304we,,0,05/04/2021
2010,51,3,5,1669220100404006,5,2,04,we,8777020105,386.38524932,0.75,1,1,201025518304we,1669220100404700995,CHANNEL CATFISH,,1687.3889695,15,38,201025518304we,,0,05/04/2021
2010,51,3,5,1669220100404006,5,2,04,we,8777020105,310,0.35,1,1,201025518304we,1669220100404700995,CHANNEL CATFISH,,1687.3889695,12,31,201025518304we,,0,05/04/2021
2010,51,3,5,1669220100404007,5,2,04,we,,,,0,0,201025518304we,1669220100404700995,,,1587.8765839,,,201025518304we,,0,05/04/2021
2010,51,3,5,1669220100417001,5,2,04,we,8835440702,257,0.2,0,0,201025518304we,166922010041793332,ATLANTIC CROAKER,,9281.9773662,10,25,201025518304we,,0,05/04/2021
2010,51,3,5,1669220100417001,5,2,04,we,8835440702,277,0.25,0,0,201025518304we,166922010041793332,ATLANTIC CROAKER,,9281.9773662,10,27,201025518304we,,0,05/04/2021
2010,51,3,5,1669220100417001,5,2,04,we,8835440702,251,0.2,0,0,201025518304we,166922010041793332,ATLANTIC CROAKER,,9281.9773662,9,25,201025518304we,,0,05/04/2021
2010,51,3,5,1669220100417001,5,2,04,we,8835440702,228,0.2,0,0,201025518304we,166922010041793332,ATLANTIC CROAKER,,9281.9773662,8,22,201025518304we,,0,05/04/2021
2010,51,3,5,1669220100417001,5,2,04,we,8835440301,212,0.2,0,0,201025518304we,166922010041793332,SILVER PERCH,,9281.9773662,8,21,201025518304we,,0,05/04/2021
2010,51,3,5,1669220100417001,5,2,04,we,8777020105,332,0.5,0,0,201025518304we,166922010041793332,CHANNEL CATFISH,,9281.9773662,13,33,201025518304we,,0,05/04/2021
2010,51,3,5,1669220100417001,5,2,04,we,8777020105,310,0.35,0,0,201025518304we,166922010041793332,CHANNEL CATFISH,,9281.9773662,12,31,201025518304we,,0,05/04/2021
2010,51,3,5,1669220100417001,5,2,04,we,8777020105,278,0.3,0,0,201025518304we,166922010041793332,CHANNEL CATFISH,,9281.9773662,10,27,201025518304we,,0,05/04/2021
2010,51,3,5,1669220100417001,5,2,04,we,8777020105,268,0.25,0,0,201025518304we,166922010041793332,CHANNEL CATFISH,,9281.9773662,10,26,201025518304we,,0,05/04/2021
2010,51,3,5,1669220100417001,5,2,04,we,8777020105,278,0.3,0,0,201025518304we,166922010041793332,CHANNEL CATFISH,,9281.9773662,10,27,201025518304we,,0,05/04/2021
2010,51,3,5,1669220100417001,5,2,04,we,8777020105,272,0.25,0,0,201025518304we,166922010041793332,CHANNEL CATFISH,,9281.9773662,10,27,201025518304we,,0,05/04/2021
2010,51,3,5,1669220100417003,5,2,04,we,8835440702,278,0.4,1,1,201025518304we,166922010041793332,ATLANTIC CROAKER,,9863.6798238,10,27,201025518304we,,0,05/04/2021
2010,51,3,5,1669220100417003,5,2,04,we,8835440702,251,0.2,1,1,201025518304we,166922010041793332,ATLANTIC CROAKER,,9863.6798238,9,25,201025518304we,,0,05/04/2021
2010,51,3,5,1669220100417003,5,2,04,we,8777020105,278,0.25,1,1,201025518304we,166922010041793332,CHANNEL CATFISH,,9863.6798238,10,27,201025518304we,,0,05/04/2021
2010,51,3,5,1669220100417003,5,2,04,we,8777020105,298,0.4,1,1,201025518304we,166922010041793332,CHANNEL CATFISH,,9863.6798238,11,29,201025518304we,,0,05/04/2021
2010,51,3,5,1669220100417003,5,2,04,we,8777020105,309,0.3,1,1,201025518304we,166922010041793332,CHANNEL CATFISH,,9863.6798238,12,30,201025518304we,,0,05/04/2021
2010,51,3,5,1669220100417003,5,2,04,we,8777020105,317,0.4,1,1,201025518304we,166922010041793332,CHANNEL CATFISH,,9863.6798238,12,31,201025518304we,,0,05/04/2021
2010,51,3,5,1669220100417003,5,2,04,we,8777020105,316,0.4,1,1,201025518304we,166922010041793332,CHANNEL CATFISH,,9863.6798238,12,31,201025518304we,,0,05/04/2021
2010,51,3,5,1669220100418002,5,2,04,we,,,,0,0,201025518304we,1669220100418650120,,,503.37825608,,,201025518304we,,0,05/04/2021
2010,51,3,5,1680820100309001,5,2,03,wd,8777020105,386.38524932,0.75,1,0,201025518303wd,1680820100309931002,CHANNEL CATFISH,,11670.206533,15,38,201025518303wd,,0,05/04/2021
2010,51,3,5,1680820100309001,5,2,03,wd,8777020102,308.53286068,0.4,1,0,201025518303wd,1680820100309931002,BLUE CATFISH,,11670.206533,12,30,201025518303wd,,0,05/04/2021
2010,51,3,5,1680820100309001,5,2,03,wd,8777020102,295.3329547,0.35,1,0,201025518303wd,1680820100309931002,BLUE CATFISH,,11670.206533,11,29,201025518303wd,,0,05/04/2021
2010,51,3,5,1680820100309004,5,2,03,wd,8777020102,452,0.6,0,0,201025518303wd,1680820100309931002,BLUE CATFISH,,11670.206533,17,45,201025518303wd,,0,05/04/2021
2010,51,3,5,1680820100331001,5,2,03,wd,,,,0,0,201025518303wd,1680820100331931002,,,19106.706632,,,201025518303wd,,0,05/04/2021
2010,51,3,5,1680820100331002,5,2,03,wd,8777020105,303,0.4,0,0,201025518303wd,1680820100331931002,CHANNEL CATFISH,,9413.3967921,11,30,201025518303wd,,0,05/04/2021
2010,51,3,5,1680820100331002,5,2,03,wd,8777020105,252,0.2,0,0,201025518303wd,1680820100331931002,CHANNEL CATFISH,,9413.3967921,9,25,201025518303wd,,0,05/04/2021
2010,51,3,5,1680820100331002,5,2,03,wd,8777020105,278,0.25,0,0,201025518303wd,1680820100331931002,CHANNEL CATFISH,,9413.3967921,10,27,201025518303wd,,0,05/04/2021
2010,51,3,5,1680820100331002,5,2,03,wd,8777020105,316,0.4,0,0,201025518303wd,1680820100331931002,CHANNEL CATFISH,,9413.3967921,12,31,201025518303wd,,0,05/04/2021
2010,51,3,5,1680820100331002,5,2,03,wd,8777020105,317,0.4,0,0,201025518303wd,1680820100331931002,CHANNEL CATFISH,,9413.3967921,12,31,201025518303wd,,0,05/04/2021
2010,51,3,5,1680820100331002,5,2,03,wd,8777020105,282,0.3,0,0,201025518303wd,1680820100331931002,CHANNEL CATFISH,,9413.3967921,11,28,201025518303wd,,0,05/04/2021
2010,51,3,5,1680820100331002,5,2,03,wd,8777020105,282,0.3,1,1,201025518303wd,1680820100331931002,CHANNEL CATFISH,,9413.3967921,11,28,201025518303wd,,0,05/04/2021
2010,51,3,5,1680820100331002,5,2,03,wd,8777020105,298,0.4,0,0,201025518303wd,1680820100331931002,CHANNEL CATFISH,,9413.3967921,11,29,201025518303wd,,0,05/04/2021
2010,51,3,5,1680820100331002,5,2,03,wd,8777020105,303,0.4,1,1,201025518303wd,1680820100331931002,CHANNEL CATFISH,,9413.3967921,11,30,201025518303wd,,0,05/04/2021
2010,51,3,5,1680820100331002,5,2,03,wd,8777020105,307,0.4,0,0,201025518303wd,1680820100331931002,CHANNEL CATFISH,,9413.3967921,12,30,201025518303wd,,0,05/04/2021
2010,51,3,5,1680820100331002,5,2,03,wd,8777020105,309,0.3,0,0,201025518303wd,1680820100331931002,CHANNEL CATFISH,,9413.3967921,12,30,201025518303wd,,0,05/04/2021
2010,51,3,5,1680820100331003,5,2,03,wd,8777020102,406,1.2,0,0,201025518303wd,16808201003319379,BLUE CATFISH,,20025.503061,15,40,201025518303wd,,0,05/04/2021
2010,51,3,5,1680820100331003,5,2,03,wd,8777020102,375,0.8,0,0,201025518303wd,16808201003319379,BLUE CATFISH,,20025.503061,14,37,201025518303wd,,0,05/04/2021
2010,51,3,5,1681020100407002,5,2,04,wd,,,,0,0,201025518304wd,1681020100407810149,,,21908.242665,,,201025518304wd,,0,05/04/2021
2010,51,4,5,1680820100328016,5,2,03,we,,,,0,0,201025518403we,168082010032881089,,,0.7826030082,,,201025518403we,,0,05/04/2021
2010,51,4,5,1680820100423001,5,2,04,wd,,,,0,0,201025518404wd,168082010042381089,,,9.8745257162,,,201025518404wd,,0,05/04/2021
2010,51,4,5,1680820100424001,5,2,04,we,8835440702,226,0.15,1,1,201025518404we,1680820100424650993,ATLANTIC CROAKER,,2.5869377216,8,22,201025518404we,,0,05/04/2021
2010,51,4,5,1680820100424001,5,2,04,we,8835250101,260,0.3,1,1,201025518404we,1680820100424650993,BLUEFISH,,2.5869377216,10,26,201025518404we,,0,05/04/2021
2010,51,4,5,1680820100424002,5,2,04,we,8835440702,223,0.15,1,1,201025518404we,1680820100424650993,ATLANTIC CROAKER,,2.5869377216,8,22,201025518404we,,0,05/04/2021
2010,51,4,5,1680820100424003,5,2,04,we,8835440702,202,0.1,1,1,201025518404we,1680820100424650993,ATLANTIC CROAKER,,3.7064389634,7,20,201025518404we,,0,05/04/2021
2010,51,4,5,1680820100424004,5,2,04,we,8835440702,204,0.1,1,1,201025518404we,1680820100424650993,ATLANTIC CROAKER,,2.5869377216,8,20,201025518404we,,0,05/04/2021
2010,51,4,5,1680820100424004,5,2,04,we,8835440702,244,0.2,1,1,201025518404we,1680820100424650993,ATLANTIC CROAKER,,2.5869377216,9,24,201025518404we,,0,05/04/2021
2010,51,4,5,1680820100424005,5,2,04,we,8835440702,219,0.1,1,1,201025518404we,1680820100424650993,ATLANTIC CROAKER,,2.5869377216,8,21,201025518404we,,0,05/04/2021
2010,51,4,5,1680820100424006,5,2,04,we,8835440702,227,0.15,1,1,201025518404we,1680820100424650993,ATLANTIC CROAKER,,2.5869377216,8,22,201025518404we,,0,05/04/2021
2010,51,4,5,1680820100424006,5,2,04,we,8835440702,217,0.1,1,1,201025518404we,1680820100424650993,ATLANTIC CROAKER,,2.5869377216,8,21,201025518404we,,0,05/04/2021
2010,51,4,5,1680820100425008,5,2,04,we,8710010201,885,3,0,0,201025518404we,168082010042581089,SPINY DOGFISH,,2.5371889193,34,88,201025518404we,,0,05/04/2021
2010,51,4,5,1680820100425008,5,2,04,we,8710010201,962,4.5,0,0,201025518404we,168082010042581089,SPINY DOGFISH,,2.5371889193,37,96,201025518404we,,0,05/04/2021
2010,51,4,2,1680820100430001,5,2,04,wd,,,,0,0,201025518404wd,168082010043081088,,,17.163886714,,,201025518404wd,,0,05/04/2021
2010,51,4,2,1680820100430002,5,2,04,wd,,,,0,0,201025518404wd,168082010043081088,,,17.163886714,,,201025518404wd,,0,05/04/2021
2010,51,4,2,1680820100430003,5,2,04,wd,,,,0,0,201025518404wd,168082010043081088,,,11.979667392,,,201025518404wd,,0,05/04/2021
2010,51,4,2,1680820100430004,5,2,04,wd,,,,0,0,201025518404wd,168082010043081088,,,11.979667392,,,201025518404wd,,0,05/04/2021
2010,51,4,2,1680820100430005,5,2,04,wd,,,,0,0,201025518404wd,168082010043081088,,,11.979667392,,,201025518404wd,,0,05/04/2021
2010,51,4,2,1680820100430006,5,2,04,wd,,,,0,0,201025518404wd,168082010043081088,,,13.304600041,,,201025518404wd,,0,05/04/2021
2010,51,4,2,1680820100430008,5,2,04,wd,,,,0,0,201025518404wd,168082010043081088,,,17.163886714,,,201025518404wd,,0,05/04/2021
2010,51,4,2,1680820100430009,5,2,04,wd,,,,0,0,201025518404wd,168082010043081088,,,17.163886714,,,201025518404wd,,0,05/04/2021
2010,51,4,2,1680820100430010,5,2,04,wd,,,,0,0,201025518404wd,168082010043081088,,,17.163886714,,,201025518404wd,,0,05/04/2021
2010,51,4,2,1681020100320002,5,2,03,we,8839010101,431,1.25,0,0,201025518403we,168102010032081089,TAUTOG,,1.4668980481,16,43,201025518403we,,0,05/04/2021
2010,51,4,2,1681020100320008,5,2,03,we,8791030402,463,1.05,0,0,201025518403we,168102010032081089,ATLANTIC COD,,1.4668980481,18,46,201025518403we,,0,05/04/2021
2010,51,4,2,1681020100320010,5,2,03,we,8839010101,545,2.9,0,0,201025518403we,168102010032081089,TAUTOG,,1.4668980481,21,54,201025518403we,,0,05/04/2021
2010,51,4,2,1681020100320017,5,2,03,we,8839010101,365,0.95,0,0,201025518403we,168102010032081089,TAUTOG,,2.101700414,14,36,201025518403we,,0,05/04/2021
2010,51,4,5,1681020100321002,5,2,03,we,8839010101,364,1.05,0,0,201025518403we,168102010032181089,TAUTOG,,0.6929297469,14,36,201025518403we,,0,05/04/2021
2010,51,4,5,1681020100321004,5,2,03,we,8839010101,504,2.5,0,0,201025518403we,168102010032181089,TAUTOG,,0.6929297469,19,50,201025518403we,,0,05/04/2021
2010,51,4,5,1681020100321005,5,2,03,we,8839010101,464,1.75,0,0,201025518403we,168102010032181089,TAUTOG,,0.6929297469,18,46,201025518403we,,0,05/04/2021
2010,51,4,2,1681020100410003,5,2,04,we,8839010101,370,0.95,0,0,201025518404we,168102010041081089,TAUTOG,,5.7046035202,14,37,201025518404we,,0,05/04/2021
2010,51,4,2,1681020100410005,5,2,04,we,8839010101,340,0.75,0,0,201025518404we,168102010041081089,TAUTOG,,5.7046035202,13,34,201025518404we,,0,05/04/2021
2010,51,4,2,1681020100410006,5,2,04,we,8839010101,472,2.2,0,0,201025518404we,168102010041081089,TAUTOG,,5.7046035202,18,47,201025518404we,,0,05/04/2021
2010,51,4,2,1681020100410011,5,2,04,we,8839010101,461,2.1,0,0,201025518404we,168102010041081089,TAUTOG,,5.7046035202,18,46,201025518404we,,0,05/04/2021
2010,51,4,2,1681020100410012,5,2,04,we,8839010101,489,2.6,0,0,201025518404we,168102010041081089,TAUTOG,,5.7046035202,19,48,201025518404we,,0,05/04/2021
2010,51,4,2,1681020100410014,5,2,04,we,8783010201,301,0.55,0,0,201025518404we,168102010041081089,OYSTER TOADFISH,,5.7046035202,11,30,201025518404we,,0,05/04/2021
2010,51,4,2,1681020100410015,5,2,04,we,8791030402,606,2.2,0,0,201025518404we,168102010041081089,ATLANTIC COD,,5.7046035202,23,60,201025518404we,,0,05/04/2021
2010,51,4,2,1681020100410016,5,2,04,we,8839010101,399,1.2,0,0,201025518404we,168102010041081089,TAUTOG,,8.1732793879,15,39,201025518404we,,0,05/04/2021
2010,51,4,2,1681020100410016,5,2,04,we,8839010101,366,1,1,1,201025518404we,168102010041081089,TAUTOG,,8.1732793879,14,36,201025518404we,,0,05/04/2021
2010,51,4,2,1681020100410016,5,2,04,we,8791030402,491,1.35,0,0,201025518404we,168102010041081089,ATLANTIC COD,,8.1732793879,19,49,201025518404we,,0,05/04/2021
2010,51,4,2,1681020100410018,5,2,04,we,8839010101,469,2.3,0,0,201025518404we,168102010041081089,TAUTOG,,8.1732793879,18,46,201025518404we,,0,05/04/2021
2010,51,4,2,1681020100410019,5,2,04,we,8839010101,390,0.95,0,0,201025518404we,168102010041081089,TAUTOG,,5.7046035202,15,39,201025518404we,,0,05/04/2021
2010,51,4,5,1681020100416008,5,2,04,wd,,,,0,0,201025518404wd,168102010041681089,,,6.0916676864,,,201025518404wd,,0,05/04/2021
2010,51,4,5,1681020100416014,5,2,04,wd,,,,0,0,201025518404wd,168102010041681089,,,8.7278461619,,,201025518404wd,,0,05/04/2021
2010,51,4,2,1681020100421001,5,2,04,wd,8791030402,498,1.3,0,0,201025518404wd,168102010042181088,ATLANTIC COD,,12.932881473,19,49,201025518404wd,,0,05/04/2021
2010,51,4,2,1681020100421004,5,2,04,wd,,,,0,0,201025518404wd,168102010042181088,,,12.932881473,,,201025518404wd,,0,05/04/2021
2010,51,4,2,1681020100421005,5,2,04,wd,,,,0,0,201025518404wd,168102010042181088,,,18.529605642,,,201025518404wd,,0,05/04/2021
2010,51,4,2,1681020100421006,5,2,04,wd,8791030402,551,2.4,0,0,201025518404wd,168102010042181088,ATLANTIC COD,,18.529605642,21,55,201025518404wd,,0,05/04/2021
2010,51,4,2,1681020100421008,5,2,04,wd,8839010101,479,2.5,0,0,201025518404wd,168102010042181088,TAUTOG,,18.529605642,18,47,201025518404wd,,0,05/04/2021
2010,51,4,2,1681020100421011,5,2,04,wd,,,,0,0,201025518404wd,168102010042181088,,,18.529605642,,,201025518404wd,,0,05/04/2021
2010,51,4,2,1681020100421014,5,2,04,wd,8839010101,479,2.4,0,0,201025518404wd,168102010042181088,TAUTOG,,18.529605642,18,47,201025518404wd,,0,05/04/2021
2010,51,4,2,1681020100421014,5,2,04,wd,8839010101,454,2.3,0,0,201025518404wd,168102010042181088,TAUTOG,,18.529605642,17,45,201025518404wd,,0,05/04/2021
2010,51,4,5,1681020100430001,5,2,04,wd,,,,0,0,201025518404wd,168102010043081089,,,7.1539722638,,,201025518404wd,,0,05/04/2021
2010,51,4,5,1681020100430006,5,2,04,wd,,,,0,0,201025518404wd,168102010043081089,,,7.1539722638,,,201025518404wd,,0,05/04/2021
2010,51,4,5,1681020100430009,5,2,04,wd,,,,0,0,201025518404wd,168102010043081089,,,7.1539722638,,,201025518404wd,,0,05/04/2021
2010,51,4,5,1681020100430014,5,2,04,wd,,,,0,0,201025518404wd,168102010043081089,,,4.9931702348,,,201025518404wd,,0,05/04/2021
2010,51,4,5,1681020100430018,5,2,04,wd,,,,0,0,201025518404wd,168102010043081089,,,11.11931689,,,201025518404wd,,0,05/04/2021
2010,51,4,2,1684720100424001,5,2,04,we,,,,0,0,201025518404we,168472010042481089,,,15.733562822,,,201025518404we,,0,05/04/2021
2010,51,4,2,1684720100424002,5,2,04,we,,,,0,0,201025518404we,168472010042481089,,,10.981361776,,,201025518404we,,0,05/04/2021
2010,51,4,2,1684720100424004,5,2,04,we,8839010101,366,1,0,0,201025518404we,168472010042481089,TAUTOG,,10.981361776,14,36,201025518404we,,0,05/04/2021
2010,51,5,1,1662020100313001,5,2,03,we,8835020102,502,1.85,1,1,201025518503we,166202010031381088,STRIPED BASS,,6.5811508172,19,50,201025518503we,,0,05/04/2021
2010,51,5,1,1662020100313001,5,2,03,we,8835020102,523,1.9,1,1,201025518503we,166202010031381088,STRIPED BASS,,6.5811508172,20,52,201025518503we,,0,05/04/2021
2010,51,5,1,1662020100313001,5,2,03,we,8835020102,677,4,1,1,201025518503we,166202010031381088,STRIPED BASS,,6.5811508172,26,67,201025518503we,,0,05/04/2021
2010,51,5,1,1662020100313001,5,2,03,we,8835020102,474,1.5,1,1,201025518503we,166202010031381088,STRIPED BASS,,6.5811508172,18,47,201025518503we,,0,05/04/2021
2010,51,5,1,1662020100313001,5,2,03,we,8835020102,502,1.85,1,1,201025518503we,166202010031381088,STRIPED BASS,,6.5811508172,19,50,201025518503we,,0,05/04/2021
2010,51,5,5,1662020100420001,5,2,04,wd,8857030301,579.74136651,2,1,0,201025518504wd,1662020100420139,SUMMER FLOUNDER,,34.917233469,22,57,201025518504wd,,0,05/04/2021
2010,51,5,5,1662020100420001,5,2,04,wd,8857030301,590,1.85,0,0,201025518504wd,1662020100420139,SUMMER FLOUNDER,,34.917233469,23,59,201025518504wd,,0,05/04/2021
2010,51,5,5,1662020100420001,5,2,04,wd,8857030301,592,1.9,0,0,201025518504wd,1662020100420139,SUMMER FLOUNDER,,34.917233469,23,59,201025518504wd,,0,05/04/2021
2010,51,5,5,1662020100420001,5,2,04,wd,8857030301,590,1.85,1,1,201025518504wd,1662020100420139,SUMMER FLOUNDER,,34.917233469,23,59,201025518504wd,,0,05/04/2021
2010,51,5,5,1662020100420002,5,2,04,wd,,,,0,0,201025518504wd,1662020100420139,,,34.917233469,,,201025518504wd,,0,05/04/2021
2010,51,5,5,1662020100420003,5,2,04,wd,,,,0,0,201025518504wd,1662020100420139,,,34.917233469,,,201025518504wd,,0,05/04/2021
2010,51,5,5,1662020100420005,5,2,04,wd,8857030301,590,1.85,1,1,201025518504wd,1662020100420139,SUMMER FLOUNDER,,34.917233469,23,59,201025518504wd,,0,05/04/2021
2010,51,5,5,1662020100420005,5,2,04,wd,8857030301,590,1.85,1,1,201025518504wd,1662020100420139,SUMMER FLOUNDER,,34.917233469,23,59,201025518504wd,,0,05/04/2021
2010,51,5,5,1662020100420005,5,2,04,wd,8857030301,590,1.85,1,1,201025518504wd,1662020100420139,SUMMER FLOUNDER,,34.917233469,23,59,201025518504wd,,0,05/04/2021
2010,51,5,5,1662020100420006,5,2,04,wd,,,,0,0,201025518504wd,1662020100420139,,,34.917233469,,,201025518504wd,,0,05/04/2021
2010,51,5,5,1662020100426001,5,2,04,wd,,,,0,0,201025518504wd,1662020100426139,,,106.02675021,,,201025518504wd,,0,05/04/2021
2010,51,5,5,1662020100426002,5,2,04,wd,,,,0,0,201025518504wd,1662020100426139,,,106.02675021,,,201025518504wd,,0,05/04/2021
2010,51,5,5,1662020100426003,5,2,04,wd,,,,0,0,201025518504wd,1662020100426139,,,106.02675021,,,201025518504wd,,0,05/04/2021
2010,51,5,5,1662020100426004,5,2,04,wd,8857030301,590,1.85,1,1,201025518504wd,1662020100426139,SUMMER FLOUNDER,,106.02675021,23,59,201025518504wd,,0,05/04/2021
2010,51,5,5,1662020100430001,5,2,04,wd,,,,0,0,201025518504wd,1662020100430139,,,23.569132592,,,201025518504wd,,0,05/04/2021
2010,51,5,5,1662020100430002,5,2,04,wd,,,,0,0,201025518504wd,1662020100430139,,,23.569132592,,,201025518504wd,,0,05/04/2021
2010,51,5,5,1662020100430003,5,2,04,wd,,,,0,0,201025518504wd,1662020100430139,,,23.569132592,,,201025518504wd,,0,05/04/2021
2010,51,5,5,1662020100430004,5,2,04,wd,8857030301,590,1.85,1,1,201025518504wd,1662020100430139,SUMMER FLOUNDER,,23.569132592,23,59,201025518504wd,,0,05/04/2021
2010,51,7,5,1146920100410003,5,2,04,we,8835440901,541,2,0,0,201025518704we,1146920100410810438,RED DRUM,,718.90122862,21,54,201025518704we,,0,05/04/2021
2010,51,7,5,1146920100410003,5,2,04,we,8835440901,561,1.8,0,0,201025518704we,1146920100410810438,RED DRUM,,718.90122862,22,56,201025518704we,,0,05/04/2021
2010,51,7,5,1146920100410003,5,2,04,we,8835440901,588,2.3,0,0,201025518704we,1146920100410810438,RED DRUM,,718.90122862,23,58,201025518704we,,0,05/04/2021
2010,51,7,5,1146920100410003,5,2,04,we,8835250101,438,0.6,0,0,201025518704we,1146920100410810438,BLUEFISH,,718.90122862,17,43,201025518704we,,0,05/04/2021
2010,51,7,5,1146920100410003,5,2,04,we,8835250101,455,0.8,0,0,201025518704we,1146920100410810438,BLUEFISH,,718.90122862,17,45,201025518704we,,0,05/04/2021
2010,51,7,5,1146920100410010,5,2,04,we,,,,0,0,201025518704we,1146920100410810438,,,750.4879461,,,201025518704we,,0,05/04/2021
2010,51,7,5,1146920100417006,5,2,04,we,8839010101,434,1,0,0,201025518704we,1146920100417810157,TAUTOG,,828.85982303,17,43,201025518704we,,0,05/04/2021
2010,51,7,5,1146920100417006,5,2,04,we,8839010101,443,1.1,0,0,201025518704we,1146920100417810157,TAUTOG,,828.85982303,17,44,201025518704we,,0,05/04/2021
2010,51,7,5,1146920100417006,5,2,04,we,8839010101,440,1,0,0,201025518704we,1146920100417810157,TAUTOG,,828.85982303,17,44,201025518704we,,0,05/04/2021
2010,51,7,5,1146920100417007,5,2,04,we,8839010101,419,1,0,0,201025518704we,1146920100417810157,TAUTOG,,747.67213187,16,41,201025518704we,,0,05/04/2021
2010,51,7,5,1146920100417007,5,2,04,we,8839010101,439,1.1,0,0,201025518704we,1146920100417810157,TAUTOG,,747.67213187,17,43,201025518704we,,0,05/04/2021
2010,51,7,5,1146920100417007,5,2,04,we,8839010101,442,1.1,0,0,201025518704we,1146920100417810157,TAUTOG,,747.67213187,17,44,201025518704we,,0,05/04/2021
2010,51,7,5,1146920100417007,5,2,04,we,8839010101,440,1.1,0,0,201025518704we,1146920100417810157,TAUTOG,,747.67213187,17,44,201025518704we,,0,05/04/2021
2010,51,7,5,1146920100417007,5,2,04,we,8839010101,434,1,0,0,201025518704we,1146920100417810157,TAUTOG,,747.67213187,17,43,201025518704we,,0,05/04/2021
2010,51,7,5,1146920100417007,5,2,04,we,8839010101,433,1,0,0,201025518704we,1146920100417810157,TAUTOG,,747.67213187,17,43,201025518704we,,0,05/04/2021
2010,51,7,5,1146920100417007,5,2,04,we,8839010101,441,1.1,0,0,201025518704we,1146920100417810157,TAUTOG,,747.67213187,17,44,201025518704we,,0,05/04/2021
2010,51,7,5,1146920100417007,5,2,04,we,8839010101,448,1.2,0,0,201025518704we,1146920100417810157,TAUTOG,,747.67213187,17,44,201025518704we,,0,05/04/2021
2010,51,7,5,1146920100417007,5,2,04,we,8839010101,430,1,0,0,201025518704we,1146920100417810157,TAUTOG,,747.67213187,16,43,201025518704we,,0,05/04/2021
2010,51,7,5,1146920100417007,5,2,04,we,8839010101,439,1.1,0,0,201025518704we,1146920100417810157,TAUTOG,,747.67213187,17,43,201025518704we,,0,05/04/2021
2010,51,7,5,1146920100417007,5,2,04,we,8839010101,432,1,0,0,201025518704we,1146920100417810157,TAUTOG,,747.67213187,17,43,201025518704we,,0,05/04/2021
2010,51,7,5,1146920100417007,5,2,04,we,8839010101,436,1.1,0,0,201025518704we,1146920100417810157,TAUTOG,,747.67213187,17,43,201025518704we,,0,05/04/2021
2010,51,7,5,1146920100417008,5,2,04,we,,,,0,0,201025518704we,1146920100417810157,,,860.44654051,,,201025518704we,,0,05/04/2021
2010,51,7,5,1146920100417009,5,2,04,we,,,,0,0,201025518704we,1146920100417810157,,,776.16489716,,,201025518704we,,0,05/04/2021
2010,51,7,5,1146920100417010,5,2,04,we,8835440702,209,0.2,1,1,201025518704we,1146920100417810157,ATLANTIC CROAKER,,897.20655825,8,20,201025518704we,,0,05/04/2021
2010,51,7,5,1146920100417010,5,2,04,we,8835440702,282,0.25,0,0,201025518704we,1146920100417810157,ATLANTIC CROAKER,,897.20655825,11,28,201025518704we,,0,05/04/2021
2010,51,7,5,1146920100417010,5,2,04,we,8835440702,262,0.25,1,1,201025518704we,1146920100417810157,ATLANTIC CROAKER,,897.20655825,10,26,201025518704we,,0,05/04/2021
2010,51,7,5,1146920100417010,5,2,04,we,8835440702,292,0.3,1,1,201025518704we,1146920100417810157,ATLANTIC CROAKER,,897.20655825,11,29,201025518704we,,0,05/04/2021
2010,51,7,5,1146920100417010,5,2,04,we,8835440702,228,0.2,1,1,201025518704we,1146920100417810157,ATLANTIC CROAKER,,897.20655825,8,22,201025518704we,,0,05/04/2021
2010,51,7,5,1146920100417011,5,2,04,we,,,,0,0,201025518704we,1146920100417810157,,,860.44654051,,,201025518704we,,0,05/04/2021
2010,51,7,5,1146920100417014,5,2,04,we,8839010101,339,1.5,0,0,201025518704we,1146920100417810157,TAUTOG,,828.85982303,13,33,201025518704we,,0,05/04/2021
2010,51,7,5,1146920100417014,5,2,04,we,8839010101,403,1.3,0,0,201025518704we,1146920100417810157,TAUTOG,,828.85982303,15,40,201025518704we,,0,05/04/2021
2010,51,7,5,1146920100417014,5,2,04,we,8839010101,412,1.7,0,0,201025518704we,1146920100417810157,TAUTOG,,828.85982303,16,41,201025518704we,,0,05/04/2021
2010,51,7,5,1146920100417014,5,2,04,we,8839010101,422,1.5,0,0,201025518704we,1146920100417810157,TAUTOG,,828.85982303,16,42,201025518704we,,0,05/04/2021
2010,51,7,5,1146920100417016,5,2,04,we,,,,0,0,201025518704we,1146920100417810157,,,860.44654051,,,201025518704we,,0,05/04/2021
2010,51,7,5,1146920100417017,5,2,04,we,8839010101,521,2.2,0,0,201025518704we,1146920100417810157,TAUTOG,,828.85982303,20,52,201025518704we,,0,05/04/2021
2010,51,7,5,1239120100427001,5,2,04,wd,,,,0,0,201025518704wd,1239120100427650994,,,4282.8932954,,,201025518704wd,,0,05/04/2021
2010,51,7,5,1239120100427002,5,2,04,wd,,,,0,0,201025518704wd,1239120100427650994,,,4282.8932954,,,201025518704wd,,0,05/04/2021
2010,51,7,5,1239120100427003,5,2,04,wd,,,,0,0,201025518704wd,1239120100427650994,,,4282.8932954,,,201025518704wd,,0,05/04/2021
2010,51,7,5,1239120100427004,5,2,04,wd,,,,0,0,201025518704wd,1239120100427650994,,,4282.8932954,,,201025518704wd,,0,05/04/2021
2010,51,7,5,1239320100320001,5,2,03,we,8839010101,334,0.85,0,0,201025518703we,1239320100320810157,TAUTOG,,1452.9631817,13,33,201025518703we,,0,05/04/2021
2010,51,7,5,1239320100320001,5,2,03,we,8839010101,302,0.8,0,0,201025518703we,1239320100320810157,TAUTOG,,1452.9631817,11,30,201025518703we,,0,05/04/2021
2010,51,7,5,1239320100320001,5,2,03,we,8839010101,308,0.8,0,0,201025518703we,1239320100320810157,TAUTOG,,1452.9631817,12,30,201025518703we,,0,05/04/2021
2010,51,7,5,1239320100320001,5,2,03,we,8839010101,327,0.8,0,0,201025518703we,1239320100320810157,TAUTOG,,1452.9631817,12,32,201025518703we,,0,05/04/2021
2010,51,7,5,1239320100320001,5,2,03,we,8839010101,344,0.85,0,0,201025518703we,1239320100320810157,TAUTOG,,1452.9631817,13,34,201025518703we,,0,05/04/2021
2010,51,7,5,1239320100320001,5,2,03,we,8839010101,334,0.85,0,0,201025518703we,1239320100320810157,TAUTOG,,1452.9631817,13,33,201025518703we,,0,05/04/2021
2010,51,7,5,1239320100320001,5,2,03,we,8839010101,304,0.8,0,0,201025518703we,1239320100320810157,TAUTOG,,1452.9631817,11,30,201025518703we,,0,05/04/2021
2010,51,7,5,1239320100320001,5,2,03,we,8839010101,301,0.8,0,0,201025518703we,1239320100320810157,TAUTOG,,1452.9631817,11,30,201025518703we,,0,05/04/2021
2010,51,7,5,1239320100320002,5,2,03,we,,,,0,0,201025518703we,1239320100320810157,,,1484.5498992,,,201025518703we,,0,05/04/2021
2010,51,7,5,1239320100320005,5,2,03,we,8839010101,368,0.95,0,0,201025518703we,1239320100320810157,TAUTOG,,1452.9631817,14,36,201025518703we,,0,05/04/2021
2010,51,7,5,1239320100320005,5,2,03,we,8839010101,378,1.2,0,0,201025518703we,1239320100320810157,TAUTOG,,1452.9631817,14,37,201025518703we,,0,05/04/2021
2010,51,7,5,1239320100320005,5,2,03,we,8839010101,351,0.85,0,0,201025518703we,1239320100320810157,TAUTOG,,1452.9631817,13,35,201025518703we,,0,05/04/2021
2010,51,7,5,1239320100320005,5,2,03,we,8839010101,382,1.25,0,0,201025518703we,1239320100320810157,TAUTOG,,1452.9631817,15,38,201025518703we,,0,05/04/2021
2010,51,7,5,1239320100320005,5,2,03,we,8839010101,388,1.3,0,0,201025518703we,1239320100320810157,TAUTOG,,1452.9631817,15,38,201025518703we,,0,05/04/2021
2010,51,7,5,1239320100320005,5,2,03,we,8839010101,381,1.25,0,0,201025518703we,1239320100320810157,TAUTOG,,1452.9631817,14,38,201025518703we,,0,05/04/2021
2010,51,7,5,1239320100320005,5,2,03,we,8839010101,372,1,0,0,201025518703we,1239320100320810157,TAUTOG,,1452.9631817,14,37,201025518703we,,0,05/04/2021
2010,51,7,5,1239320100320005,5,2,03,we,8839010101,355,0.9,0,0,201025518703we,1239320100320810157,TAUTOG,,1452.9631817,13,35,201025518703we,,0,05/04/2021
2010,51,7,5,1239320100320005,5,2,03,we,8839010101,374,1.2,0,0,201025518703we,1239320100320810157,TAUTOG,,1452.9631817,14,37,201025518703we,,0,05/04/2021
2010,51,7,5,1239320100320005,5,2,03,we,8839010101,360,0.9,0,0,201025518703we,1239320100320810157,TAUTOG,,1452.9631817,14,36,201025518703we,,0,05/04/2021
2010,51,7,5,1239320100320005,5,2,03,we,8839010101,354,0.8,0,0,201025518703we,1239320100320810157,TAUTOG,,1452.9631817,13,35,201025518703we,,0,05/04/2021
2010,51,7,5,1239320100320007,5,2,03,we,,,,0,0,201025518703we,1239320100320810157,,,1484.5498992,,,201025518703we,,0,05/04/2021
2010,51,7,5,1239320100320008,5,2,03,we,,,,0,0,201025518703we,1239320100320810157,,,1484.5498992,,,201025518703we,,0,05/04/2021
2010,51,7,2,1239320100401001,5,2,04,wd,8839010101,495,3.1,0,0,201025518704wd,1239320100401810438,TAUTOG,,2888.092864,19,49,201025518704wd,,0,05/04/2021
2010,51,7,2,1239320100401001,5,2,04,wd,8839010101,488,3,0,0,201025518704wd,1239320100401810438,TAUTOG,,2888.092864,19,48,201025518704wd,,0,05/04/2021
2010,51,7,2,1239320100401001,5,2,04,wd,8839010101,543,3.3,0,0,201025518704wd,1239320100401810438,TAUTOG,,2888.092864,21,54,201025518704wd,,0,05/04/2021
2010,51,7,2,1239320100401001,5,2,04,wd,8839010101,513,3.4,0,0,201025518704wd,1239320100401810438,TAUTOG,,2888.092864,20,51,201025518704wd,,0,05/04/2021
2010,51,7,5,1239320100401002,5,2,04,wd,,,,0,0,201025518704wd,1239320100401810438,,,2082.0786815,,,201025518704wd,,0,05/04/2021
2010,51,7,2,1239320100401003,5,2,04,wd,8839010101,522,3.2,0,0,201025518704wd,1239320100401810438,TAUTOG,,2888.092864,20,52,201025518704wd,,0,05/04/2021
2010,51,7,2,1239320100401003,5,2,04,wd,8839010101,545,3.4,0,0,201025518704wd,1239320100401810438,TAUTOG,,2888.092864,21,54,201025518704wd,,0,05/04/2021
2010,51,7,2,1239320100401003,5,2,04,wd,8839010101,539,3.3,0,0,201025518704wd,1239320100401810438,TAUTOG,,2888.092864,21,53,201025518704wd,,0,05/04/2021
2010,51,7,2,1239320100401003,5,2,04,wd,8839010101,534,3.3,0,0,201025518704wd,1239320100401810438,TAUTOG,,2888.092864,21,53,201025518704wd,,0,05/04/2021
2010,51,7,2,1239320100401003,5,2,04,wd,8839010101,512,3.1,0,0,201025518704wd,1239320100401810438,TAUTOG,,2888.092864,20,51,201025518704wd,,0,05/04/2021
2010,51,7,2,1239320100401003,5,2,04,wd,8839010101,536,3.2,0,0,201025518704wd,1239320100401810438,TAUTOG,,2888.092864,21,53,201025518704wd,,0,05/04/2021
2010,51,7,2,1239320100401003,5,2,04,wd,8839010101,541,3.4,0,0,201025518704wd,1239320100401810438,TAUTOG,,2888.092864,21,54,201025518704wd,,0,05/04/2021
2010,51,7,2,1239320100401003,5,2,04,wd,8839010101,548,3.4,0,0,201025518704wd,1239320100401810438,TAUTOG,,2888.092864,21,54,201025518704wd,,0,05/04/2021
2010,51,7,2,1239320100401004,5,2,04,wd,,,,0,0,201025518704wd,1239320100401810438,,,2883.635569,,,201025518704wd,,0,05/04/2021
2010,51,7,1,1453020100313002,5,2,03,we,,,,0,0,201025518703we,1453020100313710153,,,1910.4523888,,,201025518703we,,0,05/04/2021
2010,51,7,5,1453020100418001,5,2,04,we,8839010101,441,1.1,1,1,201025518704we,145302010041881015,TAUTOG,,1983.6476266,17,44,201025518704we,,0,05/04/2021
2010,51,7,5,1453020100418001,5,2,04,we,8839010101,440,1,1,1,201025518704we,145302010041881015,TAUTOG,,1983.6476266,17,44,201025518704we,,0,05/04/2021
2010,51,7,5,1453020100418001,5,2,04,we,8839010101,434,1,1,1,201025518704we,145302010041881015,TAUTOG,,1983.6476266,17,43,201025518704we,,0,05/04/2021
2010,51,7,5,1453020100418001,5,2,04,we,8839010101,433,1,1,1,201025518704we,145302010041881015,TAUTOG,,1983.6476266,17,43,201025518704we,,0,05/04/2021
2010,51,7,5,1453020100418001,5,2,04,we,8839010101,357,1.2,0,0,201025518704we,145302010041881015,TAUTOG,,1983.6476266,14,35,201025518704we,,0,05/04/2021
2010,51,7,5,1453020100418001,5,2,04,we,8839010101,350,1.1,0,0,201025518704we,145302010041881015,TAUTOG,,1983.6476266,13,35,201025518704we,,0,05/04/2021
2010,51,7,5,1453020100418001,5,2,04,we,8839010101,418,1.75,0,0,201025518704we,145302010041881015,TAUTOG,,1983.6476266,16,41,201025518704we,,0,05/04/2021
2010,51,7,5,1453020100418001,5,2,04,we,8839010101,359,1.2,0,0,201025518704we,145302010041881015,TAUTOG,,1983.6476266,14,35,201025518704we,,0,05/04/2021
2010,51,7,5,1453020100418003,5,2,04,we,8839010101,364,1.25,0,0,201025518704we,145302010041881015,TAUTOG,,1983.6476266,14,36,201025518704we,,0,05/04/2021
2010,51,7,5,1453020100418003,5,2,04,we,8839010101,360,1.2,0,0,201025518704we,145302010041881015,TAUTOG,,1983.6476266,14,36,201025518704we,,0,05/04/2021
2010,51,7,5,1453020100418003,5,2,04,we,8839010101,431,1.85,0,0,201025518704we,145302010041881015,TAUTOG,,1983.6476266,16,43,201025518704we,,0,05/04/2021
2010,51,7,5,1453020100418003,5,2,04,we,8839010101,358,1.2,0,0,201025518704we,145302010041881015,TAUTOG,,1983.6476266,14,35,201025518704we,,0,05/04/2021
2010,51,7,5,1453020100424001,5,2,04,we,,,,0,0,201025518704we,1453020100424810438,,,858.61469225,,,201025518704we,,0,05/04/2021
2010,51,7,5,1453020100424002,5,2,04,we,,,,0,0,201025518704we,1453020100424810438,,,858.61469225,,,201025518704we,,0,05/04/2021
2010,51,7,5,1453020100424003,5,2,04,we,8857030301,502,1.3,0,0,201025518704we,1453020100424810438,SUMMER FLOUNDER,,827.02797478,19,50,201025518704we,,0,05/04/2021
2010,51,7,5,1453020100424004,5,2,04,we,8857030301,616,2.3,0,0,201025518704we,1453020100424810438,SUMMER FLOUNDER,,1367.4661641,24,61,201025518704we,,0,05/04/2021
2010,51,7,5,1453020100424004,5,2,04,we,8857030301,502,1.3,1,1,201025518704we,1453020100424810438,SUMMER FLOUNDER,,1367.4661641,19,50,201025518704we,,0,05/04/2021
2010,51,7,5,1453020100424004,5,2,04,we,8857030301,502,1.3,1,1,201025518704we,1453020100424810438,SUMMER FLOUNDER,,1367.4661641,19,50,201025518704we,,0,05/04/2021
2010,51,7,5,1453020100424004,5,2,04,we,8857030301,616,2.3,1,1,201025518704we,1453020100424810438,SUMMER FLOUNDER,,1367.4661641,24,61,201025518704we,,0,05/04/2021
2010,51,7,5,1453020100424004,5,2,04,we,8857030301,616,2.3,1,1,201025518704we,1453020100424810438,SUMMER FLOUNDER,,1367.4661641,24,61,201025518704we,,0,05/04/2021
2010,51,7,5,1453020100424004,5,2,04,we,8835250101,385,0.75,1,1,201025518704we,1453020100424810438,BLUEFISH,,858.61469225,15,38,201025518704we,,0,05/04/2021
2010,51,7,5,1453020100424004,5,2,04,we,8835250101,371,0.7,1,1,201025518704we,1453020100424810438,BLUEFISH,,858.61469225,14,37,201025518704we,,0,05/04/2021
2010,51,7,5,1453020100424004,5,2,04,we,8835250101,438,0.9,1,1,201025518704we,1453020100424810438,BLUEFISH,,858.61469225,17,43,201025518704we,,0,05/04/2021
2010,51,7,5,1453020100424004,5,2,04,we,8835250101,455,0.8,1,1,201025518704we,1453020100424810438,BLUEFISH,,858.61469225,17,45,201025518704we,,0,05/04/2021
2010,51,7,5,1453020100424005,5,2,04,we,,,,0,0,201025518704we,1453020100424810438,,,774.51248037,,,201025518704we,,0,05/04/2021
2010,51,7,5,1453020100424006,5,2,04,we,,,,0,0,201025518704we,1453020100424810438,,,858.61469225,,,201025518704we,,0,05/04/2021
2010,51,7,5,1453020100424007,5,2,04,we,8835250101,435,0.95,0,0,201025518704we,1453020100424810438,BLUEFISH,,827.02797478,17,43,201025518704we,,0,05/04/2021
2010,51,7,5,1453020100424008,5,2,04,we,,,,0,0,201025518704we,1453020100424810438,,,858.61469225,,,201025518704we,,0,05/04/2021
2010,51,7,5,1453020100424009,5,2,04,we,8857030301,492,1.25,0,0,201025518704we,1453020100424810438,SUMMER FLOUNDER,,827.02797478,19,49,201025518704we,,0,05/04/2021
2010,51,7,5,1453020100424009,5,2,04,we,8835440901,573,1.8,0,0,201025518704we,1453020100424810438,RED DRUM,,827.02797478,22,57,201025518704we,,0,05/04/2021
2010,51,7,5,1453020100424009,5,2,04,we,8835440901,528,1.7,0,0,201025518704we,1453020100424810438,RED DRUM,,827.02797478,20,52,201025518704we,,0,05/04/2021
2010,51,7,5,1453020100424009,5,2,04,we,8835440901,570,1.8,0,0,201025518704we,1453020100424810438,RED DRUM,,827.02797478,22,57,201025518704we,,0,05/04/2021
2010,51,7,5,1453020100424009,5,2,04,we,8835250101,371,0.7,0,0,201025518704we,1453020100424810438,BLUEFISH,,827.02797478,14,37,201025518704we,,0,05/04/2021
2010,51,7,5,1453020100424009,5,2,04,we,8835250101,385,0.75,0,0,201025518704we,1453020100424810438,BLUEFISH,,827.02797478,15,38,201025518704we,,0,05/04/2021
2010,51,7,5,1453020100424009,5,2,04,we,8835250101,428,0.9,0,0,201025518704we,1453020100424810438,BLUEFISH,,827.02797478,16,42,201025518704we,,0,05/04/2021
2010,51,7,5,1453020100424010,5,2,04,we,8857030301,520,1.4,0,0,201025518704we,1453020100424810438,SUMMER FLOUNDER,,827.02797478,20,52,201025518704we,,0,05/04/2021
2010,51,7,5,1661720100411003,5,2,04,we,8839010101,440,1.1,1,1,201025518704we,1661720100411650994,TAUTOG,,2363.0512039,17,44,201025518704we,,0,05/04/2021
2010,51,7,5,1661720100411003,5,2,04,we,8839010101,430,1,1,1,201025518704we,1661720100411650994,TAUTOG,,2363.0512039,16,43,201025518704we,,0,05/04/2021
2010,51,7,5,1661720100411003,5,2,04,we,8839010101,439,1.1,1,1,201025518704we,1661720100411650994,TAUTOG,,2363.0512039,17,43,201025518704we,,0,05/04/2021
2010,51,7,5,1661720100411004,5,2,04,we,8839010101,439,1.1,1,1,201025518704we,1661720100411650994,TAUTOG,,2363.0512039,17,43,201025518704we,,0,05/04/2021
2010,51,7,5,1661720100411004,5,2,04,we,8839010101,436,1.1,1,1,201025518704we,1661720100411650994,TAUTOG,,2363.0512039,17,43,201025518704we,,0,05/04/2021
2010,51,7,5,1661720100411004,5,2,04,we,8839010101,419,1,1,1,201025518704we,1661720100411650994,TAUTOG,,2363.0512039,16,41,201025518704we,,0,05/04/2021
2010,51,7,5,1661720100411005,5,2,04,we,,,,0,0,201025518704we,1661720100411650994,,,3711.6968733,,,201025518704we,,0,05/04/2021
2010,51,7,5,1661720100411006,5,2,04,we,,,,0,0,201025518704we,1661720100411650994,,,1744.4350583,,,201025518704we,,0,05/04/2021
2010,51,7,1,1662020100401001,5,2,04,wd,8839010101,419,1,1,1,201025518704wd,1662020100401810157,TAUTOG,,813.12427589,16,41,201025518704wd,,0,05/04/2021
2010,51,7,1,1662020100401001,5,2,04,wd,8839010101,530,2.6,1,1,201025518704wd,1662020100401810157,TAUTOG,,813.12427589,20,53,201025518704wd,,0,05/04/2021
2010,51,7,1,1662020100401002,5,2,04,wd,8839010101,359,1.15,1,1,201025518704wd,1662020100401810157,TAUTOG,,813.12427589,14,35,201025518704wd,,0,05/04/2021
2010,51,7,1,1662020100401002,5,2,04,wd,8839010101,419,1,1,1,201025518704wd,1662020100401810157,TAUTOG,,813.12427589,16,41,201025518704wd,,0,05/04/2021
2010,51,7,1,1662020100401002,5,2,04,wd,8839010101,385,1.25,1,1,201025518704wd,1662020100401810157,TAUTOG,,813.12427589,15,38,201025518704wd,,0,05/04/2021
2010,51,7,5,1662020100401003,5,2,04,wd,8839010101,361,0.75,0,0,201025518704wd,1662020100401810157,TAUTOG,,1611.2401664,14,36,201025518704wd,,0,05/04/2021
2010,51,7,5,1662020100401003,5,2,04,wd,8839010101,383,1,0,0,201025518704wd,1662020100401810157,TAUTOG,,1611.2401664,15,38,201025518704wd,,0,05/04/2021
2010,51,7,5,1662020100401003,5,2,04,wd,8839010101,396,1.2,0,0,201025518704wd,1662020100401810157,TAUTOG,,1611.2401664,15,39,201025518704wd,,0,05/04/2021
2010,51,7,5,1662020100401003,5,2,04,wd,8839010101,339,1.5,1,1,201025518704wd,1662020100401810157,TAUTOG,,1611.2401664,13,33,201025518704wd,,0,05/04/2021
2010,51,7,5,1662020100401003,5,2,04,wd,8839010101,538,2.5,0,0,201025518704wd,1662020100401810157,TAUTOG,,1611.2401664,21,53,201025518704wd,,0,05/04/2021
2010,51,7,5,1662020100401007,5,2,04,wd,8839010101,403,1.3,1,1,201025518704wd,1662020100401810157,TAUTOG,,1655.6102786,15,40,201025518704wd,,0,05/04/2021
2010,51,7,5,1662020100401009,5,2,04,wd,8839010101,412,1.7,1,1,201025518704wd,1662020100401810157,TAUTOG,,1655.6102786,16,41,201025518704wd,,0,05/04/2021
2010,51,7,5,1662020100401010,5,2,04,wd,8839010101,302,0.8,1,1,201025518704wd,1662020100401810157,TAUTOG,,1493.441511,11,30,201025518704wd,,0,05/04/2021
2010,51,7,5,1662020100401011,5,2,04,wd,8839010101,334,0.85,1,1,201025518704wd,1662020100401810157,TAUTOG,,1655.6102786,13,33,201025518704wd,,0,05/04/2021
2010,51,7,5,1662020100401012,5,2,04,wd,,,,0,0,201025518704wd,1662020100401810157,,,1655.6102786,,,201025518704wd,,0,05/04/2021
2010,51,7,5,1662020100401014,5,2,04,wd,8839010101,304,0.8,1,1,201025518704wd,1662020100401810157,TAUTOG,,2805.174612,11,30,201025518704wd,,0,05/04/2021
2010,51,7,5,1662020100401014,5,2,04,wd,8839010101,344,0.85,1,1,201025518704wd,1662020100401810157,TAUTOG,,2805.174612,13,34,201025518704wd,,0,05/04/2021
2010,51,7,5,1662020100403002,5,2,04,we,,,,0,0,201025518704we,1662020100403125,,,771.45224645,,,201025518704we,,0,05/04/2021
2010,51,7,2,1662020100403003,5,2,04,we,8839010101,525,2,0,0,201025518704we,1662020100403125,TAUTOG,,1840.6312435,20,52,201025518704we,,0,05/04/2021
2010,51,7,2,1662020100403003,5,2,04,we,8839010101,540,3.2,0,0,201025518704we,1662020100403125,TAUTOG,,1840.6312435,21,54,201025518704we,,0,05/04/2021
2010,51,7,2,1662020100403003,5,2,04,we,8839010101,488,3,1,1,201025518704we,1662020100403125,TAUTOG,,1840.6312435,19,48,201025518704we,,0,05/04/2021
2010,51,7,2,1662020100403003,5,2,04,we,8839010101,565,3.4,1,1,201025518704we,1662020100403125,TAUTOG,,1840.6312435,22,56,201025518704we,,0,05/04/2021
2010,51,7,2,1662020100403003,5,2,04,we,8839010101,541,3.4,1,1,201025518704we,1662020100403125,TAUTOG,,1840.6312435,21,54,201025518704we,,0,05/04/2021
2010,51,7,2,1662020100403003,5,2,04,we,8839010101,530,2.6,0,0,201025518704we,1662020100403125,TAUTOG,,1840.6312435,20,53,201025518704we,,0,05/04/2021
2010,51,7,2,1662020100403003,5,2,04,we,8839010101,522,3.2,1,1,201025518704we,1662020100403125,TAUTOG,,1840.6312435,20,52,201025518704we,,0,05/04/2021
2010,51,7,2,1662020100403003,5,2,04,we,8839010101,562,3.5,0,0,201025518704we,1662020100403125,TAUTOG,,1840.6312435,22,56,201025518704we,,0,05/04/2021
2010,51,7,2,1662020100403003,5,2,04,we,8839010101,565,3.4,0,0,201025518704we,1662020100403125,TAUTOG,,1840.6312435,22,56,201025518704we,,0,05/04/2021
2010,51,7,2,1662020100403004,5,2,04,we,,,,0,0,201025518704we,1662020100403125,,,1068.4452789,,,201025518704we,,0,05/04/2021
2010,51,7,2,1662020100403005,5,2,04,we,,,,0,0,201025518704we,1662020100403125,,,1068.4452789,,,201025518704we,,0,05/04/2021
2010,51,7,2,1662020100403006,5,2,04,we,,,,0,0,201025518704we,1662020100403125,,,1068.4452789,,,201025518704we,,0,05/04/2021
2010,51,7,5,1662020100403007,5,2,04,we,8857030301,492,1.25,1,1,201025518704we,1662020100403125,SUMMER FLOUNDER,,747.56004245,19,49,201025518704we,,0,05/04/2021
2010,51,7,5,1662020100403007,5,2,04,we,8857030301,492,1.25,1,1,201025518704we,1662020100403125,SUMMER FLOUNDER,,747.56004245,19,49,201025518704we,,0,05/04/2021
2010,51,7,5,1662020100403007,5,2,04,we,8857030301,520,1.4,1,1,201025518704we,1662020100403125,SUMMER FLOUNDER,,747.56004245,20,52,201025518704we,,0,05/04/2021
2010,51,7,5,1662020100403008,5,2,04,we,8857030301,490,1.2,1,1,201025518704we,1662020100403125,SUMMER FLOUNDER,,747.56004245,19,49,201025518704we,,0,05/04/2021
2010,51,7,5,1662020100403008,5,2,04,we,8857030301,487,1.1,1,1,201025518704we,1662020100403125,SUMMER FLOUNDER,,747.56004245,19,48,201025518704we,,0,05/04/2021
2010,51,7,5,1662020100403008,5,2,04,we,8857030301,520,1.4,1,1,201025518704we,1662020100403125,SUMMER FLOUNDER,,747.56004245,20,52,201025518704we,,0,05/04/2021
2010,51,7,5,1662020100403009,5,2,04,we,,,,0,0,201025518704we,1662020100403125,,,771.45224645,,,201025518704we,,0,05/04/2021
2010,51,7,5,1662020100403010,5,2,04,we,,,,0,0,201025518704we,1662020100403125,,,771.45224645,,,201025518704we,,0,05/04/2021
2010,51,7,5,1662020100406001,5,2,04,wd,,,,0,0,201025518704wd,1662020100406125,,,2553.7469175,,,201025518704wd,,0,05/04/2021
2010,51,7,5,1662020100406002,5,2,04,wd,8857030301,487,1.1,1,1,201025518704wd,1662020100406125,SUMMER FLOUNDER,,2556.2249981,19,48,201025518704wd,,0,05/04/2021
2010,51,7,5,1662020100406003,5,2,04,wd,,,,0,0,201025518704wd,1662020100406125,,,2553.7469175,,,201025518704wd,,0,05/04/2021
2010,51,7,5,1662020100417001,5,2,04,we,,,,0,0,201025518704we,1662020100417139,,,3618.940056,,,201025518704we,,0,05/04/2021
2010,51,7,5,1662020100417002,5,2,04,we,,,,0,0,201025518704we,166202010041711199,,,773.04468518,,,201025518704we,,0,05/04/2021
2010,51,7,5,1662020100417003,5,2,04,we,8857030301,607,2.2,1,1,201025518704we,166202010041711199,SUMMER FLOUNDER,,751.49274769,23,60,201025518704we,,0,05/04/2021
2010,51,7,5,1662020100417004,5,2,04,we,,,,0,0,201025518704we,166202010041711199,,,1200.0197813,,,201025518704we,,0,05/04/2021
2010,51,7,5,1662020100417005,5,2,04,we,8857030301,607,2.2,1,1,201025518704we,166202010041711199,SUMMER FLOUNDER,,751.49274769,23,60,201025518704we,,0,05/04/2021
2010,51,7,5,1662020100417005,5,2,04,we,8857030301,460,1.35,1,1,201025518704we,166202010041711199,SUMMER FLOUNDER,,751.49274769,18,46,201025518704we,,0,05/04/2021
2010,51,7,5,1662020100417006,5,2,04,we,,,,0,0,201025518704we,166202010041711199,,,773.04468518,,,201025518704we,,0,05/04/2021
2010,51,7,5,1662020100417007,5,2,04,we,,,,0,0,201025518704we,166202010041711199,,,773.04468518,,,201025518704we,,0,05/04/2021
2010,51,7,5,1662020100417008,5,2,04,we,8857030301,514,1.3,1,1,201025518704we,166202010041711199,SUMMER FLOUNDER,,751.49274769,20,51,201025518704we,,0,05/04/2021
2010,51,7,5,1662020100417008,5,2,04,we,8857030301,514,1.3,1,1,201025518704we,166202010041711199,SUMMER FLOUNDER,,751.49274769,20,51,201025518704we,,0,05/04/2021
2010,51,7,5,1662020100417008,5,2,04,we,8857030301,482,1.2,1,1,201025518704we,166202010041711199,SUMMER FLOUNDER,,751.49274769,18,48,201025518704we,,0,05/04/2021
2010,51,7,5,1662020100417008,5,2,04,we,8857030301,482,1.2,1,1,201025518704we,166202010041711199,SUMMER FLOUNDER,,751.49274769,18,48,201025518704we,,0,05/04/2021
2010,51,7,5,1662020100417008,5,2,04,we,8857030301,486,1.2,1,1,201025518704we,166202010041711199,SUMMER FLOUNDER,,751.49274769,19,48,201025518704we,,0,05/04/2021
2010,51,7,5,1662020100417009,5,2,04,we,,,,0,0,201025518704we,166202010041711199,,,773.04468518,,,201025518704we,,0,05/04/2021
2010,51,7,5,1662020100417010,5,2,04,we,,,,0,0,201025518704we,166202010041711199,,,773.04468518,,,201025518704we,,0,05/04/2021
2010,51,7,5,1662020100419001,5,2,04,wd,,,,0,0,201025518704wd,166202010041911199,,,2137.494478,,,201025518704wd,,0,05/04/2021
2010,51,7,5,1662020100419002,5,2,04,wd,,,,0,0,201025518704wd,166202010041911199,,,2137.494478,,,201025518704wd,,0,05/04/2021
2010,51,7,5,1669220100413001,5,2,04,wd,8777020105,550,2.7,1,1,201025518704wd,1669220100413700271,CHANNEL CATFISH,,2778.5985356,21,55,201025518704wd,,0,05/04/2021
2010,51,7,5,1672220100406002,5,2,04,wd,,,,0,0,201025518704wd,1672220100406131302,,,2369.5992124,,,201025518704wd,,0,05/04/2021
2010,51,7,5,1680820100415003,5,2,04,wd,8839010101,405,1.7,0,0,201025518704wd,1680820100415810157,TAUTOG,,1492.4276912,15,40,201025518704wd,,0,05/04/2021
2010,51,7,5,1680820100415003,5,2,04,wd,8839010101,385,1.25,0,0,201025518704wd,1680820100415810157,TAUTOG,,1492.4276912,15,38,201025518704wd,,0,05/04/2021
2010,51,7,5,1680820100415003,5,2,04,wd,8839010101,390,1.45,0,0,201025518704wd,1680820100415810157,TAUTOG,,1492.4276912,15,39,201025518704wd,,0,05/04/2021
2010,51,7,5,1680820100415003,5,2,04,wd,8839010101,443,2.1,0,0,201025518704wd,1680820100415810157,TAUTOG,,1492.4276912,17,44,201025518704wd,,0,05/04/2021
2010,51,7,5,1680820100415003,5,2,04,wd,8839010101,431,1.9,0,0,201025518704wd,1680820100415810157,TAUTOG,,1492.4276912,16,43,201025518704wd,,0,05/04/2021
2010,51,7,5,1680820100415003,5,2,04,wd,8839010101,430,1.8,0,0,201025518704wd,1680820100415810157,TAUTOG,,1492.4276912,16,43,201025518704wd,,0,05/04/2021
2010,51,7,5,1680820100415003,5,2,04,wd,8839010101,465,2.4,0,0,201025518704wd,1680820100415810157,TAUTOG,,1492.4276912,18,46,201025518704wd,,0,05/04/2021
2010,51,7,5,1680820100415003,5,2,04,wd,8839010101,460,2.15,0,0,201025518704wd,1680820100415810157,TAUTOG,,1492.4276912,18,46,201025518704wd,,0,05/04/2021
2010,51,7,5,1680820100415003,5,2,04,wd,8839010101,603,3,0,0,201025518704wd,1680820100415810157,TAUTOG,,1492.4276912,23,60,201025518704wd,,0,05/04/2021
2010,51,7,5,1680820100415003,5,2,04,wd,8839010101,376,1.25,0,0,201025518704wd,1680820100415810157,TAUTOG,,1492.4276912,14,37,201025518704wd,,0,05/04/2021
2010,51,7,5,1680820100415003,5,2,04,wd,8839010101,423,1.75,0,0,201025518704wd,1680820100415810157,TAUTOG,,1492.4276912,16,42,201025518704wd,,0,05/04/2021
2010,51,7,5,1680820100415003,5,2,04,wd,8839010101,359,1.15,0,0,201025518704wd,1680820100415810157,TAUTOG,,1492.4276912,14,35,201025518704wd,,0,05/04/2021
2010,51,7,5,1680820100415004,5,2,04,wd,,,,0,0,201025518704wd,1680820100415810157,,,1651.2680588,,,201025518704wd,,0,05/04/2021
2010,51,7,5,1680820100415005,5,2,04,wd,,,,0,0,201025518704wd,1680820100415810157,,,1651.2680588,,,201025518704wd,,0,05/04/2021
2010,51,7,5,1680820100415006,5,2,04,wd,8839010101,357,1.15,0,0,201025518704wd,1680820100415810157,TAUTOG,,1654.4863708,14,35,201025518704wd,,0,05/04/2021
2010,51,7,5,1680820100415010,5,2,04,wd,8839010101,470,2.2,0,0,201025518704wd,1680820100415810157,TAUTOG,,1985.383645,18,47,201025518704wd,,0,05/04/2021
2010,51,7,5,1680820100415010,5,2,04,wd,8839010101,415,1.7,0,0,201025518704wd,1680820100415810157,TAUTOG,,1985.383645,16,41,201025518704wd,,0,05/04/2021
2010,51,7,5,1680820100415010,5,2,04,wd,8839010101,424,1.5,0,0,201025518704wd,1680820100415810157,TAUTOG,,1985.383645,16,42,201025518704wd,,0,05/04/2021
2010,51,7,5,1680820100415010,5,2,04,wd,8839010101,529,2.9,0,0,201025518704wd,1680820100415810157,TAUTOG,,1985.383645,20,52,201025518704wd,,0,05/04/2021
2010,51,7,5,1680820100415010,5,2,04,wd,8839010101,521,3.1,0,0,201025518704wd,1680820100415810157,TAUTOG,,1985.383645,20,52,201025518704wd,,0,05/04/2021
2010,51,7,5,1680820100415010,5,2,04,wd,8839010101,360,0.9,1,1,201025518704wd,1680820100415810157,TAUTOG,,1985.383645,14,36,201025518704wd,,0,05/04/2021
2010,51,7,5,1680820100415010,5,2,04,wd,8839010101,355,0.9,1,1,201025518704wd,1680820100415810157,TAUTOG,,1985.383645,13,35,201025518704wd,,0,05/04/2021
2010,51,7,5,1680820100415010,5,2,04,wd,8839010101,422,1.5,0,0,201025518704wd,1680820100415810157,TAUTOG,,1985.383645,16,42,201025518704wd,,0,05/04/2021
2010,51,7,5,1680820100415010,5,2,04,wd,8839010101,327,0.8,1,1,201025518704wd,1680820100415810157,TAUTOG,,1985.383645,12,32,201025518704wd,,0,05/04/2021
2010,51,7,5,1680820100415010,5,2,04,wd,8839010101,354,0.8,1,1,201025518704wd,1680820100415810157,TAUTOG,,1985.383645,13,35,201025518704wd,,0,05/04/2021
2010,51,7,5,1680820100415011,5,2,04,wd,,,,0,0,201025518704wd,1680820100415810157,,,1651.2680588,,,201025518704wd,,0,05/04/2021
2010,51,7,5,1680820100415012,5,2,04,wd,,,,0,0,201025518704wd,1680820100415810157,,,1651.2680588,,,201025518704wd,,0,05/04/2021
2010,51,7,5,1680820100415013,5,2,04,wd,8839010101,484,2.2,0,0,201025518704wd,1680820100415810157,TAUTOG,,2032.2594915,19,48,201025518704wd,,0,05/04/2021
2010,51,7,5,1680820100415014,5,2,04,wd,8839010101,381,1.25,1,1,201025518704wd,1680820100415810157,TAUTOG,,1985.383645,14,38,201025518704wd,,0,05/04/2021
2010,51,7,5,1680820100415014,5,2,04,wd,8839010101,388,1.3,1,1,201025518704wd,1680820100415810157,TAUTOG,,1985.383645,15,38,201025518704wd,,0,05/04/2021
2010,51,7,5,1680820100415014,5,2,04,wd,8839010101,382,1.25,1,1,201025518704wd,1680820100415810157,TAUTOG,,1985.383645,15,38,201025518704wd,,0,05/04/2021
2010,51,7,5,1680820100415014,5,2,04,wd,8839010101,350,1.1,1,1,201025518704wd,1680820100415810157,TAUTOG,,1985.383645,13,35,201025518704wd,,0,05/04/2021
2010,51,7,5,1680820100415014,5,2,04,wd,8839010101,351,0.85,1,1,201025518704wd,1680820100415810157,TAUTOG,,1985.383645,13,35,201025518704wd,,0,05/04/2021
2010,51,7,5,1680820100415015,5,2,04,wd,8839010101,364,1.25,1,1,201025518704wd,1680820100415810157,TAUTOG,,3308.9727416,14,36,201025518704wd,,0,05/04/2021
2010,51,7,5,1680820100415015,5,2,04,wd,8839010101,538,2.5,1,1,201025518704wd,1680820100415810157,TAUTOG,,3308.9727416,21,53,201025518704wd,,0,05/04/2021
2010,51,7,5,1680820100415015,5,2,04,wd,8839010101,358,1.2,1,1,201025518704wd,1680820100415810157,TAUTOG,,3308.9727416,14,35,201025518704wd,,0,05/04/2021
2010,51,7,5,1680820100415015,5,2,04,wd,8839010101,360,1.2,1,1,201025518704wd,1680820100415810157,TAUTOG,,3308.9727416,14,36,201025518704wd,,0,05/04/2021
2010,51,7,5,1680820100415015,5,2,04,wd,8839010101,418,1.75,1,1,201025518704wd,1680820100415810157,TAUTOG,,3308.9727416,16,41,201025518704wd,,0,05/04/2021
2010,51,7,5,1680820100415016,5,2,04,wd,8839010101,431,1.9,1,1,201025518704wd,1680820100415810157,TAUTOG,,1654.4863708,16,43,201025518704wd,,0,05/04/2021
2010,51,7,5,1680820100415016,5,2,04,wd,8839010101,603,3,1,1,201025518704wd,1680820100415810157,TAUTOG,,1654.4863708,23,60,201025518704wd,,0,05/04/2021
2010,51,7,5,1680820100415016,5,2,04,wd,8839010101,383,1,1,1,201025518704wd,1680820100415810157,TAUTOG,,1654.4863708,15,38,201025518704wd,,0,05/04/2021
2010,51,7,5,1680820100415016,5,2,04,wd,8839010101,405,1.7,1,1,201025518704wd,1680820100415810157,TAUTOG,,1654.4863708,15,40,201025518704wd,,0,05/04/2021
2010,51,7,5,1680820100415017,5,2,04,wd,8839010101,376,1.25,1,1,201025518704wd,1680820100415810157,TAUTOG,,1654.4863708,14,37,201025518704wd,,0,05/04/2021
2010,51,7,5,1680820100415017,5,2,04,wd,8839010101,443,2.1,1,1,201025518704wd,1680820100415810157,TAUTOG,,1654.4863708,17,44,201025518704wd,,0,05/04/2021
2010,51,7,5,1680820100415017,5,2,04,wd,8839010101,390,1.45,1,1,201025518704wd,1680820100415810157,TAUTOG,,1654.4863708,15,39,201025518704wd,,0,05/04/2021
2010,51,7,5,1681020100325001,5,2,03,wd,8839010101,359,1.15,1,1,201025518703wd,1681020100325810157,TAUTOG,,2303.6542809,14,35,201025518703wd,,0,05/04/2021
2010,51,7,5,1681020100325001,5,2,03,wd,8839010101,385,1.25,1,1,201025518703wd,1681020100325810157,TAUTOG,,2303.6542809,15,38,201025518703wd,,0,05/04/2021
2010,51,7,5,1681020100403009,5,2,04,we,8839010101,377,1.15,0,0,201025518704we,1681020100403810157,TAUTOG,,1331.5922656,14,37,201025518704we,,0,05/04/2021
2010,51,7,5,1681020100403010,5,2,04,we,,,,0,0,201025518704we,1681020100403810157,,,951.99753965,,,201025518704we,,0,05/04/2021
2010,51,7,2,1681020100412001,5,2,04,wd,8839010101,530,2.6,1,1,201025518704wd,1681020100412810438,TAUTOG,,4327.9278146,20,53,201025518704wd,,0,05/04/2021
2010,51,7,2,1681020100412001,5,2,04,wd,8839010101,383,1.2,0,0,201025518704wd,1681020100412810438,TAUTOG,,4327.9278146,15,38,201025518704wd,,0,05/04/2021
2010,51,7,2,1681020100412002,5,2,04,wd,8839010101,415,1.3,0,0,201025518704wd,1681020100412810438,TAUTOG,,4327.9278146,16,41,201025518704wd,,0,05/04/2021
2010,51,7,5,1681020100412004,5,2,04,wd,,,,0,0,201025518704wd,1681020100412810157,,,1894.4323664,,,201025518704wd,,0,05/04/2021
2010,51,7,5,1681020100417001,5,2,04,we,8857030301,490,1.2,0,0,201025518704we,1681020100417125,SUMMER FLOUNDER,,775.67194553,19,49,201025518704we,,0,05/04/2021
2010,51,7,5,1681020100417002,5,2,04,we,8857030301,487,1.1,0,0,201025518704we,1681020100417125,SUMMER FLOUNDER,,775.67194553,19,48,201025518704we,,0,05/04/2021
2010,51,7,5,1681020100417003,5,2,04,we,,,,0,0,201025518704we,1681020100417125,,,797.22388303,,,201025518704we,,0,05/04/2021
2010,51,7,5,1681020100417004,5,2,04,we,,,,0,0,201025518704we,1681020100417125,,,797.22388303,,,201025518704we,,0,05/04/2021
2010,51,7,5,1681020100417005,5,2,04,we,8857030301,460,1.35,0,0,201025518704we,1681020100417125,SUMMER FLOUNDER,,1353.4628818,18,46,201025518704we,,0,05/04/2021
2010,51,7,5,1681020100417005,5,2,04,we,8857030301,607,2.2,0,0,201025518704we,1681020100417125,SUMMER FLOUNDER,,1353.4628818,23,60,201025518704we,,0,05/04/2021
2010,51,7,5,1681020100417007,5,2,04,we,8857030301,514,1.3,0,0,201025518704we,1681020100417125,SUMMER FLOUNDER,,1804.6171758,20,51,201025518704we,,0,05/04/2021
2010,51,7,5,1681020100417007,5,2,04,we,8857030301,486,1.2,0,0,201025518704we,1681020100417125,SUMMER FLOUNDER,,1804.6171758,19,48,201025518704we,,0,05/04/2021
2010,51,7,5,1681020100417008,5,2,04,we,8857030301,482,1.2,0,0,201025518704we,1681020100417125,SUMMER FLOUNDER,,1360.043977,18,48,201025518704we,,0,05/04/2021
2010,51,7,5,1681020100417008,5,2,04,we,8857030301,474,1,0,0,201025518704we,1681020100417125,SUMMER FLOUNDER,,1360.043977,18,47,201025518704we,,0,05/04/2021
2010,51,7,5,1681020100417010,5,2,04,we,8857030301,476,1.05,1,1,201025518704we,1681020100417125,SUMMER FLOUNDER,,1353.4628818,18,47,201025518704we,,0,05/04/2021
2010,51,7,5,1681020100417010,5,2,04,we,8857030301,474,1,1,1,201025518704we,1681020100417125,SUMMER FLOUNDER,,1353.4628818,18,47,201025518704we,,0,05/04/2021
2010,51,7,5,1681020100417010,5,2,04,we,8857030301,474,1,1,1,201025518704we,1681020100417125,SUMMER FLOUNDER,,1353.4628818,18,47,201025518704we,,0,05/04/2021
2010,51,7,5,1681020100417011,5,2,04,we,,,,0,0,201025518704we,1681020100417125,,,1473.9553239,,,201025518704we,,0,05/04/2021
2010,51,7,5,1681020100417013,5,2,04,we,8857030301,476,1.05,0,0,201025518704we,1681020100417125,SUMMER FLOUNDER,,1226.8262395,18,47,201025518704we,,0,05/04/2021
2010,51,7,5,1681020100417015,5,2,04,we,8857030301,507,1.35,0,0,201025518704we,1681020100417125,SUMMER FLOUNDER,,1804.6171758,19,50,201025518704we,,0,05/04/2021
2010,51,7,5,1681020100417015,5,2,04,we,8857030301,533,1.5566107254,0,1,201025518704we,1681020100417125,SUMMER FLOUNDER,,1804.6171758,20,53,201025518704we,,0,05/04/2021
2010,51,7,5,1681020100418001,5,2,04,we,,,,0,0,201025518704we,1681020100418810157,,,1121.2363879,,,201025518704we,,0,05/04/2021
2010,51,7,5,1681020100418006,5,2,04,we,,,,0,0,201025518704we,1681020100418810157,,,711.88064081,,,201025518704we,,0,05/04/2021
2010,51,7,5,1681020100418007,5,2,04,we,8839010101,415,1.7,1,1,201025518704we,1681020100418810157,TAUTOG,,1089.6496705,16,41,201025518704we,,0,05/04/2021
2010,51,7,5,1681020100418007,5,2,04,we,8839010101,470,2.2,1,1,201025518704we,1681020100418810157,TAUTOG,,1089.6496705,18,47,201025518704we,,0,05/04/2021
2010,51,7,5,1681020100418007,5,2,04,we,8839010101,529,2.9,1,1,201025518704we,1681020100418810157,TAUTOG,,1089.6496705,20,52,201025518704we,,0,05/04/2021
2010,51,7,5,1681020100418008,5,2,04,we,,,,0,0,201025518704we,1681020100418810157,,,1325.9142615,,,201025518704we,,0,05/04/2021
2010,51,7,5,1681020100418009,5,2,04,we,,,,0,0,201025518704we,1681020100418810157,,,1121.2363879,,,201025518704we,,0,05/04/2021
2010,51,7,2,1681020100422001,5,2,04,wd,8791030402,472,2,0,0,201025518704wd,1681020100422139,ATLANTIC COD,,1843.3767721,18,47,201025518704wd,,0,05/04/2021
2010,51,7,5,1681020100422002,5,2,04,wd,8857030301,476,1.05,1,1,201025518704wd,1681020100422139,SUMMER FLOUNDER,,1985.3042293,18,47,201025518704wd,,0,05/04/2021
2010,51,7,5,1681020100422003,5,2,04,wd,,,,0,0,201025518704wd,1681020100422139,,,1473.0709538,,,201025518704wd,,0,05/04/2021
2010,51,7,5,1681020100422004,5,2,04,wd,8857030301,531,1.55,0,0,201025518704wd,1681020100422139,SUMMER FLOUNDER,,1330.977992,20,53,201025518704wd,,0,05/04/2021
2010,51,7,5,1681020100422005,5,2,04,wd,,,,0,0,201025518704wd,1681020100422139,,,1328.7821051,,,201025518704wd,,0,05/04/2021
2010,51,7,5,1681020100422006,5,2,04,wd,8857030301,512,1.3,0,0,201025518704wd,1681020100422139,SUMMER FLOUNDER,,1330.977992,20,51,201025518704wd,,0,05/04/2021
2010,51,7,5,1681020100422006,5,2,04,wd,8857030301,496,1.15,0,0,201025518704wd,1681020100422139,SUMMER FLOUNDER,,1330.977992,19,49,201025518704wd,,0,05/04/2021
2010,51,7,5,1681020100422007,5,2,04,wd,,,,0,0,201025518704wd,1681020100422139,,,1328.7821051,,,201025518704wd,,0,05/04/2021
2010,51,7,5,1681020100423001,5,2,04,wd,8857030301,485,1.35,0,0,201025518704wd,1681020100423124,SUMMER FLOUNDER,,1829.0286223,19,48,201025518704wd,,0,05/04/2021
2010,51,7,5,1681020100423001,5,2,04,wd,8857030301,525,1.5,0,0,201025518704wd,1681020100423124,SUMMER FLOUNDER,,1829.0286223,20,52,201025518704wd,,0,05/04/2021
2010,51,7,5,1681020100423001,5,2,04,wd,8857030301,526,1.5,0,0,201025518704wd,1681020100423124,SUMMER FLOUNDER,,1829.0286223,20,52,201025518704wd,,0,05/04/2021
2010,51,7,5,1681020100423002,5,2,04,wd,,,,0,0,201025518704wd,1681020100423124,,,1826.8327354,,,201025518704wd,,0,05/04/2021
2010,51,7,5,1681020100423003,5,2,04,wd,,,,0,0,201025518704wd,1681020100423124,,,1826.8327354,,,201025518704wd,,0,05/04/2021
2010,51,7,5,1681020100423004,5,2,04,wd,8857030301,507,1.35,1,1,201025518704wd,1681020100423124,SUMMER FLOUNDER,,2786.9428534,19,50,201025518704wd,,0,05/04/2021
2010,51,7,5,1681020100423004,5,2,04,wd,8857030301,507,1.35,1,1,201025518704wd,1681020100423124,SUMMER FLOUNDER,,2786.9428534,19,50,201025518704wd,,0,05/04/2021
2010,51,7,5,1681020100423005,5,2,04,wd,,,,0,0,201025518704wd,1681020100423124,,,2305.7898509,,,201025518704wd,,0,05/04/2021
2010,51,7,5,1681020100423006,5,2,04,wd,8857030301,496,1.15,1,1,201025518704wd,1681020100423124,SUMMER FLOUNDER,,2160.1144109,19,49,201025518704wd,,0,05/04/2021
2010,51,7,5,1681020100423006,5,2,04,wd,8857030301,533,1.5566107254,1,1,201025518704wd,1681020100423124,SUMMER FLOUNDER,,2160.1144109,20,53,201025518704wd,,0,05/04/2021
2010,51,7,5,1681020100423006,5,2,04,wd,8857030301,533,1.5566107254,1,1,201025518704wd,1681020100423124,SUMMER FLOUNDER,,2160.1144109,20,53,201025518704wd,,0,05/04/2021
2010,51,7,5,1681020100423006,5,2,04,wd,8857030301,531,1.55,1,1,201025518704wd,1681020100423124,SUMMER FLOUNDER,,2160.1144109,20,53,201025518704wd,,0,05/04/2021
2010,51,7,5,1681020100423006,5,2,04,wd,8857030301,531,1.55,1,1,201025518704wd,1681020100423124,SUMMER FLOUNDER,,2160.1144109,20,53,201025518704wd,,0,05/04/2021
2010,51,7,5,1681020100423007,5,2,04,wd,,,,0,0,201025518704wd,1681020100423124,,,1347.8756199,,,201025518704wd,,0,05/04/2021
2010,51,7,5,1681020100423008,5,2,04,wd,,,,0,0,201025518704wd,1681020100423124,,,1347.8756199,,,201025518704wd,,0,05/04/2021
2010,51,7,5,1681020100423009,5,2,04,wd,8857030301,485,1.35,1,1,201025518704wd,1681020100423124,SUMMER FLOUNDER,,1496.672114,19,48,201025518704wd,,0,05/04/2021
2010,51,7,5,1681020100423009,5,2,04,wd,8857030301,512,1.3,1,1,201025518704wd,1681020100423124,SUMMER FLOUNDER,,1496.672114,20,51,201025518704wd,,0,05/04/2021
2010,51,7,5,1681020100423009,5,2,04,wd,8857030301,485,1.35,1,1,201025518704wd,1681020100423124,SUMMER FLOUNDER,,1496.672114,19,48,201025518704wd,,0,05/04/2021
2010,51,7,5,1681020100423010,5,2,04,wd,,,,0,0,201025518704wd,1681020100423124,,,1494.2377817,,,201025518704wd,,0,05/04/2021
2010,51,7,5,1681020100423011,5,2,04,wd,8857030301,525,1.5,1,1,201025518704wd,1681020100423124,SUMMER FLOUNDER,,2025.2035528,20,52,201025518704wd,,0,05/04/2021
2010,51,7,5,1681020100423011,5,2,04,wd,8857030301,526,1.5,1,1,201025518704wd,1681020100423124,SUMMER FLOUNDER,,2025.2035528,20,52,201025518704wd,,0,05/04/2021
2010,51,7,5,1681020100423011,5,2,04,wd,8857030301,526,1.5,1,1,201025518704wd,1681020100423124,SUMMER FLOUNDER,,2025.2035528,20,52,201025518704wd,,0,05/04/2021
2010,51,7,5,1681020100423011,5,2,04,wd,8857030301,525,1.5,1,1,201025518704wd,1681020100423124,SUMMER FLOUNDER,,2025.2035528,20,52,201025518704wd,,0,05/04/2021
2010,51,7,5,1681020100423012,5,2,04,wd,8857030301,533,1.6,0,0,201025518704wd,1681020100423124,SUMMER FLOUNDER,,1829.0286223,20,53,201025518704wd,,0,05/04/2021
2010,51,7,5,1681020100423012,5,2,04,wd,8857030301,482,1.05,0,0,201025518704wd,1681020100423124,SUMMER FLOUNDER,,1829.0286223,18,48,201025518704wd,,0,05/04/2021
2010,51,7,5,1681020100423012,5,2,04,wd,8857030301,586,2.5,0,0,201025518704wd,1681020100423124,SUMMER FLOUNDER,,1829.0286223,23,58,201025518704wd,,0,05/04/2021
2010,51,7,5,1681020100423012,5,2,04,wd,8857030301,557,2.1,0,0,201025518704wd,1681020100423124,SUMMER FLOUNDER,,1829.0286223,21,55,201025518704wd,,0,05/04/2021
2010,51,7,5,1681020100423012,5,2,04,wd,8857030301,484,1.05,0,0,201025518704wd,1681020100423124,SUMMER FLOUNDER,,1829.0286223,19,48,201025518704wd,,0,05/04/2021
2010,51,7,5,1681020100423013,5,2,04,wd,8857030301,484,1.15,0,0,201025518704wd,1681020100423124,SUMMER FLOUNDER,,2786.9428534,19,48,201025518704wd,,0,05/04/2021
2010,51,7,5,1681020100423014,5,2,04,wd,8857030301,472,1.05,0,0,201025518704wd,1681020100423124,SUMMER FLOUNDER,,2786.9428534,18,47,201025518704wd,,0,05/04/2021
2010,51,7,5,1681420100320001,5,2,03,we,,,,0,0,201025518703we,1681420100320124,,,662.70119404,,,201025518703we,,0,05/04/2021
2010,51,7,5,1681420100320003,5,2,03,we,,,,0,0,201025518703we,1681420100320124,,,1085.6758944,,,201025518703we,,0,05/04/2021
2010,51,7,5,1681420100320006,5,2,03,we,,,,0,0,201025518703we,1681420100320124,,,504.38539156,,,201025518703we,,0,05/04/2021
2010,51,7,5,1681420100320007,5,2,03,we,,,,0,0,201025518703we,1681420100320124,,,583.5432928,,,201025518703we,,0,05/04/2021
2010,51,7,5,1681420100321005,5,2,03,we,,,,0,0,201025518703we,1681420100321810438,,,1628.922473,,,201025518703we,,0,05/04/2021
2010,51,7,1,1681420100321007,5,2,03,we,,,,0,0,201025518703we,1681420100321810438,,,433.85389707,,,201025518703we,,0,05/04/2021
2010,51,7,5,1681420100417001,5,2,04,we,,,,0,0,201025518704we,1681420100417810438,,,664.2548256,,,201025518704we,,0,05/04/2021
2010,51,7,5,1681420100417002,5,2,04,we,,,,0,0,201025518704we,1681420100417810438,,,736.38445747,,,201025518704we,,0,05/04/2021
2010,51,7,5,1681420100417003,5,2,04,we,,,,0,0,201025518704we,1681420100417810438,,,736.38445747,,,201025518704we,,0,05/04/2021
2010,51,7,5,1681420100417004,5,2,04,we,,,,0,0,201025518704we,1681420100417810438,,,736.38445747,,,201025518704we,,0,05/04/2021
2010,51,7,5,1681420100417005,5,2,04,we,,,,0,0,201025518704we,1681420100417810438,,,736.38445747,,,201025518704we,,0,05/04/2021
2010,51,7,5,1681420100417006,5,2,04,we,8835250101,409,0.75,1,1,201025518704we,1681420100417810438,BLUEFISH,,1708.7154338,16,40,201025518704we,,0,05/04/2021
2010,51,7,5,1681420100417006,5,2,04,we,8835250101,357,0.5,1,1,201025518704we,1681420100417810438,BLUEFISH,,1708.7154338,14,35,201025518704we,,0,05/04/2021
2010,51,7,5,1681420100417006,5,2,04,we,8835250101,403,0.7,1,1,201025518704we,1681420100417810438,BLUEFISH,,1708.7154338,15,40,201025518704we,,0,05/04/2021
2010,51,7,5,1681420100417006,5,2,04,we,8835250101,458,0.55,1,1,201025518704we,1681420100417810438,BLUEFISH,,1708.7154338,18,45,201025518704we,,0,05/04/2021
2010,51,7,5,1681420100417006,5,2,04,we,8835250101,420,0.45,1,1,201025518704we,1681420100417810438,BLUEFISH,,1708.7154338,16,42,201025518704we,,0,05/04/2021
2010,51,7,5,1681420100417007,5,2,04,we,8835250101,550,1.1,1,1,201025518704we,1681420100417810438,BLUEFISH,,1472.7689149,21,55,201025518704we,,0,05/04/2021
2010,51,7,5,1681420100417007,5,2,04,we,8835250101,377,0.65,1,1,201025518704we,1681420100417810438,BLUEFISH,,1472.7689149,14,37,201025518704we,,0,05/04/2021
2010,51,7,5,1681420100417007,5,2,04,we,8835250101,401,0.8,1,1,201025518704we,1681420100417810438,BLUEFISH,,1472.7689149,15,40,201025518704we,,0,05/04/2021
2010,51,7,5,1681420100417007,5,2,04,we,8835250101,420,0.7,1,1,201025518704we,1681420100417810438,BLUEFISH,,1472.7689149,16,42,201025518704we,,0,05/04/2021
2010,51,7,5,1681420100417007,5,2,04,we,8835250101,426,0.85,1,1,201025518704we,1681420100417810438,BLUEFISH,,1472.7689149,16,42,201025518704we,,0,05/04/2021
2010,51,7,5,1681420100417008,5,2,04,we,8835250101,438,0.9,0,0,201025518704we,1681420100417810438,BLUEFISH,,704.79773999,17,43,201025518704we,,0,05/04/2021
2010,51,7,5,1681420100417008,5,2,04,we,8835250101,409,0.75,0,0,201025518704we,1681420100417810438,BLUEFISH,,704.79773999,16,40,201025518704we,,0,05/04/2021
2010,51,7,5,1681420100417009,5,2,04,we,8835250101,420,0.45,0,0,201025518704we,1681420100417810438,BLUEFISH,,704.79773999,16,42,201025518704we,,0,05/04/2021
2010,51,7,5,1681420100417009,5,2,04,we,8835250101,299,0.9,0,0,201025518704we,1681420100417810438,BLUEFISH,,704.79773999,11,29,201025518704we,,0,05/04/2021
2010,51,7,5,1681420100417009,5,2,04,we,8835250101,403,0.7,0,0,201025518704we,1681420100417810438,BLUEFISH,,704.79773999,15,40,201025518704we,,0,05/04/2021
2010,51,7,5,1681420100417009,5,2,04,we,8835250101,357,0.5,0,0,201025518704we,1681420100417810438,BLUEFISH,,704.79773999,14,35,201025518704we,,0,05/04/2021
2010,51,7,5,1681420100417009,5,2,04,we,8835250101,392,0.65,0,0,201025518704we,1681420100417810438,BLUEFISH,,704.79773999,15,39,201025518704we,,0,05/04/2021
2010,51,7,5,1681420100417009,5,2,04,we,8835250101,416,0.9,1,1,201025518704we,1681420100417810438,BLUEFISH,,704.79773999,16,41,201025518704we,,0,05/04/2021
2010,51,7,5,1681420100417009,5,2,04,we,8835250101,486,0.7,0,0,201025518704we,1681420100417810438,BLUEFISH,,704.79773999,19,48,201025518704we,,0,05/04/2021
2010,51,7,5,1681420100417009,5,2,04,we,8835250101,458,0.55,0,0,201025518704we,1681420100417810438,BLUEFISH,,704.79773999,18,45,201025518704we,,0,05/04/2021
2010,51,7,5,1681420100417009,5,2,04,we,8835250101,412,0.75,0,0,201025518704we,1681420100417810438,BLUEFISH,,704.79773999,16,41,201025518704we,,0,05/04/2021
2010,51,7,5,1681420100417010,5,2,04,we,8835250101,428,0.9,1,1,201025518704we,1681420100417810438,BLUEFISH,,1158.6793772,16,42,201025518704we,,0,05/04/2021
2010,51,7,5,1681420100417010,5,2,04,we,8835250101,407,0.8,1,1,201025518704we,1681420100417810438,BLUEFISH,,1158.6793772,16,40,201025518704we,,0,05/04/2021
2010,51,7,5,1681420100417010,5,2,04,we,8835250101,379,0.65,1,1,201025518704we,1681420100417810438,BLUEFISH,,1158.6793772,14,37,201025518704we,,0,05/04/2021
2010,51,7,5,1681420100417010,5,2,04,we,8835250101,403,0.8,1,1,201025518704we,1681420100417810438,BLUEFISH,,1158.6793772,15,40,201025518704we,,0,05/04/2021
2010,51,7,5,1681420100417010,5,2,04,we,8835250101,404,0.8,1,1,201025518704we,1681420100417810438,BLUEFISH,,1158.6793772,15,40,201025518704we,,0,05/04/2021
2010,51,7,5,1681420100417011,5,2,04,we,8835250101,426,0.85,0,0,201025518704we,1681420100417810438,BLUEFISH,,717.46392342,16,42,201025518704we,,0,05/04/2021
2010,51,7,5,1681420100417011,5,2,04,we,8835250101,370,0.95,0,0,201025518704we,1681420100417810438,BLUEFISH,,717.46392342,14,37,201025518704we,,0,05/04/2021
2010,51,7,5,1681420100417011,5,2,04,we,8835250101,420,0.7,0,0,201025518704we,1681420100417810438,BLUEFISH,,717.46392342,16,42,201025518704we,,0,05/04/2021
2010,51,7,5,1681420100417011,5,2,04,we,8835250101,418,0.75,0,0,201025518704we,1681420100417810438,BLUEFISH,,717.46392342,16,41,201025518704we,,0,05/04/2021
2010,51,7,5,1681420100417011,5,2,04,we,8835250101,550,1.1,0,0,201025518704we,1681420100417810438,BLUEFISH,,717.46392342,21,55,201025518704we,,0,05/04/2021
2010,51,7,5,1681420100417011,5,2,04,we,8835250101,376,0.6,0,0,201025518704we,1681420100417810438,BLUEFISH,,717.46392342,14,37,201025518704we,,0,05/04/2021
2010,51,7,5,1681420100417012,5,2,04,we,,,,0,0,201025518704we,1681420100417810438,,,736.38445747,,,201025518704we,,0,05/04/2021
2010,51,7,5,1681420100417013,5,2,04,we,8835250101,424,0.8,0,0,201025518704we,1681420100417810438,BLUEFISH,,704.79773999,16,42,201025518704we,,0,05/04/2021
2010,51,7,5,1681420100417013,5,2,04,we,8835250101,401,0.8,0,0,201025518704we,1681420100417810438,BLUEFISH,,704.79773999,15,40,201025518704we,,0,05/04/2021
2010,51,7,5,1681420100417013,5,2,04,we,8835250101,357,0.5,0,0,201025518704we,1681420100417810438,BLUEFISH,,704.79773999,14,35,201025518704we,,0,05/04/2021
2010,51,7,5,1681420100417013,5,2,04,we,8835250101,377,0.65,0,0,201025518704we,1681420100417810438,BLUEFISH,,704.79773999,14,37,201025518704we,,0,05/04/2021
2010,51,7,5,1681420100417013,5,2,04,we,8835250101,409,0.8,0,0,201025518704we,1681420100417810438,BLUEFISH,,704.79773999,16,40,201025518704we,,0,05/04/2021
2010,51,7,5,1681420100417013,5,2,04,we,8835250101,410,0.9,0,0,201025518704we,1681420100417810438,BLUEFISH,,704.79773999,16,41,201025518704we,,0,05/04/2021
2010,51,7,5,1681420100417013,5,2,04,we,8835250101,428,0.9,0,0,201025518704we,1681420100417810438,BLUEFISH,,704.79773999,16,42,201025518704we,,0,05/04/2021
2010,51,7,5,1681420100417013,5,2,04,we,8835250101,432,0.9,0,0,201025518704we,1681420100417810438,BLUEFISH,,704.79773999,17,43,201025518704we,,0,05/04/2021
2010,51,7,5,1681420100417013,5,2,04,we,8835250101,381,0.65,0,0,201025518704we,1681420100417810438,BLUEFISH,,704.79773999,14,38,201025518704we,,0,05/04/2021
2010,51,7,5,1681420100417013,5,2,04,we,8835250101,416,0.9,0,0,201025518704we,1681420100417810438,BLUEFISH,,704.79773999,16,41,201025518704we,,0,05/04/2021
2010,51,7,5,1681420100417014,5,2,04,we,8835250101,409,0.8,0,0,201025518704we,1681420100417810438,BLUEFISH,,704.79773999,16,40,201025518704we,,0,05/04/2021
2010,51,7,5,1681420100417014,5,2,04,we,8835250101,379,0.65,0,0,201025518704we,1681420100417810438,BLUEFISH,,704.79773999,14,37,201025518704we,,0,05/04/2021
2010,51,7,5,1681420100417014,5,2,04,we,8835250101,379,0.6,0,0,201025518704we,1681420100417810438,BLUEFISH,,704.79773999,14,37,201025518704we,,0,05/04/2021
2010,51,7,5,1681420100417014,5,2,04,we,8835250101,393,0.75,0,0,201025518704we,1681420100417810438,BLUEFISH,,704.79773999,15,39,201025518704we,,0,05/04/2021
2010,51,7,5,1681420100417014,5,2,04,we,8835250101,404,0.8,0,0,201025518704we,1681420100417810438,BLUEFISH,,704.79773999,15,40,201025518704we,,0,05/04/2021
2010,51,7,5,1681420100417014,5,2,04,we,8835250101,457,0.55,0,0,201025518704we,1681420100417810438,BLUEFISH,,704.79773999,17,45,201025518704we,,0,05/04/2021
2010,51,7,5,1681420100417014,5,2,04,we,8835250101,393,0.8,0,0,201025518704we,1681420100417810438,BLUEFISH,,704.79773999,15,39,201025518704we,,0,05/04/2021
2010,51,7,5,1681420100417014,5,2,04,we,8835250101,403,0.8,0,0,201025518704we,1681420100417810438,BLUEFISH,,704.79773999,15,40,201025518704we,,0,05/04/2021
2010,51,7,5,1681420100417014,5,2,04,we,8835250101,407,0.8,0,0,201025518704we,1681420100417810438,BLUEFISH,,704.79773999,16,40,201025518704we,,0,05/04/2021
2010,51,7,5,1681420100417014,5,2,04,we,8835250101,402,0.75,0,0,201025518704we,1681420100417810438,BLUEFISH,,704.79773999,15,40,201025518704we,,0,05/04/2021
2010,51,7,5,1681420100417015,5,2,04,we,8835250101,403,0.75,0,0,201025518704we,1681420100417810438,BLUEFISH,,704.79773999,15,40,201025518704we,,0,05/04/2021
2010,51,7,5,1681420100417015,5,2,04,we,8835250101,412,0.8,0,0,201025518704we,1681420100417810438,BLUEFISH,,704.79773999,16,41,201025518704we,,0,05/04/2021
2010,51,7,5,1681420100417015,5,2,04,we,8835250101,385,0.7,0,0,201025518704we,1681420100417810438,BLUEFISH,,704.79773999,15,38,201025518704we,,0,05/04/2021
2010,51,7,5,1681420100417015,5,2,04,we,8835250101,386,0.65,0,0,201025518704we,1681420100417810438,BLUEFISH,,704.79773999,15,38,201025518704we,,0,05/04/2021
2010,51,7,5,1681420100417015,5,2,04,we,8835250101,387,0.65,0,0,201025518704we,1681420100417810438,BLUEFISH,,704.79773999,15,38,201025518704we,,0,05/04/2021
2010,51,7,5,1681420100417015,5,2,04,we,8835250101,399,0.7,0,0,201025518704we,1681420100417810438,BLUEFISH,,704.79773999,15,39,201025518704we,,0,05/04/2021
2010,51,7,5,1681420100417015,5,2,04,we,8835250101,418,0.8,0,0,201025518704we,1681420100417810438,BLUEFISH,,704.79773999,16,41,201025518704we,,0,05/04/2021
2010,51,7,5,1681420100417015,5,2,04,we,8835250101,397,0.7,0,0,201025518704we,1681420100417810438,BLUEFISH,,704.79773999,15,39,201025518704we,,0,05/04/2021
2010,51,7,5,1681420100417016,5,2,04,we,8835250101,386,0.7,0,0,201025518704we,1681420100417810438,BLUEFISH,,704.79773999,15,38,201025518704we,,0,05/04/2021
2010,51,7,5,1681420100417016,5,2,04,we,8835250101,370,0.55,0,0,201025518704we,1681420100417810438,BLUEFISH,,704.79773999,14,37,201025518704we,,0,05/04/2021
2010,51,7,5,1681420100417016,5,2,04,we,8835250101,377,0.6,0,0,201025518704we,1681420100417810438,BLUEFISH,,704.79773999,14,37,201025518704we,,0,05/04/2021
2010,51,7,5,1681420100417016,5,2,04,we,8835250101,423,0.85,0,0,201025518704we,1681420100417810438,BLUEFISH,,704.79773999,16,42,201025518704we,,0,05/04/2021
2010,51,7,5,1681420100417017,5,2,04,we,8835250101,418,0.8,1,1,201025518704we,1681420100417810438,BLUEFISH,,2389.4956758,16,41,201025518704we,,0,05/04/2021
2010,51,7,5,1681420100417017,5,2,04,we,8835250101,399,0.7,1,1,201025518704we,1681420100417810438,BLUEFISH,,2389.4956758,15,39,201025518704we,,0,05/04/2021
2010,51,7,5,1681420100417017,5,2,04,we,8835250101,402,0.75,1,1,201025518704we,1681420100417810438,BLUEFISH,,2389.4956758,15,40,201025518704we,,0,05/04/2021
2010,51,7,5,1681420100417017,5,2,04,we,8835250101,387,0.65,1,1,201025518704we,1681420100417810438,BLUEFISH,,2389.4956758,15,38,201025518704we,,0,05/04/2021
2010,51,7,5,1681420100417017,5,2,04,we,8835250101,457,0.55,1,1,201025518704we,1681420100417810438,BLUEFISH,,2389.4956758,17,45,201025518704we,,0,05/04/2021
2010,51,7,5,1681420100418001,5,2,04,we,8857030301,586,2.5,1,1,201025518704we,1681420100418131212,SUMMER FLOUNDER,,1500.4317493,23,58,201025518704we,,0,05/04/2021
2010,51,7,5,1681420100418001,5,2,04,we,8857030301,557,2.1,1,1,201025518704we,1681420100418131212,SUMMER FLOUNDER,,1500.4317493,21,55,201025518704we,,0,05/04/2021
2010,51,7,5,1681420100418001,5,2,04,we,8857030301,586,2.5,1,1,201025518704we,1681420100418131212,SUMMER FLOUNDER,,1500.4317493,23,58,201025518704we,,0,05/04/2021
2010,51,7,5,1681420100418001,5,2,04,we,8857030301,484,1.05,1,1,201025518704we,1681420100418131212,SUMMER FLOUNDER,,1500.4317493,19,48,201025518704we,,0,05/04/2021
2010,51,7,5,1681420100418001,5,2,04,we,8857030301,557,2.1,1,1,201025518704we,1681420100418131212,SUMMER FLOUNDER,,1500.4317493,21,55,201025518704we,,0,05/04/2021
2010,51,7,5,1681420100418003,5,2,04,we,8857030301,484,1.05,1,1,201025518704we,1681420100418131212,SUMMER FLOUNDER,,1500.4317493,19,48,201025518704we,,0,05/04/2021
2010,51,7,5,1681420100418005,5,2,04,we,,,,0,0,201025518704we,1681420100418131212,,,1500.4317493,,,201025518704we,,0,05/04/2021
2010,51,7,5,1684720100404001,5,2,04,we,,,,0,0,201025518704we,1684720100404650993,,,1983.6476266,,,201025518704we,,0,05/04/2021
2010,51,7,5,1684720100410006,5,2,04,we,8835440702,230,0.2,1,1,201025518704we,1684720100410700271,ATLANTIC CROAKER,,915.27408114,9,23,201025518704we,,0,05/04/2021
2010,51,7,5,1684720100410006,5,2,04,we,8835440702,270,0.3,1,1,201025518704we,1684720100410700271,ATLANTIC CROAKER,,915.27408114,10,27,201025518704we,,0,05/04/2021
2010,51,7,5,1684720100410006,5,2,04,we,8835440702,302,0.4,1,1,201025518704we,1684720100410700271,ATLANTIC CROAKER,,915.27408114,11,30,201025518704we,,0,05/04/2021
2010,51,7,5,1684720100410007,5,2,04,we,8835440702,263,0.25,1,1,201025518704we,1684720100410700271,ATLANTIC CROAKER,,1098.3288974,10,26,201025518704we,,0,05/04/2021
2010,51,7,5,1684720100410007,5,2,04,we,8835440702,310,0.4,1,1,201025518704we,1684720100410700271,ATLANTIC CROAKER,,1098.3288974,12,31,201025518704we,,0,05/04/2021
2010,51,7,5,1684720100410007,5,2,04,we,8835440702,256,0.25,1,1,201025518704we,1684720100410700271,ATLANTIC CROAKER,,1098.3288974,10,25,201025518704we,,0,05/04/2021
2010,51,7,5,1684720100410007,5,2,04,we,8835440702,260,0.25,1,1,201025518704we,1684720100410700271,ATLANTIC CROAKER,,1098.3288974,10,26,201025518704we,,0,05/04/2021
2010,51,7,5,1684720100410007,5,2,04,we,8835440702,259,0.25,1,1,201025518704we,1684720100410700271,ATLANTIC CROAKER,,1098.3288974,10,25,201025518704we,,0,05/04/2021
2010,51,7,5,1684720100410008,5,2,04,we,8835440702,309,0.4,1,1,201025518704we,1684720100410700271,ATLANTIC CROAKER,,915.27408114,12,30,201025518704we,,0,05/04/2021
2010,51,7,5,1684720100410008,5,2,04,we,8835440702,285,0.35,1,1,201025518704we,1684720100410700271,ATLANTIC CROAKER,,915.27408114,11,28,201025518704we,,0,05/04/2021
2010,51,7,5,1684720100410008,5,2,04,we,8835440702,278,0.25,1,1,201025518704we,1684720100410700271,ATLANTIC CROAKER,,915.27408114,10,27,201025518704we,,0,05/04/2021
2010,51,7,5,1684720100410008,5,2,04,we,8835440702,262,0.25,1,1,201025518704we,1684720100410700271,ATLANTIC CROAKER,,915.27408114,10,26,201025518704we,,0,05/04/2021
2010,51,7,5,1684720100410010,5,2,04,we,8777020102,342,0.5,0,0,201025518704we,1684720100410700271,BLUE CATFISH,,1354.4127758,13,34,201025518704we,,0,05/04/2021
2010,51,7,5,1684720100410013,5,2,04,we,,,,0,0,201025518704we,1684720100410700271,,,946.86079861,,,201025518704we,,0,05/04/2021
2010,51,7,5,1684720100411001,5,2,04,we,8839010101,422,1.5,1,1,201025518704we,1684720100411650472,TAUTOG,,2390.222249,16,42,201025518704we,,0,05/04/2021
2010,51,7,5,1684720100411001,5,2,04,we,8839010101,540,3.3,0,0,201025518704we,1684720100411650472,TAUTOG,,2390.222249,21,54,201025518704we,,0,05/04/2021
2010,51,7,5,1684720100411001,5,2,04,we,8839010101,377,1.15,1,1,201025518704we,1684720100411650472,TAUTOG,,2390.222249,14,37,201025518704we,,0,05/04/2021
2010,51,7,5,1684720100411001,5,2,04,we,8839010101,484,2.2,1,1,201025518704we,1684720100411650472,TAUTOG,,2390.222249,19,48,201025518704we,,0,05/04/2021
2010,51,7,5,1684720100411001,5,2,04,we,8839010101,540,3.3,1,1,201025518704we,1684720100411650472,TAUTOG,,2390.222249,21,54,201025518704we,,0,05/04/2021
2010,51,7,5,1684720100411001,5,2,04,we,8839010101,395,1.45,0,0,201025518704we,1684720100411650472,TAUTOG,,2390.222249,15,39,201025518704we,,0,05/04/2021
2010,51,7,5,1684720100411005,5,2,04,we,8835440702,318,0.3,0,0,201025518704we,1684720100411650472,ATLANTIC CROAKER,,1914.6061993,12,31,201025518704we,,0,05/04/2021
2010,51,7,5,1684720100411007,5,2,04,we,,,,0,0,201025518704we,1684720100411650472,,,1226.697842,,,201025518704we,,0,05/04/2021
2010,51,7,5,1684720100411008,5,2,04,we,,,,0,0,201025518704we,1684720100411650472,,,1226.697842,,,201025518704we,,0,05/04/2021
2010,51,7,5,1684720100411010,5,2,04,we,,,,0,0,201025518704we,1684720100411650472,,,1226.697842,,,201025518704we,,0,05/04/2021
2010,51,7,2,1690320100423001,5,2,04,wd,,,,0,0,201025518704wd,1690320100423810157,,,3198.7691537,,,201025518704wd,,0,05/04/2021
2010,51,7,2,1690320100423002,5,2,04,wd,,,,0,0,201025518704wd,1690320100423810157,,,3198.7691537,,,201025518704wd,,0,05/04/2021
2010,51,7,2,1690320100423003,5,2,04,wd,,,,0,0,201025518704wd,1690320100423810157,,,3198.7691537,,,201025518704wd,,0,05/04/2021
2010,51,7,5,1690320100423005,5,2,04,wd,,,,0,0,201025518704wd,1690320100423810157,,,2309.6153805,,,201025518704wd,,0,05/04/2021
2010,51,7,5,1690320100423006,5,2,04,wd,,,,0,0,201025518704wd,1690320100423810157,,,2309.6153805,,,201025518704wd,,0,05/04/2021
2010,51,7,5,1690320100423009,5,2,04,wd,,,,0,0,201025518704wd,1690320100423810157,,,3345.735823,,,201025518704wd,,0,05/04/2021
2010,51,7,5,1690320100429002,5,2,04,wd,,,,0,0,201025518704wd,1690320100429710949,,,8819.3547604,,,201025518704wd,,0,05/04/2021
2010,51,7,5,1690320100429003,5,2,04,wd,,,,0,0,201025518704wd,1690320100429710949,,,4409.6773802,,,201025518704wd,,0,05/04/2021
2010,51,7,5,1690420100423001,5,2,04,wd,,,,0,0,201025518704wd,1690420100423810438,,,1984.3377895,,,201025518704wd,,0,05/04/2021
2010,51,7,5,1690420100423002,5,2,04,wd,,,,0,0,201025518704wd,1690420100423810438,,,3406.0234922,,,201025518704wd,,0,05/04/2021
2010,51,7,5,1690420100423003,5,2,04,wd,8835440901,575,2,0,0,201025518704wd,1690420100423810438,RED DRUM,,1987.5561015,22,57,201025518704wd,,0,05/04/2021
2010,51,7,5,1690420100423003,5,2,04,wd,8835250101,370,0.55,0,0,201025518704wd,1690420100423810438,BLUEFISH,,1987.5561015,14,37,201025518704wd,,0,05/04/2021
2010,51,7,5,1690420100423003,5,2,04,wd,8835250101,379,0.65,0,0,201025518704wd,1690420100423810438,BLUEFISH,,1987.5561015,14,37,201025518704wd,,0,05/04/2021
2010,51,7,5,1690420100423003,5,2,04,wd,8835250101,407,0.7,0,0,201025518704wd,1690420100423810438,BLUEFISH,,1987.5561015,16,40,201025518704wd,,0,05/04/2021
2010,51,7,5,1690420100423003,5,2,04,wd,8835250101,437,0.95,0,0,201025518704wd,1690420100423810438,BLUEFISH,,1987.5561015,17,43,201025518704wd,,0,05/04/2021
2010,51,7,5,1690420100423003,5,2,04,wd,8835250101,405,0.7,0,0,201025518704wd,1690420100423810438,BLUEFISH,,1987.5561015,15,40,201025518704wd,,0,05/04/2021
2010,51,7,5,1690420100423004,5,2,04,wd,8835250101,426,0.9,0,0,201025518704wd,1690420100423810438,BLUEFISH,,2698.3989528,16,42,201025518704wd,,0,05/04/2021
2010,51,7,5,1690420100423005,5,2,04,wd,8857030301,482,1.05,1,1,201025518704wd,1690420100423810438,SUMMER FLOUNDER,,2698.3989528,18,48,201025518704wd,,0,05/04/2021
2010,51,7,5,1690420100423006,5,2,04,wd,,,,0,0,201025518704wd,1690420100423810438,,,1984.3377895,,,201025518704wd,,0,05/04/2021
2010,51,7,5,1690420100423008,5,2,04,wd,,,,0,0,201025518704wd,1690420100423810438,,,1984.3377895,,,201025518704wd,,0,05/04/2021
2010,51,7,5,1690420100429001,5,2,04,wd,8857030301,502,1.25,0,0,201025518704wd,1690420100429810438,SUMMER FLOUNDER,,3080.3190226,19,50,201025518704wd,,0,05/04/2021
2010,51,7,5,1690420100429001,5,2,04,wd,8835250101,407,0.7,1,1,201025518704wd,1690420100429810438,BLUEFISH,,4928.5104361,16,40,201025518704wd,,0,05/04/2021
2010,51,7,5,1690420100429001,5,2,04,wd,8835250101,353,0.5,0,0,201025518704wd,1690420100429810438,BLUEFISH,,4928.5104361,13,35,201025518704wd,,0,05/04/2021
2010,51,7,5,1690420100429001,5,2,04,wd,8835250101,370,0.55,0,0,201025518704wd,1690420100429810438,BLUEFISH,,4928.5104361,14,37,201025518704wd,,0,05/04/2021
2010,51,7,5,1690420100429001,5,2,04,wd,8835250101,372,0.65,0,0,201025518704wd,1690420100429810438,BLUEFISH,,4928.5104361,14,37,201025518704wd,,0,05/04/2021
2010,51,7,5,1690420100429001,5,2,04,wd,8835250101,412,0.8,1,1,201025518704wd,1690420100429810438,BLUEFISH,,4928.5104361,16,41,201025518704wd,,0,05/04/2021
2010,51,7,5,1690420100429001,5,2,04,wd,8835250101,420,0.85,0,0,201025518704wd,1690420100429810438,BLUEFISH,,4928.5104361,16,42,201025518704wd,,0,05/04/2021
2010,51,7,5,1690420100429001,5,2,04,wd,8835250101,415,0.8,0,0,201025518704wd,1690420100429810438,BLUEFISH,,4928.5104361,16,41,201025518704wd,,0,05/04/2021
2010,51,7,5,1690420100429001,5,2,04,wd,8835250101,406,0.7,0,0,201025518704wd,1690420100429810438,BLUEFISH,,4928.5104361,15,40,201025518704wd,,0,05/04/2021
2010,51,7,5,1690420100429001,5,2,04,wd,8835250101,377,0.6,1,1,201025518704wd,1690420100429810438,BLUEFISH,,4928.5104361,14,37,201025518704wd,,0,05/04/2021
2010,51,7,5,1690420100429001,5,2,04,wd,8835250101,370,0.55,1,1,201025518704wd,1690420100429810438,BLUEFISH,,4928.5104361,14,37,201025518704wd,,0,05/04/2021
2010,51,7,5,1690420100429002,5,2,04,wd,8835250101,353,0.5,1,1,201025518704wd,1690420100429810438,BLUEFISH,,6160.6380452,13,35,201025518704wd,,0,05/04/2021
2010,51,7,5,1690420100429002,5,2,04,wd,8835250101,372,0.65,1,1,201025518704wd,1690420100429810438,BLUEFISH,,6160.6380452,14,37,201025518704wd,,0,05/04/2021
2010,51,7,5,1690420100429002,5,2,04,wd,8835250101,420,0.85,1,1,201025518704wd,1690420100429810438,BLUEFISH,,6160.6380452,16,42,201025518704wd,,0,05/04/2021
2010,51,7,5,1690420100429002,5,2,04,wd,8835250101,379,0.65,1,1,201025518704wd,1690420100429810438,BLUEFISH,,6160.6380452,14,37,201025518704wd,,0,05/04/2021
2010,51,7,5,1690420100429002,5,2,04,wd,8835250101,437,0.95,1,1,201025518704wd,1690420100429810438,BLUEFISH,,6160.6380452,17,43,201025518704wd,,0,05/04/2021
2010,51,7,5,2681020100402004,5,2,04,wd,,,,0,0,201025518704wd,2681020100402125,,,1629.2920341,,,201025518704wd,,0,05/04/2021
2010,51,7,5,2681020100402005,5,2,04,wd,,,,0,0,201025518704wd,2681020100402125,,,1629.2920341,,,201025518704wd,,0,05/04/2021
2010,51,7,5,2681020100416001,5,2,04,wd,,,,0,0,201025518704wd,2681020100416125,,,1937.6657434,,,201025518704wd,,0,05/04/2021
2010,51,7,5,2681020100416002,5,2,04,wd,8857030301,467,1.05,0,0,201025518704wd,2681020100416125,SUMMER FLOUNDER,,2137.494478,18,46,201025518704wd,,0,05/04/2021
2010,51,7,5,2681020100416004,5,2,04,wd,,,,0,0,201025518704wd,2681020100416125,,,1555.6718137,,,201025518704wd,,0,05/04/2021
2010,51,7,5,2681020100416005,5,2,04,wd,,,,0,0,201025518704wd,2681020100416125,,,1555.6718137,,,201025518704wd,,0,05/04/2021
2010,51,7,5,2681020100416006,5,2,04,wd,,,,0,0,201025518704wd,2681020100416125,,,2137.494478,,,201025518704wd,,0,05/04/2021
2010,51,7,5,2681020100416007,5,2,04,wd,8857030301,482,1.05,1,1,201025518704wd,2681020100416125,SUMMER FLOUNDER,,1939.8616303,18,48,201025518704wd,,0,05/04/2021
2010,51,7,5,2681020100416008,5,2,04,wd,,,,0,0,201025518704wd,2681020100416125,,,2740.4714199,,,201025518704wd,,0,05/04/2021
2010,51,7,5,2681020100416009,5,2,04,wd,,,,0,0,201025518704wd,2681020100416125,,,1937.6657434,,,201025518704wd,,0,05/04/2021
2010,51,7,5,2681020100416010,5,2,04,wd,8857030301,533,1.6,1,1,201025518704wd,2681020100416125,SUMMER FLOUNDER,,2474.2352498,20,53,201025518704wd,,0,05/04/2021
2010,51,7,5,2681020100416010,5,2,04,wd,8857030301,484,1.15,1,1,201025518704wd,2681020100416125,SUMMER FLOUNDER,,2474.2352498,19,48,201025518704wd,,0,05/04/2021
2010,51,7,5,2681020100416010,5,2,04,wd,8857030301,484,1.15,1,1,201025518704wd,2681020100416125,SUMMER FLOUNDER,,2474.2352498,19,48,201025518704wd,,0,05/04/2021
2010,51,7,5,2681020100416012,5,2,04,wd,8857030301,467,1.05,1,1,201025518704wd,2681020100416125,SUMMER FLOUNDER,,2472.0393629,18,46,201025518704wd,,0,05/04/2021
2010,51,7,5,2681020100416012,5,2,04,wd,8857030301,502,1.25,1,1,201025518704wd,2681020100416125,SUMMER FLOUNDER,,2472.0393629,19,50,201025518704wd,,0,05/04/2021
2010,51,7,5,2681020100416012,5,2,04,wd,8857030301,502,1.25,1,1,201025518704wd,2681020100416125,SUMMER FLOUNDER,,2472.0393629,19,50,201025518704wd,,0,05/04/2021
2010,51,7,5,2681020100416012,5,2,04,wd,8857030301,472,1.05,1,1,201025518704wd,2681020100416125,SUMMER FLOUNDER,,2472.0393629,18,47,201025518704wd,,0,05/04/2021
2010,51,7,5,2681020100416012,5,2,04,wd,8857030301,472,1.05,1,1,201025518704wd,2681020100416125,SUMMER FLOUNDER,,2472.0393629,18,47,201025518704wd,,0,05/04/2021
2010,12,3,5,1511220100319002,6,2,03,wd,,,,0,0,201026128303wd,1511220100319127509,,,4282.999304,,,201026128303wd,,0,05/04/2021
2010,12,3,5,1511220100319003,6,2,03,wd,8835430201,147,0.06,1,1,201026128303wd,1511220100319127509,PINFISH,,20558.396659,5,14,201026128303wd,,0,05/04/2021
2010,12,3,5,1511220100319003,6,2,03,wd,8835430201,176,0.12,1,1,201026128303wd,1511220100319127509,PINFISH,,20558.396659,6,17,201026128303wd,,0,05/04/2021
2010,12,3,5,1511220100319003,6,2,03,wd,8835430201,174,0.1,1,1,201026128303wd,1511220100319127509,PINFISH,,20558.396659,6,17,201026128303wd,,0,05/04/2021
2010,12,3,5,1511220100319003,6,2,03,wd,8835430201,268,0.42,1,1,201026128303wd,1511220100319127509,PINFISH,,20558.396659,10,26,201026128303wd,,0,05/04/2021
2010,12,3,5,1511220100319003,6,2,03,wd,8835430201,241,0.3,1,1,201026128303wd,1511220100319127509,PINFISH,,20558.396659,9,24,201026128303wd,,0,05/04/2021
2010,12,3,5,1511220100321001,6,2,03,we,,,,0,0,201026128303we,1511220100321127175,,,16442.179352,,,201026128303we,,0,05/04/2021
2010,12,3,5,1511220100321002,6,2,03,we,,,,0,0,201026128303we,1511220100321127175,,,16442.179352,,,201026128303we,,0,05/04/2021
2010,12,3,5,1511220100321003,6,2,03,we,8835250101,440,1.04,1,1,201026128303we,1511220100321127175,BLUEFISH,,15122.206133,17,44,201026128303we,,0,05/04/2021
2010,12,3,5,1511220100321005,6,2,03,we,,,,0,0,201026128303we,1511220100321127175,,,16442.179352,,,201026128303we,,0,05/04/2021
2010,12,3,5,1511220100330001,6,2,03,wd,,,,0,0,201026128303wd,1511220100330127366,,,5599.4505069,,,201026128303wd,,0,05/04/2021
2010,12,3,5,1511220100330002,6,2,03,wd,,,,0,0,201026128303wd,1511220100330127366,,,5599.4505069,,,201026128303wd,,0,05/04/2021
2010,12,3,5,1511220100330003,6,2,03,wd,,,,0,0,201026128303wd,1511220100330127366,,,6088.2101922,,,201026128303wd,,0,05/04/2021
2010,12,3,5,1511220100330006,6,2,03,wd,8835430201,138,0.05,0,0,201026128303wd,1511220100330127366,PINFISH,,2799.7252535,5,13,201026128303wd,,0,05/04/2021
2010,12,3,5,1511220100330006,6,2,03,wd,8835250101,269,0.22,0,0,201026128303wd,1511220100330127366,BLUEFISH,,2799.7252535,10,26,201026128303wd,,0,05/04/2021
2010,12,3,5,1511220100330006,6,2,03,wd,8835250101,246,0.18,0,0,201026128303wd,1511220100330127366,BLUEFISH,,2799.7252535,9,24,201026128303wd,,0,05/04/2021
2010,12,3,5,1511220100330009,6,2,03,wd,,,,0,0,201026128303wd,1511220100330127366,,,6088.2101922,,,201026128303wd,,0,05/04/2021
2010,12,3,5,1511220100330011,6,2,03,wd,,,,0,0,201026128303wd,1511220100330127366,,,6088.2101922,,,201026128303wd,,0,05/04/2021
2010,12,3,5,1511220100330012,6,2,03,wd,,,,0,0,201026128303wd,1511220100330127366,,,6088.2101922,,,201026128303wd,,0,05/04/2021
2010,12,3,5,1511220100330013,6,2,03,wd,,,,0,0,201026128303wd,1511220100330127366,,,6088.2101922,,,201026128303wd,,0,05/04/2021
2010,12,3,5,1511220100330014,6,2,03,wd,,,,0,0,201026128303wd,1511220100330127366,,,6088.2101922,,,201026128303wd,,0,05/04/2021
2010,12,3,5,1511220100330015,6,2,03,wd,,,,0,0,201026128303wd,1511220100330127366,,,6088.2101922,,,201026128303wd,,0,05/04/2021
2010,12,3,5,1511220100330016,6,2,03,wd,,,,0,0,201026128303wd,1511220100330127366,,,6088.2101922,,,201026128303wd,,0,05/04/2021
2010,12,3,5,1511220100330018,6,2,03,wd,,,,0,0,201026128303wd,1511220100330127366,,,6088.2101922,,,201026128303wd,,0,05/04/2021
2010,12,3,5,1511220100330022,6,2,03,wd,8835250101,248,0.16,0,0,201026128303wd,1511220100330127366,BLUEFISH,,3044.1050961,9,24,201026128303wd,,0,05/04/2021
2010,12,3,5,1511220100330022,6,2,03,wd,8835250101,265,0.18,0,0,201026128303wd,1511220100330127366,BLUEFISH,,3044.1050961,10,26,201026128303wd,,0,05/04/2021
2010,12,3,5,1511220100330022,6,2,03,wd,8835250101,257,0.16,0,0,201026128303wd,1511220100330127366,BLUEFISH,,3044.1050961,10,25,201026128303wd,,0,05/04/2021
2010,12,3,5,1511220100330024,6,2,03,wd,8835440401,194,0.1,1,1,201026128303wd,1511220100330127366,SPOT,,6088.2101922,7,19,201026128303wd,,0,05/04/2021
2010,12,3,5,1511220100330024,6,2,03,wd,8835430201,158,0.08,1,1,201026128303wd,1511220100330127366,PINFISH,,8523.4942691,6,15,201026128303wd,,0,05/04/2021
2010,12,3,5,1511220100330024,6,2,03,wd,8835430201,146,0.08,1,1,201026128303wd,1511220100330127366,PINFISH,,8523.4942691,5,14,201026128303wd,,0,05/04/2021
2010,12,3,5,1511220100330024,6,2,03,wd,8835430201,172,0.12,1,1,201026128303wd,1511220100330127366,PINFISH,,8523.4942691,6,17,201026128303wd,,0,05/04/2021
2010,12,3,5,1511220100330024,6,2,03,wd,8835430201,154,0.08,1,1,201026128303wd,1511220100330127366,PINFISH,,8523.4942691,6,15,201026128303wd,,0,05/04/2021
2010,12,3,5,1511220100330024,6,2,03,wd,8835430201,204,0.14,1,1,201026128303wd,1511220100330127366,PINFISH,,8523.4942691,8,20,201026128303wd,,0,05/04/2021
2010,12,3,5,1511220100330024,6,2,03,wd,8835400201,251,0.32,1,1,201026128303wd,1511220100330127366,PIGFISH,,6088.2101922,9,25,201026128303wd,,0,05/04/2021
2010,12,3,5,1511220100330025,6,2,03,wd,,,,0,0,201026128303wd,1511220100330127366,,,6088.2101922,,,201026128303wd,,0,05/04/2021
2010,12,3,5,1511220100411005,6,2,04,we,,,,0,0,201026128304we,15112201004111274,,,2660.8199807,,,201026128304we,,0,05/04/2021
2010,12,3,5,1511220100411008,6,2,04,we,8836010101,237,0.16,1,1,201026128304we,15112201004111274,STRIPED MULLET,,2660.8199807,9,23,201026128304we,,0,05/04/2021
2010,12,3,5,1511220100411008,6,2,04,we,8835430201,152,0.06,1,1,201026128304we,15112201004111274,PINFISH,,2660.8199807,5,15,201026128304we,,0,05/04/2021
2010,12,3,5,1511220100411008,6,2,04,we,8835430201,167,0.1,1,1,201026128304we,15112201004111274,PINFISH,,2660.8199807,6,16,201026128304we,,0,05/04/2021
2010,12,3,5,1511220100422002,6,2,04,wd,,,,0,0,201026128304wd,151122010042235263,,,21816.272629,,,201026128304wd,,0,05/04/2021
2010,12,3,5,1511220100422003,6,2,04,wd,8835250101,372,0.48,1,1,201026128304wd,151122010042235263,BLUEFISH,,21816.272629,14,37,201026128304wd,,0,05/04/2021
2010,12,3,5,1511220100422004,6,2,04,wd,,,,0,0,201026128304wd,151122010042235263,,,23720.551367,,,201026128304wd,,0,05/04/2021
2010,12,3,1,1511220100422007,6,2,04,wd,8835440600,,,0,0,201026128304wd,151122010042235163,KINGFISH GENUS,,48477.855991,,,201026128304wd,,0,05/04/2021
2010,12,3,1,1511220100422009,6,2,04,wd,8835440600,,,0,0,201026128304wd,151122010042235163,KINGFISH GENUS,,210837.38597,,,201026128304wd,,0,05/04/2021
2010,12,3,1,1511220100422010,6,2,04,wd,,,,0,0,201026128304wd,151122010042235163,,,48477.855991,,,201026128304wd,,0,05/04/2021
2010,12,3,1,1511220100422012,6,2,04,wd,,,,0,0,201026128304wd,151122010042235163,,,52709.346494,,,201026128304wd,,0,05/04/2021
2010,12,3,1,1511220100422014,6,2,04,wd,,,,0,0,201026128304wd,151122010042235163,,,52709.346494,,,201026128304wd,,0,05/04/2021
2010,12,3,1,1511220100422016,6,2,04,wd,8835440600,,,0,0,201026128304wd,151122010042235163,KINGFISH GENUS,,105418.69299,,,201026128304wd,,0,05/04/2021
2010,12,3,1,1511220100422017,6,2,04,wd,,,,0,0,201026128304wd,151122010042235163,,,52709.346494,,,201026128304wd,,0,05/04/2021
2010,12,3,1,1511220100422019,6,2,04,wd,,,,0,0,201026128304wd,151122010042235163,,,48477.855991,,,201026128304wd,,0,05/04/2021
2010,12,3,1,1511220100422020,6,2,04,wd,,,,0,0,201026128304wd,151122010042235163,,,52709.346494,,,201026128304wd,,0,05/04/2021
2010,12,3,5,1515620100314005,6,2,03,we,8835440102,397,0.64,0,0,201026128303we,151562010031431153,SPOTTED SEATROUT,,2519.2534314,15,39,201026128303we,,0,05/04/2021
2010,12,3,5,1515620100314010,6,2,03,we,8835440301,209,0.1,0,0,201026128303we,151562010031431153,SILVER PERCH,,2317.0085227,8,20,201026128303we,,0,05/04/2021
2010,12,3,5,1515620100314010,6,2,03,we,8835440301,186,0.08,0,0,201026128303we,151562010031431153,SILVER PERCH,,2317.0085227,7,18,201026128303we,,0,05/04/2021
2010,12,3,5,1515620100323001,6,2,03,wd,8835440801,518,2.04,1,1,201026128303wd,151562010032389151,BLACK DRUM,,14369.677972,20,51,201026128303wd,,0,05/04/2021
2010,12,3,5,1515620100323001,6,2,03,wd,8835440600,,,0,0,201026128303wd,151562010032389151,KINGFISH GENUS,,100587.7458,,,201026128303wd,,0,05/04/2021
2010,12,3,5,1515620100323003,6,2,03,wd,8835440801,438,1.35,0,0,201026128303wd,151562010032389151,BLACK DRUM,,14369.677972,17,43,201026128303wd,,0,05/04/2021
2010,12,3,5,1515620100323004,6,2,03,wd,8835440600,,,0,0,201026128303wd,151562010032389151,KINGFISH GENUS,,287393.55944,,,201026128303wd,,0,05/04/2021
2010,12,3,5,1515620100323005,6,2,03,wd,8835440601,328,0.4,1,1,201026128303wd,151562010032389151,SOUTHERN KINGFISH,,14369.677972,12,32,201026128303wd,,0,05/04/2021
2010,12,3,5,1515620100323005,6,2,03,wd,8835440601,309,0.3115531806,1,1,201026128303wd,151562010032389151,SOUTHERN KINGFISH,,14369.677972,12,30,201026128303wd,,0,05/04/2021
2010,12,3,5,1515620100323005,6,2,03,wd,8835440601,304,0.4,1,1,201026128303wd,151562010032389151,SOUTHERN KINGFISH,,14369.677972,11,30,201026128303wd,,0,05/04/2021
2010,12,3,5,1515620100323005,6,2,03,wd,8835440601,319,0.34,1,1,201026128303wd,151562010032389151,SOUTHERN KINGFISH,,14369.677972,12,31,201026128303wd,,0,05/04/2021
2010,12,3,5,1515620100323005,6,2,03,wd,8835440601,328,0.4,1,1,201026128303wd,151562010032389151,SOUTHERN KINGFISH,,14369.677972,12,32,201026128303wd,,0,05/04/2021
2010,12,3,5,1515620100323005,6,2,03,wd,8835440401,200,0.1,1,1,201026128303wd,151562010032389151,SPOT,,14369.677972,7,20,201026128303wd,,0,05/04/2021
2010,12,3,5,1515620100323005,6,2,03,wd,8835440401,202,0.1,1,1,201026128303wd,151562010032389151,SPOT,,14369.677972,7,20,201026128303wd,,0,05/04/2021
2010,12,3,5,1515620100323005,6,2,03,wd,8835440301,193,0.08,1,1,201026128303wd,151562010032389151,SILVER PERCH,,14369.677972,7,19,201026128303wd,,0,05/04/2021
2010,12,3,5,1515620100323005,6,2,03,wd,8835440301,202,0.12,1,1,201026128303wd,151562010032389151,SILVER PERCH,,14369.677972,7,20,201026128303wd,,0,05/04/2021
2010,12,3,5,1515620100323006,6,2,03,wd,8835440301,202,0.12,1,1,201026128303wd,151562010032389151,SILVER PERCH,,14369.677972,7,20,201026128303wd,,0,05/04/2021
2010,12,3,5,1515620100323007,6,2,03,wd,8835440601,366,0.58,0,0,201026128303wd,151562010032389151,SOUTHERN KINGFISH,,14369.677972,14,36,201026128303wd,,0,05/04/2021
2010,12,3,5,1515620100323007,6,2,03,wd,8835440401,194,0.1,0,0,201026128303wd,151562010032389151,SPOT,,14369.677972,7,19,201026128303wd,,0,05/04/2021
2010,12,3,5,1515620100323008,6,2,03,wd,8835440601,279,0.2,1,1,201026128303wd,151562010032389151,SOUTHERN KINGFISH,,22991.484755,10,27,201026128303wd,,0,05/04/2021
2010,12,3,5,1515620100323008,6,2,03,wd,8835440601,366,0.58,1,1,201026128303wd,151562010032389151,SOUTHERN KINGFISH,,22991.484755,14,36,201026128303wd,,0,05/04/2021
2010,12,3,5,1515620100323008,6,2,03,wd,8835440601,326,0.32,1,1,201026128303wd,151562010032389151,SOUTHERN KINGFISH,,22991.484755,12,32,201026128303wd,,0,05/04/2021
2010,12,3,5,1515620100323008,6,2,03,wd,8835440601,366,0.58,1,1,201026128303wd,151562010032389151,SOUTHERN KINGFISH,,22991.484755,14,36,201026128303wd,,0,05/04/2021
2010,12,3,5,1515620100323008,6,2,03,wd,8835440601,277,0.2,1,1,201026128303wd,151562010032389151,SOUTHERN KINGFISH,,22991.484755,10,27,201026128303wd,,0,05/04/2021
2010,12,3,5,1515620100323009,6,2,03,wd,8835440600,,,0,0,201026128303wd,151562010032389151,KINGFISH GENUS,,26432.169082,,,201026128303wd,,0,05/04/2021
2010,12,3,5,1515620100323013,6,2,03,wd,8835440301,176,0.06,0,0,201026128303wd,151562010032389151,SILVER PERCH,,7184.8389859,6,17,201026128303wd,,0,05/04/2021
2010,12,3,5,1515620100323013,6,2,03,wd,8835440301,193,0.08,0,0,201026128303wd,151562010032389151,SILVER PERCH,,7184.8389859,7,19,201026128303wd,,0,05/04/2021
2010,12,3,5,1515620100323013,6,2,03,wd,8835020301,193,0.12,0,0,201026128303wd,151562010032389151,BLACK SEA BASS,,7184.8389859,7,19,201026128303wd,,0,05/04/2021
2010,12,3,5,1515620100323013,6,2,03,wd,8835020301,212,0.16,0,0,201026128303wd,151562010032389151,BLACK SEA BASS,,7184.8389859,8,21,201026128303wd,,0,05/04/2021
2010,12,3,5,1515620100323015,6,2,03,wd,8835440600,,,0,0,201026128303wd,151562010032389151,KINGFISH GENUS,,100587.7458,,,201026128303wd,,0,05/04/2021
2010,12,3,5,1515620100323016,6,2,03,wd,8835440602,321,0.32,1,1,201026128303wd,151562010032389151,GULF KINGFISH,,14369.677972,12,32,201026128303wd,,0,05/04/2021
2010,12,3,5,1515620100323016,6,2,03,wd,8835440601,303,0.28,1,1,201026128303wd,151562010032389151,SOUTHERN KINGFISH,,14369.677972,11,30,201026128303wd,,0,05/04/2021
2010,12,3,5,1515620100323016,6,2,03,wd,8835440601,303,0.28,1,1,201026128303wd,151562010032389151,SOUTHERN KINGFISH,,14369.677972,11,30,201026128303wd,,0,05/04/2021
2010,12,3,5,1515620100323016,6,2,03,wd,8835440601,290,0.24,1,1,201026128303wd,151562010032389151,SOUTHERN KINGFISH,,14369.677972,11,29,201026128303wd,,0,05/04/2021
2010,12,3,5,1515620100323016,6,2,03,wd,8835440601,307,0.3,1,1,201026128303wd,151562010032389151,SOUTHERN KINGFISH,,14369.677972,12,30,201026128303wd,,0,05/04/2021
2010,12,3,5,1515620100323017,6,2,03,wd,8835440601,249,0.16,1,1,201026128303wd,151562010032389151,SOUTHERN KINGFISH,,31613.291538,9,24,201026128303wd,,0,05/04/2021
2010,12,3,5,1515620100323017,6,2,03,wd,8835440601,229,0.12,1,1,201026128303wd,151562010032389151,SOUTHERN KINGFISH,,31613.291538,9,22,201026128303wd,,0,05/04/2021
2010,12,3,5,1515620100323017,6,2,03,wd,8835440601,288,0.26,1,1,201026128303wd,151562010032389151,SOUTHERN KINGFISH,,31613.291538,11,28,201026128303wd,,0,05/04/2021
2010,12,3,5,1515620100323017,6,2,03,wd,8835440601,331,0.38,1,1,201026128303wd,151562010032389151,SOUTHERN KINGFISH,,31613.291538,13,33,201026128303wd,,0,05/04/2021
2010,12,3,5,1515620100323017,6,2,03,wd,8835440601,257,0.2,1,1,201026128303wd,151562010032389151,SOUTHERN KINGFISH,,31613.291538,10,25,201026128303wd,,0,05/04/2021
2010,12,3,5,1515620100323017,6,2,03,wd,8835440401,200,0.1,1,1,201026128303wd,151562010032389151,SPOT,,14369.677972,7,20,201026128303wd,,0,05/04/2021
2010,12,3,5,1515620100323017,6,2,03,wd,8835440301,186,0.08,1,1,201026128303wd,151562010032389151,SILVER PERCH,,14369.677972,7,18,201026128303wd,,0,05/04/2021
2010,12,3,5,1515620100323017,6,2,03,wd,8835440301,203,0.1,1,1,201026128303wd,151562010032389151,SILVER PERCH,,14369.677972,7,20,201026128303wd,,0,05/04/2021
2010,12,3,5,1515620100323017,6,2,03,wd,8835440301,197,0.1,1,1,201026128303wd,151562010032389151,SILVER PERCH,,14369.677972,7,19,201026128303wd,,0,05/04/2021
2010,12,3,5,1515620100323017,6,2,03,wd,8835440301,197,0.1,1,1,201026128303wd,151562010032389151,SILVER PERCH,,14369.677972,7,19,201026128303wd,,0,05/04/2021
2010,12,3,5,1515620100323017,6,2,03,wd,8835440301,214,0.1,1,1,201026128303wd,151562010032389151,SILVER PERCH,,14369.677972,8,21,201026128303wd,,0,05/04/2021
2010,12,3,5,1515620100331006,6,2,03,wd,,,,0,0,201026128303wd,151562010033131147,,,23056.44522,,,201026128303wd,,0,05/04/2021
2010,12,3,5,1515620100331007,6,2,03,wd,,,,0,0,201026128303wd,151562010033131147,,,23056.44522,,,201026128303wd,,0,05/04/2021
2010,12,3,5,1515620100331009,6,2,03,wd,8835440601,277,0.2,0,0,201026128303wd,151562010033131147,SOUTHERN KINGFISH,,7685.4817401,10,27,201026128303wd,,0,05/04/2021
2010,12,3,5,1515620100331009,6,2,03,wd,8835440601,326,0.32,0,0,201026128303wd,151562010033131147,SOUTHERN KINGFISH,,7685.4817401,12,32,201026128303wd,,0,05/04/2021
2010,12,3,5,1515620100331009,6,2,03,wd,8835440601,279,0.2,0,0,201026128303wd,151562010033131147,SOUTHERN KINGFISH,,7685.4817401,10,27,201026128303wd,,0,05/04/2021
2010,12,3,5,1515620100331009,6,2,03,wd,8835440401,202,0.1,0,0,201026128303wd,151562010033131147,SPOT,,7685.4817401,7,20,201026128303wd,,0,05/04/2021
2010,12,3,5,1515620100331009,6,2,03,wd,8835440401,200,0.1,0,0,201026128303wd,151562010033131147,SPOT,,7685.4817401,7,20,201026128303wd,,0,05/04/2021
2010,12,3,5,1515620100331009,6,2,03,wd,8835440104,337,0.38,0,0,201026128303wd,151562010033131147,WEAKFISH,,7685.4817401,13,33,201026128303wd,,0,05/04/2021
2010,12,3,5,1515620100331010,6,2,03,wd,,,,0,0,201026128303wd,151562010033131147,,,23056.44522,,,201026128303wd,,0,05/04/2021
2010,12,3,5,1515620100331011,6,2,03,wd,,,,0,0,201026128303wd,151562010033131147,,,23056.44522,,,201026128303wd,,0,05/04/2021
2010,12,3,5,1515620100403001,6,2,04,we,8835440602,271,0.2,0,0,201026128304we,1515620100403311412,GULF KINGFISH,,2871.4897353,10,27,201026128304we,,0,05/04/2021
2010,12,3,5,1515620100403001,6,2,04,we,8835440602,277,0.18,0,0,201026128304we,1515620100403311412,GULF KINGFISH,,2871.4897353,10,27,201026128304we,,0,05/04/2021
2010,12,3,5,1515620100403001,6,2,04,we,8835440602,328,0.36,0,0,201026128304we,1515620100403311412,GULF KINGFISH,,2871.4897353,12,32,201026128304we,,0,05/04/2021
2010,12,3,5,1515620100403001,6,2,04,we,8835440602,274,0.2,0,0,201026128304we,1515620100403311412,GULF KINGFISH,,2871.4897353,10,27,201026128304we,,0,05/04/2021
2010,12,3,5,1515620100403001,6,2,04,we,8835440602,281,0.2,0,0,201026128304we,1515620100403311412,GULF KINGFISH,,2871.4897353,11,28,201026128304we,,0,05/04/2021
2010,12,3,5,1515620100403001,6,2,04,we,8835440601,290,0.24,0,0,201026128304we,1515620100403311412,SOUTHERN KINGFISH,,2871.4897353,11,29,201026128304we,,0,05/04/2021
2010,12,3,5,1515620100403001,6,2,04,we,8835440601,303,0.28,0,0,201026128304we,1515620100403311412,SOUTHERN KINGFISH,,2871.4897353,11,30,201026128304we,,0,05/04/2021
2010,12,3,5,1515620100403003,6,2,04,we,,,,0,0,201026128304we,1515620100403311412,,,2871.4897353,,,201026128304we,,0,05/04/2021
2010,12,3,5,1515620100403005,6,2,04,we,,,,0,0,201026128304we,1515620100403311412,,,2871.4897353,,,201026128304we,,0,05/04/2021
2010,12,3,5,1515620100403009,6,2,04,we,,,,0,0,201026128304we,1515620100403311412,,,2871.4897353,,,201026128304we,,0,05/04/2021
2010,12,3,5,1515620100417003,6,2,04,we,,,,0,0,201026128304we,1515620100417311417,,,7289.1662513,,,201026128304we,,0,05/04/2021
2010,12,3,5,1515620100417004,6,2,04,we,,,,0,0,201026128304we,1515620100417311417,,,7289.1662513,,,201026128304we,,0,05/04/2021
2010,12,3,5,1515620100417005,6,2,04,we,,,,0,0,201026128304we,1515620100417311417,,,7289.1662513,,,201026128304we,,0,05/04/2021
2010,12,3,1,1515620100417006,6,2,04,we,,,,0,0,201026128304we,1515620100417311410,,,63898.065442,,,201026128304we,,0,05/04/2021
2010,12,3,1,1515620100417007,6,2,04,we,,,,0,0,201026128304we,1515620100417311410,,,63898.065442,,,201026128304we,,0,05/04/2021
2010,12,3,1,1515620100417008,6,2,04,we,,,,0,0,201026128304we,1515620100417311410,,,63898.065442,,,201026128304we,,0,05/04/2021
2010,12,3,1,1515620100417009,6,2,04,we,,,,0,0,201026128304we,1515620100417311410,,,63898.065442,,,201026128304we,,0,05/04/2021
2010,12,3,1,1515620100417011,6,2,04,we,,,,0,0,201026128304we,1515620100417311410,,,63898.065442,,,201026128304we,,0,05/04/2021
2010,12,3,1,1515620100417012,6,2,04,we,8835440602,353,0.44,1,1,201026128304we,1515620100417311410,GULF KINGFISH,,63898.065442,13,35,201026128304we,,0,05/04/2021
2010,12,3,1,1515620100417012,6,2,04,we,8835440601,379,0.66,1,1,201026128304we,1515620100417311410,SOUTHERN KINGFISH,,89457.291619,14,37,201026128304we,,0,05/04/2021
2010,12,3,1,1515620100417012,6,2,04,we,8835440601,365,0.52,1,1,201026128304we,1515620100417311410,SOUTHERN KINGFISH,,89457.291619,14,36,201026128304we,,0,05/04/2021
2010,12,3,1,1515620100417012,6,2,04,we,8835440601,305,0.3,1,1,201026128304we,1515620100417311410,SOUTHERN KINGFISH,,89457.291619,12,30,201026128304we,,0,05/04/2021
2010,12,3,1,1515620100417012,6,2,04,we,8835440601,384,0.35,1,1,201026128304we,1515620100417311410,SOUTHERN KINGFISH,,89457.291619,15,38,201026128304we,,0,05/04/2021
2010,12,3,1,1515620100417012,6,2,04,we,8835440601,382,0.76,1,1,201026128304we,1515620100417311410,SOUTHERN KINGFISH,,89457.291619,15,38,201026128304we,,0,05/04/2021
2010,12,3,1,1515620100417012,6,2,04,we,8835280901,330,0.8,1,1,201026128304we,1515620100417311410,FLORIDA POMPANO,,63898.065442,12,33,201026128304we,,0,05/04/2021
2010,12,3,1,1515620100417012,6,2,04,we,8835280901,300,0.58,1,1,201026128304we,1515620100417311410,FLORIDA POMPANO,,63898.065442,11,30,201026128304we,,0,05/04/2021
2010,12,3,1,1534720100313001,6,2,03,we,8850030502,436.21977122,0.68,1,0,201026128303we,15347201003139985,SPANISH MACKEREL,,2815.6224607,17,43,201026128303we,,0,05/04/2021
2010,12,3,1,1534720100313001,6,2,03,we,8850030502,387.90488172,0.48,1,0,201026128303we,15347201003139985,SPANISH MACKEREL,,2815.6224607,15,38,201026128303we,,0,05/04/2021
2010,12,3,1,1534720100313001,6,2,03,we,8835280306,258,0.3389257615,1,1,201026128303we,15347201003139985,BLUE RUNNER,,2815.6224607,10,25,201026128303we,,0,05/04/2021
2010,12,3,1,1534720100313001,6,2,03,we,8835280306,241,0.279183384,1,1,201026128303we,15347201003139985,BLUE RUNNER,,2815.6224607,9,24,201026128303we,,0,05/04/2021
2010,12,3,1,1534720100313001,6,2,03,we,8835280306,258,0.3389257615,1,1,201026128303we,15347201003139985,BLUE RUNNER,,2815.6224607,10,25,201026128303we,,0,05/04/2021
2010,12,3,1,1534720100313001,6,2,03,we,8835280306,236,0.2630190066,1,1,201026128303we,15347201003139985,BLUE RUNNER,,2815.6224607,9,23,201026128303we,,0,05/04/2021
2010,12,3,1,1534720100313001,6,2,03,we,8835280306,258,0.3389257615,1,1,201026128303we,15347201003139985,BLUE RUNNER,,2815.6224607,10,25,201026128303we,,0,05/04/2021
2010,12,3,1,1534720100313002,6,2,03,we,8835430301,397,1.58,1,1,201026128303we,15347201003139985,SHEEPSHEAD,,2815.6224607,15,39,201026128303we,,0,05/04/2021
2010,12,3,1,1534720100313003,6,2,03,we,8835280306,241,0.24,1,1,201026128303we,15347201003139985,BLUE RUNNER,,2815.6224607,9,24,201026128303we,,0,05/04/2021
2010,12,3,1,1534720100313004,6,2,03,we,8850030502,502,0.9,1,1,201026128303we,15347201003139985,SPANISH MACKEREL,,2815.6224607,19,50,201026128303we,,0,05/04/2021
2010,12,3,1,1534720100313004,6,2,03,we,8850030502,475,0.88,1,1,201026128303we,15347201003139985,SPANISH MACKEREL,,2815.6224607,18,47,201026128303we,,0,05/04/2021
2010,12,3,1,1534720100313004,6,2,03,we,8835280306,261,0.34,1,1,201026128303we,15347201003139985,BLUE RUNNER,,2815.6224607,10,26,201026128303we,,0,05/04/2021
2010,12,3,1,1534720100313005,6,2,03,we,8850030502,475,0.88,1,1,201026128303we,15347201003139985,SPANISH MACKEREL,,2815.6224607,18,47,201026128303we,,0,05/04/2021
2010,12,3,1,1534720100313005,6,2,03,we,8835280306,315,0.52,1,1,201026128303we,15347201003139985,BLUE RUNNER,,2815.6224607,12,31,201026128303we,,0,05/04/2021
2010,12,3,1,1534720100313006,6,2,03,we,8850030502,464,0.74,1,1,201026128303we,15347201003139985,SPANISH MACKEREL,,2815.6224607,18,46,201026128303we,,0,05/04/2021
2010,12,3,1,1534720100313007,6,2,03,we,8850030502,450,0.62,1,1,201026128303we,15347201003139985,SPANISH MACKEREL,,2815.6224607,17,45,201026128303we,,0,05/04/2021
2010,12,3,1,1534720100313008,6,2,03,we,8835280306,239,0.2726425701,1,1,201026128303we,15347201003139985,BLUE RUNNER,,2815.6224607,9,23,201026128303we,,0,05/04/2021
2010,12,3,1,1534720100313009,6,2,03,we,8835280306,261,0.34,1,1,201026128303we,15347201003139985,BLUE RUNNER,,2815.6224607,10,26,201026128303we,,0,05/04/2021
2010,12,3,1,1534720100313015,6,2,03,we,8837010104,435.72811734,0.56,1,0,201026128303we,15347201003139985,GREAT BARRACUDA,,2815.6224607,17,43,201026128303we,,0,05/04/2021
2010,12,3,1,1534720100313018,6,2,03,we,8835280306,266,0.28,0,0,201026128303we,15347201003139985,BLUE RUNNER,,2815.6224607,10,26,201026128303we,,0,05/04/2021
2010,12,3,1,1534720100313018,6,2,03,we,8835280306,250,0.28,0,0,201026128303we,15347201003139985,BLUE RUNNER,,2815.6224607,9,25,201026128303we,,0,05/04/2021
2010,12,3,1,1534720100313019,6,2,03,we,8835280306,315,0.52,1,1,201026128303we,15347201003139985,BLUE RUNNER,,2815.6224607,12,31,201026128303we,,0,05/04/2021
2010,12,3,1,1534720100313019,6,2,03,we,8835280306,280,0.4277653839,1,1,201026128303we,15347201003139985,BLUE RUNNER,,2815.6224607,11,28,201026128303we,,0,05/04/2021
2010,12,3,1,1534720100313020,6,2,03,we,8850030502,460,0.8,1,1,201026128303we,15347201003139985,SPANISH MACKEREL,,2815.6224607,18,46,201026128303we,,0,05/04/2021
2010,12,3,1,1534720100313020,6,2,03,we,8850030502,449,1.2,1,1,201026128303we,15347201003139985,SPANISH MACKEREL,,2815.6224607,17,44,201026128303we,,0,05/04/2021
2010,12,3,1,1534720100313020,6,2,03,we,8850030502,390,0.46,1,1,201026128303we,15347201003139985,SPANISH MACKEREL,,2815.6224607,15,39,201026128303we,,0,05/04/2021
2010,12,3,1,1534720100313020,6,2,03,we,8850030502,490,0.7,1,1,201026128303we,15347201003139985,SPANISH MACKEREL,,2815.6224607,19,49,201026128303we,,0,05/04/2021
2010,12,3,1,1534720100313021,6,2,03,we,8850030502,446,0.88,1,1,201026128303we,15347201003139985,SPANISH MACKEREL,,2815.6224607,17,44,201026128303we,,0,05/04/2021
2010,12,3,1,1534720100313021,6,2,03,we,8850030502,390,0.46,1,1,201026128303we,15347201003139985,SPANISH MACKEREL,,2815.6224607,15,39,201026128303we,,0,05/04/2021
2010,12,3,1,1534720100313021,6,2,03,we,8850030502,455,0.7,1,1,201026128303we,15347201003139985,SPANISH MACKEREL,,2815.6224607,17,45,201026128303we,,0,05/04/2021
2010,12,3,1,1534720100313021,6,2,03,we,8850030502,498,0.84,1,1,201026128303we,15347201003139985,SPANISH MACKEREL,,2815.6224607,19,49,201026128303we,,0,05/04/2021
2010,12,3,1,1534720100313022,6,2,03,we,8835430301,403,1.76,0,0,201026128303we,15347201003139985,SHEEPSHEAD,,1407.8112304,15,40,201026128303we,,0,05/04/2021
2010,12,3,1,1534720100313022,6,2,03,we,8835430301,357,1.12,0,0,201026128303we,15347201003139985,SHEEPSHEAD,,1407.8112304,14,35,201026128303we,,0,05/04/2021
2010,12,3,1,1534720100313022,6,2,03,we,8835430301,370,1.3,0,0,201026128303we,15347201003139985,SHEEPSHEAD,,1407.8112304,14,37,201026128303we,,0,05/04/2021
2010,12,3,1,1534720100313022,6,2,03,we,8835280306,310,0.4905490977,0,1,201026128303we,15347201003139985,BLUE RUNNER,,1407.8112304,12,31,201026128303we,,0,05/04/2021
2010,12,3,1,1534720100313022,6,2,03,we,8835280306,232,0.2005016609,0,1,201026128303we,15347201003139985,BLUE RUNNER,,1407.8112304,9,23,201026128303we,,0,05/04/2021
2010,12,3,1,1534720100313022,6,2,03,we,8835280306,295,0.4209115099,0,1,201026128303we,15347201003139985,BLUE RUNNER,,1407.8112304,11,29,201026128303we,,0,05/04/2021
2010,12,3,1,1534720100313022,6,2,03,we,8835280306,284,0.3743216572,0,1,201026128303we,15347201003139985,BLUE RUNNER,,1407.8112304,11,28,201026128303we,,0,05/04/2021
2010,12,3,1,1534720100313022,6,2,03,we,8835280306,261,0.38,0,0,201026128303we,15347201003139985,BLUE RUNNER,,1407.8112304,10,26,201026128303we,,0,05/04/2021
2010,12,3,1,1534720100313029,6,2,03,we,8835280306,280,0.4277653839,1,1,201026128303we,15347201003139985,BLUE RUNNER,,5631.2449214,11,28,201026128303we,,0,05/04/2021
2010,12,3,1,1534720100313029,6,2,03,we,8835280306,241,0.26,1,1,201026128303we,15347201003139985,BLUE RUNNER,,5631.2449214,9,24,201026128303we,,0,05/04/2021
2010,12,3,1,1534720100313029,6,2,03,we,8835280306,243,0.26,1,1,201026128303we,15347201003139985,BLUE RUNNER,,5631.2449214,9,24,201026128303we,,0,05/04/2021
2010,12,3,1,1534720100313029,6,2,03,we,8835280306,243,0.24,1,1,201026128303we,15347201003139985,BLUE RUNNER,,5631.2449214,9,24,201026128303we,,0,05/04/2021
2010,12,3,1,1534720100313029,6,2,03,we,8835280306,251,0.28,1,1,201026128303we,15347201003139985,BLUE RUNNER,,5631.2449214,9,25,201026128303we,,0,05/04/2021
2010,12,3,1,1534720100313030,6,2,03,we,8835280306,247,0.28,1,1,201026128303we,15347201003139985,BLUE RUNNER,,5631.2449214,9,24,201026128303we,,0,05/04/2021
2010,12,3,1,1534720100313030,6,2,03,we,8835280306,247,0.28,1,1,201026128303we,15347201003139985,BLUE RUNNER,,5631.2449214,9,24,201026128303we,,0,05/04/2021
2010,12,3,1,1534720100313030,6,2,03,we,8835280306,243,0.24,1,1,201026128303we,15347201003139985,BLUE RUNNER,,5631.2449214,9,24,201026128303we,,0,05/04/2021
2010,12,3,1,1534720100313030,6,2,03,we,8835280306,242,0.24,1,1,201026128303we,15347201003139985,BLUE RUNNER,,5631.2449214,9,24,201026128303we,,0,05/04/2021
2010,12,3,1,1534720100313030,6,2,03,we,8835280306,251,0.28,1,1,201026128303we,15347201003139985,BLUE RUNNER,,5631.2449214,9,25,201026128303we,,0,05/04/2021
2010,12,3,1,1534720100404012,6,2,04,we,,,,0,0,201026128304we,15347201004049918,,,2666.3127725,,,201026128304we,,0,05/04/2021
2010,12,3,1,1534720100404013,6,2,04,we,8835430402,210,0.28,1,1,201026128304we,15347201004049918,SILVER PORGY,,2666.3127725,8,21,201026128304we,,0,05/04/2021
2010,12,3,1,1534720100404015,6,2,04,we,,,,0,0,201026128304we,15347201004049918,,,2666.3127725,,,201026128304we,,0,05/04/2021
2010,12,3,1,1534720100404017,6,2,04,we,8835430402,240,0.42,1,1,201026128304we,15347201004049918,SILVER PORGY,,2666.3127725,9,24,201026128304we,,0,05/04/2021
2010,12,3,1,1534720100404017,6,2,04,we,8835430402,241,0.44,1,1,201026128304we,15347201004049918,SILVER PORGY,,2666.3127725,9,24,201026128304we,,0,05/04/2021
2010,12,3,1,1534720100404017,6,2,04,we,8835430402,242,0.36,1,1,201026128304we,15347201004049918,SILVER PORGY,,2666.3127725,9,24,201026128304we,,0,05/04/2021
2010,12,3,1,1534720100404017,6,2,04,we,8835430402,260,0.5,1,1,201026128304we,15347201004049918,SILVER PORGY,,2666.3127725,10,26,201026128304we,,0,05/04/2021
2010,12,3,1,1534720100404017,6,2,04,we,8835400304,318,0.74,1,1,201026128304we,15347201004049918,BLACK MARGATE,,2666.3127725,12,31,201026128304we,,0,05/04/2021
2010,12,3,1,1534720100404017,6,2,04,we,8835360102,264,0.28,1,1,201026128304we,15347201004049918,GRAY SNAPPER,,2666.3127725,10,26,201026128304we,,0,05/04/2021
2010,12,3,1,1534720100430001,6,2,04,wd,,,,0,0,201026128304wd,153472010043011109,,,3787.4140186,,,201026128304wd,,0,05/04/2021
2010,12,3,1,1534720100430002,6,2,04,wd,8835280901,270.68743153,0.4,1,0,201026128304wd,153472010043011109,FLORIDA POMPANO,,3787.4140186,10,27,201026128304wd,,0,05/04/2021
2010,12,3,1,1534720100430003,6,2,04,wd,,,,0,0,201026128304wd,153472010043011109,,,3483.3615589,,,201026128304wd,,0,05/04/2021
2010,12,3,1,1534720100430004,6,2,04,wd,,,,0,0,201026128304wd,153472010043011109,,,3483.3615589,,,201026128304wd,,0,05/04/2021
2010,12,3,1,1534720100430005,6,2,04,wd,,,,0,0,201026128304wd,153472010043011109,,,3483.3615589,,,201026128304wd,,0,05/04/2021
2010,12,3,1,1534720100430006,6,2,04,wd,,,,0,0,201026128304wd,153472010043011109,,,3787.4140186,,,201026128304wd,,0,05/04/2021
2010,12,3,1,1534720100430007,6,2,04,wd,8835280901,227,0.44,1,1,201026128304wd,153472010043011109,FLORIDA POMPANO,,3787.4140186,8,22,201026128304wd,,0,05/04/2021
2010,12,3,1,1534720100430007,6,2,04,wd,8835280901,320,0.64,1,1,201026128304wd,153472010043011109,FLORIDA POMPANO,,3787.4140186,12,32,201026128304wd,,0,05/04/2021
2010,12,3,1,1534720100430007,6,2,04,wd,8835280901,280,0.5,1,1,201026128304wd,153472010043011109,FLORIDA POMPANO,,3787.4140186,11,28,201026128304wd,,0,05/04/2021
2010,12,3,1,1534720100430008,6,2,04,wd,8835280901,285,0.46,1,1,201026128304wd,153472010043011109,FLORIDA POMPANO,,3483.3615589,11,28,201026128304wd,,0,05/04/2021
2010,12,3,1,1534720100430009,6,2,04,wd,8835390201,245,0.34,1,1,201026128304wd,153472010043011109,IRISH POMPANO,,3483.3615589,9,24,201026128304wd,,0,05/04/2021
2010,12,3,1,1534720100430009,6,2,04,wd,8835390201,201,0.2,1,1,201026128304wd,153472010043011109,IRISH POMPANO,,3483.3615589,7,20,201026128304wd,,0,05/04/2021
2010,12,3,1,1534720100430012,6,2,04,wd,8835280306,284.10688235,0.38,1,0,201026128304wd,153472010043011109,BLUE RUNNER,,1893.7070093,11,28,201026128304wd,,0,05/04/2021
2010,12,3,1,1534720100430012,6,2,04,wd,8835280306,279.1780153,0.36,1,0,201026128304wd,153472010043011109,BLUE RUNNER,,1893.7070093,10,27,201026128304wd,,0,05/04/2021
2010,12,3,1,1534720100430014,6,2,04,wd,8835280901,323.76817494,0.7,1,0,201026128304wd,153472010043011109,FLORIDA POMPANO,,3787.4140186,12,32,201026128304wd,,0,05/04/2021
2010,12,3,1,1534720100430014,6,2,04,wd,8835280306,274.06030072,0.34,1,0,201026128304wd,153472010043011109,BLUE RUNNER,,3787.4140186,10,27,201026128304wd,,0,05/04/2021
2010,12,3,5,1544520100324002,6,2,03,wd,8835430201,111,0.08,0,0,201026128303wd,1544520100324109150,PINFISH,,3173.7275325,4,11,201026128303wd,,0,05/04/2021
2010,12,3,5,1544520100324005,6,2,03,wd,,,,0,0,201026128303wd,1544520100324109150,,,3450.7529421,,,201026128303wd,,0,05/04/2021
2010,12,3,5,1544520100327001,6,2,03,we,,,,0,0,201026128303we,15445201003271091454,,,8724.2311935,,,201026128303we,,0,05/04/2021
2010,12,3,1,1544520100327005,6,2,03,we,8835440602,275,0.18,1,1,201026128303we,15445201003271091454,GULF KINGFISH,,18223.619949,10,27,201026128303we,,0,05/04/2021
2010,12,3,1,1544520100327005,6,2,03,we,8835440602,303,0.3,0,0,201026128303we,15445201003271091454,GULF KINGFISH,,18223.619949,11,30,201026128303we,,0,05/04/2021
2010,12,3,1,1544520100327005,6,2,03,we,8835440602,310,0.35,0,0,201026128303we,15445201003271091454,GULF KINGFISH,,18223.619949,12,31,201026128303we,,0,05/04/2021
2010,12,3,1,1544520100327005,6,2,03,we,8835440602,305,0.42,0,0,201026128303we,15445201003271091454,GULF KINGFISH,,18223.619949,12,30,201026128303we,,0,05/04/2021
2010,12,3,1,1544520100327005,6,2,03,we,8835440602,303,0.3,1,1,201026128303we,15445201003271091454,GULF KINGFISH,,18223.619949,11,30,201026128303we,,0,05/04/2021
2010,12,3,1,1544520100327005,6,2,03,we,8835440602,304,0.42,0,0,201026128303we,15445201003271091454,GULF KINGFISH,,18223.619949,11,30,201026128303we,,0,05/04/2021
2010,12,3,1,1544520100327005,6,2,03,we,8835440602,330,0.43,0,0,201026128303we,15445201003271091454,GULF KINGFISH,,18223.619949,12,33,201026128303we,,0,05/04/2021
2010,12,3,1,1544520100327005,6,2,03,we,8835440602,353,0.44,0,0,201026128303we,15445201003271091454,GULF KINGFISH,,18223.619949,13,35,201026128303we,,0,05/04/2021
2010,12,3,1,1544520100327005,6,2,03,we,8835440602,372,0.52,0,0,201026128303we,15445201003271091454,GULF KINGFISH,,18223.619949,14,37,201026128303we,,0,05/04/2021
2010,12,3,1,1544520100327005,6,2,03,we,8835440602,374,0.52,0,0,201026128303we,15445201003271091454,GULF KINGFISH,,18223.619949,14,37,201026128303we,,0,05/04/2021
2010,12,3,1,1544520100327005,6,2,03,we,8835440602,394,0.62,0,0,201026128303we,15445201003271091454,GULF KINGFISH,,18223.619949,15,39,201026128303we,,0,05/04/2021
2010,12,3,1,1544520100327005,6,2,03,we,8835440601,304,0.4,0,0,201026128303we,15445201003271091454,SOUTHERN KINGFISH,,18223.619949,11,30,201026128303we,,0,05/04/2021
2010,12,3,1,1544520100327005,6,2,03,we,8835440601,382,0.76,0,0,201026128303we,15445201003271091454,SOUTHERN KINGFISH,,18223.619949,15,38,201026128303we,,0,05/04/2021
2010,12,3,1,1544520100327005,6,2,03,we,8835440601,319,0.34,0,0,201026128303we,15445201003271091454,SOUTHERN KINGFISH,,18223.619949,12,31,201026128303we,,0,05/04/2021
2010,12,3,1,1544520100327005,6,2,03,we,8835440601,365,0.52,0,0,201026128303we,15445201003271091454,SOUTHERN KINGFISH,,18223.619949,14,36,201026128303we,,0,05/04/2021
2010,12,3,1,1544520100327005,6,2,03,we,8835440601,328,0.4,0,0,201026128303we,15445201003271091454,SOUTHERN KINGFISH,,18223.619949,12,32,201026128303we,,0,05/04/2021
2010,12,3,1,1544520100327006,6,2,03,we,,,,0,0,201026128303we,15445201003271091454,,,16760.633214,,,201026128303we,,0,05/04/2021
2010,12,3,1,1544520100327007,6,2,03,we,,,,0,0,201026128303we,15445201003271091454,,,16760.633214,,,201026128303we,,0,05/04/2021
2010,12,3,1,1544520100327008,6,2,03,we,,,,0,0,201026128303we,15445201003271091454,,,18223.619949,,,201026128303we,,0,05/04/2021
2010,12,3,5,1544520100412001,6,2,04,wd,,,,0,0,201026128304wd,1544520100412109736,,,3032.6212305,,,201026128304wd,,0,05/04/2021
2010,12,3,5,1544520100412002,6,2,04,wd,,,,0,0,201026128304wd,1544520100412109736,,,3032.6212305,,,201026128304wd,,0,05/04/2021
2010,12,3,1,1544520100418001,6,2,04,we,,,,0,0,201026128304we,15445201004181093023,,,20214.548019,,,201026128304we,,0,05/04/2021
2010,12,3,1,1544520100418007,6,2,04,we,8835440102,367,0.43,0,0,201026128304we,15445201004181093023,SPOTTED SEATROUT,,20214.548019,14,36,201026128304we,,0,05/04/2021
2010,12,3,1,1544520100418008,6,2,04,we,8835440602,275,0.18,0,0,201026128304we,15445201004181093023,GULF KINGFISH,,20214.548019,10,27,201026128304we,,0,05/04/2021
2010,12,3,1,1544520100418013,6,2,04,we,8835440602,256,0.17,0,0,201026128304we,15445201004181093023,GULF KINGFISH,,10107.27401,10,25,201026128304we,,0,05/04/2021
2010,12,3,1,1544520100418013,6,2,04,we,8835440602,299,0.3,0,0,201026128304we,15445201004181093023,GULF KINGFISH,,10107.27401,11,29,201026128304we,,0,05/04/2021
2010,12,3,1,1544520100418013,6,2,04,we,8835440602,298,0.26,0,0,201026128304we,15445201004181093023,GULF KINGFISH,,10107.27401,11,29,201026128304we,,0,05/04/2021
2010,12,3,1,1544520100418013,6,2,04,we,8835440602,301,0.26,0,0,201026128304we,15445201004181093023,GULF KINGFISH,,10107.27401,11,30,201026128304we,,0,05/04/2021
2010,12,3,1,1544520100418013,6,2,04,we,8835440602,332,0.42,0,0,201026128304we,15445201004181093023,GULF KINGFISH,,10107.27401,13,33,201026128304we,,0,05/04/2021
2010,12,3,1,1544520100418013,6,2,04,we,8835440602,244,0.16,0,0,201026128304we,15445201004181093023,GULF KINGFISH,,10107.27401,9,24,201026128304we,,0,05/04/2021
2010,12,3,1,1544520100418014,6,2,04,we,,,,0,0,201026128304we,15445201004181093023,,,20214.548019,,,201026128304we,,0,05/04/2021
2010,12,3,1,1544520100418015,6,2,04,we,,,,0,0,201026128304we,15445201004181093023,,,20214.548019,,,201026128304we,,0,05/04/2021
2010,12,3,1,1544520100418016,6,2,04,we,8835250101,347,0.45,0,0,201026128304we,15445201004181093023,BLUEFISH,,20214.548019,13,34,201026128304we,,0,05/04/2021
2010,12,3,1,1544520100418016,6,2,04,we,8835250101,341,0.78,0,0,201026128304we,15445201004181093023,BLUEFISH,,20214.548019,13,34,201026128304we,,0,05/04/2021
2010,12,3,1,1544520100418016,6,2,04,we,8835250101,346,0.45,0,0,201026128304we,15445201004181093023,BLUEFISH,,20214.548019,13,34,201026128304we,,0,05/04/2021
2010,12,3,1,1544520100418021,6,2,04,we,,,,0,0,201026128304we,15445201004181093023,,,20214.548019,,,201026128304we,,0,05/04/2021
2010,12,3,5,1544520100429012,6,2,04,wd,8835440602,311,0.36,0,0,201026128304wd,1544520100429109173,GULF KINGFISH,,13663.694315,12,31,201026128304wd,,0,05/04/2021
2010,12,3,5,1544520100429012,6,2,04,wd,8835440602,365,0.57,0,0,201026128304wd,1544520100429109173,GULF KINGFISH,,13663.694315,14,36,201026128304wd,,0,05/04/2021
2010,12,3,5,1544520100429012,6,2,04,wd,8835250101,302,0.29,0,0,201026128304wd,1544520100429109173,BLUEFISH,,13663.694315,11,30,201026128304wd,,0,05/04/2021
2010,12,3,1,1546520100314004,6,2,03,we,8835440602,339,0.4,1,1,201026128303we,15465201003149299,GULF KINGFISH,,11016.403669,13,33,201026128303we,,0,05/04/2021
2010,12,3,1,1546520100314004,6,2,03,we,8835440602,256,0.17,1,1,201026128303we,15465201003149299,GULF KINGFISH,,11016.403669,10,25,201026128303we,,0,05/04/2021
2010,12,3,1,1546520100314004,6,2,03,we,8835440602,311,0.24,1,1,201026128303we,15465201003149299,GULF KINGFISH,,11016.403669,12,31,201026128303we,,0,05/04/2021
2010,12,3,1,1546520100314004,6,2,03,we,8835440602,321,0.32,1,1,201026128303we,15465201003149299,GULF KINGFISH,,11016.403669,12,32,201026128303we,,0,05/04/2021
2010,12,3,1,1546520100314004,6,2,03,we,8835440602,358,0.5,1,1,201026128303we,15465201003149299,GULF KINGFISH,,11016.403669,14,35,201026128303we,,0,05/04/2021
2010,12,3,1,1546520100314005,6,2,03,we,8835440602,266,0.14,1,1,201026128303we,15465201003149299,GULF KINGFISH,,9639.3532107,10,26,201026128303we,,0,05/04/2021
2010,12,3,1,1546520100314005,6,2,03,we,8835440602,295,0.34,1,1,201026128303we,15465201003149299,GULF KINGFISH,,9639.3532107,11,29,201026128303we,,0,05/04/2021
2010,12,3,1,1546520100314005,6,2,03,we,8835440602,308,0.26,1,1,201026128303we,15465201003149299,GULF KINGFISH,,9639.3532107,12,30,201026128303we,,0,05/04/2021
2010,12,3,1,1546520100314005,6,2,03,we,8835440602,329,0.42,1,1,201026128303we,15465201003149299,GULF KINGFISH,,9639.3532107,12,32,201026128303we,,0,05/04/2021
2010,12,3,1,1546520100314005,6,2,03,we,8835440602,240,0.12,1,1,201026128303we,15465201003149299,GULF KINGFISH,,9639.3532107,9,24,201026128303we,,0,05/04/2021
2010,12,3,1,1546520100314006,6,2,03,we,8835440600,,,0,0,201026128303we,15465201003149299,KINGFISH GENUS,,41311.51376,,,201026128303we,,0,05/04/2021
2010,12,3,1,1546520100314007,6,2,03,we,8835440600,,,0,0,201026128303we,15465201003149299,KINGFISH GENUS,,41311.51376,,,201026128303we,,0,05/04/2021
2010,12,3,1,1546520100314008,6,2,03,we,8835440603,353,0.4,0,0,201026128303we,15465201003149299,NORTHERN KINGFISH,,6885.2522934,13,35,201026128303we,,0,05/04/2021
2010,12,3,1,1546520100314008,6,2,03,we,8835440602,359,0.42,0,0,201026128303we,15465201003149299,GULF KINGFISH,,6885.2522934,14,35,201026128303we,,0,05/04/2021
2010,12,3,1,1546520100314008,6,2,03,we,8835440602,326,0.32,0,0,201026128303we,15465201003149299,GULF KINGFISH,,6885.2522934,12,32,201026128303we,,0,05/04/2021
2010,12,3,1,1546520100314008,6,2,03,we,8835440602,311,0.24,0,0,201026128303we,15465201003149299,GULF KINGFISH,,6885.2522934,12,31,201026128303we,,0,05/04/2021
2010,12,3,1,1546520100314008,6,2,03,we,8835440602,304,0.24,0,0,201026128303we,15465201003149299,GULF KINGFISH,,6885.2522934,11,30,201026128303we,,0,05/04/2021
2010,12,3,1,1546520100314008,6,2,03,we,8835440602,314,0.22,0,0,201026128303we,15465201003149299,GULF KINGFISH,,6885.2522934,12,31,201026128303we,,0,05/04/2021
2010,12,3,1,1546520100314008,6,2,03,we,8835440602,321,0.32,0,0,201026128303we,15465201003149299,GULF KINGFISH,,6885.2522934,12,32,201026128303we,,0,05/04/2021
2010,12,3,1,1546520100314008,6,2,03,we,8835440602,323,0.28,0,0,201026128303we,15465201003149299,GULF KINGFISH,,6885.2522934,12,32,201026128303we,,0,05/04/2021
2010,12,3,1,1546520100314008,6,2,03,we,8835440602,359,0.42,0,0,201026128303we,15465201003149299,GULF KINGFISH,,6885.2522934,14,35,201026128303we,,0,05/04/2021
2010,12,3,1,1546520100314008,6,2,03,we,8835440602,328,0.3,0,0,201026128303we,15465201003149299,GULF KINGFISH,,6885.2522934,12,32,201026128303we,,0,05/04/2021
2010,12,3,1,1546520100314009,6,2,03,we,8835440602,295,0.34,0,0,201026128303we,15465201003149299,GULF KINGFISH,,2110.8354359,11,29,201026128303we,,0,05/04/2021
2010,12,3,1,1546520100314009,6,2,03,we,8835440602,332,0.42,0,0,201026128303we,15465201003149299,GULF KINGFISH,,2110.8354359,13,33,201026128303we,,0,05/04/2021
2010,12,3,1,1546520100314009,6,2,03,we,8835440602,320,0.38,0,0,201026128303we,15465201003149299,GULF KINGFISH,,2110.8354359,12,32,201026128303we,,0,05/04/2021
2010,12,3,1,1546520100314009,6,2,03,we,8835440602,354,0.48,0,0,201026128303we,15465201003149299,GULF KINGFISH,,2110.8354359,13,35,201026128303we,,0,05/04/2021
2010,12,3,1,1546520100314009,6,2,03,we,8835440602,358,0.5,0,0,201026128303we,15465201003149299,GULF KINGFISH,,2110.8354359,14,35,201026128303we,,0,05/04/2021
2010,12,3,1,1546520100314009,6,2,03,we,8835440602,307,0.34,0,0,201026128303we,15465201003149299,GULF KINGFISH,,2110.8354359,12,30,201026128303we,,0,05/04/2021
2010,12,3,1,1546520100314009,6,2,03,we,8835440602,270,0.22,0,0,201026128303we,15465201003149299,GULF KINGFISH,,2110.8354359,10,27,201026128303we,,0,05/04/2021
2010,12,3,1,1546520100314009,6,2,03,we,8835440602,262,0.26,0,0,201026128303we,15465201003149299,GULF KINGFISH,,2110.8354359,10,26,201026128303we,,0,05/04/2021
2010,12,3,1,1546520100314009,6,2,03,we,8835440602,318,0.42,0,0,201026128303we,15465201003149299,GULF KINGFISH,,2110.8354359,12,31,201026128303we,,0,05/04/2021
2010,12,3,1,1546520100314009,6,2,03,we,8835440602,280,0.24,0,0,201026128303we,15465201003149299,GULF KINGFISH,,2110.8354359,11,28,201026128303we,,0,05/04/2021
2010,12,3,1,1546520100314009,6,2,03,we,8835440602,311,0.38,0,0,201026128303we,15465201003149299,GULF KINGFISH,,2110.8354359,12,31,201026128303we,,0,05/04/2021
2010,12,3,1,1546520100314009,6,2,03,we,8835440602,341,0.44,0,0,201026128303we,15465201003149299,GULF KINGFISH,,2110.8354359,13,34,201026128303we,,0,05/04/2021
2010,12,3,1,1546520100314009,6,2,03,we,8835440602,339,0.4,0,0,201026128303we,15465201003149299,GULF KINGFISH,,2110.8354359,13,33,201026128303we,,0,05/04/2021
2010,12,3,1,1546520100314009,6,2,03,we,8835440602,260,0.24,0,0,201026128303we,15465201003149299,GULF KINGFISH,,2110.8354359,10,26,201026128303we,,0,05/04/2021
2010,12,3,1,1546520100314010,6,2,03,we,,,,0,0,201026128303we,15465201003149299,,,6885.2522934,,,201026128303we,,0,05/04/2021
2010,12,3,1,1546520100314011,6,2,03,we,,,,0,0,201026128303we,15465201003149299,,,6332.5063076,,,201026128303we,,0,05/04/2021
2010,12,3,1,1546520100321001,6,2,03,we,8850030502,525,0.92,1,1,201026128303we,1546520100321975,SPANISH MACKEREL,,5679.670473,20,52,201026128303we,,0,05/04/2021
2010,12,3,1,1546520100321001,6,2,03,we,8850030502,460,0.76,1,1,201026128303we,1546520100321975,SPANISH MACKEREL,,5679.670473,18,46,201026128303we,,0,05/04/2021
2010,12,3,1,1546520100321001,6,2,03,we,8850030502,455,0.7,1,1,201026128303we,1546520100321975,SPANISH MACKEREL,,5679.670473,17,45,201026128303we,,0,05/04/2021
2010,12,3,1,1546520100321001,6,2,03,we,8850030502,440,0.54,1,1,201026128303we,1546520100321975,SPANISH MACKEREL,,5679.670473,17,44,201026128303we,,0,05/04/2021
2010,12,3,1,1546520100321001,6,2,03,we,8850030502,475,0.56,1,1,201026128303we,1546520100321975,SPANISH MACKEREL,,5679.670473,18,47,201026128303we,,0,05/04/2021
2010,12,3,5,1546520100321006,6,2,03,we,,,,0,0,201026128303we,1546520100321975,,,3214.4310203,,,201026128303we,,0,05/04/2021
2010,12,3,5,1546520100321009,6,2,03,we,,,,0,0,201026128303we,1546520100321975,,,3214.4310203,,,201026128303we,,0,05/04/2021
2010,12,3,5,1546520100321010,6,2,03,we,,,,0,0,201026128303we,1546520100321975,,,3214.4310203,,,201026128303we,,0,05/04/2021
2010,12,3,5,1546520100321011,6,2,03,we,,,,0,0,201026128303we,1546520100321975,,,3214.4310203,,,201026128303we,,0,05/04/2021
2010,12,3,1,1546520100321012,6,2,03,we,,,,0,0,201026128303we,1546520100321975,,,6175.4323249,,,201026128303we,,0,05/04/2021
2010,12,3,1,1546520100321013,6,2,03,we,,,,0,0,201026128303we,1546520100321975,,,6175.4323249,,,201026128303we,,0,05/04/2021
2010,12,3,5,1546520100321014,6,2,03,we,8850030502,311,0.24,0,0,201026128303we,1546520100321975,SPANISH MACKEREL,,3214.4310203,12,31,201026128303we,,0,05/04/2021
2010,12,3,5,1546520100321014,6,2,03,we,8850030502,359,0.32,0,0,201026128303we,1546520100321975,SPANISH MACKEREL,,3214.4310203,14,35,201026128303we,,0,05/04/2021
2010,12,3,5,1546520100321014,6,2,03,we,8850030502,334,0.22,0,0,201026128303we,1546520100321975,SPANISH MACKEREL,,3214.4310203,13,33,201026128303we,,0,05/04/2021
2010,12,3,5,1546520100321014,6,2,03,we,8850030502,349,0.28,0,0,201026128303we,1546520100321975,SPANISH MACKEREL,,3214.4310203,13,34,201026128303we,,0,05/04/2021
2010,12,3,5,1546520100321014,6,2,03,we,8850030502,311,0.28,0,0,201026128303we,1546520100321975,SPANISH MACKEREL,,3214.4310203,12,31,201026128303we,,0,05/04/2021
2010,12,3,5,1546520100321014,6,2,03,we,8850030502,326,0.3,0,0,201026128303we,1546520100321975,SPANISH MACKEREL,,3214.4310203,12,32,201026128303we,,0,05/04/2021
2010,12,3,1,1546520100321015,6,2,03,we,8850030502,558,1.3936041059,1,1,201026128303we,1546520100321975,SPANISH MACKEREL,,6175.4323249,21,55,201026128303we,,0,05/04/2021
2010,12,3,1,1546520100321015,6,2,03,we,8850030502,370,0.34,1,1,201026128303we,1546520100321975,SPANISH MACKEREL,,6175.4323249,14,37,201026128303we,,0,05/04/2021
2010,12,3,1,1546520100321015,6,2,03,we,8850030502,367,0.36,1,1,201026128303we,1546520100321975,SPANISH MACKEREL,,6175.4323249,14,36,201026128303we,,0,05/04/2021
2010,12,3,1,1546520100321015,6,2,03,we,8850030502,471,0.8,1,1,201026128303we,1546520100321975,SPANISH MACKEREL,,6175.4323249,18,47,201026128303we,,0,05/04/2021
2010,12,3,1,1546520100321015,6,2,03,we,8850030502,440,0.58,1,1,201026128303we,1546520100321975,SPANISH MACKEREL,,6175.4323249,17,44,201026128303we,,0,05/04/2021
2010,12,3,1,1546520100321016,6,2,03,we,,,,0,0,201026128303we,1546520100321975,,,6175.4323249,,,201026128303we,,0,05/04/2021
2010,12,3,1,1546520100321017,6,2,03,we,,,,0,0,201026128303we,1546520100321975,,,6175.4323249,,,201026128303we,,0,05/04/2021
2010,12,3,1,1546520100321018,6,2,03,we,,,,0,0,201026128303we,1546520100321975,,,6175.4323249,,,201026128303we,,0,05/04/2021
2010,12,3,1,1546520100321019,6,2,03,we,,,,0,0,201026128303we,1546520100321975,,,6175.4323249,,,201026128303we,,0,05/04/2021
2010,12,3,1,1546520100321026,6,2,03,we,8835250101,341,0.78,1,1,201026128303we,1546520100321975,BLUEFISH,,5679.670473,13,34,201026128303we,,0,05/04/2021
2010,12,3,1,1546520100321027,6,2,03,we,,,,0,0,201026128303we,1546520100321975,,,5679.670473,,,201026128303we,,0,05/04/2021
2010,12,3,1,1546520100321029,6,2,03,we,,,,0,0,201026128303we,1546520100321975,,,6175.4323249,,,201026128303we,,0,05/04/2021
2010,12,3,1,1546520100321030,6,2,03,we,,,,0,0,201026128303we,1546520100321975,,,6175.4323249,,,201026128303we,,0,05/04/2021
2010,12,3,5,1546520100404001,6,2,04,we,,,,0,0,201026128304we,15465201004049516,,,30725.069086,,,201026128304we,,0,05/04/2021
2010,12,3,5,1546520100410001,6,2,04,we,8835280303,348,0.71,1,1,201026128304we,15465201004106174,CREVALLE JACK,,3390.8760644,13,34,201026128304we,,0,05/04/2021
2010,12,3,5,1546520100410001,6,2,04,we,8835280303,378,0.97,1,1,201026128304we,15465201004106174,CREVALLE JACK,,3390.8760644,14,37,201026128304we,,0,05/04/2021
2010,12,3,5,1546520100410001,6,2,04,we,8835250101,329,0.38,1,1,201026128304we,15465201004106174,BLUEFISH,,3390.8760644,12,32,201026128304we,,0,05/04/2021
2010,12,3,1,1546520100410002,6,2,04,we,8835250101,341,0.46,0,0,201026128304we,15465201004106174,BLUEFISH,,1628.6028169,13,34,201026128304we,,0,05/04/2021
2010,12,3,1,1546520100410002,6,2,04,we,8835250101,361,0.62,0,0,201026128304we,15465201004106174,BLUEFISH,,1628.6028169,14,36,201026128304we,,0,05/04/2021
2010,12,3,1,1546520100410002,6,2,04,we,8835250101,384,0.72,0,0,201026128304we,15465201004106174,BLUEFISH,,1628.6028169,15,38,201026128304we,,0,05/04/2021
2010,12,3,1,1546520100410002,6,2,04,we,8835250101,399,0.94,0,0,201026128304we,15465201004106174,BLUEFISH,,1628.6028169,15,39,201026128304we,,0,05/04/2021
2010,12,3,1,1546520100410002,6,2,04,we,8835250101,381,0.9,0,0,201026128304we,15465201004106174,BLUEFISH,,1628.6028169,14,38,201026128304we,,0,05/04/2021
2010,12,3,1,1546520100410002,6,2,04,we,8835250101,429,0.98,0,0,201026128304we,15465201004106174,BLUEFISH,,1628.6028169,16,42,201026128304we,,0,05/04/2021
2010,12,3,1,1546520100410002,6,2,04,we,8835250101,417,0.94,0,0,201026128304we,15465201004106174,BLUEFISH,,1628.6028169,16,41,201026128304we,,0,05/04/2021
2010,12,3,1,1546520100410002,6,2,04,we,8738010101,435,0.68,0,0,201026128304we,15465201004106174,LADYFISH,,1628.6028169,17,43,201026128304we,,0,05/04/2021
2010,12,3,5,1546520100410007,6,2,04,we,,,,0,0,201026128304we,15465201004106174,,,3390.8760644,,,201026128304we,,0,05/04/2021
2010,12,3,1,1546520100410010,6,2,04,we,8835280901,302,0.52,0,0,201026128304we,15465201004106174,FLORIDA POMPANO,,6514.4112677,11,30,201026128304we,,0,05/04/2021
2010,12,3,1,1546520100410014,6,2,04,we,,,,0,0,201026128304we,15465201004106174,,,6514.4112677,,,201026128304we,,0,05/04/2021
2010,12,3,1,1546520100410020,6,2,04,we,,,,0,0,201026128304we,15465201004106174,,,6514.4112677,,,201026128304we,,0,05/04/2021
2010,12,3,1,1546520100410022,6,2,04,we,8835430301,356,1.0875019712,0,1,201026128304we,15465201004106174,SHEEPSHEAD,,5991.436288,14,35,201026128304we,,0,05/04/2021
2010,12,3,5,1546520100410023,6,2,04,we,,,,0,0,201026128304we,15465201004106174,,,3118.6575526,,,201026128304we,,0,05/04/2021
2010,12,3,5,1546520100410028,6,2,04,we,,,,0,0,201026128304we,15465201004106174,,,3390.8760644,,,201026128304we,,0,05/04/2021
2010,12,3,5,1546520100410029,6,2,04,we,,,,0,0,201026128304we,15465201004106174,,,3390.8760644,,,201026128304we,,0,05/04/2021
2010,12,3,1,1546520100410030,6,2,04,we,,,,0,0,201026128304we,15465201004106174,,,6514.4112677,,,201026128304we,,0,05/04/2021
2010,12,3,1,1546520100430001,6,2,04,wd,8835440601,309,0.3115531806,0,1,201026128304wd,15465201004309299,SOUTHERN KINGFISH,,6032.8049035,12,30,201026128304wd,,0,05/04/2021
2010,12,3,1,1546520100430001,6,2,04,wd,8835250101,381,0.6677771053,0,1,201026128304wd,15465201004309299,BLUEFISH,,6032.8049035,14,38,201026128304wd,,0,05/04/2021
2010,12,3,1,1546520100430001,6,2,04,wd,8835250101,397,0.748359558,0,1,201026128304wd,15465201004309299,BLUEFISH,,6032.8049035,15,39,201026128304wd,,0,05/04/2021
2010,12,3,1,1546520100430002,6,2,04,wd,,,,0,0,201026128304wd,15465201004309299,,,6032.8049035,,,201026128304wd,,0,05/04/2021
2010,12,3,1,1546520100430003,6,2,04,wd,,,,0,0,201026128304wd,15465201004309299,,,6032.8049035,,,201026128304wd,,0,05/04/2021
2010,12,3,1,1546520100430004,6,2,04,wd,,,,0,0,201026128304wd,15465201004309299,,,6032.8049035,,,201026128304wd,,0,05/04/2021
2010,12,3,1,1546520100430005,6,2,04,wd,,,,0,0,201026128304wd,15465201004309299,,,6032.8049035,,,201026128304wd,,0,05/04/2021
2010,12,3,1,1546520100430006,6,2,04,wd,,,,0,0,201026128304wd,15465201004309299,,,6032.8049035,,,201026128304wd,,0,05/04/2021
2010,12,3,1,1546520100430007,6,2,04,wd,,,,0,0,201026128304wd,15465201004309299,,,6032.8049035,,,201026128304wd,,0,05/04/2021
2010,12,3,1,1546520100430008,6,2,04,wd,8835440602,329,0.42,0,0,201026128304wd,15465201004309299,GULF KINGFISH,,6032.8049035,12,32,201026128304wd,,0,05/04/2021
2010,12,3,1,1546520100430008,6,2,04,wd,8835250101,332,0.54,0,0,201026128304wd,15465201004309299,BLUEFISH,,6032.8049035,13,33,201026128304wd,,0,05/04/2021
2010,12,3,1,1546520100430009,6,2,04,wd,8835440602,253,0.14,0,0,201026128304wd,15465201004309299,GULF KINGFISH,,2774.2465691,9,25,201026128304wd,,0,05/04/2021
2010,12,3,1,1546520100430009,6,2,04,wd,8835440602,273,0.18,0,0,201026128304wd,15465201004309299,GULF KINGFISH,,2774.2465691,10,27,201026128304wd,,0,05/04/2021
2010,12,3,1,1546520100430009,6,2,04,wd,8835440602,302,0.24,0,0,201026128304wd,15465201004309299,GULF KINGFISH,,2774.2465691,11,30,201026128304wd,,0,05/04/2021
2010,12,3,1,1546520100430009,6,2,04,wd,8835440602,240,0.12,0,0,201026128304wd,15465201004309299,GULF KINGFISH,,2774.2465691,9,24,201026128304wd,,0,05/04/2021
2010,12,3,1,1546520100430009,6,2,04,wd,8835440602,304,0.24,0,0,201026128304wd,15465201004309299,GULF KINGFISH,,2774.2465691,11,30,201026128304wd,,0,05/04/2021
2010,12,3,1,1546520100430009,6,2,04,wd,8835440602,266,0.14,0,0,201026128304wd,15465201004309299,GULF KINGFISH,,2774.2465691,10,26,201026128304wd,,0,05/04/2021
2010,12,3,1,1546520100430009,6,2,04,wd,8835440602,231,0.1,0,0,201026128304wd,15465201004309299,GULF KINGFISH,,2774.2465691,9,23,201026128304wd,,0,05/04/2021
2010,12,3,1,1546520100430009,6,2,04,wd,8835440602,309,0.24,0,0,201026128304wd,15465201004309299,GULF KINGFISH,,2774.2465691,12,30,201026128304wd,,0,05/04/2021
2010,12,3,1,1546520100430010,6,2,04,wd,,,,0,0,201026128304wd,15465201004309299,,,5548.4931381,,,201026128304wd,,0,05/04/2021
2010,12,3,1,1546520100430011,6,2,04,wd,8835440602,274,0.18,0,0,201026128304wd,15465201004309299,GULF KINGFISH,,6032.8049035,10,27,201026128304wd,,0,05/04/2021
2010,12,3,1,1546520100430011,6,2,04,wd,8835440602,290,0.26,0,0,201026128304wd,15465201004309299,GULF KINGFISH,,6032.8049035,11,29,201026128304wd,,0,05/04/2021
2010,12,3,1,1546520100430011,6,2,04,wd,8835440602,312,0.3,0,0,201026128304wd,15465201004309299,GULF KINGFISH,,6032.8049035,12,31,201026128304wd,,0,05/04/2021
2010,12,3,1,1546520100430011,6,2,04,wd,8835250101,331,0.54,0,0,201026128304wd,15465201004309299,BLUEFISH,,6032.8049035,13,33,201026128304wd,,0,05/04/2021
2010,12,3,5,1546820100307004,6,2,03,we,8835280901,300,0.58,1,1,201026128303we,154682010030785104,FLORIDA POMPANO,,5121.6591621,11,30,201026128303we,,0,05/04/2021
2010,12,3,5,1546820100307004,6,2,03,we,8835280901,280,0.5,1,1,201026128303we,154682010030785104,FLORIDA POMPANO,,5121.6591621,11,28,201026128303we,,0,05/04/2021
2010,12,3,5,1546820100307004,6,2,03,we,8835280901,365,0.98,0,0,201026128303we,154682010030785104,FLORIDA POMPANO,,5121.6591621,14,36,201026128303we,,0,05/04/2021
2010,12,3,5,1546820100307004,6,2,03,we,8835280901,316,0.58,1,1,201026128303we,154682010030785104,FLORIDA POMPANO,,5121.6591621,12,31,201026128303we,,0,05/04/2021
2010,12,3,5,1546820100307004,6,2,03,we,8835250101,265,0.18,1,1,201026128303we,154682010030785104,BLUEFISH,,20486.636649,10,26,201026128303we,,0,05/04/2021
2010,12,3,5,1546820100307004,6,2,03,we,8835250101,305,0.378027098,1,1,201026128303we,154682010030785104,BLUEFISH,,20486.636649,12,30,201026128303we,,0,05/04/2021
2010,12,3,5,1546820100307004,6,2,03,we,8835250101,362,0.6133628107,1,1,201026128303we,154682010030785104,BLUEFISH,,20486.636649,14,36,201026128303we,,0,05/04/2021
2010,12,3,5,1546820100307004,6,2,03,we,8835250101,322,0.4406213209,1,1,201026128303we,154682010030785104,BLUEFISH,,20486.636649,12,32,201026128303we,,0,05/04/2021
2010,12,3,5,1546820100307004,6,2,03,we,8835250101,422,0.88,1,1,201026128303we,154682010030785104,BLUEFISH,,20486.636649,16,42,201026128303we,,0,05/04/2021
2010,12,3,5,1546820100307021,6,2,03,we,8835280901,316,0.58,0,0,201026128303we,154682010030785104,FLORIDA POMPANO,,5121.6591621,12,31,201026128303we,,0,05/04/2021
2010,12,3,5,1546820100307021,6,2,03,we,8835280901,307,0.64,0,0,201026128303we,154682010030785104,FLORIDA POMPANO,,5121.6591621,12,30,201026128303we,,0,05/04/2021
2010,12,3,5,1546820100328001,6,2,03,we,8835280901,310,0.62,0,0,201026128303we,154682010032885297,FLORIDA POMPANO,,4407.7646896,12,31,201026128303we,,0,05/04/2021
2010,12,3,5,1546820100328001,6,2,03,we,8835280901,300,0.58,0,0,201026128303we,154682010032885297,FLORIDA POMPANO,,4407.7646896,11,30,201026128303we,,0,05/04/2021
2010,12,3,5,1546820100328001,6,2,03,we,8835280901,285,0.44,0,0,201026128303we,154682010032885297,FLORIDA POMPANO,,4407.7646896,11,28,201026128303we,,0,05/04/2021
2010,12,3,5,1546820100328001,6,2,03,we,8835280901,330,0.8,0,0,201026128303we,154682010032885297,FLORIDA POMPANO,,4407.7646896,12,33,201026128303we,,0,05/04/2021
2010,12,3,5,1546820100328001,6,2,03,we,8835280901,300,0.58,0,0,201026128303we,154682010032885297,FLORIDA POMPANO,,4407.7646896,11,30,201026128303we,,0,05/04/2021
2010,12,3,5,1546820100328001,6,2,03,we,8835280901,280,0.5,0,0,201026128303we,154682010032885297,FLORIDA POMPANO,,4407.7646896,11,28,201026128303we,,0,05/04/2021
2010,12,3,5,1546820100328001,6,2,03,we,8738010101,470,0.72,0,0,201026128303we,154682010032885297,LADYFISH,,4407.7646896,18,47,201026128303we,,0,05/04/2021
2010,12,3,5,1546820100328007,6,2,03,we,,,,0,0,201026128303we,154682010032885297,,,4407.7646896,,,201026128303we,,0,05/04/2021
2010,12,3,5,1546820100328008,6,2,03,we,,,,0,0,201026128303we,154682010032885297,,,4407.7646896,,,201026128303we,,0,05/04/2021
2010,12,3,5,1546820100328009,6,2,03,we,,,,0,0,201026128303we,154682010032885297,,,4407.7646896,,,201026128303we,,0,05/04/2021
2010,12,3,5,1546820100328010,6,2,03,we,8835280901,375,0.96,0,0,201026128303we,154682010032885297,FLORIDA POMPANO,,4407.7646896,14,37,201026128303we,,0,05/04/2021
2010,12,3,5,1546820100328010,6,2,03,we,8835280901,405,1.3,0,0,201026128303we,154682010032885297,FLORIDA POMPANO,,4407.7646896,15,40,201026128303we,,0,05/04/2021
2010,12,3,5,1546820100328010,6,2,03,we,8835280901,320,0.64,0,0,201026128303we,154682010032885297,FLORIDA POMPANO,,4407.7646896,12,32,201026128303we,,0,05/04/2021
2010,12,3,5,1546820100328012,6,2,03,we,8835280901,320,0.64,1,1,201026128303we,154682010032885297,FLORIDA POMPANO,,4407.7646896,12,32,201026128303we,,0,05/04/2021
2010,12,3,5,1546820100328012,6,2,03,we,8738010101,480,0.76,1,1,201026128303we,154682010032885297,LADYFISH,,4407.7646896,18,48,201026128303we,,0,05/04/2021
2010,12,3,5,1546820100328013,6,2,03,we,8835280901,227,0.44,0,0,201026128303we,154682010032885297,FLORIDA POMPANO,,4053.9106644,8,22,201026128303we,,0,05/04/2021
2010,12,3,5,1546820100328015,6,2,03,we,8850030502,483,0.94,0,0,201026128303we,154682010032885297,SPANISH MACKEREL,,4407.7646896,19,48,201026128303we,,0,05/04/2021
2010,12,3,5,1546820100328015,6,2,03,we,8835280901,434,1.5,0,0,201026128303we,154682010032885297,FLORIDA POMPANO,,4407.7646896,17,43,201026128303we,,0,05/04/2021
2010,12,3,5,1546820100328015,6,2,03,we,8835280901,305,0.6,0,0,201026128303we,154682010032885297,FLORIDA POMPANO,,4407.7646896,12,30,201026128303we,,0,05/04/2021
2010,12,3,5,1546820100328016,6,2,03,we,,,,0,0,201026128303we,154682010032885297,,,4407.7646896,,,201026128303we,,0,05/04/2021
2010,12,3,5,1546820100328019,6,2,03,we,,,,0,0,201026128303we,154682010032885297,,,4407.7646896,,,201026128303we,,0,05/04/2021
2010,12,3,5,1546820100328020,6,2,03,we,8835280901,355,1,0,0,201026128303we,154682010032885297,FLORIDA POMPANO,,4407.7646896,13,35,201026128303we,,0,05/04/2021
2010,12,3,5,1546820100328020,6,2,03,we,8835280901,308,0.62,0,0,201026128303we,154682010032885297,FLORIDA POMPANO,,4407.7646896,12,30,201026128303we,,0,05/04/2021
2010,12,3,5,1546820100328021,6,2,03,we,8850030502,450,0.68,0,0,201026128303we,154682010032885297,SPANISH MACKEREL,,4407.7646896,17,45,201026128303we,,0,05/04/2021
2010,12,3,5,1546820100328021,6,2,03,we,8835280901,285,0.46,0,0,201026128303we,154682010032885297,FLORIDA POMPANO,,4407.7646896,11,28,201026128303we,,0,05/04/2021
2010,12,3,5,1546820100328021,6,2,03,we,8738010101,480,0.76,1,1,201026128303we,154682010032885297,LADYFISH,,4407.7646896,18,48,201026128303we,,0,05/04/2021
2010,12,3,5,1546820100328021,6,2,03,we,8738010101,480,0.76,1,1,201026128303we,154682010032885297,LADYFISH,,4407.7646896,18,48,201026128303we,,0,05/04/2021
2010,12,3,5,1546820100328021,6,2,03,we,8738010101,480,0.76,1,1,201026128303we,154682010032885297,LADYFISH,,4407.7646896,18,48,201026128303we,,0,05/04/2021
2010,12,3,5,1546820100328021,6,2,03,we,8738010101,480,0.76,0,0,201026128303we,154682010032885297,LADYFISH,,4407.7646896,18,48,201026128303we,,0,05/04/2021
2010,12,3,5,1546820100328022,6,2,03,we,,,,0,0,201026128303we,154682010032885297,,,4407.7646896,,,201026128303we,,0,05/04/2021
2010,12,3,5,1546820100328023,6,2,03,we,8835280901,330,0.78,1,1,201026128303we,154682010032885297,FLORIDA POMPANO,,4407.7646896,12,33,201026128303we,,0,05/04/2021
2010,12,3,5,1546820100328023,6,2,03,we,8835280901,285,0.46,1,1,201026128303we,154682010032885297,FLORIDA POMPANO,,4407.7646896,11,28,201026128303we,,0,05/04/2021
2010,12,3,5,1546820100328023,6,2,03,we,8835280901,355,1,1,1,201026128303we,154682010032885297,FLORIDA POMPANO,,4407.7646896,13,35,201026128303we,,0,05/04/2021
2010,12,3,5,1546820100328024,6,2,03,we,8835280901,305,0.62,0,0,201026128303we,154682010032885297,FLORIDA POMPANO,,4053.9106644,12,30,201026128303we,,0,05/04/2021
2010,12,3,5,1546820100328024,6,2,03,we,8835280901,321,0.7,0,0,201026128303we,154682010032885297,FLORIDA POMPANO,,4053.9106644,12,32,201026128303we,,0,05/04/2021
2010,12,3,5,1546820100328024,6,2,03,we,8835280901,375,1.16,0,0,201026128303we,154682010032885297,FLORIDA POMPANO,,4053.9106644,14,37,201026128303we,,0,05/04/2021
2010,12,3,5,1546820100328025,6,2,03,we,8835280901,305,0.58,1,1,201026128303we,154682010032885297,FLORIDA POMPANO,,4407.7646896,12,30,201026128303we,,0,05/04/2021
2010,12,3,5,1546820100328026,6,2,03,we,,,,0,0,201026128303we,154682010032885297,,,4407.7646896,,,201026128303we,,0,05/04/2021
2010,12,3,5,1546820100328027,6,2,03,we,8850030502,590,1.4,1,1,201026128303we,154682010032885297,SPANISH MACKEREL,,4407.7646896,23,59,201026128303we,,0,05/04/2021
2010,12,3,5,1546820100328027,6,2,03,we,8850030502,349,0.28,1,1,201026128303we,154682010032885297,SPANISH MACKEREL,,4407.7646896,13,34,201026128303we,,0,05/04/2021
2010,12,3,5,1546820100328027,6,2,03,we,8835280901,290,0.52,0,0,201026128303we,154682010032885297,FLORIDA POMPANO,,4407.7646896,11,29,201026128303we,,0,05/04/2021
2010,12,3,5,1546820100328027,6,2,03,we,8835280901,280,0.5,0,0,201026128303we,154682010032885297,FLORIDA POMPANO,,4407.7646896,11,28,201026128303we,,0,05/04/2021
2010,12,3,5,1546820100328027,6,2,03,we,8835280901,330,0.78,0,0,201026128303we,154682010032885297,FLORIDA POMPANO,,4407.7646896,12,33,201026128303we,,0,05/04/2021
2010,12,3,5,1546820100328027,6,2,03,we,8835280901,305,0.58,0,0,201026128303we,154682010032885297,FLORIDA POMPANO,,4407.7646896,12,30,201026128303we,,0,05/04/2021
2010,12,3,5,1546820100328027,6,2,03,we,8738010101,480,0.76,1,1,201026128303we,154682010032885297,LADYFISH,,4407.7646896,18,48,201026128303we,,0,05/04/2021
2010,12,3,5,1546820100328030,6,2,03,we,,,,0,0,201026128303we,154682010032885297,,,4407.7646896,,,201026128303we,,0,05/04/2021
2010,12,3,5,1546820100410001,6,2,04,we,,,,0,0,201026128304we,154682010041085333,,,5335.6009457,,,201026128304we,,0,05/04/2021
2010,12,3,5,1546820100410002,6,2,04,we,,,,0,0,201026128304we,154682010041085333,,,5335.6009457,,,201026128304we,,0,05/04/2021
2010,12,3,5,1546820100410006,6,2,04,we,,,,0,0,201026128304we,154682010041085333,,,5335.6009457,,,201026128304we,,0,05/04/2021
2010,12,3,5,1546820100410010,6,2,04,we,8835430301,290,0.64,0,0,201026128304we,154682010041085333,SHEEPSHEAD,,5335.6009457,11,29,201026128304we,,0,05/04/2021
2010,12,3,5,1546820100410012,6,2,04,we,,,,0,0,201026128304we,154682010041085333,,,5335.6009457,,,201026128304we,,0,05/04/2021
2010,12,3,5,1546820100410016,6,2,04,we,,,,0,0,201026128304we,154682010041085333,,,5335.6009457,,,201026128304we,,0,05/04/2021
2010,12,3,5,1546820100410017,6,2,04,we,,,,0,0,201026128304we,154682010041085333,,,5335.6009457,,,201026128304we,,0,05/04/2021
2010,12,3,5,1546820100410019,6,2,04,we,,,,0,0,201026128304we,154682010041085333,,,5335.6009457,,,201026128304we,,0,05/04/2021
2010,12,3,5,1546820100410024,6,2,04,we,8850030502,408,0.42,0,0,201026128304we,154682010041085333,SPANISH MACKEREL,,5335.6009457,16,40,201026128304we,,0,05/04/2021
2010,12,3,5,1546820100410024,6,2,04,we,8850030502,487,0.96,0,0,201026128304we,154682010041085333,SPANISH MACKEREL,,5335.6009457,19,48,201026128304we,,0,05/04/2021
2010,12,3,5,1546820100410024,6,2,04,we,8850030502,590,1.4,0,0,201026128304we,154682010041085333,SPANISH MACKEREL,,5335.6009457,23,59,201026128304we,,0,05/04/2021
2010,12,3,5,1546820100410024,6,2,04,we,8850030502,438,0.68,0,0,201026128304we,154682010041085333,SPANISH MACKEREL,,5335.6009457,17,43,201026128304we,,0,05/04/2021
2010,12,3,5,1546820100410024,6,2,04,we,8850030502,485,0.76,0,0,201026128304we,154682010041085333,SPANISH MACKEREL,,5335.6009457,19,48,201026128304we,,0,05/04/2021
2010,12,3,5,1546820100410024,6,2,04,we,8850030502,420,0.46,0,0,201026128304we,154682010041085333,SPANISH MACKEREL,,5335.6009457,16,42,201026128304we,,0,05/04/2021
2010,12,3,5,1546820100410024,6,2,04,we,8850030502,461,0.72,0,0,201026128304we,154682010041085333,SPANISH MACKEREL,,5335.6009457,18,46,201026128304we,,0,05/04/2021
2010,12,3,5,1546820100410024,6,2,04,we,8850030502,410,0.44,0,0,201026128304we,154682010041085333,SPANISH MACKEREL,,5335.6009457,16,41,201026128304we,,0,05/04/2021
2010,12,3,5,1546820100410027,6,2,04,we,8835280303,339,0.7,1,1,201026128304we,154682010041085333,CREVALLE JACK,,5335.6009457,13,33,201026128304we,,0,05/04/2021
2010,12,3,5,1546820100410028,6,2,04,we,,,,0,0,201026128304we,154682010041085333,,,5335.6009457,,,201026128304we,,0,05/04/2021
2010,12,3,5,1546820100410030,6,2,04,we,,,,0,0,201026128304we,154682010041085333,,,5335.6009457,,,201026128304we,,0,05/04/2021
2010,12,3,1,1546820100414002,6,2,04,wd,,,,0,0,201026128304wd,15468201004149918,,,6476.1920379,,,201026128304wd,,0,05/04/2021
2010,12,3,1,1546820100414003,6,2,04,wd,8835250101,415,0.86,0,0,201026128304wd,15468201004149918,BLUEFISH,,6476.1920379,16,41,201026128304wd,,0,05/04/2021
2010,12,3,1,1546820100414004,6,2,04,wd,8836010100,,,0,0,201026128304wd,15468201004149918,MULLET GENUS,,6476.1920379,,,201026128304wd,,0,05/04/2021
2010,12,3,1,1546820100414004,6,2,04,wd,8835260101,1112,15.8,0,0,201026128304wd,15468201004149918,COBIA,,6476.1920379,43,111,201026128304wd,,0,05/04/2021
2010,12,3,1,1546820100414006,6,2,04,wd,8836010101,282,0.34,1,1,201026128304wd,15468201004149918,STRIPED MULLET,,10361.907261,11,28,201026128304wd,,0,05/04/2021
2010,12,3,1,1546820100414006,6,2,04,wd,8836010101,358,0.56,1,1,201026128304wd,15468201004149918,STRIPED MULLET,,10361.907261,14,35,201026128304wd,,0,05/04/2021
2010,12,3,1,1546820100414006,6,2,04,wd,8836010101,270,0.3,1,1,201026128304wd,15468201004149918,STRIPED MULLET,,10361.907261,10,27,201026128304wd,,0,05/04/2021
2010,12,3,1,1546820100414006,6,2,04,wd,8836010101,253,0.26,1,1,201026128304wd,15468201004149918,STRIPED MULLET,,10361.907261,9,25,201026128304wd,,0,05/04/2021
2010,12,3,1,1546820100414006,6,2,04,wd,8836010101,298,0.34,0,0,201026128304wd,15468201004149918,STRIPED MULLET,,10361.907261,11,29,201026128304wd,,0,05/04/2021
2010,12,3,1,1546820100414006,6,2,04,wd,8836010100,,,0,0,201026128304wd,15468201004149918,MULLET GENUS,,25904.768151,,,201026128304wd,,0,05/04/2021
2010,12,3,1,1546820100414006,6,2,04,wd,8835280303,675,6.52,0,0,201026128304wd,15468201004149918,CREVALLE JACK,,6476.1920379,26,67,201026128304wd,,0,05/04/2021
2010,12,3,1,1546820100414010,6,2,04,wd,,,,0,0,201026128304wd,15468201004149918,,,6476.1920379,,,201026128304wd,,0,05/04/2021
2010,12,3,1,1546820100414011,6,2,04,wd,,,,0,0,201026128304wd,15468201004149918,,,5956.2852865,,,201026128304wd,,0,05/04/2021
2010,12,3,1,1546820100415001,6,2,04,wd,8835441101,220,0.14,1,1,201026128304wd,154682010041585341,SAND DRUM,,6755.0642704,8,22,201026128304wd,,0,05/04/2021
2010,12,3,1,1546820100415001,6,2,04,wd,8835441101,290,0.32,0,0,201026128304wd,154682010041585341,SAND DRUM,,6755.0642704,11,29,201026128304wd,,0,05/04/2021
2010,12,3,1,1546820100415001,6,2,04,wd,8835440602,340,0.4,0,0,201026128304wd,154682010041585341,GULF KINGFISH,,6755.0642704,13,34,201026128304wd,,0,05/04/2021
2010,12,3,1,1546820100415001,6,2,04,wd,8835430402,228,0.32,0,0,201026128304wd,154682010041585341,SILVER PORGY,,6755.0642704,8,22,201026128304wd,,0,05/04/2021
2010,12,3,1,1546820100415001,6,2,04,wd,8835430402,210,0.28,1,1,201026128304wd,154682010041585341,SILVER PORGY,,6755.0642704,8,21,201026128304wd,,0,05/04/2021
2010,12,3,1,1546820100415001,6,2,04,wd,8835430402,212,0.26,1,1,201026128304wd,154682010041585341,SILVER PORGY,,6755.0642704,8,21,201026128304wd,,0,05/04/2021
2010,12,3,1,1546820100415001,6,2,04,wd,8835250101,347,0.45,1,1,201026128304wd,154682010041585341,BLUEFISH,,6755.0642704,13,34,201026128304wd,,0,05/04/2021
2010,12,3,1,1546820100415001,6,2,04,wd,8835250101,421,0.98,0,0,201026128304wd,154682010041585341,BLUEFISH,,6755.0642704,16,42,201026128304wd,,0,05/04/2021
2010,12,3,1,1546820100415001,6,2,04,wd,8835250101,418,0.9,0,0,201026128304wd,154682010041585341,BLUEFISH,,6755.0642704,16,41,201026128304wd,,0,05/04/2021
2010,12,3,1,1546820100415003,6,2,04,wd,8835250101,346,0.45,1,1,201026128304wd,154682010041585341,BLUEFISH,,6755.0642704,13,34,201026128304wd,,0,05/04/2021
2010,12,3,1,1546820100415004,6,2,04,wd,8835280901,369,1.12,0,0,201026128304wd,154682010041585341,FLORIDA POMPANO,,6755.0642704,14,36,201026128304wd,,0,05/04/2021
2010,12,3,1,1546820100415005,6,2,04,wd,,,,0,0,201026128304wd,154682010041585341,,,6755.0642704,,,201026128304wd,,0,05/04/2021
2010,12,3,1,1546820100415006,6,2,04,wd,8835440602,308,0.26,0,0,201026128304wd,154682010041585341,GULF KINGFISH,,6755.0642704,12,30,201026128304wd,,0,05/04/2021
2010,12,3,1,1546820100415006,6,2,04,wd,8835250101,440,1.04,0,0,201026128304wd,154682010041585341,BLUEFISH,,6755.0642704,17,44,201026128304wd,,0,05/04/2021
2010,12,3,1,1546820100415007,6,2,04,wd,8835250101,429,0.98,1,1,201026128304wd,154682010041585341,BLUEFISH,,6212.76974,16,42,201026128304wd,,0,05/04/2021
2010,12,3,1,1546820100415008,6,2,04,wd,,,,0,0,201026128304wd,154682010041585341,,,6212.76974,,,201026128304wd,,0,05/04/2021
2010,12,3,1,1546820100415009,6,2,04,wd,8835440602,322,0.36,0,0,201026128304wd,154682010041585341,GULF KINGFISH,,6755.0642704,12,32,201026128304wd,,0,05/04/2021
2010,12,3,1,1546820100415010,6,2,04,wd,8835250101,399,0.94,1,1,201026128304wd,154682010041585341,BLUEFISH,,8106.0771245,15,39,201026128304wd,,0,05/04/2021
2010,12,3,1,1546820100415010,6,2,04,wd,8835250101,361,0.62,1,1,201026128304wd,154682010041585341,BLUEFISH,,8106.0771245,14,36,201026128304wd,,0,05/04/2021
2010,12,3,1,1546820100415010,6,2,04,wd,8835250101,384,0.72,1,1,201026128304wd,154682010041585341,BLUEFISH,,8106.0771245,15,38,201026128304wd,,0,05/04/2021
2010,12,3,1,1546820100415010,6,2,04,wd,8835250101,381,0.9,1,1,201026128304wd,154682010041585341,BLUEFISH,,8106.0771245,14,38,201026128304wd,,0,05/04/2021
2010,12,3,1,1546820100415010,6,2,04,wd,8835250101,417,0.94,1,1,201026128304wd,154682010041585341,BLUEFISH,,8106.0771245,16,41,201026128304wd,,0,05/04/2021
2010,12,3,1,1546820100415012,6,2,04,wd,8835250101,341,0.46,1,1,201026128304wd,154682010041585341,BLUEFISH,,3144.8370258,13,34,201026128304wd,,0,05/04/2021
2010,12,3,1,1546820100415013,6,2,04,wd,,,,0,0,201026128304wd,154682010041585341,,,6212.76974,,,201026128304wd,,0,05/04/2021
2010,12,3,1,1546820100415014,6,2,04,wd,,,,0,0,201026128304wd,154682010041585341,,,6755.0642704,,,201026128304wd,,0,05/04/2021
2010,12,3,5,1546820100418005,6,2,04,we,8836010100,,,0,0,201026128304we,1546820100418111288,MULLET GENUS,,5602.3487624,,,201026128304we,,0,05/04/2021
2010,12,3,5,1546820100418008,6,2,04,we,,,,0,0,201026128304we,1546820100418111288,,,1867.4495875,,,201026128304we,,0,05/04/2021
2010,12,3,5,1546820100418009,6,2,04,we,8835440801,518,2.04,0,0,201026128304we,1546820100418111288,BLACK DRUM,,1867.4495875,20,51,201026128304we,,0,05/04/2021
2010,12,3,5,1546820100418010,6,2,04,we,,,,0,0,201026128304we,1546820100418111288,,,1867.4495875,,,201026128304we,,0,05/04/2021
2010,12,3,5,1546820100418011,6,2,04,we,8835440801,495,1.76,0,0,201026128304we,1546820100418111288,BLACK DRUM,,1867.4495875,19,49,201026128304we,,0,05/04/2021
2010,12,3,5,1546820100418011,6,2,04,we,8835430301,300,0.54,0,0,201026128304we,1546820100418111288,SHEEPSHEAD,,1867.4495875,11,30,201026128304we,,0,05/04/2021
2010,12,3,5,1546820100418011,6,2,04,we,8835390201,235,0.3,0,0,201026128304we,1546820100418111288,IRISH POMPANO,,1867.4495875,9,23,201026128304we,,0,05/04/2021
2010,12,3,5,1546820100418011,6,2,04,we,8835390201,230,0.3,0,0,201026128304we,1546820100418111288,IRISH POMPANO,,1867.4495875,9,23,201026128304we,,0,05/04/2021
2010,12,3,5,1546820100418011,6,2,04,we,8835280306,259,0.28,0,0,201026128304we,1546820100418111288,BLUE RUNNER,,1867.4495875,10,25,201026128304we,,0,05/04/2021
2010,12,3,5,1546820100418011,6,2,04,we,8835280303,271,0.42,0,0,201026128304we,1546820100418111288,CREVALLE JACK,,1867.4495875,10,27,201026128304we,,0,05/04/2021
2010,12,3,5,1546820100418012,6,2,04,we,,,,0,0,201026128304we,1546820100418111288,,,1867.4495875,,,201026128304we,,0,05/04/2021
2010,12,3,5,1546820100418013,6,2,04,we,8857030302,307,0.32,0,0,201026128304we,1546820100418111288,GULF FLOUNDER,,1867.4495875,12,30,201026128304we,,0,05/04/2021
2010,12,3,5,1546820100418013,6,2,04,we,8857030302,335,0.4,0,0,201026128304we,1546820100418111288,GULF FLOUNDER,,1867.4495875,13,33,201026128304we,,0,05/04/2021
2010,12,3,5,1546820100418013,6,2,04,we,8857030302,298,0.28,0,0,201026128304we,1546820100418111288,GULF FLOUNDER,,1867.4495875,11,29,201026128304we,,0,05/04/2021
2010,12,3,5,1546820100418015,6,2,04,we,8835390201,295,0.62,0,0,201026128304we,1546820100418111288,IRISH POMPANO,,1867.4495875,11,29,201026128304we,,0,05/04/2021
2010,12,3,5,1546820100418015,6,2,04,we,8835280306,280,0.36,0,0,201026128304we,1546820100418111288,BLUE RUNNER,,1867.4495875,11,28,201026128304we,,0,05/04/2021
2010,12,3,5,1546820100418018,6,2,04,we,8835280306,279,0.36,0,0,201026128304we,1546820100418111288,BLUE RUNNER,,1867.4495875,10,27,201026128304we,,0,05/04/2021
2010,12,3,5,1546820100418018,6,2,04,we,8835280306,292,0.4,0,0,201026128304we,1546820100418111288,BLUE RUNNER,,1867.4495875,11,29,201026128304we,,0,05/04/2021
2010,12,3,5,1546820100418018,6,2,04,we,8835280306,290,0.49,0,0,201026128304we,1546820100418111288,BLUE RUNNER,,1867.4495875,11,29,201026128304we,,0,05/04/2021
2010,12,3,5,1546820100418018,6,2,04,we,8835280306,271,0.34,0,0,201026128304we,1546820100418111288,BLUE RUNNER,,1867.4495875,10,27,201026128304we,,0,05/04/2021
2010,12,3,5,1546820100418018,6,2,04,we,8835280306,270,0.3,0,0,201026128304we,1546820100418111288,BLUE RUNNER,,1867.4495875,10,27,201026128304we,,0,05/04/2021
2010,12,3,5,1546820100418021,6,2,04,we,,,,0,0,201026128304we,1546820100418111288,,,1867.4495875,,,201026128304we,,0,05/04/2021
2010,12,3,5,1546820100418022,6,2,04,we,,,,0,0,201026128304we,1546820100418111288,,,1867.4495875,,,201026128304we,,0,05/04/2021
2010,12,3,5,1546820100418023,6,2,04,we,8835430301,305,0.7,0,0,201026128304we,1546820100418111288,SHEEPSHEAD,,1867.4495875,12,30,201026128304we,,0,05/04/2021
2010,12,3,5,1546820100418023,6,2,04,we,8835430301,359,1.08,1,1,201026128304we,1546820100418111288,SHEEPSHEAD,,1867.4495875,14,35,201026128304we,,0,05/04/2021
2010,12,3,5,1546820100418024,6,2,04,we,8835520101,193,0.3138035566,1,1,201026128304we,1546820100418111288,ATLANTIC SPADEFISH,,15114.275401,7,19,201026128304we,,0,05/04/2021
2010,12,3,5,1546820100418024,6,2,04,we,8835520101,240,0.54,1,1,201026128304we,1546820100418111288,ATLANTIC SPADEFISH,,15114.275401,9,24,201026128304we,,0,05/04/2021
2010,12,3,5,1546820100418024,6,2,04,we,8835520101,193,0.3138035566,0,1,201026128304we,1546820100418111288,ATLANTIC SPADEFISH,,15114.275401,7,19,201026128304we,,0,05/04/2021
2010,12,3,5,1546820100418024,6,2,04,we,8835520101,193,0.3138035566,1,1,201026128304we,1546820100418111288,ATLANTIC SPADEFISH,,15114.275401,7,19,201026128304we,,0,05/04/2021
2010,12,3,5,1546820100418024,6,2,04,we,8835520101,193,0.3138035566,1,1,201026128304we,1546820100418111288,ATLANTIC SPADEFISH,,15114.275401,7,19,201026128304we,,0,05/04/2021
2010,12,3,5,1546820100418024,6,2,04,we,8835390203,215,0.32,0,0,201026128304we,1546820100418111288,STRIPED MOJARRA,,1717.5312956,8,21,201026128304we,,0,05/04/2021
2010,12,3,5,1546820100418024,6,2,04,we,8835280306,331,0.28,0,0,201026128304we,1546820100418111288,BLUE RUNNER,,1717.5312956,13,33,201026128304we,,0,05/04/2021
2010,12,3,5,1546820100418024,6,2,04,we,8835280303,435,1.32,0,0,201026128304we,1546820100418111288,CREVALLE JACK,,1717.5312956,17,43,201026128304we,,0,05/04/2021
2010,12,3,5,1546820100418024,6,2,04,we,8835280303,332,0.67,1,1,201026128304we,1546820100418111288,CREVALLE JACK,,1717.5312956,13,33,201026128304we,,0,05/04/2021
2010,12,3,5,1546820100418024,6,2,04,we,8835280303,332,0.67,1,1,201026128304we,1546820100418111288,CREVALLE JACK,,1717.5312956,13,33,201026128304we,,0,05/04/2021
2010,12,3,5,1546820100418025,6,2,04,we,,,,0,0,201026128304we,1546820100418111288,,,1717.5312956,,,201026128304we,,0,05/04/2021
2010,12,3,5,1546820100418027,6,2,04,we,,,,0,0,201026128304we,1546820100418111288,,,1867.4495875,,,201026128304we,,0,05/04/2021
2010,12,3,1,1546820100420001,6,2,04,wd,8835280901,305,0.58,0,0,201026128304wd,1546820100420991448,FLORIDA POMPANO,,6819.5825946,12,30,201026128304wd,,0,05/04/2021
2010,12,3,1,1546820100420001,6,2,04,wd,8835280901,330,0.66,0,0,201026128304wd,1546820100420991448,FLORIDA POMPANO,,6819.5825946,12,33,201026128304wd,,0,05/04/2021
2010,12,3,1,1546820100420004,6,2,04,wd,8835280901,370,0.9,0,0,201026128304wd,1546820100420991448,FLORIDA POMPANO,,6819.5825946,14,37,201026128304wd,,0,05/04/2021
2010,12,3,1,1546820100420008,6,2,04,wd,,,,0,0,201026128304wd,1546820100420991448,,,6272.1085526,,,201026128304wd,,0,05/04/2021
2010,12,3,1,1546820100420014,6,2,04,wd,8835280901,305,0.62,1,1,201026128304wd,1546820100420991448,FLORIDA POMPANO,,6819.5825946,12,30,201026128304wd,,0,05/04/2021
2010,12,3,1,1546820100420014,6,2,04,wd,8835280901,330,0.78,1,1,201026128304wd,1546820100420991448,FLORIDA POMPANO,,6819.5825946,12,33,201026128304wd,,0,05/04/2021
2010,12,3,1,1546820100420014,6,2,04,wd,8835280901,280,0.5,1,1,201026128304wd,1546820100420991448,FLORIDA POMPANO,,6819.5825946,11,28,201026128304wd,,0,05/04/2021
2010,12,3,1,1546820100420014,6,2,04,wd,8835280901,351,0.88,1,1,201026128304wd,1546820100420991448,FLORIDA POMPANO,,6819.5825946,13,35,201026128304wd,,0,05/04/2021
2010,12,3,1,1546820100420015,6,2,04,wd,8850030502,311,0.28,1,1,201026128304wd,1546820100420991448,SPANISH MACKEREL,,6819.5825946,12,31,201026128304wd,,0,05/04/2021
2010,12,3,1,1546820100420015,6,2,04,wd,8835250101,397,0.748359558,1,1,201026128304wd,1546820100420991448,BLUEFISH,,6819.5825946,15,39,201026128304wd,,0,05/04/2021
2010,12,3,1,1546820100420018,6,2,04,wd,8850030502,465,0.8146716276,0,1,201026128304wd,1546820100420991448,SPANISH MACKEREL,,6819.5825946,18,46,201026128304wd,,0,05/04/2021
2010,12,3,1,1546820100420018,6,2,04,wd,8850030502,558,1.3936041059,0,1,201026128304wd,1546820100420991448,SPANISH MACKEREL,,6819.5825946,21,55,201026128304wd,,0,05/04/2021
2010,12,3,1,1546820100420018,6,2,04,wd,8850030502,455,0.7641542227,0,1,201026128304wd,1546820100420991448,SPANISH MACKEREL,,6819.5825946,17,45,201026128304wd,,0,05/04/2021
2010,12,3,1,1546820100420023,6,2,04,wd,8835280901,220,0.48,1,1,201026128304wd,1546820100420991448,FLORIDA POMPANO,,6819.5825946,8,22,201026128304wd,,0,05/04/2021
2010,12,3,1,1546820100420023,6,2,04,wd,8835280901,220,0.48,1,1,201026128304wd,1546820100420991448,FLORIDA POMPANO,,6819.5825946,8,22,201026128304wd,,0,05/04/2021
2010,12,3,1,1546820100420023,6,2,04,wd,8835280901,280,0.38,1,1,201026128304wd,1546820100420991448,FLORIDA POMPANO,,6819.5825946,11,28,201026128304wd,,0,05/04/2021
2010,12,3,1,1546820100420023,6,2,04,wd,8835280901,280,0.38,1,1,201026128304wd,1546820100420991448,FLORIDA POMPANO,,6819.5825946,11,28,201026128304wd,,0,05/04/2021
2010,12,3,1,1546820100420023,6,2,04,wd,8835280901,290,0.48,1,1,201026128304wd,1546820100420991448,FLORIDA POMPANO,,6819.5825946,11,29,201026128304wd,,0,05/04/2021
2010,12,3,1,1546820100420025,6,2,04,wd,8850030502,531,0.94,0,0,201026128304wd,1546820100420991448,SPANISH MACKEREL,,6272.1085526,20,53,201026128304wd,,0,05/04/2021
2010,12,3,1,1546820100420025,6,2,04,wd,8850030502,471,0.72,0,0,201026128304wd,1546820100420991448,SPANISH MACKEREL,,6272.1085526,18,47,201026128304wd,,0,05/04/2021
2010,12,3,1,1546820100420027,6,2,04,wd,8835280901,310,0.6,1,1,201026128304wd,1546820100420991448,FLORIDA POMPANO,,6272.1085526,12,31,201026128304wd,,0,05/04/2021
2010,12,3,1,1546820100420030,6,2,04,wd,8850030502,487,0.96,1,1,201026128304wd,1546820100420991448,SPANISH MACKEREL,,6819.5825946,19,48,201026128304wd,,0,05/04/2021
2010,12,3,1,1546820100420030,6,2,04,wd,8850030502,483,0.94,1,1,201026128304wd,1546820100420991448,SPANISH MACKEREL,,6819.5825946,19,48,201026128304wd,,0,05/04/2021
2010,12,3,1,1546820100427001,6,2,04,wd,8835250101,332,0.54,1,1,201026128304wd,1546820100427111929,BLUEFISH,,15690.058561,13,33,201026128304wd,,0,05/04/2021
2010,12,3,1,1546820100427001,6,2,04,wd,8835250101,381,0.6677771053,1,1,201026128304wd,1546820100427111929,BLUEFISH,,15690.058561,14,38,201026128304wd,,0,05/04/2021
2010,12,3,1,1546820100427002,6,2,04,wd,,,,0,0,201026128304wd,1546820100427111929,,,17059.59796,,,201026128304wd,,0,05/04/2021
2010,12,3,1,1546820100427003,6,2,04,wd,,,,0,0,201026128304wd,1546820100427111929,,,17059.59796,,,201026128304wd,,0,05/04/2021
2010,12,3,1,1546820100427004,6,2,04,wd,,,,0,0,201026128304wd,1546820100427111929,,,17059.59796,,,201026128304wd,,0,05/04/2021
2010,12,3,1,1546820100427005,6,2,04,wd,8835280306,257,0.3,0,0,201026128304wd,1546820100427111929,BLUE RUNNER,,17059.59796,10,25,201026128304wd,,0,05/04/2021
2010,12,3,1,1546820100427006,6,2,04,wd,8857030300,,,0,0,201026128304wd,1546820100427111929,LEFTEYE FLOUNDER GENUS,,17059.59796,,,201026128304wd,,0,05/04/2021
2010,12,3,1,1546820100427007,6,2,04,wd,,,,0,0,201026128304wd,1546820100427111929,,,17059.59796,,,201026128304wd,,0,05/04/2021
2010,12,3,1,1546820100427008,6,2,04,wd,,,,0,0,201026128304wd,1546820100427111929,,,17059.59796,,,201026128304wd,,0,05/04/2021
2010,12,3,1,1546820100427009,6,2,04,wd,8857030304,360,0.5,0,0,201026128304wd,1546820100427111929,SOUTHERN FLOUNDER,,17059.59796,14,36,201026128304wd,,0,05/04/2021
2010,12,3,1,1546820100427009,6,2,04,wd,8857030304,290,0.2,0,0,201026128304wd,1546820100427111929,SOUTHERN FLOUNDER,,17059.59796,11,29,201026128304wd,,0,05/04/2021
2010,12,3,1,1546820100427009,6,2,04,wd,8857030304,315,0.28,0,0,201026128304wd,1546820100427111929,SOUTHERN FLOUNDER,,17059.59796,12,31,201026128304wd,,0,05/04/2021
2010,12,3,1,1546820100427010,6,2,04,wd,8835280303,590,3.52,0,0,201026128304wd,1546820100427111929,CREVALLE JACK,,17059.59796,23,59,201026128304wd,,0,05/04/2021
2010,12,3,1,1546820100427010,6,2,04,wd,8835250101,421,0.98,1,1,201026128304wd,1546820100427111929,BLUEFISH,,28432.663267,16,42,201026128304wd,,0,05/04/2021
2010,12,3,1,1546820100427010,6,2,04,wd,8835250101,331,0.54,1,1,201026128304wd,1546820100427111929,BLUEFISH,,28432.663267,13,33,201026128304wd,,0,05/04/2021
2010,12,3,1,1546820100427010,6,2,04,wd,8835250101,343,0.43,0,0,201026128304wd,1546820100427111929,BLUEFISH,,28432.663267,13,34,201026128304wd,,0,05/04/2021
2010,12,3,1,1546820100427010,6,2,04,wd,8835250101,418,0.9,1,1,201026128304wd,1546820100427111929,BLUEFISH,,28432.663267,16,41,201026128304wd,,0,05/04/2021
2010,12,3,1,1546820100427010,6,2,04,wd,8835250101,415,0.86,1,1,201026128304wd,1546820100427111929,BLUEFISH,,28432.663267,16,41,201026128304wd,,0,05/04/2021
2010,12,3,1,1546820100427010,6,2,04,wd,8835250101,378,0.58,0,0,201026128304wd,1546820100427111929,BLUEFISH,,28432.663267,14,37,201026128304wd,,0,05/04/2021
2010,12,3,1,1546820100427011,6,2,04,wd,,,,0,0,201026128304wd,1546820100427111929,,,17059.59796,,,201026128304wd,,0,05/04/2021
2010,12,3,1,1546820100427012,6,2,04,wd,,,,0,0,201026128304wd,1546820100427111929,,,15690.058561,,,201026128304wd,,0,05/04/2021
2010,12,3,1,1546820100427013,6,2,04,wd,,,,0,0,201026128304wd,1546820100427111929,,,15690.058561,,,201026128304wd,,0,05/04/2021
2010,12,3,1,1546820100427015,6,2,04,wd,8835250101,440,1.04,1,1,201026128304wd,1546820100427111929,BLUEFISH,,15690.058561,17,44,201026128304wd,,0,05/04/2021
2010,12,3,1,1546820100427016,6,2,04,wd,8835250101,378,0.58,1,1,201026128304wd,1546820100427111929,BLUEFISH,,23456.947195,14,37,201026128304wd,,0,05/04/2021
2010,12,3,1,1546820100427016,6,2,04,wd,8835250101,360,0.48,0,0,201026128304wd,1546820100427111929,BLUEFISH,,23456.947195,14,36,201026128304wd,,0,05/04/2021
2010,12,3,1,1546820100427016,6,2,04,wd,8835250101,328,0.38,0,0,201026128304wd,1546820100427111929,BLUEFISH,,23456.947195,12,32,201026128304wd,,0,05/04/2021
2010,12,3,1,1546820100427016,6,2,04,wd,8835250101,329,0.38,0,0,201026128304wd,1546820100427111929,BLUEFISH,,23456.947195,12,32,201026128304wd,,0,05/04/2021
2010,12,3,1,1546820100427016,6,2,04,wd,8835250101,343,0.43,1,1,201026128304wd,1546820100427111929,BLUEFISH,,23456.947195,13,34,201026128304wd,,0,05/04/2021
2010,12,3,1,1546820100427016,6,2,04,wd,8835250101,372,0.48,1,1,201026128304wd,1546820100427111929,BLUEFISH,,23456.947195,14,37,201026128304wd,,0,05/04/2021
2010,12,3,1,1546820100427016,6,2,04,wd,8835250101,372,0.48,0,0,201026128304wd,1546820100427111929,BLUEFISH,,23456.947195,14,37,201026128304wd,,0,05/04/2021
2010,12,3,1,1546820100427016,6,2,04,wd,8835250101,360,0.48,1,1,201026128304wd,1546820100427111929,BLUEFISH,,23456.947195,14,36,201026128304wd,,0,05/04/2021
2010,12,3,1,1546820100427017,6,2,04,wd,8835250101,420,0.7,0,0,201026128304wd,1546820100427111929,BLUEFISH,,15690.058561,16,42,201026128304wd,,0,05/04/2021
2010,12,3,1,1546820100427017,6,2,04,wd,8835250101,329,0.38,1,1,201026128304wd,1546820100427111929,BLUEFISH,,15690.058561,12,32,201026128304wd,,0,05/04/2021
2010,12,3,1,1546820100427017,6,2,04,wd,8835250101,328,0.38,1,1,201026128304wd,1546820100427111929,BLUEFISH,,15690.058561,12,32,201026128304wd,,0,05/04/2021
2010,12,3,1,1546820100427017,6,2,04,wd,8835250101,385,0.62,0,0,201026128304wd,1546820100427111929,BLUEFISH,,15690.058561,15,38,201026128304wd,,0,05/04/2021
2010,12,3,1,1546820100427017,6,2,04,wd,8835250101,419,0.76,0,0,201026128304wd,1546820100427111929,BLUEFISH,,15690.058561,16,41,201026128304wd,,0,05/04/2021
2010,12,3,1,1546820100427017,6,2,04,wd,8835250101,419,0.76,1,1,201026128304wd,1546820100427111929,BLUEFISH,,15690.058561,16,41,201026128304wd,,0,05/04/2021
2010,12,3,1,1546820100427018,6,2,04,wd,,,,0,0,201026128304wd,1546820100427111929,,,15690.058561,,,201026128304wd,,0,05/04/2021
2010,12,3,1,1546820100427019,6,2,04,wd,,,,0,0,201026128304wd,1546820100427111929,,,15690.058561,,,201026128304wd,,0,05/04/2021
2010,12,3,1,1546820100427020,6,2,04,wd,,,,0,0,201026128304wd,1546820100427111929,,,17059.59796,,,201026128304wd,,0,05/04/2021
2010,12,3,1,1546820100427023,6,2,04,wd,,,,0,0,201026128304wd,1546820100427111929,,,17059.59796,,,201026128304wd,,0,05/04/2021
2010,12,3,1,1546820100427024,6,2,04,wd,,,,0,0,201026128304wd,1546820100427111929,,,17059.59796,,,201026128304wd,,0,05/04/2021
2010,12,3,1,1546820100427025,6,2,04,wd,8857030304,336,0.36,0,0,201026128304wd,1546820100427111929,SOUTHERN FLOUNDER,,17059.59796,13,33,201026128304wd,,0,05/04/2021
2010,12,3,1,1546820100427025,6,2,04,wd,8835280901,315,0.58,0,0,201026128304wd,1546820100427111929,FLORIDA POMPANO,,17059.59796,12,31,201026128304wd,,0,05/04/2021
2010,12,3,1,1546820100427025,6,2,04,wd,8835280901,326,0.78,0,0,201026128304wd,1546820100427111929,FLORIDA POMPANO,,17059.59796,12,32,201026128304wd,,0,05/04/2021
2010,12,3,1,1546820100427025,6,2,04,wd,8835280901,320,0.62,0,0,201026128304wd,1546820100427111929,FLORIDA POMPANO,,17059.59796,12,32,201026128304wd,,0,05/04/2021
2010,12,3,1,1546820100427025,6,2,04,wd,8835280901,279,0.44,0,0,201026128304wd,1546820100427111929,FLORIDA POMPANO,,17059.59796,10,27,201026128304wd,,0,05/04/2021
2010,12,3,1,1546820100427025,6,2,04,wd,8835250101,420,0.7,1,1,201026128304wd,1546820100427111929,BLUEFISH,,17059.59796,16,42,201026128304wd,,0,05/04/2021
2010,12,3,1,1546820100427026,6,2,04,wd,,,,0,0,201026128304wd,1546820100427111929,,,17059.59796,,,201026128304wd,,0,05/04/2021
2010,12,3,1,1546820100427028,6,2,04,wd,8857030300,,,0,0,201026128304wd,1546820100427111929,LEFTEYE FLOUNDER GENUS,,17059.59796,,,201026128304wd,,0,05/04/2021
2010,12,3,1,1546820100427029,6,2,04,wd,,,,0,0,201026128304wd,1546820100427111929,,,17059.59796,,,201026128304wd,,0,05/04/2021
2010,12,3,1,1546820100427030,6,2,04,wd,8857030304,380,0.54,0,0,201026128304wd,1546820100427111929,SOUTHERN FLOUNDER,,17059.59796,14,38,201026128304wd,,0,05/04/2021
2010,12,3,1,1548020100310005,6,2,03,wd,,,,0,0,201026128303wd,154802010031011109,,,4538.5750193,,,201026128303wd,,0,05/04/2021
2010,12,3,1,1548020100310006,6,2,03,wd,,,,0,0,201026128303wd,154802010031011109,,,4538.5750193,,,201026128303wd,,0,05/04/2021
2010,12,3,1,1548020100310007,6,2,03,wd,,,,0,0,201026128303wd,154802010031011109,,,4174.2195802,,,201026128303wd,,0,05/04/2021
2010,12,3,1,1548020100315003,6,2,03,wd,8835280306,286,0.86,1,1,201026128303wd,154802010031525170,BLUE RUNNER,,3001.4992865,11,28,201026128303wd,,0,05/04/2021
2010,12,3,1,1548020100315003,6,2,03,wd,8835280306,234,0.24,1,1,201026128303wd,154802010031525170,BLUE RUNNER,,3001.4992865,9,23,201026128303wd,,0,05/04/2021
2010,12,3,5,1548020100321003,6,2,03,we,8835430201,154,0.08,1,1,201026128303we,154802010032125135,PINFISH,,2984.4551315,6,15,201026128303we,,0,05/04/2021
2010,12,3,5,1548020100321003,6,2,03,we,8835430201,179,0.14,1,1,201026128303we,154802010032125135,PINFISH,,2984.4551315,7,17,201026128303we,,0,05/04/2021
2010,12,3,5,1548020100321003,6,2,03,we,8835430201,189,0.14,1,1,201026128303we,154802010032125135,PINFISH,,2984.4551315,7,18,201026128303we,,0,05/04/2021
2010,12,3,5,1548020100321003,6,2,03,we,8835430201,162,0.08,1,1,201026128303we,154802010032125135,PINFISH,,2984.4551315,6,16,201026128303we,,0,05/04/2021
2010,12,3,5,1548020100321003,6,2,03,we,8835430201,209,0.2,1,1,201026128303we,154802010032125135,PINFISH,,2984.4551315,8,20,201026128303we,,0,05/04/2021
2010,12,3,5,1548020100321004,6,2,03,we,,,,0,0,201026128303we,154802010032125135,,,1243.5229715,,,201026128303we,,0,05/04/2021
2010,12,3,5,1548020100321005,6,2,03,we,,,,0,0,201026128303we,154802010032125135,,,1243.5229715,,,201026128303we,,0,05/04/2021
2010,12,3,5,1548020100321016,6,2,03,we,,,,0,0,201026128303we,154802010032125135,,,1243.5229715,,,201026128303we,,0,05/04/2021
2010,12,3,5,1548020100321017,6,2,03,we,,,,0,0,201026128303we,154802010032125135,,,1243.5229715,,,201026128303we,,0,05/04/2021
2010,12,3,5,1548020100321018,6,2,03,we,,,,0,0,201026128303we,154802010032125135,,,1243.5229715,,,201026128303we,,0,05/04/2021
2010,12,3,5,1548020100321019,6,2,03,we,,,,0,0,201026128303we,154802010032125135,,,1243.5229715,,,201026128303we,,0,05/04/2021
2010,12,3,5,1548020100321020,6,2,03,we,,,,0,0,201026128303we,154802010032125135,,,1243.5229715,,,201026128303we,,0,05/04/2021
2010,12,3,5,1548020100321024,6,2,03,we,,,,0,0,201026128303we,154802010032125135,,,1243.5229715,,,201026128303we,,0,05/04/2021
2010,12,3,5,1548020100321025,6,2,03,we,,,,0,0,201026128303we,154802010032125135,,,1243.5229715,,,201026128303we,,0,05/04/2021
2010,12,3,5,1548020100321026,6,2,03,we,,,,0,0,201026128303we,154802010032125135,,,1243.5229715,,,201026128303we,,0,05/04/2021
2010,12,3,5,1548020100321027,6,2,03,we,,,,0,0,201026128303we,154802010032125135,,,1243.5229715,,,201026128303we,,0,05/04/2021
2010,12,3,5,1548020100321028,6,2,03,we,,,,0,0,201026128303we,154802010032125135,,,1243.5229715,,,201026128303we,,0,05/04/2021
2010,12,3,5,1548020100321029,6,2,03,we,,,,0,0,201026128303we,154802010032125135,,,1243.5229715,,,201026128303we,,0,05/04/2021
2010,12,3,5,1548020100321030,6,2,03,we,,,,0,0,201026128303we,154802010032125135,,,1243.5229715,,,201026128303we,,0,05/04/2021
2010,12,3,1,1548020100323006,6,2,03,wd,,,,0,0,201026128303wd,154802010032399940,,,1550.7746314,,,201026128303wd,,0,05/04/2021
2010,12,3,1,1548020100323007,6,2,03,wd,,,,0,0,201026128303wd,154802010032399940,,,1550.7746314,,,201026128303wd,,0,05/04/2021
2010,12,3,1,1548020100323008,6,2,03,wd,,,,0,0,201026128303wd,154802010032399940,,,1550.7746314,,,201026128303wd,,0,05/04/2021
2010,12,3,1,1548020100323009,6,2,03,wd,,,,0,0,201026128303wd,154802010032399940,,,1550.7746314,,,201026128303wd,,0,05/04/2021
2010,12,3,1,1548020100323010,6,2,03,wd,,,,0,0,201026128303wd,154802010032399940,,,1550.7746314,,,201026128303wd,,0,05/04/2021
2010,12,3,1,1548020100323012,6,2,03,wd,8837010104,435.72811734,0.56,1,1,201026128303wd,154802010032399940,GREAT BARRACUDA,,1550.7746314,17,43,201026128303wd,,0,05/04/2021
2010,12,3,1,1548020100323014,6,2,03,wd,,,,0,0,201026128303wd,154802010032399940,,,1550.7746314,,,201026128303wd,,0,05/04/2021
2010,12,3,1,1548020100323015,6,2,03,wd,,,,0,0,201026128303wd,154802010032399940,,,1550.7746314,,,201026128303wd,,0,05/04/2021
2010,12,3,1,1548020100327002,6,2,03,we,8835280306,251,0.6,1,1,201026128303we,15480201003279985,BLUE RUNNER,,2796.8516443,9,25,201026128303we,,0,05/04/2021
2010,12,3,1,1548020100327008,6,2,03,we,8835250101,385,0.62,1,1,201026128303we,15480201003279985,BLUEFISH,,2796.8516443,15,38,201026128303we,,0,05/04/2021
2010,12,3,1,1548020100327009,6,2,03,we,8835280306,226,0.28,1,1,201026128303we,15480201003279985,BLUE RUNNER,,2796.8516443,8,22,201026128303we,,0,05/04/2021
2010,12,3,1,1548020100327014,6,2,03,we,8835280306,250,0.28,1,1,201026128303we,15480201003279985,BLUE RUNNER,,2796.8516443,9,25,201026128303we,,0,05/04/2021
2010,12,3,1,1548020100327016,6,2,03,we,8835280306,282,0.38,1,1,201026128303we,15480201003279985,BLUE RUNNER,,2796.8516443,11,28,201026128303we,,0,05/04/2021
2010,12,3,1,1548020100327016,6,2,03,we,8835280306,234,0.24,1,1,201026128303we,15480201003279985,BLUE RUNNER,,2796.8516443,9,23,201026128303we,,0,05/04/2021
2010,12,3,1,1548020100327016,6,2,03,we,8835280306,285,0.4,1,1,201026128303we,15480201003279985,BLUE RUNNER,,2796.8516443,11,28,201026128303we,,0,05/04/2021
2010,12,3,1,1548020100327017,6,2,03,we,8835280306,250,0.28,1,1,201026128303we,15480201003279985,BLUE RUNNER,,2572.3212345,9,25,201026128303we,,0,05/04/2021
2010,12,3,1,1548020100327018,6,2,03,we,8835280306,285,0.4,1,1,201026128303we,15480201003279985,BLUE RUNNER,,2572.3212345,11,28,201026128303we,,0,05/04/2021
2010,12,3,1,1548020100327019,6,2,03,we,8835280306,266,0.28,1,1,201026128303we,15480201003279985,BLUE RUNNER,,2572.3212345,10,26,201026128303we,,0,05/04/2021
2010,12,3,1,1548020100327020,6,2,03,we,8835280306,310,0.4905490977,1,1,201026128303we,15480201003279985,BLUE RUNNER,,2796.8516443,12,31,201026128303we,,0,05/04/2021
2010,12,3,1,1548020100327020,6,2,03,we,8835280306,250,0.28,1,1,201026128303we,15480201003279985,BLUE RUNNER,,2796.8516443,9,25,201026128303we,,0,05/04/2021
2010,12,3,1,1548020100327020,6,2,03,we,8835280306,261,0.38,1,1,201026128303we,15480201003279985,BLUE RUNNER,,2796.8516443,10,26,201026128303we,,0,05/04/2021
2010,12,3,1,1548020100327021,6,2,03,we,8835280306,295,0.4209115099,1,1,201026128303we,15480201003279985,BLUE RUNNER,,2796.8516443,11,29,201026128303we,,0,05/04/2021
2010,12,3,1,1548020100327023,6,2,03,we,8835280306,284,0.3743216572,1,1,201026128303we,15480201003279985,BLUE RUNNER,,2796.8516443,11,28,201026128303we,,0,05/04/2021
2010,12,3,1,1548020100328001,6,2,03,we,8835280901,290,0.48,1,1,201026128303we,154802010032811108,FLORIDA POMPANO,,3633.9397778,11,29,201026128303we,,0,05/04/2021
2010,12,3,1,1548020100328001,6,2,03,we,8835280901,307,0.5,1,1,201026128303we,154802010032811108,FLORIDA POMPANO,,3633.9397778,12,30,201026128303we,,0,05/04/2021
2010,12,3,1,1548020100328008,6,2,03,we,8747010804,68,0.01,1,1,201026128303we,154802010032811108,SCALED SARDINE,,3633.9397778,2,6,201026128303we,,0,05/04/2021
2010,12,3,1,1548020100328008,6,2,03,we,8747010804,68,0.01,1,1,201026128303we,154802010032811108,SCALED SARDINE,,3633.9397778,2,6,201026128303we,,0,05/04/2021
2010,12,3,1,1548020100328009,6,2,03,we,8747010804,68,0.01,1,1,201026128303we,154802010032811108,SCALED SARDINE,,3633.9397778,2,6,201026128303we,,0,05/04/2021
2010,12,3,1,1548020100328012,6,2,03,we,8835280901,325,0.68,1,1,201026128303we,154802010032811108,FLORIDA POMPANO,,3633.9397778,12,32,201026128303we,,0,05/04/2021
2010,12,3,1,1548020100328013,6,2,03,we,8835280901,365,0.9,1,1,201026128303we,154802010032811108,FLORIDA POMPANO,,3633.9397778,14,36,201026128303we,,0,05/04/2021
2010,12,3,1,1548020100328017,6,2,03,we,8747010804,68,0.01,1,1,201026128303we,154802010032811108,SCALED SARDINE,,8721.4554667,2,6,201026128303we,,0,05/04/2021
2010,12,3,1,1548020100328017,6,2,03,we,8747010804,68,0.01,1,1,201026128303we,154802010032811108,SCALED SARDINE,,8721.4554667,2,6,201026128303we,,0,05/04/2021
2010,12,3,1,1548020100328017,6,2,03,we,8747010804,68,0.01,1,1,201026128303we,154802010032811108,SCALED SARDINE,,8721.4554667,2,6,201026128303we,,0,05/04/2021
2010,12,3,1,1548020100328017,6,2,03,we,8747010804,68,0.01,1,1,201026128303we,154802010032811108,SCALED SARDINE,,8721.4554667,2,6,201026128303we,,0,05/04/2021
2010,12,3,1,1548020100328017,6,2,03,we,8747010804,68,0.01,1,1,201026128303we,154802010032811108,SCALED SARDINE,,8721.4554667,2,6,201026128303we,,0,05/04/2021
2010,12,3,1,1548020100328018,6,2,03,we,,,,0,0,201026128303we,154802010032811108,,,3633.9397778,,,201026128303we,,0,05/04/2021
2010,12,3,1,1548020100328022,6,2,03,we,8747010804,68,0.01,1,1,201026128303we,154802010032811108,SCALED SARDINE,,3633.9397778,2,6,201026128303we,,0,05/04/2021
2010,12,3,1,1548020100328022,6,2,03,we,8747010804,68,0.01,1,1,201026128303we,154802010032811108,SCALED SARDINE,,3633.9397778,2,6,201026128303we,,0,05/04/2021
2010,12,3,1,1548020100328022,6,2,03,we,8747010804,68,0.01,1,1,201026128303we,154802010032811108,SCALED SARDINE,,3633.9397778,2,6,201026128303we,,0,05/04/2021
2010,12,3,1,1548020100328026,6,2,03,we,,,,0,0,201026128303we,154802010032811108,,,3633.9397778,,,201026128303we,,0,05/04/2021
2010,12,3,1,1548020100328027,6,2,03,we,,,,0,0,201026128303we,154802010032811108,,,3633.9397778,,,201026128303we,,0,05/04/2021
2010,12,3,1,1548020100328028,6,2,03,we,,,,0,0,201026128303we,154802010032811108,,,3633.9397778,,,201026128303we,,0,05/04/2021
2010,12,3,1,1548020100417003,6,2,04,we,,,,0,0,201026128304we,15480201004179985,,,3691.7379461,,,201026128304we,,0,05/04/2021
2010,12,3,1,1548020100417004,6,2,04,we,,,,0,0,201026128304we,15480201004179985,,,3691.7379461,,,201026128304we,,0,05/04/2021
2010,12,3,1,1548020100417005,6,2,04,we,,,,0,0,201026128304we,15480201004179985,,,3691.7379461,,,201026128304we,,0,05/04/2021
2010,12,3,1,1548020100417008,6,2,04,we,,,,0,0,201026128304we,15480201004179985,,,3691.7379461,,,201026128304we,,0,05/04/2021
2010,12,3,1,1548020100417011,6,2,04,we,,,,0,0,201026128304we,15480201004179985,,,3691.7379461,,,201026128304we,,0,05/04/2021
2010,12,3,1,1548020100417016,6,2,04,we,,,,0,0,201026128304we,15480201004179985,,,3691.7379461,,,201026128304we,,0,05/04/2021
2010,12,3,1,1548020100417017,6,2,04,we,8835280306,284,0.3743216572,1,1,201026128304we,15480201004179985,BLUE RUNNER,,3691.7379461,11,28,201026128304we,,0,05/04/2021
2010,12,3,1,1548020100417018,6,2,04,we,8835280306,232,0.2005016609,1,1,201026128304we,15480201004179985,BLUE RUNNER,,3691.7379461,9,23,201026128304we,,0,05/04/2021
2010,12,3,1,1548020100417025,6,2,04,we,,,,0,0,201026128304we,15480201004179985,,,3691.7379461,,,201026128304we,,0,05/04/2021
2010,12,3,1,1548020100417028,6,2,04,we,,,,0,0,201026128304we,15480201004179985,,,3691.7379461,,,201026128304we,,0,05/04/2021
2010,12,5,1,1543720100320001,6,2,03,we,8850030501,856,4.48,0,0,201026124503we,1543720100320998,KING MACKEREL,,20.99315416,33,85,201026124503we,,0,05/04/2021
2010,12,5,1,1543720100320001,6,2,03,we,8850030501,864,5.1996484662,0,0,201026124503we,1543720100320998,KING MACKEREL,,20.99315416,34,86,201026124503we,,0,05/04/2021
2010,12,5,1,1543720100320001,6,2,03,we,8850030501,1216,16.46,0,0,201026124503we,1543720100320998,KING MACKEREL,,20.99315416,47,121,201026124503we,,0,05/04/2021
2010,12,5,1,1543720100320001,6,2,03,we,8850030501,931,6.84,0,0,201026124503we,1543720100320998,KING MACKEREL,,20.99315416,36,93,201026124503we,,0,05/04/2021
2010,12,5,1,1543720100320004,6,2,03,we,8850030601,917,6.36,0,0,201026124503we,1543720100320998,WAHOO,,22.56486298,36,91,201026124503we,,0,05/04/2021
2010,12,5,1,1543720100320004,6,2,03,we,8850030501,1116,8.22,0,0,201026124503we,1543720100320998,KING MACKEREL,,22.56486298,43,111,201026124503we,,0,05/04/2021
2010,12,5,1,1543720100320004,6,2,03,we,8850030501,704,2.18,0,0,201026124503we,1543720100320998,KING MACKEREL,,22.56486298,27,70,201026124503we,,0,05/04/2021
2010,12,5,1,1543720100320004,6,2,03,we,8850030501,687,2,0,0,201026124503we,1543720100320998,KING MACKEREL,,22.56486298,27,68,201026124503we,,0,05/04/2021
2010,12,5,1,1543720100320004,6,2,03,we,8850030501,1025,7.78,0,0,201026124503we,1543720100320998,KING MACKEREL,,22.56486298,40,102,201026124503we,,0,05/04/2021
2010,12,5,1,1543720100320004,6,2,03,we,8850030102,646,3.58,0,0,201026124503we,1543720100320998,LITTLE TUNNY,,22.56486298,25,64,201026124503we,,0,05/04/2021
2010,12,5,1,1543720100320004,6,2,03,we,8850030102,580,2.74,0,0,201026124503we,1543720100320998,LITTLE TUNNY,,22.56486298,22,58,201026124503we,,0,05/04/2021
2010,12,5,1,1543720100320004,6,2,03,we,8850030102,554,2.36,0,0,201026124503we,1543720100320998,LITTLE TUNNY,,22.56486298,21,55,201026124503we,,0,05/04/2021
2010,12,5,1,1543720100320005,6,2,03,we,,,,0,0,201026124503we,1543720100320998,,,22.56486298,,,201026124503we,,0,05/04/2021
2010,12,5,1,1543720100320010,6,2,03,we,8850030501,910,6.0728804765,0,0,201026124503we,1543720100320998,KING MACKEREL,,87.929354127,35,91,201026124503we,,0,05/04/2021
2010,12,5,1,1543720100320010,6,2,03,we,8850030501,864,5.1996484662,1,1,201026124503we,1543720100320998,KING MACKEREL,,87.929354127,34,86,201026124503we,,0,05/04/2021
2010,12,5,1,1543720100320010,6,2,03,we,8850030501,1190,13.64,0,0,201026124503we,1543720100320998,KING MACKEREL,,87.929354127,46,119,201026124503we,,0,05/04/2021
2010,12,5,1,1543720100320010,6,2,03,we,8850030501,931,6.84,1,1,201026124503we,1543720100320998,KING MACKEREL,,87.929354127,36,93,201026124503we,,0,05/04/2021
2010,12,5,1,1543720100320010,6,2,03,we,8850030501,1192,13.86,0,0,201026124503we,1543720100320998,KING MACKEREL,,87.929354127,46,119,201026124503we,,0,05/04/2021
2010,12,5,1,1543720100320011,6,2,03,we,,,,0,0,201026124503we,1543720100320998,,,87.929354127,,,201026124503we,,0,05/04/2021
2010,12,5,1,1543720100320014,6,2,03,we,8850030601,982,5.16,0,0,201026124503we,1543720100320998,WAHOO,,22.56486298,38,98,201026124503we,,0,05/04/2021
2010,12,5,1,1543720100320014,6,2,03,we,8850030601,1133,8.6,1,1,201026124503we,1543720100320998,WAHOO,,22.56486298,44,113,201026124503we,,0,05/04/2021
2010,12,5,1,1543720100320014,6,2,03,we,8850030501,1089,9.02,0,0,201026124503we,1543720100320998,KING MACKEREL,,22.56486298,42,108,201026124503we,,0,05/04/2021
2010,12,5,1,1543720100320014,6,2,03,we,8850030102,551,2.26,0,0,201026124503we,1543720100320998,LITTLE TUNNY,,22.56486298,21,55,201026124503we,,0,05/04/2021
2010,12,5,1,1543720100320014,6,2,03,we,8835290101,736,3.46,0,0,201026124503we,1543720100320998,DOLPHIN,,22.56486298,28,73,201026124503we,,0,05/04/2021
2010,12,5,1,1543720100320014,6,2,03,we,8835290101,599,1.86,0,0,201026124503we,1543720100320998,DOLPHIN,,22.56486298,23,59,201026124503we,,0,05/04/2021
2010,12,5,1,1543720100320014,6,2,03,we,8835290101,652,2.28,0,0,201026124503we,1543720100320998,DOLPHIN,,22.56486298,25,65,201026124503we,,0,05/04/2021
2010,12,5,1,1543720100320016,6,2,03,we,8850030501,687,2,1,1,201026124503we,1543720100320998,KING MACKEREL,,20.99315416,27,68,201026124503we,,0,05/04/2021
2010,12,5,1,1543720100320016,6,2,03,we,8850030501,1043,7.9,0,0,201026124503we,1543720100320998,KING MACKEREL,,20.99315416,41,104,201026124503we,,0,05/04/2021
2010,12,5,1,1543720100320017,6,2,03,we,8850030501,1246,13.82,0,0,201026124503we,1543720100320998,KING MACKEREL,,22.56486298,49,124,201026124503we,,0,05/04/2021
2010,12,5,1,1543720100320017,6,2,03,we,8850030501,1190,13.64,1,1,201026124503we,1543720100320998,KING MACKEREL,,22.56486298,46,119,201026124503we,,0,05/04/2021
2010,12,5,1,1543720100320018,6,2,03,we,8835280801,988,12.3,1,1,201026124503we,1543720100320998,GREATER AMBERJACK,,22.56486298,38,98,201026124503we,,0,05/04/2021
2010,12,5,1,1543720100320019,6,2,03,we,8850030501,1107,10.08,0,0,201026124503we,1543720100320998,KING MACKEREL,,81.804816983,43,110,201026124503we,,0,05/04/2021
2010,12,5,1,1543720100320019,6,2,03,we,8850030501,1000,8.62,0,0,201026124503we,1543720100320998,KING MACKEREL,,81.804816983,39,100,201026124503we,,0,05/04/2021
2010,12,5,1,1543720100320019,6,2,03,we,8850030501,1007,8.54,0,0,201026124503we,1543720100320998,KING MACKEREL,,81.804816983,39,100,201026124503we,,0,05/04/2021
2010,12,5,1,1543720100320019,6,2,03,we,8850030501,1061,7.76,0,0,201026124503we,1543720100320998,KING MACKEREL,,81.804816983,41,106,201026124503we,,0,05/04/2021
2010,12,5,1,1543720100320019,6,2,03,we,8850030501,892,5.42,0,0,201026124503we,1543720100320998,KING MACKEREL,,81.804816983,35,89,201026124503we,,0,05/04/2021
2010,12,5,1,1543720100320019,6,2,03,we,8850030501,986,6.72,0,0,201026124503we,1543720100320998,KING MACKEREL,,81.804816983,38,98,201026124503we,,0,05/04/2021
2010,12,5,1,1543720100320019,6,2,03,we,8850030501,1070,9.66,0,0,201026124503we,1543720100320998,KING MACKEREL,,81.804816983,42,107,201026124503we,,0,05/04/2021
2010,12,5,1,1543720100320019,6,2,03,we,8850030501,1077,9.82,0,0,201026124503we,1543720100320998,KING MACKEREL,,81.804816983,42,107,201026124503we,,0,05/04/2021
2010,12,5,1,1543720100320019,6,2,03,we,8835280306,359,0.8,1,1,201026124503we,1543720100320998,BLUE RUNNER,,81.804816983,14,35,201026124503we,,0,05/04/2021
2010,12,5,1,1543720100320020,6,2,03,we,8835280306,290,0.36,1,1,201026124503we,1543720100320998,BLUE RUNNER,,87.929354127,11,29,201026124503we,,0,05/04/2021
2010,12,5,1,1543720100320021,6,2,03,we,8835280306,310,0.5,1,1,201026124503we,1543720100320998,BLUE RUNNER,,87.929354127,12,31,201026124503we,,0,05/04/2021
2010,12,5,1,1543720100320022,6,2,03,we,8850030501,1076,10.14,0,0,201026124503we,1543720100320998,KING MACKEREL,,20.99315416,42,107,201026124503we,,0,05/04/2021
2010,12,5,1,1543720100320022,6,2,03,we,8850030501,910,6.0728804765,1,1,201026124503we,1543720100320998,KING MACKEREL,,20.99315416,35,91,201026124503we,,0,05/04/2021
2010,12,5,1,1543720100320022,6,2,03,we,8850030501,1072,10.34,0,0,201026124503we,1543720100320998,KING MACKEREL,,20.99315416,42,107,201026124503we,,0,05/04/2021
2010,12,5,1,1543720100320022,6,2,03,we,8850030501,822,3.9,0,0,201026124503we,1543720100320998,KING MACKEREL,,20.99315416,32,82,201026124503we,,0,05/04/2021
2010,12,5,1,1543720100320022,6,2,03,we,8850030501,952,6.86,0,0,201026124503we,1543720100320998,KING MACKEREL,,20.99315416,37,95,201026124503we,,0,05/04/2021
2010,12,5,1,1543720100320022,6,2,03,we,8850030501,1113,10.1,0,0,201026124503we,1543720100320998,KING MACKEREL,,20.99315416,43,111,201026124503we,,0,05/04/2021
2010,12,5,1,1543720100320022,6,2,03,we,8850030501,1120,11.32,0,0,201026124503we,1543720100320998,KING MACKEREL,,20.99315416,44,112,201026124503we,,0,05/04/2021
2010,12,5,1,1543720100320022,6,2,03,we,8850030102,705,5.16,0,0,201026124503we,1543720100320998,LITTLE TUNNY,,20.99315416,27,70,201026124503we,,0,05/04/2021
2010,12,5,1,1543720100320022,6,2,03,we,8850030102,594,3.02,0,0,201026124503we,1543720100320998,LITTLE TUNNY,,20.99315416,23,59,201026124503we,,0,05/04/2021
2010,12,5,1,1543720100320025,6,2,03,we,8850030502,641,2.14,0,0,201026124503we,1543720100320998,SPANISH MACKEREL,,20.99315416,25,64,201026124503we,,0,05/04/2021
2010,12,5,1,1543720100320025,6,2,03,we,8850030501,1133,12.08,0,0,201026124503we,1543720100320998,KING MACKEREL,,20.99315416,44,113,201026124503we,,0,05/04/2021
2010,12,5,1,1543720100320025,6,2,03,we,8850030501,1246,13.82,1,1,201026124503we,1543720100320998,KING MACKEREL,,20.99315416,49,124,201026124503we,,0,05/04/2021
2010,12,5,1,1543720100320025,6,2,03,we,8850030501,1046,8.04,0,0,201026124503we,1543720100320998,KING MACKEREL,,20.99315416,41,104,201026124503we,,0,05/04/2021
2010,12,5,1,1543720100320025,6,2,03,we,8850030501,836,3.9,0,0,201026124503we,1543720100320998,KING MACKEREL,,20.99315416,32,83,201026124503we,,0,05/04/2021
2010,12,5,1,1543720100320025,6,2,03,we,8850030501,1033,7.86,0,0,201026124503we,1543720100320998,KING MACKEREL,,20.99315416,40,103,201026124503we,,0,05/04/2021
2010,12,5,1,1543720100320025,6,2,03,we,8850030501,1087,9.6,0,0,201026124503we,1543720100320998,KING MACKEREL,,20.99315416,42,108,201026124503we,,0,05/04/2021
2010,12,5,1,1543720100320025,6,2,03,we,8850030501,1084,9.3,0,0,201026124503we,1543720100320998,KING MACKEREL,,20.99315416,42,108,201026124503we,,0,05/04/2021
2010,12,5,1,1543720100320025,6,2,03,we,8850030501,812,3.76,0,0,201026124503we,1543720100320998,KING MACKEREL,,20.99315416,31,81,201026124503we,,0,05/04/2021
2010,12,5,1,1543720100320025,6,2,03,we,8850030501,1021,8.84,0,0,201026124503we,1543720100320998,KING MACKEREL,,20.99315416,40,102,201026124503we,,0,05/04/2021
2010,12,5,1,1543720100320025,6,2,03,we,8835290101,706,3.2,0,0,201026124503we,1543720100320998,DOLPHIN,,20.99315416,27,70,201026124503we,,0,05/04/2021
2010,12,5,1,1543720100320026,6,2,03,we,,,,0,0,201026124503we,1543720100320998,,,20.99315416,,,201026124503we,,0,05/04/2021
2010,12,5,1,1543720100320027,6,2,03,we,,,,0,0,201026124503we,1543720100320998,,,20.99315416,,,201026124503we,,0,05/04/2021
2010,12,5,1,1543720100320028,6,2,03,we,,,,0,0,201026124503we,1543720100320998,,,20.99315416,,,201026124503we,,0,05/04/2021
2010,12,5,1,1543720100320029,6,2,03,we,8850030501,1121,9.84,0,0,201026124503we,1543720100320998,KING MACKEREL,,20.99315416,44,112,201026124503we,,0,05/04/2021
2010,12,5,1,1543720100320029,6,2,03,we,8850030501,1110,12.94,0,0,201026124503we,1543720100320998,KING MACKEREL,,20.99315416,43,111,201026124503we,,0,05/04/2021
2010,12,5,1,1543720100320029,6,2,03,we,8850030501,682,2.12,0,0,201026124503we,1543720100320998,KING MACKEREL,,20.99315416,26,68,201026124503we,,0,05/04/2021
2010,12,5,1,1543720100320029,6,2,03,we,8850030501,1032,7.34,0,0,201026124503we,1543720100320998,KING MACKEREL,,20.99315416,40,103,201026124503we,,0,05/04/2021
2010,12,5,1,1543720100322001,6,2,03,wd,8860020201,315,0.72,0,0,201026124503wd,154372010032299920,GRAY TRIGGERFISH,,220.96136384,12,31,201026124503wd,,0,05/04/2021
2010,12,5,1,1543720100322001,6,2,03,wd,8860020201,296,0.56,0,0,201026124503wd,154372010032299920,GRAY TRIGGERFISH,,220.96136384,11,29,201026124503wd,,0,05/04/2021
2010,12,5,1,1543720100322001,6,2,03,wd,8860020201,326,0.9,0,0,201026124503wd,154372010032299920,GRAY TRIGGERFISH,,220.96136384,12,32,201026124503wd,,0,05/04/2021
2010,12,5,1,1543720100322001,6,2,03,wd,8850030102,738,6.44,1,1,201026124503wd,154372010032299920,LITTLE TUNNY,,220.96136384,29,73,201026124503wd,,0,05/04/2021
2010,12,5,1,1543720100322001,6,2,03,wd,8835360103,408,1.2,0,0,201026124503wd,154372010032299920,MUTTON SNAPPER,,220.96136384,16,40,201026124503wd,,0,05/04/2021
2010,12,5,1,1543720100322001,6,2,03,wd,8835260101,933,10.5,0,0,201026124503wd,154372010032299920,COBIA,,220.96136384,36,93,201026124503wd,,0,05/04/2021
2010,12,5,1,1543720100322002,6,2,03,wd,8850030102,676,4.09,1,1,201026124503wd,154372010032299920,LITTLE TUNNY,,205.57075744,26,67,201026124503wd,,0,05/04/2021
2010,12,5,2,1543720100417001,6,2,04,we,8860020201,320,0.84,0,0,201026124504we,154372010041799338,GRAY TRIGGERFISH,,37.204054615,12,32,201026124504we,,0,05/04/2021
2010,12,5,2,1543720100417001,6,2,04,we,8850030501,640,1.74,0,0,201026124504we,154372010041799338,KING MACKEREL,,37.204054615,25,64,201026124504we,,0,05/04/2021
2010,12,5,2,1543720100417001,6,2,04,we,8850030501,817,3.94,0,0,201026124504we,154372010041799338,KING MACKEREL,,37.204054615,32,81,201026124504we,,0,05/04/2021
2010,12,5,2,1543720100417001,6,2,04,we,8850030501,694,2.6,0,0,201026124504we,154372010041799338,KING MACKEREL,,37.204054615,27,69,201026124504we,,0,05/04/2021
2010,12,5,2,1543720100417001,6,2,04,we,8850030102,460,1.42,0,0,201026124504we,154372010041799338,LITTLE TUNNY,,59.526487384,18,46,201026124504we,,0,05/04/2021
2010,12,5,2,1543720100417001,6,2,04,we,8850030102,426,1.12,0,0,201026124504we,154372010041799338,LITTLE TUNNY,,59.526487384,16,42,201026124504we,,0,05/04/2021
2010,12,5,2,1543720100417001,6,2,04,we,8850030102,453,1.48,0,0,201026124504we,154372010041799338,LITTLE TUNNY,,59.526487384,17,45,201026124504we,,0,05/04/2021
2010,12,5,2,1543720100417001,6,2,04,we,8850030102,719,5.42,0,0,201026124504we,154372010041799338,LITTLE TUNNY,,59.526487384,28,71,201026124504we,,0,05/04/2021
2010,12,5,2,1543720100417001,6,2,04,we,8850030102,465,1.46,1,1,201026124504we,154372010041799338,LITTLE TUNNY,,59.526487384,18,46,201026124504we,,0,05/04/2021
2010,12,5,2,1543720100417001,6,2,04,we,8850030102,460,1.42,1,1,201026124504we,154372010041799338,LITTLE TUNNY,,59.526487384,18,46,201026124504we,,0,05/04/2021
2010,12,5,2,1543720100417001,6,2,04,we,8850030102,465,1.46,0,0,201026124504we,154372010041799338,LITTLE TUNNY,,59.526487384,18,46,201026124504we,,0,05/04/2021
2010,12,5,2,1543720100417001,6,2,04,we,8850030102,453,1.48,1,1,201026124504we,154372010041799338,LITTLE TUNNY,,59.526487384,17,45,201026124504we,,0,05/04/2021
2010,12,5,2,1543720100417001,6,2,04,we,8850030102,429,1.16,0,0,201026124504we,154372010041799338,LITTLE TUNNY,,59.526487384,16,42,201026124504we,,0,05/04/2021
2010,12,5,2,1543720100417001,6,2,04,we,8850030102,719,5.42,1,1,201026124504we,154372010041799338,LITTLE TUNNY,,59.526487384,28,71,201026124504we,,0,05/04/2021
2010,12,5,2,1543720100417001,6,2,04,we,8835360401,245,0.2568471513,1,1,201026124504we,154372010041799338,YELLOWTAIL SNAPPER,,37.204054615,9,24,201026124504we,,0,05/04/2021
2010,12,5,2,1543720100417001,6,2,04,we,8835360103,394,1.08,1,1,201026124504we,154372010041799338,MUTTON SNAPPER,,37.204054615,15,39,201026124504we,,0,05/04/2021
2010,12,5,2,1543720100417001,6,2,04,we,8835290101,921,6.74,0,0,201026124504we,154372010041799338,DOLPHIN,,37.204054615,36,92,201026124504we,,0,05/04/2021
2010,12,5,2,1543720100417001,6,2,04,we,8835290101,1043,8.44,1,1,201026124504we,154372010041799338,DOLPHIN,,37.204054615,41,104,201026124504we,,0,05/04/2021
2010,12,5,2,1543720100417001,6,2,04,we,8835290101,789,3.96,0,0,201026124504we,154372010041799338,DOLPHIN,,37.204054615,31,78,201026124504we,,0,05/04/2021
2010,12,5,2,1543720100417001,6,2,04,we,8835280306,315,0.52,1,1,201026124504we,154372010041799338,BLUE RUNNER,,52.085676461,12,31,201026124504we,,0,05/04/2021
2010,12,5,2,1543720100417001,6,2,04,we,8835280306,352,0.7663309858,1,1,201026124504we,154372010041799338,BLUE RUNNER,,52.085676461,13,35,201026124504we,,0,05/04/2021
2010,12,5,2,1543720100417001,6,2,04,we,8835280306,227.23321391,0.24,1,1,201026124504we,154372010041799338,BLUE RUNNER,,52.085676461,8,22,201026124504we,,0,05/04/2021
2010,12,5,2,1543720100417001,6,2,04,we,8835280306,258,0.3389257615,1,1,201026124504we,154372010041799338,BLUE RUNNER,,52.085676461,10,25,201026124504we,,0,05/04/2021
2010,12,5,2,1543720100417001,6,2,04,we,8835280306,243,0.24,1,1,201026124504we,154372010041799338,BLUE RUNNER,,52.085676461,9,24,201026124504we,,0,05/04/2021
2010,12,5,2,1543720100417001,6,2,04,we,8810080101,252,0.23,0,0,201026124504we,154372010041799338,SQUIRRELFISH,,37.204054615,9,25,201026124504we,,0,05/04/2021
2010,12,5,2,1543720100417002,6,2,04,we,8835360501,311,0.54,1,1,201026124504we,154372010041799338,VERMILION SNAPPER,,37.204054615,12,31,201026124504we,,0,05/04/2021
2010,12,5,2,1543720100417002,6,2,04,we,8835360401,320,0.52,1,1,201026124504we,154372010041799338,YELLOWTAIL SNAPPER,,37.204054615,12,32,201026124504we,,0,05/04/2021
2010,12,5,2,1543720100417002,6,2,04,we,8835360103,373,0.88,1,1,201026124504we,154372010041799338,MUTTON SNAPPER,,37.204054615,14,37,201026124504we,,0,05/04/2021
2010,12,5,2,1543720100417003,6,2,04,we,8860020103,466,1.13,1,1,201026124504we,154372010041799338,UNICORN FILEFISH,,37.204054615,18,46,201026124504we,,0,05/04/2021
2010,12,5,2,1543720100417003,6,2,04,we,8835360401,297,0.47,1,1,201026124504we,154372010041799338,YELLOWTAIL SNAPPER,,37.204054615,11,29,201026124504we,,0,05/04/2021
2010,12,5,2,1543720100417003,6,2,04,we,8835360103,396,1.03,1,1,201026124504we,154372010041799338,MUTTON SNAPPER,,37.204054615,15,39,201026124504we,,0,05/04/2021
2010,12,5,2,1543720100417004,6,2,04,we,8835360401,331,0.62,1,1,201026124504we,154372010041799338,YELLOWTAIL SNAPPER,,37.204054615,13,33,201026124504we,,0,05/04/2021
2010,12,5,2,1543720100417004,6,2,04,we,8835360401,257,0.306870365,1,1,201026124504we,154372010041799338,YELLOWTAIL SNAPPER,,37.204054615,10,25,201026124504we,,0,05/04/2021
2010,12,5,2,1543720100417005,6,2,04,we,8835360401,359,0.72,1,1,201026124504we,154372010041799338,YELLOWTAIL SNAPPER,,37.204054615,14,35,201026124504we,,0,05/04/2021
2010,12,5,2,1543720100417005,6,2,04,we,8835360401,322,0.52,1,1,201026124504we,154372010041799338,YELLOWTAIL SNAPPER,,37.204054615,12,32,201026124504we,,0,05/04/2021
2010,12,5,2,1543720100417005,6,2,04,we,8835360103,378,0.91,1,1,201026124504we,154372010041799338,MUTTON SNAPPER,,37.204054615,14,37,201026124504we,,0,05/04/2021
2010,12,5,2,1543720100417005,6,2,04,we,8835360103,394,1,1,1,201026124504we,154372010041799338,MUTTON SNAPPER,,37.204054615,15,39,201026124504we,,0,05/04/2021
2010,12,5,2,1543720100417006,6,2,04,we,8835360401,301,0.4,1,1,201026124504we,154372010041799338,YELLOWTAIL SNAPPER,,37.204054615,11,30,201026124504we,,0,05/04/2021
2010,12,5,2,1543720100417006,6,2,04,we,8835360401,282,0.42,1,1,201026124504we,154372010041799338,YELLOWTAIL SNAPPER,,37.204054615,11,28,201026124504we,,0,05/04/2021
2010,12,5,2,1543720100417006,6,2,04,we,8835360401,299,0.51,1,1,201026124504we,154372010041799338,YELLOWTAIL SNAPPER,,37.204054615,11,29,201026124504we,,0,05/04/2021
2010,12,5,2,1543720100417006,6,2,04,we,8835360103,467,1.74,1,1,201026124504we,154372010041799338,MUTTON SNAPPER,,37.204054615,18,46,201026124504we,,0,05/04/2021
2010,12,5,2,1543720100417007,6,2,04,we,8860020201,333,0.8627242294,0,1,201026124504we,154372010041799338,GRAY TRIGGERFISH,,46.505068269,13,33,201026124504we,,0,05/04/2021
2010,12,5,2,1543720100417007,6,2,04,we,8850030501,642,1.67,0,0,201026124504we,154372010041799338,KING MACKEREL,,46.505068269,25,64,201026124504we,,0,05/04/2021
2010,12,5,2,1543720100417007,6,2,04,we,8850030501,742,2.57,0,0,201026124504we,154372010041799338,KING MACKEREL,,46.505068269,29,74,201026124504we,,0,05/04/2021
2010,12,5,2,1543720100417007,6,2,04,we,8850030501,783,3.37,0,0,201026124504we,154372010041799338,KING MACKEREL,,46.505068269,30,78,201026124504we,,0,05/04/2021
2010,12,5,2,1543720100417007,6,2,04,we,8850030501,640,1.68,0,0,201026124504we,154372010041799338,KING MACKEREL,,46.505068269,25,64,201026124504we,,0,05/04/2021
2010,12,5,2,1543720100417007,6,2,04,we,8850030501,639,1.63,0,0,201026124504we,154372010041799338,KING MACKEREL,,46.505068269,25,63,201026124504we,,0,05/04/2021
2010,12,5,2,1543720100417007,6,2,04,we,8850030102,399,0.9727474698,0,1,201026124504we,154372010041799338,LITTLE TUNNY,,176.71925942,15,39,201026124504we,,0,05/04/2021
2010,12,5,2,1543720100417007,6,2,04,we,8850030102,426,1.12,1,1,201026124504we,154372010041799338,LITTLE TUNNY,,176.71925942,16,42,201026124504we,,0,05/04/2021
2010,12,5,2,1543720100417007,6,2,04,we,8850030102,738,6.44,1,1,201026124504we,154372010041799338,LITTLE TUNNY,,176.71925942,29,73,201026124504we,,0,05/04/2021
2010,12,5,2,1543720100417007,6,2,04,we,8850030501,687,2.01,0,0,201026124504we,154372010041799338,KING MACKEREL,,46.505068269,27,68,201026124504we,,0,05/04/2021
2010,12,5,2,1543720100417007,6,2,04,we,8850030501,650,1.86,0,0,201026124504we,154372010041799338,KING MACKEREL,,46.505068269,25,65,201026124504we,,0,05/04/2021
2010,12,5,2,1543720100417007,6,2,04,we,8850030102,429,1.16,1,1,201026124504we,154372010041799338,LITTLE TUNNY,,176.71925942,16,42,201026124504we,,0,05/04/2021
2010,12,5,2,1543720100417007,6,2,04,we,8850030102,399,0.9727474698,1,1,201026124504we,154372010041799338,LITTLE TUNNY,,176.71925942,15,39,201026124504we,,0,05/04/2021
2010,12,5,2,1543720100417007,6,2,04,we,8835280804,566,2.7362539726,0,1,201026124504we,154372010041799338,BANDED RUDDERFISH,,59.792230631,22,56,201026124504we,,0,05/04/2021
2010,12,5,2,1543720100417007,6,2,04,we,8835280804,559,2.6445890503,0,1,201026124504we,154372010041799338,BANDED RUDDERFISH,,59.792230631,22,55,201026124504we,,0,05/04/2021
2010,12,5,2,1543720100417007,6,2,04,we,8835280804,566,2.7362539726,0,1,201026124504we,154372010041799338,BANDED RUDDERFISH,,59.792230631,22,56,201026124504we,,0,05/04/2021
2010,12,5,2,1543720100417007,6,2,04,we,8835280804,600,3.2101460055,0,1,201026124504we,154372010041799338,BANDED RUDDERFISH,,59.792230631,23,60,201026124504we,,0,05/04/2021
2010,12,5,2,1543720100417007,6,2,04,we,8835280804,566,2.7362539726,1,1,201026124504we,154372010041799338,BANDED RUDDERFISH,,59.792230631,22,56,201026124504we,,0,05/04/2021
2010,12,5,2,1543720100417007,6,2,04,we,8835280804,556,2.6059092832,0,1,201026124504we,154372010041799338,BANDED RUDDERFISH,,59.792230631,21,55,201026124504we,,0,05/04/2021
2010,12,5,2,1543720100417007,6,2,04,we,8835280804,559,2.6445890503,1,1,201026124504we,154372010041799338,BANDED RUDDERFISH,,59.792230631,22,55,201026124504we,,0,05/04/2021
2010,12,5,2,1543720100417007,6,2,04,we,8835280804,579,2.9117867441,0,1,201026124504we,154372010041799338,BANDED RUDDERFISH,,59.792230631,22,57,201026124504we,,0,05/04/2021
2010,12,5,2,1543720100417007,6,2,04,we,8835280804,555,2.5930963308,1,1,201026124504we,154372010041799338,BANDED RUDDERFISH,,59.792230631,21,55,201026124504we,,0,05/04/2021
2010,12,5,2,1543720100417007,6,2,04,we,8835280804,564,2.7098615533,0,1,201026124504we,154372010041799338,BANDED RUDDERFISH,,59.792230631,22,56,201026124504we,,0,05/04/2021
2010,12,5,2,1543720100417007,6,2,04,we,8835280804,579,2.9117867441,1,1,201026124504we,154372010041799338,BANDED RUDDERFISH,,59.792230631,22,57,201026124504we,,0,05/04/2021
2010,12,5,2,1543720100417007,6,2,04,we,8835280804,555,2.5930963308,0,1,201026124504we,154372010041799338,BANDED RUDDERFISH,,59.792230631,21,55,201026124504we,,0,05/04/2021
2010,12,5,2,1543720100417007,6,2,04,we,8835280804,553,2.5675905615,0,1,201026124504we,154372010041799338,BANDED RUDDERFISH,,59.792230631,21,55,201026124504we,,0,05/04/2021
2010,12,5,2,1543720100417007,6,2,04,we,8835280804,579,2.9117867441,0,1,201026124504we,154372010041799338,BANDED RUDDERFISH,,59.792230631,22,57,201026124504we,,0,05/04/2021
2010,12,5,2,1543720100417015,6,2,04,we,8850030501,638,1.65,0,0,201026124504we,154372010041799338,KING MACKEREL,,37.204054615,25,63,201026124504we,,0,05/04/2021
2010,12,5,2,1543720100417015,6,2,04,we,8850030501,663,1.77,0,0,201026124504we,154372010041799338,KING MACKEREL,,37.204054615,26,66,201026124504we,,0,05/04/2021
2010,12,5,2,1543720100417015,6,2,04,we,8850030501,607,1.58,0,0,201026124504we,154372010041799338,KING MACKEREL,,37.204054615,23,60,201026124504we,,0,05/04/2021
2010,12,5,2,1543720100417015,6,2,04,we,8850030501,806,3.44,0,0,201026124504we,154372010041799338,KING MACKEREL,,37.204054615,31,80,201026124504we,,0,05/04/2021
2010,12,5,2,1543720100417015,6,2,04,we,8850030501,651,1.9,0,0,201026124504we,154372010041799338,KING MACKEREL,,37.204054615,25,65,201026124504we,,0,05/04/2021
2010,12,5,2,1543720100417015,6,2,04,we,8850030501,697,2.45,0,0,201026124504we,154372010041799338,KING MACKEREL,,37.204054615,27,69,201026124504we,,0,05/04/2021
2010,12,5,2,1543720100417015,6,2,04,we,8850030102,738,6.44,0,0,201026124504we,154372010041799338,LITTLE TUNNY,,37.204054615,29,73,201026124504we,,0,05/04/2021
2010,12,5,2,1543720100417015,6,2,04,we,8835290101,607,2.0416012872,0,1,201026124504we,154372010041799338,DOLPHIN,,37.204054615,23,60,201026124504we,,0,05/04/2021
2010,12,5,2,1543720100417015,6,2,04,we,8835290101,1043,8.44,0,0,201026124504we,154372010041799338,DOLPHIN,,37.204054615,41,104,201026124504we,,0,05/04/2021
2010,12,5,2,1543720100417015,6,2,04,we,8835290101,821,4.7787545183,0,1,201026124504we,154372010041799338,DOLPHIN,,37.204054615,32,82,201026124504we,,0,05/04/2021
2010,12,5,2,1543720100417015,6,2,04,we,8835290101,779,3.48,0,0,201026124504we,154372010041799338,DOLPHIN,,37.204054615,30,77,201026124504we,,0,05/04/2021
2010,12,5,2,1543720100417015,6,2,04,we,8835290101,779,4.25,0,0,201026124504we,154372010041799338,DOLPHIN,,37.204054615,30,77,201026124504we,,0,05/04/2021
2010,12,5,2,1543720100417016,6,2,04,we,,,,0,0,201026124504we,154372010041799338,,,39.989436,,,201026124504we,,0,05/04/2021
2010,12,5,2,1543720100417022,6,2,04,we,8850030501,817,3.94,1,1,201026124504we,154372010041799338,KING MACKEREL,,55.985210399,32,81,201026124504we,,0,05/04/2021
2010,12,5,2,1543720100417022,6,2,04,we,8850030501,639,1.63,1,1,201026124504we,154372010041799338,KING MACKEREL,,55.985210399,25,63,201026124504we,,0,05/04/2021
2010,12,5,2,1543720100417022,6,2,04,we,8850030501,745,2.7,1,1,201026124504we,154372010041799338,KING MACKEREL,,55.985210399,29,74,201026124504we,,0,05/04/2021
2010,12,5,2,1543720100417022,6,2,04,we,8850030501,651,1.9,1,1,201026124504we,154372010041799338,KING MACKEREL,,55.985210399,25,65,201026124504we,,0,05/04/2021
2010,12,5,2,1543720100417022,6,2,04,we,8850030501,687,2.01,1,1,201026124504we,154372010041799338,KING MACKEREL,,55.985210399,27,68,201026124504we,,0,05/04/2021
2010,12,5,2,1543720100417022,6,2,04,we,8850030102,673,3.86,1,1,201026124504we,154372010041799338,LITTLE TUNNY,,39.989436,26,67,201026124504we,,0,05/04/2021
2010,12,5,2,1543720100417022,6,2,04,we,8850030102,676,4.09,1,1,201026124504we,154372010041799338,LITTLE TUNNY,,39.989436,26,67,201026124504we,,0,05/04/2021
2010,12,5,2,1543720100417022,6,2,04,we,8850030102,673,4.21,1,1,201026124504we,154372010041799338,LITTLE TUNNY,,39.989436,26,67,201026124504we,,0,05/04/2021
2010,12,5,2,1543720100417022,6,2,04,we,8850030102,669,4.15,1,1,201026124504we,154372010041799338,LITTLE TUNNY,,39.989436,26,66,201026124504we,,0,05/04/2021
2010,12,5,2,1543720100417022,6,2,04,we,8850030102,725,5.27,1,1,201026124504we,154372010041799338,LITTLE TUNNY,,39.989436,28,72,201026124504we,,0,05/04/2021
2010,12,5,2,1543720100417022,6,2,04,we,8835290101,607,2.0416012872,1,1,201026124504we,154372010041799338,DOLPHIN,,46.654341999,23,60,201026124504we,,0,05/04/2021
2010,12,5,2,1543720100417022,6,2,04,we,8835290101,748,3.65,0,0,201026124504we,154372010041799338,DOLPHIN,,46.654341999,29,74,201026124504we,,0,05/04/2021
2010,12,5,2,1543720100417022,6,2,04,we,8835290101,748,3.65,1,1,201026124504we,154372010041799338,DOLPHIN,,46.654341999,29,74,201026124504we,,0,05/04/2021
2010,12,5,2,1543720100417022,6,2,04,we,8835290101,864,5.34,0,0,201026124504we,154372010041799338,DOLPHIN,,46.654341999,34,86,201026124504we,,0,05/04/2021
2010,12,5,2,1543720100417022,6,2,04,we,8835290101,613,1.88,1,1,201026124504we,154372010041799338,DOLPHIN,,46.654341999,24,61,201026124504we,,0,05/04/2021
2010,12,5,2,1543720100417022,6,2,04,we,8835290101,598,1.58,1,1,201026124504we,154372010041799338,DOLPHIN,,46.654341999,23,59,201026124504we,,0,05/04/2021
2010,12,5,2,1543720100417022,6,2,04,we,8835280804,561,2.44,1,1,201026124504we,154372010041799338,BANDED RUDDERFISH,,39.989436,22,56,201026124504we,,0,05/04/2021
2010,12,5,2,1543720100417022,6,2,04,we,8835280804,556,2.94,1,1,201026124504we,154372010041799338,BANDED RUDDERFISH,,39.989436,21,55,201026124504we,,0,05/04/2021
2010,12,5,2,1543720100417022,6,2,04,we,8835280804,553,2.5675905615,1,1,201026124504we,154372010041799338,BANDED RUDDERFISH,,39.989436,21,55,201026124504we,,0,05/04/2021
2010,12,5,2,1543720100417022,6,2,04,we,8835280804,586,3.02,1,1,201026124504we,154372010041799338,BANDED RUDDERFISH,,39.989436,23,58,201026124504we,,0,05/04/2021
2010,12,5,2,1543720100417022,6,2,04,we,8835280804,600,3.2101460055,1,1,201026124504we,154372010041799338,BANDED RUDDERFISH,,39.989436,23,60,201026124504we,,0,05/04/2021
2010,12,5,2,1543720100417023,6,2,04,we,,,,0,0,201026124504we,154372010041799338,,,39.989436,,,201026124504we,,0,05/04/2021
2010,12,5,2,1543720100417026,6,2,04,we,8850030102,676,4.09,0,0,201026124504we,154372010041799338,LITTLE TUNNY,,37.204054615,26,67,201026124504we,,0,05/04/2021
2010,12,5,2,1543720100417026,6,2,04,we,8850030102,707,5.6366199599,0,1,201026124504we,154372010041799338,LITTLE TUNNY,,37.204054615,27,70,201026124504we,,0,05/04/2021
2010,12,5,2,1543720100417026,6,2,04,we,8850030102,673,4.21,0,0,201026124504we,154372010041799338,LITTLE TUNNY,,37.204054615,26,67,201026124504we,,0,05/04/2021
2010,12,5,2,1543720100417026,6,2,04,we,8850030102,673,3.86,0,0,201026124504we,154372010041799338,LITTLE TUNNY,,37.204054615,26,67,201026124504we,,0,05/04/2021
2010,12,5,2,1543720100417026,6,2,04,we,8850030102,725,5.27,0,0,201026124504we,154372010041799338,LITTLE TUNNY,,37.204054615,28,72,201026124504we,,0,05/04/2021
2010,12,5,2,1543720100417026,6,2,04,we,8850030102,669,4.15,0,0,201026124504we,154372010041799338,LITTLE TUNNY,,37.204054615,26,66,201026124504we,,0,05/04/2021
2010,12,5,2,1543720100417026,6,2,04,we,8835290101,598,1.58,0,0,201026124504we,154372010041799338,DOLPHIN,,37.204054615,23,59,201026124504we,,0,05/04/2021
2010,12,5,2,1543720100417026,6,2,04,we,8835290101,579,1.63,0,0,201026124504we,154372010041799338,DOLPHIN,,37.204054615,22,57,201026124504we,,0,05/04/2021
2010,12,5,2,1543720100417026,6,2,04,we,8835290101,556,1.57,0,0,201026124504we,154372010041799338,DOLPHIN,,37.204054615,21,55,201026124504we,,0,05/04/2021
2010,12,5,2,1543720100417026,6,2,04,we,8835290101,512,1.18,0,0,201026124504we,154372010041799338,DOLPHIN,,37.204054615,20,51,201026124504we,,0,05/04/2021
2010,12,5,2,1543720100417026,6,2,04,we,8835290101,920,6.8,0,0,201026124504we,154372010041799338,DOLPHIN,,37.204054615,36,92,201026124504we,,0,05/04/2021
2010,12,5,2,1543720100417026,6,2,04,we,8835290101,613,1.88,0,0,201026124504we,154372010041799338,DOLPHIN,,37.204054615,24,61,201026124504we,,0,05/04/2021
2010,12,5,2,1543720100417026,6,2,04,we,8835290101,874,5.98,0,0,201026124504we,154372010041799338,DOLPHIN,,37.204054615,34,87,201026124504we,,0,05/04/2021
2010,12,5,2,1543720100417026,6,2,04,we,8835290101,843,4.51,0,0,201026124504we,154372010041799338,DOLPHIN,,37.204054615,33,84,201026124504we,,0,05/04/2021
2010,12,5,2,1543720100417027,6,2,04,we,,,,0,0,201026124504we,154372010041799338,,,37.204054615,,,201026124504we,,0,05/04/2021
2010,12,5,2,1543720100417028,6,2,04,we,,,,0,0,201026124504we,154372010041799338,,,39.989436,,,201026124504we,,0,05/04/2021
2010,12,5,2,1543720100417029,6,2,04,we,,,,0,0,201026124504we,154372010041799338,,,39.989436,,,201026124504we,,0,05/04/2021
2010,12,5,1,1543720100425001,6,2,04,we,8860020201,308,0.6937109701,0,1,201026124504we,154372010042599920,GRAY TRIGGERFISH,,29.494362562,12,30,201026124504we,,0,05/04/2021
2010,12,5,1,1543720100425001,6,2,04,we,8860020201,332,0.86,0,0,201026124504we,154372010042599920,GRAY TRIGGERFISH,,29.494362562,13,33,201026124504we,,0,05/04/2021
2010,12,5,1,1543720100425001,6,2,04,we,8850030501,1077,9.82,1,1,201026124504we,154372010042599920,KING MACKEREL,,29.494362562,42,107,201026124504we,,0,05/04/2021
2010,12,5,1,1543720100425001,6,2,04,we,8835430505,350,1.02,0,0,201026124504we,154372010042599920,WHITEBONE PORGY,,29.494362562,13,35,201026124504we,,0,05/04/2021
2010,12,5,1,1543720100425001,6,2,04,we,8835360401,324,0.5965920429,1,1,201026124504we,154372010042599920,YELLOWTAIL SNAPPER,,29.494362562,12,32,201026124504we,,0,05/04/2021
2010,12,5,1,1543720100425001,6,2,04,we,8835360401,305,0.44,0,0,201026124504we,154372010042599920,YELLOWTAIL SNAPPER,,29.494362562,12,30,201026124504we,,0,05/04/2021
2010,12,5,1,1543720100425001,6,2,04,we,8835360401,287,0.4,0,0,201026124504we,154372010042599920,YELLOWTAIL SNAPPER,,29.494362562,11,28,201026124504we,,0,05/04/2021
2010,12,5,1,1543720100425001,6,2,04,we,8835360401,257,0.306870365,1,1,201026124504we,154372010042599920,YELLOWTAIL SNAPPER,,29.494362562,10,25,201026124504we,,0,05/04/2021
2010,12,5,1,1543720100425001,6,2,04,we,8835360401,290,0.4340218706,0,1,201026124504we,154372010042599920,YELLOWTAIL SNAPPER,,29.494362562,11,29,201026124504we,,0,05/04/2021
2010,12,5,1,1543720100425001,6,2,04,we,8835360401,257,0.306870365,0,1,201026124504we,154372010042599920,YELLOWTAIL SNAPPER,,29.494362562,10,25,201026124504we,,0,05/04/2021
2010,12,5,1,1543720100425001,6,2,04,we,8835360401,226,0.2122055578,0,1,201026124504we,154372010042599920,YELLOWTAIL SNAPPER,,29.494362562,8,22,201026124504we,,0,05/04/2021
2010,12,5,1,1543720100425001,6,2,04,we,8835360401,252,0.290047608,0,1,201026124504we,154372010042599920,YELLOWTAIL SNAPPER,,29.494362562,9,25,201026124504we,,0,05/04/2021
2010,12,5,1,1543720100425001,6,2,04,we,8835360401,282,0.4,0,0,201026124504we,154372010042599920,YELLOWTAIL SNAPPER,,29.494362562,11,28,201026124504we,,0,05/04/2021
2010,12,5,1,1543720100425001,6,2,04,we,8835360401,283,0.4046317666,0,1,201026124504we,154372010042599920,YELLOWTAIL SNAPPER,,29.494362562,11,28,201026124504we,,0,05/04/2021
2010,12,5,1,1543720100425001,6,2,04,we,8835360103,382,0.92,0,0,201026124504we,154372010042599920,MUTTON SNAPPER,,29.494362562,15,38,201026124504we,,0,05/04/2021
2010,12,5,1,1543720100425001,6,2,04,we,8835360103,375,0.9,0,0,201026124504we,154372010042599920,MUTTON SNAPPER,,29.494362562,14,37,201026124504we,,0,05/04/2021
2010,12,5,1,1543720100425001,6,2,04,we,8835360103,457,1.56,0,0,201026124504we,154372010042599920,MUTTON SNAPPER,,29.494362562,17,45,201026124504we,,0,05/04/2021
2010,12,5,1,1543720100425002,6,2,04,we,,,,0,0,201026124504we,154372010042599920,,,29.494362562,,,201026124504we,,0,05/04/2021
2010,12,5,1,1543720100425003,6,2,04,we,,,,0,0,201026124504we,154372010042599920,,,29.494362562,,,201026124504we,,0,05/04/2021
2010,12,5,1,1543720100425004,6,2,04,we,,,,0,0,201026124504we,154372010042599920,,,29.494362562,,,201026124504we,,0,05/04/2021
2010,12,5,1,1543720100425005,6,2,04,we,,,,0,0,201026124504we,154372010042599920,,,29.494362562,,,201026124504we,,0,05/04/2021
2010,12,5,1,1543720100425006,6,2,04,we,,,,0,0,201026124504we,154372010042599920,,,29.494362562,,,201026124504we,,0,05/04/2021
2010,12,5,1,1543720100425007,6,2,04,we,8860020502,420,1.18,0,0,201026124504we,154372010042599920,OCEAN TRIGGERFISH,,29.494362562,16,42,201026124504we,,0,05/04/2021
2010,12,5,1,1543720100425007,6,2,04,we,8850030501,766,3.6265654225,0,0,201026124504we,154372010042599920,KING MACKEREL,,29.494362562,30,76,201026124504we,,0,05/04/2021
2010,12,5,1,1543720100425007,6,2,04,we,8835430502,330,0.78,0,0,201026124504we,154372010042599920,JOLTHEAD PORGY,,29.494362562,12,33,201026124504we,,0,05/04/2021
2010,12,5,1,1543720100425007,6,2,04,we,8835430502,408,1.48,0,0,201026124504we,154372010042599920,JOLTHEAD PORGY,,29.494362562,16,40,201026124504we,,0,05/04/2021
2010,12,5,1,1543720100425007,6,2,04,we,8835400102,270,0.4117714945,0,1,201026124504we,154372010042599920,WHITE GRUNT,,29.494362562,10,27,201026124504we,,0,05/04/2021
2010,12,5,1,1543720100425007,6,2,04,we,8835400102,280,0.45484525,0,1,201026124504we,154372010042599920,WHITE GRUNT,,29.494362562,11,28,201026124504we,,0,05/04/2021
2010,12,5,1,1543720100425007,6,2,04,we,8835400102,294,0.5197923682,0,1,201026124504we,154372010042599920,WHITE GRUNT,,29.494362562,11,29,201026124504we,,0,05/04/2021
2010,12,5,1,1543720100425007,6,2,04,we,8835400102,253,0.3446616892,0,1,201026124504we,154372010042599920,WHITE GRUNT,,29.494362562,9,25,201026124504we,,0,05/04/2021
2010,12,5,1,1543720100425007,6,2,04,we,8860020201,321,0.7786463353,0,1,201026124504we,154372010042599920,GRAY TRIGGERFISH,,29.494362562,12,32,201026124504we,,0,05/04/2021
2010,12,5,1,1543720100425007,6,2,04,we,8835400102,281,0.4593029338,0,1,201026124504we,154372010042599920,WHITE GRUNT,,29.494362562,11,28,201026124504we,,0,05/04/2021
2010,12,5,1,1543720100425007,6,2,04,we,8835400102,279,0.4504151126,0,1,201026124504we,154372010042599920,WHITE GRUNT,,29.494362562,10,27,201026124504we,,0,05/04/2021
2010,12,5,1,1543720100425007,6,2,04,we,8835360401,329,0.6233949542,0,1,201026124504we,154372010042599920,YELLOWTAIL SNAPPER,,29.494362562,12,32,201026124504we,,0,05/04/2021
2010,12,5,1,1543720100425007,6,2,04,we,8835360401,307,0.48,0,0,201026124504we,154372010042599920,YELLOWTAIL SNAPPER,,29.494362562,12,30,201026124504we,,0,05/04/2021
2010,12,5,1,1543720100425007,6,2,04,we,8835360401,331,0.62,0,0,201026124504we,154372010042599920,YELLOWTAIL SNAPPER,,29.494362562,13,33,201026124504we,,0,05/04/2021
2010,12,5,1,1543720100425007,6,2,04,we,8835360401,324,0.5965920429,0,1,201026124504we,154372010042599920,YELLOWTAIL SNAPPER,,29.494362562,12,32,201026124504we,,0,05/04/2021
2010,12,5,1,1543720100425007,6,2,04,we,8835360401,389,0.86,0,0,201026124504we,154372010042599920,YELLOWTAIL SNAPPER,,29.494362562,15,38,201026124504we,,0,05/04/2021
2010,12,5,1,1543720100425007,6,2,04,we,8835360401,307,0.52,0,0,201026124504we,154372010042599920,YELLOWTAIL SNAPPER,,29.494362562,12,30,201026124504we,,0,05/04/2021
2010,12,5,1,1543720100425007,6,2,04,we,8835360103,374,0.86,0,0,201026124504we,154372010042599920,MUTTON SNAPPER,,29.494362562,14,37,201026124504we,,0,05/04/2021
2010,12,5,1,1543720100425007,6,2,04,we,8835360103,374,0.92,0,0,201026124504we,154372010042599920,MUTTON SNAPPER,,29.494362562,14,37,201026124504we,,0,05/04/2021
2010,12,5,1,1543720100425007,6,2,04,we,8835360102,331,0.5411353762,0,1,201026124504we,154372010042599920,GRAY SNAPPER,,29.494362562,13,33,201026124504we,,0,05/04/2021
2010,12,5,1,1543720100425007,6,2,04,we,8835220301,422,0.48,0,0,201026124504we,154372010042599920,SAND TILEFISH,,29.494362562,16,42,201026124504we,,0,05/04/2021
2010,12,5,1,1543720100425007,6,2,04,we,8835220301,436,0.58,0,0,201026124504we,154372010042599920,SAND TILEFISH,,29.494362562,17,43,201026124504we,,0,05/04/2021
2010,12,5,1,1543720100425008,6,2,04,we,,,,0,0,201026124504we,154372010042599920,,,29.494362562,,,201026124504we,,0,05/04/2021
2010,12,5,1,1543720100425009,6,2,04,we,,,,0,0,201026124504we,154372010042599920,,,29.494362562,,,201026124504we,,0,05/04/2021
2010,12,5,1,1543720100425010,6,2,04,we,,,,0,0,201026124504we,154372010042599920,,,29.494362562,,,201026124504we,,0,05/04/2021
2010,12,5,1,1543720100425011,6,2,04,we,,,,0,0,201026124504we,154372010042599920,,,29.494362562,,,201026124504we,,0,05/04/2021
2010,12,5,1,1543720100425012,6,2,04,we,,,,0,0,201026124504we,154372010042599920,,,29.494362562,,,201026124504we,,0,05/04/2021
2010,12,5,1,1543720100425013,6,2,04,we,8860020201,314,0.74,0,0,201026124504we,154372010042599920,GRAY TRIGGERFISH,,29.494362562,12,31,201026124504we,,0,05/04/2021
2010,12,5,1,1543720100425013,6,2,04,we,8860020201,333,0.84,0,0,201026124504we,154372010042599920,GRAY TRIGGERFISH,,29.494362562,13,33,201026124504we,,0,05/04/2021
2010,12,5,1,1543720100425013,6,2,04,we,8860020201,300,0.74,0,0,201026124504we,154372010042599920,GRAY TRIGGERFISH,,29.494362562,11,30,201026124504we,,0,05/04/2021
2010,12,5,1,1543720100425013,6,2,04,we,8860020103,446,1.09,1,1,201026124504we,154372010042599920,UNICORN FILEFISH,,29.494362562,17,44,201026124504we,,0,05/04/2021
2010,12,5,1,1543720100425013,6,2,04,we,8835430505,338,0.9,0,0,201026124504we,154372010042599920,WHITEBONE PORGY,,29.494362562,13,33,201026124504we,,0,05/04/2021
2010,12,5,1,1543720100425013,6,2,04,we,8835430505,459,2.1,0,0,201026124504we,154372010042599920,WHITEBONE PORGY,,29.494362562,18,45,201026124504we,,0,05/04/2021
2010,12,5,1,1543720100425013,6,2,04,we,8835430505,462,2.1,0,0,201026124504we,154372010042599920,WHITEBONE PORGY,,29.494362562,18,46,201026124504we,,0,05/04/2021
2010,12,5,1,1543720100425013,6,2,04,we,8835430505,311,0.66,0,0,201026124504we,154372010042599920,WHITEBONE PORGY,,29.494362562,12,31,201026124504we,,0,05/04/2021
2010,12,5,1,1543720100425013,6,2,04,we,8835360401,322,0.58,0,0,201026124504we,154372010042599920,YELLOWTAIL SNAPPER,,29.494362562,12,32,201026124504we,,0,05/04/2021
2010,12,5,1,1543720100425013,6,2,04,we,8835360401,308,0.48,0,0,201026124504we,154372010042599920,YELLOWTAIL SNAPPER,,29.494362562,12,30,201026124504we,,0,05/04/2021
2010,12,5,1,1543720100425013,6,2,04,we,8835360401,318,0.56,0,0,201026124504we,154372010042599920,YELLOWTAIL SNAPPER,,29.494362562,12,31,201026124504we,,0,05/04/2021
2010,12,5,1,1543720100425013,6,2,04,we,8835360401,309,0.51,0,0,201026124504we,154372010042599920,YELLOWTAIL SNAPPER,,29.494362562,12,30,201026124504we,,0,05/04/2021
2010,12,5,1,1543720100425013,6,2,04,we,8835360401,248,0.3,0,0,201026124504we,154372010042599920,YELLOWTAIL SNAPPER,,29.494362562,9,24,201026124504we,,0,05/04/2021
2010,12,5,1,1543720100425013,6,2,04,we,8835360401,299,0.47,0,0,201026124504we,154372010042599920,YELLOWTAIL SNAPPER,,29.494362562,11,29,201026124504we,,0,05/04/2021
2010,12,5,1,1543720100425013,6,2,04,we,8835360401,322,0.52,0,0,201026124504we,154372010042599920,YELLOWTAIL SNAPPER,,29.494362562,12,32,201026124504we,,0,05/04/2021
2010,12,5,1,1543720100425013,6,2,04,we,8860020201,370,1.52,0,0,201026124504we,154372010042599920,GRAY TRIGGERFISH,,29.494362562,14,37,201026124504we,,0,05/04/2021
2010,12,5,1,1543720100425013,6,2,04,we,8835360401,320,0.56,0,0,201026124504we,154372010042599920,YELLOWTAIL SNAPPER,,29.494362562,12,32,201026124504we,,0,05/04/2021
2010,12,5,1,1543720100425013,6,2,04,we,8835360401,359,0.72,0,0,201026124504we,154372010042599920,YELLOWTAIL SNAPPER,,29.494362562,14,35,201026124504we,,0,05/04/2021
2010,12,5,1,1543720100425013,6,2,04,we,8835360401,282,0.42,0,0,201026124504we,154372010042599920,YELLOWTAIL SNAPPER,,29.494362562,11,28,201026124504we,,0,05/04/2021
2010,12,5,1,1543720100425013,6,2,04,we,8835360103,426,1.32,0,0,201026124504we,154372010042599920,MUTTON SNAPPER,,29.494362562,16,42,201026124504we,,0,05/04/2021
2010,12,5,1,1543720100425013,6,2,04,we,8835360103,368,0.89,0,0,201026124504we,154372010042599920,MUTTON SNAPPER,,29.494362562,14,36,201026124504we,,0,05/04/2021
2010,12,5,1,1543720100425013,6,2,04,we,8835360103,407,1.18,0,0,201026124504we,154372010042599920,MUTTON SNAPPER,,29.494362562,16,40,201026124504we,,0,05/04/2021
2010,12,5,1,1543720100425013,6,2,04,we,8835360103,393,0.94,0,0,201026124504we,154372010042599920,MUTTON SNAPPER,,29.494362562,15,39,201026124504we,,0,05/04/2021
2010,12,5,1,1543720100425013,6,2,04,we,8835280306,417,1.3,0,0,201026124504we,154372010042599920,BLUE RUNNER,,29.494362562,16,41,201026124504we,,0,05/04/2021
2010,12,5,1,1543720100425013,6,2,04,we,8835220301,413,0.54,0,0,201026124504we,154372010042599920,SAND TILEFISH,,29.494362562,16,41,201026124504we,,0,05/04/2021
2010,12,5,1,1543720100425013,6,2,04,we,8810080101,252,0.38,0,0,201026124504we,154372010042599920,SQUIRRELFISH,,29.494362562,9,25,201026124504we,,0,05/04/2021
2010,12,5,1,1543720100425014,6,2,04,we,,,,0,0,201026124504we,154372010042599920,,,31.702537162,,,201026124504we,,0,05/04/2021
2010,12,5,2,1543720100427001,6,2,04,wd,8860020201,285,0.56,0,0,201026124504wd,154372010042799338,GRAY TRIGGERFISH,,56.611962424,11,28,201026124504wd,,0,05/04/2021
2010,12,5,2,1543720100427001,6,2,04,wd,8835430505,462,2.1,1,1,201026124504wd,154372010042799338,WHITEBONE PORGY,,56.611962424,18,46,201026124504wd,,0,05/04/2021
2010,12,5,2,1543720100427001,6,2,04,wd,8835430505,373,1.32,1,1,201026124504wd,154372010042799338,WHITEBONE PORGY,,56.611962424,14,37,201026124504wd,,0,05/04/2021
2010,12,5,2,1543720100427001,6,2,04,wd,8835360401,366,0.82,0,0,201026124504wd,154372010042799338,YELLOWTAIL SNAPPER,,56.611962424,14,36,201026124504wd,,0,05/04/2021
2010,12,5,2,1543720100427001,6,2,04,wd,8835360103,364,0.76,0,0,201026124504wd,154372010042799338,MUTTON SNAPPER,,56.611962424,14,36,201026124504wd,,0,05/04/2021
2010,12,5,2,1543720100427001,6,2,04,wd,8835280803,368,0.920602029,0,1,201026124504wd,154372010042799338,ALMACO JACK,,56.611962424,14,36,201026124504wd,,0,05/04/2021
2010,12,5,2,1543720100427002,6,2,04,wd,,,,0,0,201026124504wd,154372010042799338,,,52.668773371,,,201026124504wd,,0,05/04/2021
2010,12,5,2,1543720100427003,6,2,04,wd,,,,0,0,201026124504wd,154372010042799338,,,52.668773371,,,201026124504wd,,0,05/04/2021
2010,12,5,2,1543720100427004,6,2,04,wd,,,,0,0,201026124504wd,154372010042799338,,,56.611962424,,,201026124504wd,,0,05/04/2021
2010,12,5,2,1543720100427005,6,2,04,wd,,,,0,0,201026124504wd,154372010042799338,,,56.611962424,,,201026124504wd,,0,05/04/2021
2010,12,5,2,1543720100427006,6,2,04,wd,,,,0,0,201026124504wd,154372010042799338,,,52.668773371,,,201026124504wd,,0,05/04/2021
2010,12,5,2,1543720100427007,6,2,04,wd,,,,0,0,201026124504wd,154372010042799338,,,52.668773371,,,201026124504wd,,0,05/04/2021
2010,12,5,2,1543720100427008,6,2,04,wd,8835360103,362,0.84,1,1,201026124504wd,154372010042799338,MUTTON SNAPPER,,56.611962424,14,36,201026124504wd,,0,05/04/2021
2010,12,5,2,1543720100427008,6,2,04,wd,8835360103,441,1.6,1,1,201026124504wd,154372010042799338,MUTTON SNAPPER,,56.611962424,17,44,201026124504wd,,0,05/04/2021
2010,12,5,2,1543720100427008,6,2,04,wd,8835280804,543,2.42,0,0,201026124504wd,154372010042799338,BANDED RUDDERFISH,,56.611962424,21,54,201026124504wd,,0,05/04/2021
2010,12,5,2,1543720100427008,6,2,04,wd,8835280804,561,2.670576852,0,1,201026124504wd,154372010042799338,BANDED RUDDERFISH,,56.611962424,22,56,201026124504wd,,0,05/04/2021
2010,12,5,2,1543720100427008,6,2,04,wd,8835280804,524,2.24,0,0,201026124504wd,154372010042799338,BANDED RUDDERFISH,,56.611962424,20,52,201026124504wd,,0,05/04/2021
2010,12,5,2,1543720100427008,6,2,04,wd,8835280804,573,2.94,1,1,201026124504wd,154372010042799338,BANDED RUDDERFISH,,56.611962424,22,57,201026124504wd,,0,05/04/2021
2010,12,5,2,1543720100427008,6,2,04,wd,8835280804,543,2.42,1,1,201026124504wd,154372010042799338,BANDED RUDDERFISH,,56.611962424,21,54,201026124504wd,,0,05/04/2021
2010,12,5,2,1543720100427008,6,2,04,wd,8835280804,556,2.48,0,0,201026124504wd,154372010042799338,BANDED RUDDERFISH,,56.611962424,21,55,201026124504wd,,0,05/04/2021
2010,12,5,2,1543720100427008,6,2,04,wd,8835280804,537,2.36,1,1,201026124504wd,154372010042799338,BANDED RUDDERFISH,,56.611962424,21,53,201026124504wd,,0,05/04/2021
2010,12,5,2,1543720100427008,6,2,04,wd,8835280804,535,2.26,1,1,201026124504wd,154372010042799338,BANDED RUDDERFISH,,56.611962424,21,53,201026124504wd,,0,05/04/2021
2010,12,5,2,1543720100427008,6,2,04,wd,8835280804,535,2.26,0,0,201026124504wd,154372010042799338,BANDED RUDDERFISH,,56.611962424,21,53,201026124504wd,,0,05/04/2021
2010,12,5,2,1543720100427008,6,2,04,wd,8835280804,573,2.94,0,0,201026124504wd,154372010042799338,BANDED RUDDERFISH,,56.611962424,22,57,201026124504wd,,0,05/04/2021
2010,12,5,2,1543720100427009,6,2,04,wd,8860020103,485,1.34,0,0,201026124504wd,154372010042799338,UNICORN FILEFISH,,52.668773371,19,48,201026124504wd,,0,05/04/2021
2010,12,5,2,1543720100427009,6,2,04,wd,8835360401,268,0.26,0,0,201026124504wd,154372010042799338,YELLOWTAIL SNAPPER,,52.668773371,10,26,201026124504wd,,0,05/04/2021
2010,12,5,2,1543720100427009,6,2,04,wd,8835360401,296,0.42,0,0,201026124504wd,154372010042799338,YELLOWTAIL SNAPPER,,52.668773371,11,29,201026124504wd,,0,05/04/2021
2010,12,5,2,1543720100427009,6,2,04,wd,8835360401,276,0.36,0,0,201026124504wd,154372010042799338,YELLOWTAIL SNAPPER,,52.668773371,10,27,201026124504wd,,0,05/04/2021
2010,12,5,2,1543720100427009,6,2,04,wd,8835360103,470,1.36,0,0,201026124504wd,154372010042799338,MUTTON SNAPPER,,52.668773371,18,47,201026124504wd,,0,05/04/2021
2010,12,5,2,1543720100427009,6,2,04,wd,8835360103,394,1.08,0,0,201026124504wd,154372010042799338,MUTTON SNAPPER,,52.668773371,15,39,201026124504wd,,0,05/04/2021
2010,12,5,2,1543720100427009,6,2,04,wd,8860020103,446,0.96,0,0,201026124504wd,154372010042799338,UNICORN FILEFISH,,52.668773371,17,44,201026124504wd,,0,05/04/2021
2010,12,5,2,1543720100427009,6,2,04,wd,8835360103,387,1.0009715252,0,1,201026124504wd,154372010042799338,MUTTON SNAPPER,,52.668773371,15,38,201026124504wd,,0,05/04/2021
2010,12,5,2,1543720100427009,6,2,04,wd,8835360103,417,1.28,0,0,201026124504wd,154372010042799338,MUTTON SNAPPER,,52.668773371,16,41,201026124504wd,,0,05/04/2021
2010,12,5,2,1543720100427009,6,2,04,wd,8835360103,404,1.08,0,0,201026124504wd,154372010042799338,MUTTON SNAPPER,,52.668773371,15,40,201026124504wd,,0,05/04/2021
2010,12,5,2,1543720100427009,6,2,04,wd,8835360103,376,0.86,0,0,201026124504wd,154372010042799338,MUTTON SNAPPER,,52.668773371,14,37,201026124504wd,,0,05/04/2021
2010,12,5,2,1543720100427009,6,2,04,wd,8835280804,543,2.4424505496,1,1,201026124504wd,154372010042799338,BANDED RUDDERFISH,,52.668773371,21,54,201026124504wd,,0,05/04/2021
2010,12,5,2,1543720100427009,6,2,04,wd,8835280804,558,2.6316555897,1,1,201026124504wd,154372010042799338,BANDED RUDDERFISH,,52.668773371,21,55,201026124504wd,,0,05/04/2021
2010,12,5,2,1543720100427009,6,2,04,wd,8835280804,567,2.7495111269,1,1,201026124504wd,154372010042799338,BANDED RUDDERFISH,,52.668773371,22,56,201026124504wd,,0,05/04/2021
2010,12,5,2,1543720100427009,6,2,04,wd,8835280804,569,2.7761475898,1,1,201026124504wd,154372010042799338,BANDED RUDDERFISH,,52.668773371,22,56,201026124504wd,,0,05/04/2021
2010,12,5,2,1543720100427009,6,2,04,wd,8835280804,561,2.670576852,1,1,201026124504wd,154372010042799338,BANDED RUDDERFISH,,52.668773371,22,56,201026124504wd,,0,05/04/2021
2010,12,5,2,1543720100427010,6,2,04,wd,,,,0,0,201026124504wd,154372010042799338,,,52.668773371,,,201026124504wd,,0,05/04/2021
2010,12,5,2,1543720100427011,6,2,04,wd,,,,0,0,201026124504wd,154372010042799338,,,52.668773371,,,201026124504wd,,0,05/04/2021
2010,12,5,2,1543720100427012,6,2,04,wd,,,,0,0,201026124504wd,154372010042799338,,,52.668773371,,,201026124504wd,,0,05/04/2021
2010,12,5,2,1543720100427013,6,2,04,wd,,,,0,0,201026124504wd,154372010042799338,,,52.668773371,,,201026124504wd,,0,05/04/2021
2010,12,5,2,1543720100427014,6,2,04,wd,,,,0,0,201026124504wd,154372010042799338,,,56.611962424,,,201026124504wd,,0,05/04/2021
2010,12,5,2,1543720100427015,6,2,04,wd,8850030202,508,1.78,0,0,201026124504wd,154372010042799338,ATLANTIC BONITO,,56.611962424,19,50,201026124504wd,,0,05/04/2021
2010,12,5,2,1543720100427015,6,2,04,wd,8835360103,361,0.78,0,0,201026124504wd,154372010042799338,MUTTON SNAPPER,,56.611962424,14,36,201026124504wd,,0,05/04/2021
2010,12,5,2,1543720100427015,6,2,04,wd,8835280804,558,2.6316555897,0,1,201026124504wd,154372010042799338,BANDED RUDDERFISH,,56.611962424,21,55,201026124504wd,,0,05/04/2021
2010,12,5,2,1543720100427015,6,2,04,wd,8835280804,563,2.6967261822,1,1,201026124504wd,154372010042799338,BANDED RUDDERFISH,,56.611962424,22,56,201026124504wd,,0,05/04/2021
2010,12,5,2,1543720100427015,6,2,04,wd,8835280804,587,3.0232716069,0,1,201026124504wd,154372010042799338,BANDED RUDDERFISH,,56.611962424,23,58,201026124504wd,,0,05/04/2021
2010,12,5,2,1543720100427015,6,2,04,wd,8835280804,569,2.7761475898,0,1,201026124504wd,154372010042799338,BANDED RUDDERFISH,,56.611962424,22,56,201026124504wd,,0,05/04/2021
2010,12,5,2,1543720100427015,6,2,04,wd,8835280804,567,2.7495111269,0,1,201026124504wd,154372010042799338,BANDED RUDDERFISH,,56.611962424,22,56,201026124504wd,,0,05/04/2021
2010,12,5,2,1543720100427015,6,2,04,wd,8835280804,563,2.6967261822,0,1,201026124504wd,154372010042799338,BANDED RUDDERFISH,,56.611962424,22,56,201026124504wd,,0,05/04/2021
2010,12,5,2,1543720100427015,6,2,04,wd,8835280804,548,2.5045244394,0,1,201026124504wd,154372010042799338,BANDED RUDDERFISH,,56.611962424,21,54,201026124504wd,,0,05/04/2021
2010,12,5,2,1543720100427015,6,2,04,wd,8835280804,530,2.2856540298,0,1,201026124504wd,154372010042799338,BANDED RUDDERFISH,,56.611962424,20,53,201026124504wd,,0,05/04/2021
2010,12,5,2,1543720100427015,6,2,04,wd,8835280804,543,2.4424505496,0,1,201026124504wd,154372010042799338,BANDED RUDDERFISH,,56.611962424,21,54,201026124504wd,,0,05/04/2021
2010,12,5,1,1544720100308001,6,2,03,wd,8850030501,642.76109173,1.93,1,0,201026124503wd,154472010030825946,KING MACKEREL,,25.147277565,25,64,201026124503wd,,0,05/04/2021
2010,12,5,1,1544720100308001,6,2,03,wd,8850030501,663.54410653,2.12,1,0,201026124503wd,154472010030825946,KING MACKEREL,,25.147277565,26,66,201026124503wd,,0,05/04/2021
2010,12,5,1,1544720100308001,6,2,03,wd,8850030501,646.12991722,1.96,1,0,201026124503wd,154472010030825946,KING MACKEREL,,25.147277565,25,64,201026124503wd,,0,05/04/2021
2010,12,5,1,1544720100308001,6,2,03,wd,8850030501,703.57417243,2.52,1,0,201026124503wd,154472010030825946,KING MACKEREL,,25.147277565,27,70,201026124503wd,,0,05/04/2021
2010,12,5,1,1544720100308004,6,2,03,wd,8850030702,212,0.18,1,1,201026124503wd,154472010030825946,FRIGATE MACKEREL,,91.166892555,8,21,201026124503wd,,0,05/04/2021
2010,12,5,1,1544720100308004,6,2,03,wd,8850030702,212,0.18,0,0,201026124503wd,154472010030825946,FRIGATE MACKEREL,,91.166892555,8,21,201026124503wd,,0,05/04/2021
2010,12,5,1,1544720100308004,6,2,03,wd,8850030702,194,0.1,0,0,201026124503wd,154472010030825946,FRIGATE MACKEREL,,91.166892555,7,19,201026124503wd,,0,05/04/2021
2010,12,5,1,1544720100308004,6,2,03,wd,8850030702,199,0.1,0,0,201026124503wd,154472010030825946,FRIGATE MACKEREL,,91.166892555,7,19,201026124503wd,,0,05/04/2021
2010,12,5,1,1544720100308004,6,2,03,wd,8850030702,212,0.18,1,1,201026124503wd,154472010030825946,FRIGATE MACKEREL,,91.166892555,8,21,201026124503wd,,0,05/04/2021
2010,12,5,1,1544720100308004,6,2,03,wd,8835290101,776,4.0772994285,0,1,201026124503wd,154472010030825946,DOLPHIN,,91.166892555,30,77,201026124503wd,,0,05/04/2021
2010,12,5,1,1544720100308005,6,2,03,wd,8850030702,199,0.1,1,1,201026124503wd,154472010030825946,FRIGATE MACKEREL,,91.166892555,7,19,201026124503wd,,0,05/04/2021
2010,12,5,1,1544720100308005,6,2,03,wd,8850030702,212,0.18,1,1,201026124503wd,154472010030825946,FRIGATE MACKEREL,,91.166892555,8,21,201026124503wd,,0,05/04/2021
2010,12,5,1,1544720100308006,6,2,03,wd,8850030702,212,0.18,1,1,201026124503wd,154472010030825946,FRIGATE MACKEREL,,97.992346609,8,21,201026124503wd,,0,05/04/2021
2010,12,5,1,1544720100308007,6,2,03,wd,8850030702,199,0.1,1,1,201026124503wd,154472010030825946,FRIGATE MACKEREL,,97.992346609,7,19,201026124503wd,,0,05/04/2021
2010,12,5,2,1544720100308008,6,2,03,wd,8835290101,688,3.06,0,0,201026124503wd,154472010030825946,DOLPHIN,,23.343289126,27,68,201026124503wd,,0,05/04/2021
2010,12,5,2,1544720100308008,6,2,03,wd,8835290101,764,4.04,0,0,201026124503wd,154472010030825946,DOLPHIN,,23.343289126,30,76,201026124503wd,,0,05/04/2021
2010,12,5,2,1544720100308008,6,2,03,wd,8835290101,965,7.92,0,0,201026124503wd,154472010030825946,DOLPHIN,,23.343289126,37,96,201026124503wd,,0,05/04/2021
2010,12,5,2,1544720100308008,6,2,03,wd,8835280801,890,9.34,0,0,201026124503wd,154472010030825946,GREATER AMBERJACK,,23.343289126,35,89,201026124503wd,,0,05/04/2021
2010,12,5,2,1544720100308009,6,2,03,wd,8747010701,161,0.1,1,1,201026124503wd,154472010030825946,ATLANTIC THREAD HERRING,,56.023893903,6,16,201026124503wd,,0,05/04/2021
2010,12,5,2,1544720100308009,6,2,03,wd,8747010701,175,0.08,1,1,201026124503wd,154472010030825946,ATLANTIC THREAD HERRING,,56.023893903,6,17,201026124503wd,,0,05/04/2021
2010,12,5,2,1544720100308009,6,2,03,wd,8747010701,175,0.08,1,1,201026124503wd,154472010030825946,ATLANTIC THREAD HERRING,,56.023893903,6,17,201026124503wd,,0,05/04/2021
2010,12,5,2,1544720100308009,6,2,03,wd,8747010701,175,0.08,1,1,201026124503wd,154472010030825946,ATLANTIC THREAD HERRING,,56.023893903,6,17,201026124503wd,,0,05/04/2021
2010,12,5,2,1544720100308009,6,2,03,wd,8747010701,175,0.08,1,1,201026124503wd,154472010030825946,ATLANTIC THREAD HERRING,,56.023893903,6,17,201026124503wd,,0,05/04/2021
2010,12,5,2,1544720100308010,6,2,03,wd,8747010701,175,0.08,1,1,201026124503wd,154472010030825946,ATLANTIC THREAD HERRING,,28.011946951,6,17,201026124503wd,,0,05/04/2021
2010,12,5,2,1544720100308010,6,2,03,wd,8747010701,175,0.08,1,1,201026124503wd,154472010030825946,ATLANTIC THREAD HERRING,,28.011946951,6,17,201026124503wd,,0,05/04/2021
2010,12,5,2,1544720100308010,6,2,03,wd,8747010701,175,0.08,1,1,201026124503wd,154472010030825946,ATLANTIC THREAD HERRING,,28.011946951,6,17,201026124503wd,,0,05/04/2021
2010,12,5,2,1544720100308010,6,2,03,wd,8747010701,175,0.08,1,1,201026124503wd,154472010030825946,ATLANTIC THREAD HERRING,,28.011946951,6,17,201026124503wd,,0,05/04/2021
2010,12,5,2,1544720100308010,6,2,03,wd,8747010701,175,0.08,1,1,201026124503wd,154472010030825946,ATLANTIC THREAD HERRING,,28.011946951,6,17,201026124503wd,,0,05/04/2021
2010,12,5,2,1544720100308011,6,2,03,wd,8747010701,161,0.1,1,1,201026124503wd,154472010030825946,ATLANTIC THREAD HERRING,,56.023893903,6,16,201026124503wd,,0,05/04/2021
2010,12,5,2,1544720100308011,6,2,03,wd,8747010701,175,0.08,1,1,201026124503wd,154472010030825946,ATLANTIC THREAD HERRING,,56.023893903,6,17,201026124503wd,,0,05/04/2021
2010,12,5,2,1544720100308011,6,2,03,wd,8747010701,175,0.08,1,1,201026124503wd,154472010030825946,ATLANTIC THREAD HERRING,,56.023893903,6,17,201026124503wd,,0,05/04/2021
2010,12,5,2,1544720100308011,6,2,03,wd,8747010701,175,0.08,1,1,201026124503wd,154472010030825946,ATLANTIC THREAD HERRING,,56.023893903,6,17,201026124503wd,,0,05/04/2021
2010,12,5,2,1544720100308011,6,2,03,wd,8747010701,175,0.08,1,1,201026124503wd,154472010030825946,ATLANTIC THREAD HERRING,,56.023893903,6,17,201026124503wd,,0,05/04/2021
2010,12,5,2,1544720100308012,6,2,03,wd,8747010701,175,0.08,1,1,201026124503wd,154472010030825946,ATLANTIC THREAD HERRING,,28.011946951,6,17,201026124503wd,,0,05/04/2021
2010,12,5,2,1544720100308012,6,2,03,wd,8747010701,175,0.08,1,1,201026124503wd,154472010030825946,ATLANTIC THREAD HERRING,,28.011946951,6,17,201026124503wd,,0,05/04/2021
2010,12,5,2,1544720100308012,6,2,03,wd,8747010701,175,0.08,1,1,201026124503wd,154472010030825946,ATLANTIC THREAD HERRING,,28.011946951,6,17,201026124503wd,,0,05/04/2021
2010,12,5,2,1544720100308012,6,2,03,wd,8747010701,175,0.08,1,1,201026124503wd,154472010030825946,ATLANTIC THREAD HERRING,,28.011946951,6,17,201026124503wd,,0,05/04/2021
2010,12,5,2,1544720100308012,6,2,03,wd,8747010701,175,0.08,1,1,201026124503wd,154472010030825946,ATLANTIC THREAD HERRING,,28.011946951,6,17,201026124503wd,,0,05/04/2021
2010,12,5,1,1544720100308015,6,2,03,wd,,,,0,0,201026124503wd,154472010030825946,,,25.147277565,,,201026124503wd,,0,05/04/2021
2010,12,5,1,1544720100308016,6,2,03,wd,,,,0,0,201026124503wd,154472010030825946,,,25.147277565,,,201026124503wd,,0,05/04/2021
2010,12,5,1,1544720100320001,6,2,03,we,8850030102,611,3.47,0,0,201026124503we,154472010032011250,LITTLE TUNNY,,52.960356719,24,61,201026124503we,,0,05/04/2021
2010,12,5,1,1544720100320001,6,2,03,we,8850030102,669,4.15,1,1,201026124503we,154472010032011250,LITTLE TUNNY,,52.960356719,26,66,201026124503we,,0,05/04/2021
2010,12,5,1,1544720100320001,6,2,03,we,8850030102,638,3.78,0,0,201026124503we,154472010032011250,LITTLE TUNNY,,52.960356719,25,63,201026124503we,,0,05/04/2021
2010,12,5,1,1544720100320001,6,2,03,we,8850030404,368,1.48,0,0,201026124503we,154472010032011250,BLACKFIN TUNA,,52.960356719,14,36,201026124503we,,0,05/04/2021
2010,12,5,1,1544720100320001,6,2,03,we,8850030101,531,3.02,0,0,201026124503we,154472010032011250,SKIPJACK TUNA,,52.960356719,20,53,201026124503we,,0,05/04/2021
2010,12,5,1,1544720100320006,6,2,03,we,,,,0,0,201026124503we,154472010032011250,,,52.960356719,,,201026124503we,,0,05/04/2021
2010,12,5,1,1544720100320007,6,2,03,we,8835280306,284.07363275,0.46,1,1,201026124503we,154472010032011250,BLUE RUNNER,,49.271512702,11,28,201026124503we,,0,05/04/2021
2010,12,5,1,1544720100320008,6,2,03,we,8835280306,359,0.8,1,1,201026124503we,154472010032011250,BLUE RUNNER,,52.960356719,14,35,201026124503we,,0,05/04/2021
2010,12,5,1,1544720100320009,6,2,03,we,8835280306,261,0.38,1,1,201026124503we,154472010032011250,BLUE RUNNER,,52.960356719,10,26,201026124503we,,0,05/04/2021
2010,12,5,1,1544720100320010,6,2,03,we,8835280306,251,0.28,1,1,201026124503we,154472010032011250,BLUE RUNNER,,52.960356719,9,25,201026124503we,,0,05/04/2021
2010,12,5,1,1544720100320011,6,2,03,we,8835280801,997,16.03,0,0,201026124503we,154472010032011250,GREATER AMBERJACK,,52.960356719,39,99,201026124503we,,0,05/04/2021
2010,12,5,1,1544720100320012,6,2,03,we,,,,0,0,201026124503we,154472010032011250,,,49.271512702,,,201026124503we,,0,05/04/2021
2010,12,5,1,1544720100320013,6,2,03,we,8835430201,167,0.1,1,1,201026124503we,154472010032011250,PINFISH,,49.271512702,6,16,201026124503we,,0,05/04/2021
2010,12,5,1,1544720100320014,6,2,03,we,8835430201,171,0.1,1,1,201026124503we,154472010032011250,PINFISH,,52.960356719,6,17,201026124503we,,0,05/04/2021
2010,12,5,1,1544720100320017,6,2,03,we,8835280601,,,0,0,201026124503we,154472010032011250,BIGEYE SCAD,,105.92071344,,,201026124503we,,0,05/04/2021
2010,12,5,1,1544720100320018,6,2,03,we,8835280601,,,0,0,201026124503we,154472010032011250,BIGEYE SCAD,,105.92071344,,,201026124503we,,0,05/04/2021
2010,12,5,1,1544720100320019,6,2,03,we,8835280601,,,0,0,201026124503we,154472010032011250,BIGEYE SCAD,,105.92071344,,,201026124503we,,0,05/04/2021
2010,12,5,1,1544720100320020,6,2,03,we,8835280601,,,0,0,201026124503we,154472010032011250,BIGEYE SCAD,,105.92071344,,,201026124503we,,0,05/04/2021
2010,12,5,1,1544720100320021,6,2,03,we,8835280601,,,0,0,201026124503we,154472010032011250,BIGEYE SCAD,,105.92071344,,,201026124503we,,0,05/04/2021
2010,12,5,1,1544720100320022,6,2,03,we,8835280601,,,0,0,201026124503we,154472010032011250,BIGEYE SCAD,,105.92071344,,,201026124503we,,0,05/04/2021
2010,12,5,1,1544720100320023,6,2,03,we,8835290101,483,1.0727462391,0,1,201026124503we,154472010032011250,DOLPHIN,,52.960356719,19,48,201026124503we,,0,05/04/2021
2010,12,5,1,1544720100320023,6,2,03,we,8850030102,721,5.62,0,0,201026124503we,154472010032011250,LITTLE TUNNY,,52.960356719,28,72,201026124503we,,0,05/04/2021
2010,12,5,1,1544720100320023,6,2,03,we,8835281301,522.63445982,1.7,1,1,201026124503we,154472010032011250,RAINBOW RUNNER,,52.960356719,20,52,201026124503we,,0,05/04/2021
2010,12,5,1,1544720100320023,6,2,03,we,8850030102,707,5.6366199599,1,1,201026124503we,154472010032011250,LITTLE TUNNY,,52.960356719,27,70,201026124503we,,0,05/04/2021
2010,12,5,1,1544720100320023,6,2,03,we,8850030102,673,3.86,1,1,201026124503we,154472010032011250,LITTLE TUNNY,,52.960356719,26,67,201026124503we,,0,05/04/2021
2010,12,5,1,1544720100320023,6,2,03,we,8835281301,455.7184735,1.16,1,1,201026124503we,154472010032011250,RAINBOW RUNNER,,52.960356719,17,45,201026124503we,,0,05/04/2021
2010,12,5,1,1544720100320023,6,2,03,we,8850030404,487,3.0127567952,0,1,201026124503we,154472010032011250,BLACKFIN TUNA,,52.960356719,19,48,201026124503we,,0,05/04/2021
2010,12,5,1,1544720100320024,6,2,03,we,8850030102,760,6.1718458577,1,1,201026124503we,154472010032011250,LITTLE TUNNY,,52.960356719,29,76,201026124503we,,0,05/04/2021
2010,12,5,1,1544720100320025,6,2,03,we,8835280306,258,0.3389257615,1,1,201026124503we,154472010032011250,BLUE RUNNER,,52.960356719,10,25,201026124503we,,0,05/04/2021
2010,12,5,1,1544720100320026,6,2,03,we,8835280306,310,0.4905490977,1,1,201026124503we,154472010032011250,BLUE RUNNER,,52.960356719,12,31,201026124503we,,0,05/04/2021
2010,12,5,1,1544720100320028,6,2,03,we,,,,0,0,201026124503we,154472010032011250,,,52.960356719,,,201026124503we,,0,05/04/2021
2010,12,5,1,1544720100320029,6,2,03,we,,,,0,0,201026124503we,154472010032011250,,,52.960356719,,,201026124503we,,0,05/04/2021
2010,12,5,1,1544720100329001,6,2,03,wd,8850030601,1133,8.6,0,0,201026124503wd,154472010032925946,WAHOO,,47.500413179,44,113,201026124503wd,,0,05/04/2021
2010,12,5,1,1544720100404001,6,2,04,we,8837010104,1446,10.7,0,0,201026124504we,1544720100404113367,GREAT BARRACUDA,,62.216731548,56,144,201026124504we,,0,05/04/2021
2010,12,5,1,1544720100404003,6,2,04,we,8850030404,433,1.7124097026,1,1,201026124504we,154472010040411119,BLACKFIN TUNA,,64.117336066,17,43,201026124504we,,0,05/04/2021
2010,12,5,1,1544720100404003,6,2,04,we,8850030501,892,5.42,1,1,201026124504we,154472010040411119,KING MACKEREL,,53.431113388,35,89,201026124504we,,0,05/04/2021
2010,12,5,1,1544720100404003,6,2,04,we,8850030501,1070,9.66,1,1,201026124504we,154472010040411119,KING MACKEREL,,53.431113388,42,107,201026124504we,,0,05/04/2021
2010,12,5,1,1544720100404003,6,2,04,we,8850030404,418,1.3,1,1,201026124504we,154472010040411119,BLACKFIN TUNA,,64.117336066,16,41,201026124504we,,0,05/04/2021
2010,12,5,1,1544720100404003,6,2,04,we,8850030404,747.38650106,8.52,1,1,201026124504we,154472010040411119,BLACKFIN TUNA,,64.117336066,29,74,201026124504we,,0,05/04/2021
2010,12,5,1,1544720100404003,6,2,04,we,8850030404,435,1.56,1,1,201026124504we,154472010040411119,BLACKFIN TUNA,,64.117336066,17,43,201026124504we,,0,05/04/2021
2010,12,5,1,1544720100404003,6,2,04,we,8850030404,462,1.92,1,1,201026124504we,154472010040411119,BLACKFIN TUNA,,64.117336066,18,46,201026124504we,,0,05/04/2021
2010,12,5,1,1544720100404008,6,2,04,we,8835280601,,,0,0,201026124504we,154472010040411250,BIGEYE SCAD,,273.08953521,,,201026124504we,,0,05/04/2021
2010,12,5,1,1544720100404009,6,2,04,we,8835280601,,,0,0,201026124504we,154472010040411250,BIGEYE SCAD,,409.63430282,,,201026124504we,,0,05/04/2021
2010,12,5,1,1544720100404010,6,2,04,we,,,,0,0,201026124504we,154472010040411250,,,68.272383803,,,201026124504we,,0,05/04/2021
2010,12,5,1,1544720100404014,6,2,04,we,8835360501,363,0.8,0,0,201026124504we,154472010040411250,VERMILION SNAPPER,,76.889014812,14,36,201026124504we,,0,05/04/2021
2010,12,5,1,1544720100404014,6,2,04,we,8835360501,349,0.7187838631,0,1,201026124504we,154472010040411250,VERMILION SNAPPER,,76.889014812,13,34,201026124504we,,0,05/04/2021
2010,12,5,1,1544720100404014,6,2,04,we,8835360501,365,0.8,0,0,201026124504we,154472010040411250,VERMILION SNAPPER,,76.889014812,14,36,201026124504we,,0,05/04/2021
2010,12,5,1,1544720100404014,6,2,04,we,8835360501,311,0.54,0,0,201026124504we,154472010040411250,VERMILION SNAPPER,,76.889014812,12,31,201026124504we,,0,05/04/2021
2010,12,5,1,1544720100404014,6,2,04,we,8835360501,314,0.5387097597,0,1,201026124504we,154472010040411250,VERMILION SNAPPER,,76.889014812,12,31,201026124504we,,0,05/04/2021
2010,12,5,1,1544720100404014,6,2,04,we,8835360501,311,0.52478026,0,1,201026124504we,154472010040411250,VERMILION SNAPPER,,76.889014812,12,31,201026124504we,,0,05/04/2021
2010,12,5,1,1544720100404014,6,2,04,we,8835360501,320,0.5672663619,0,1,201026124504we,154472010040411250,VERMILION SNAPPER,,76.889014812,12,32,201026124504we,,0,05/04/2021
2010,12,5,1,1544720100404014,6,2,04,we,8835360501,282,0.38,1,1,201026124504we,154472010040411250,VERMILION SNAPPER,,76.889014812,11,28,201026124504we,,0,05/04/2021
2010,12,5,1,1544720100404014,6,2,04,we,8835360501,365,0.8,1,1,201026124504we,154472010040411250,VERMILION SNAPPER,,76.889014812,14,36,201026124504we,,0,05/04/2021
2010,12,5,1,1544720100404014,6,2,04,we,8835360501,371,0.76,0,0,201026124504we,154472010040411250,VERMILION SNAPPER,,76.889014812,14,37,201026124504we,,0,05/04/2021
2010,12,5,1,1544720100404014,6,2,04,we,8835360501,312,0.5,0,0,201026124504we,154472010040411250,VERMILION SNAPPER,,76.889014812,12,31,201026124504we,,0,05/04/2021
2010,12,5,1,1544720100404014,6,2,04,we,8835360501,282,0.38,0,0,201026124504we,154472010040411250,VERMILION SNAPPER,,76.889014812,11,28,201026124504we,,0,05/04/2021
2010,12,5,1,1544720100404014,6,2,04,we,8835360501,325,0.5917817078,0,1,201026124504we,154472010040411250,VERMILION SNAPPER,,76.889014812,12,32,201026124504we,,0,05/04/2021
2010,12,5,1,1544720100404014,6,2,04,we,8835360501,350,0.64,0,0,201026124504we,154472010040411250,VERMILION SNAPPER,,76.889014812,13,35,201026124504we,,0,05/04/2021
2010,12,5,1,1544720100404014,6,2,04,we,8835360501,312,0.5,1,1,201026124504we,154472010040411250,VERMILION SNAPPER,,76.889014812,12,31,201026124504we,,0,05/04/2021
2010,12,5,1,1544720100404014,6,2,04,we,8835360501,306,0.5020755793,0,1,201026124504we,154472010040411250,VERMILION SNAPPER,,76.889014812,12,30,201026124504we,,0,05/04/2021
2010,12,5,1,1544720100404014,6,2,04,we,8835360501,302,0.49,1,1,201026124504we,154472010040411250,VERMILION SNAPPER,,76.889014812,11,30,201026124504we,,0,05/04/2021
2010,12,5,1,1544720100404014,6,2,04,we,8835360501,302,0.49,0,0,201026124504we,154472010040411250,VERMILION SNAPPER,,76.889014812,11,30,201026124504we,,0,05/04/2021
2010,12,5,1,1544720100404014,6,2,04,we,8835360501,344,0.6910294428,0,1,201026124504we,154472010040411250,VERMILION SNAPPER,,76.889014812,13,34,201026124504we,,0,05/04/2021
2010,12,5,1,1544720100404020,6,2,04,we,8835360501,304,0.46,0,0,201026124504we,154472010040411250,VERMILION SNAPPER,,68.272383803,11,30,201026124504we,,0,05/04/2021
2010,12,5,1,1544720100404020,6,2,04,we,8835360501,328,0.6068076305,0,1,201026124504we,154472010040411250,VERMILION SNAPPER,,68.272383803,12,32,201026124504we,,0,05/04/2021
2010,12,5,1,1544720100404020,6,2,04,we,8835360501,371,0.8,0,0,201026124504we,154472010040411250,VERMILION SNAPPER,,68.272383803,14,37,201026124504we,,0,05/04/2021
2010,12,5,1,1544720100404020,6,2,04,we,8835360501,363,0.8002222739,0,1,201026124504we,154472010040411250,VERMILION SNAPPER,,68.272383803,14,36,201026124504we,,0,05/04/2021
2010,12,5,1,1544720100404020,6,2,04,we,8835360501,293,0.39,0,0,201026124504we,154472010040411250,VERMILION SNAPPER,,68.272383803,11,29,201026124504we,,0,05/04/2021
2010,12,5,1,1544720100404020,6,2,04,we,8835360501,324,0.51,0,0,201026124504we,154472010040411250,VERMILION SNAPPER,,68.272383803,12,32,201026124504we,,0,05/04/2021
2010,12,5,1,1544720100404020,6,2,04,we,8835360501,357,0.7646417034,0,1,201026124504we,154472010040411250,VERMILION SNAPPER,,68.272383803,14,35,201026124504we,,0,05/04/2021
2010,12,5,1,1544720100404020,6,2,04,we,8835360501,379,0.76,0,0,201026124504we,154472010040411250,VERMILION SNAPPER,,68.272383803,14,37,201026124504we,,0,05/04/2021
2010,12,5,1,1544720100404020,6,2,04,we,8835360501,312,0.46,0,0,201026124504we,154472010040411250,VERMILION SNAPPER,,68.272383803,12,31,201026124504we,,0,05/04/2021
2010,12,5,1,1544720100404020,6,2,04,we,8835360501,374,0.8681411325,0,1,201026124504we,154472010040411250,VERMILION SNAPPER,,68.272383803,14,37,201026124504we,,0,05/04/2021
2010,12,5,1,1544720100404020,6,2,04,we,8835360501,281,0.3978870427,0,1,201026124504we,154472010040411250,VERMILION SNAPPER,,68.272383803,11,28,201026124504we,,0,05/04/2021
2010,12,5,1,1544720100404020,6,2,04,we,8835360501,319,0.5624419372,0,1,201026124504we,154472010040411250,VERMILION SNAPPER,,68.272383803,12,31,201026124504we,,0,05/04/2021
2010,12,5,1,1544720100404020,6,2,04,we,8835360501,351,0.62,0,0,201026124504we,154472010040411250,VERMILION SNAPPER,,68.272383803,13,35,201026124504we,,0,05/04/2021
2010,12,5,1,1544720100404021,6,2,04,we,,,,0,0,201026124504we,154472010040411250,,,68.272383803,,,201026124504we,,0,05/04/2021
2010,12,5,1,1544720100404022,6,2,04,we,,,,0,0,201026124504we,154472010040411250,,,68.272383803,,,201026124504we,,0,05/04/2021
2010,12,5,1,1544720100404026,6,2,04,we,8835360501,351,0.62,1,1,201026124504we,154472010040411250,VERMILION SNAPPER,,68.272383803,13,35,201026124504we,,0,05/04/2021
2010,12,5,1,1544720100404026,6,2,04,we,8835360501,371,0.8,1,1,201026124504we,154472010040411250,VERMILION SNAPPER,,68.272383803,14,37,201026124504we,,0,05/04/2021
2010,12,5,1,1544720100404026,6,2,04,we,8835360501,320,0.5672663619,1,1,201026124504we,154472010040411250,VERMILION SNAPPER,,68.272383803,12,32,201026124504we,,0,05/04/2021
2010,12,5,1,1544720100404026,6,2,04,we,8850030404,756,9.67,1,1,201026124504we,154472010040411250,BLACKFIN TUNA,,68.272383803,29,75,201026124504we,,0,05/04/2021
2010,12,5,1,1544720100404026,6,2,04,we,8835360501,304,0.46,1,1,201026124504we,154472010040411250,VERMILION SNAPPER,,68.272383803,11,30,201026124504we,,0,05/04/2021
2010,12,5,1,1544720100409001,6,2,04,wd,8850030501,1146,11.48,0,0,201026124504wd,154472010040925946,KING MACKEREL,,58.91971156,45,114,201026124504wd,,0,05/04/2021
2010,12,5,1,1544720100409006,6,2,04,wd,8850030502,599,2.22,0,0,201026124504wd,154472010040925946,SPANISH MACKEREL,,58.91971156,23,59,201026124504wd,,0,05/04/2021
2010,12,5,1,1544720100409006,6,2,04,wd,8850030502,551,1.42,0,0,201026124504wd,154472010040925946,SPANISH MACKEREL,,58.91971156,21,55,201026124504wd,,0,05/04/2021
2010,12,5,1,1544720100409006,6,2,04,wd,8850030502,523,1.16,0,0,201026124504wd,154472010040925946,SPANISH MACKEREL,,58.91971156,20,52,201026124504wd,,0,05/04/2021
2010,12,5,1,1544720100409006,6,2,04,wd,8850030502,491,1.12,0,0,201026124504wd,154472010040925946,SPANISH MACKEREL,,58.91971156,19,49,201026124504wd,,0,05/04/2021
2010,12,5,1,1544720100409006,6,2,04,wd,8850030501,711,2.68,0,0,201026124504wd,154472010040925946,KING MACKEREL,,58.91971156,27,71,201026124504wd,,0,05/04/2021
2010,12,5,1,1544720100409007,6,2,04,wd,,,,0,0,201026124504wd,154472010040925946,,,58.91971156,,,201026124504wd,,0,05/04/2021
2010,12,5,1,1544720100409011,6,2,04,wd,8850030502,517.65629211,1.13,1,0,201026124504wd,154472010040925946,SPANISH MACKEREL,,213.60272496,20,51,201026124504wd,,0,05/04/2021
2010,12,5,1,1544720100409011,6,2,04,wd,8850030502,520.72614038,1.15,1,0,201026124504wd,154472010040925946,SPANISH MACKEREL,,213.60272496,20,52,201026124504wd,,0,05/04/2021
2010,12,5,1,1544720100409011,6,2,04,wd,8850030102,747,6.14,1,1,201026124504wd,154472010040925946,LITTLE TUNNY,,213.60272496,29,74,201026124504wd,,0,05/04/2021
2010,12,5,1,1544720100409011,6,2,04,wd,8850030102,610,3.18,1,1,201026124504wd,154472010040925946,LITTLE TUNNY,,213.60272496,24,61,201026124504wd,,0,05/04/2021
2010,12,5,1,1544720100409011,6,2,04,wd,8835280803,876,10.07,1,1,201026124504wd,154472010040925946,ALMACO JACK,,213.60272496,34,87,201026124504wd,,0,05/04/2021
2010,12,5,1,1544720100409011,6,2,04,wd,8850030502,604,1.68,0,0,201026124504wd,154472010040925946,SPANISH MACKEREL,,213.60272496,23,60,201026124504wd,,0,05/04/2021
2010,12,5,1,1544720100409011,6,2,04,wd,8850030502,627.48870657,2,1,0,201026124504wd,154472010040925946,SPANISH MACKEREL,,213.60272496,24,62,201026124504wd,,0,05/04/2021
2010,12,5,1,1544720100409011,6,2,04,wd,8850030502,538,1.21,0,0,201026124504wd,154472010040925946,SPANISH MACKEREL,,213.60272496,21,53,201026124504wd,,0,05/04/2021
2010,12,5,1,1544720100409011,6,2,04,wd,8835280803,593,3.391750491,1,1,201026124504wd,154472010040925946,ALMACO JACK,,213.60272496,23,59,201026124504wd,,0,05/04/2021
2010,12,5,1,1544720100409011,6,2,04,wd,8850030502,586.89381579,1.64,1,0,201026124504wd,154472010040925946,SPANISH MACKEREL,,213.60272496,23,58,201026124504wd,,0,05/04/2021
2010,12,5,1,1544720100409015,6,2,04,wd,8860020201,316,0.68,0,0,201026124504wd,154472010040925946,GRAY TRIGGERFISH,,58.91971156,12,31,201026124504wd,,0,05/04/2021
2010,12,5,1,1544720100409015,6,2,04,wd,8850030102,417,1.1984078857,1,1,201026124504wd,154472010040925946,LITTLE TUNNY,,58.91971156,16,41,201026124504wd,,0,05/04/2021
2010,12,5,1,1544720100409015,6,2,04,wd,8850030502,483,1.09,0,0,201026124504wd,154472010040925946,SPANISH MACKEREL,,98.199519266,19,48,201026124504wd,,0,05/04/2021
2010,12,5,1,1544720100409015,6,2,04,wd,8850030501,1120,11.32,1,1,201026124504wd,154472010040925946,KING MACKEREL,,58.91971156,44,112,201026124504wd,,0,05/04/2021
2010,12,5,1,1544720100409015,6,2,04,wd,8850030502,605,1.98,0,0,201026124504wd,154472010040925946,SPANISH MACKEREL,,98.199519266,23,60,201026124504wd,,0,05/04/2021
2010,12,5,1,1544720100409015,6,2,04,wd,8850030502,536,1.15,0,0,201026124504wd,154472010040925946,SPANISH MACKEREL,,98.199519266,21,53,201026124504wd,,0,05/04/2021
2010,12,5,1,1544720100409015,6,2,04,wd,8850030502,520.72614038,1.15,1,1,201026124504wd,154472010040925946,SPANISH MACKEREL,,98.199519266,20,52,201026124504wd,,0,05/04/2021
2010,12,5,1,1544720100409015,6,2,04,wd,8850030502,551,1.42,1,1,201026124504wd,154472010040925946,SPANISH MACKEREL,,98.199519266,21,55,201026124504wd,,0,05/04/2021
2010,12,5,1,1544720100409015,6,2,04,wd,8850030502,586.89381579,1.64,1,1,201026124504wd,154472010040925946,SPANISH MACKEREL,,98.199519266,23,58,201026124504wd,,0,05/04/2021
2010,12,5,1,1544720100409015,6,2,04,wd,8850030502,523,1.16,1,1,201026124504wd,154472010040925946,SPANISH MACKEREL,,98.199519266,20,52,201026124504wd,,0,05/04/2021
2010,12,5,1,1544720100409015,6,2,04,wd,8850030502,512,1.08,0,0,201026124504wd,154472010040925946,SPANISH MACKEREL,,98.199519266,20,51,201026124504wd,,0,05/04/2021
2010,12,5,1,1544720100409015,6,2,04,wd,8850030502,560,1.46,0,0,201026124504wd,154472010040925946,SPANISH MACKEREL,,98.199519266,22,56,201026124504wd,,0,05/04/2021
2010,12,5,1,1544720100409015,6,2,04,wd,8850030102,630,4.28,1,1,201026124504wd,154472010040925946,LITTLE TUNNY,,58.91971156,24,63,201026124504wd,,0,05/04/2021
2010,12,5,1,1544720100409021,6,2,04,wd,8850030102,741,6.18,1,1,201026124504wd,154472010040925946,LITTLE TUNNY,,58.91971156,29,74,201026124504wd,,0,05/04/2021
2010,12,5,1,1544720100409021,6,2,04,wd,8850030501,1113,10.1,1,1,201026124504wd,154472010040925946,KING MACKEREL,,188.54307699,43,111,201026124504wd,,0,05/04/2021
2010,12,5,1,1544720100409021,6,2,04,wd,8850030501,1046,8.04,1,1,201026124504wd,154472010040925946,KING MACKEREL,,188.54307699,41,104,201026124504wd,,0,05/04/2021
2010,12,5,1,1544720100409021,6,2,04,wd,8850030501,1084,9.3,1,1,201026124504wd,154472010040925946,KING MACKEREL,,188.54307699,42,108,201026124504wd,,0,05/04/2021
2010,12,5,1,1544720100409021,6,2,04,wd,8850030102,480,1.52,1,1,201026124504wd,154472010040925946,LITTLE TUNNY,,58.91971156,18,48,201026124504wd,,0,05/04/2021
2010,12,5,1,1544720100409021,6,2,04,wd,8850030501,952,6.86,1,1,201026124504wd,154472010040925946,KING MACKEREL,,188.54307699,37,95,201026124504wd,,0,05/04/2021
2010,12,5,1,1544720100409021,6,2,04,wd,8850030102,741,4.6,1,1,201026124504wd,154472010040925946,LITTLE TUNNY,,58.91971156,29,74,201026124504wd,,0,05/04/2021
2010,12,5,1,1544720100409021,6,2,04,wd,8850030501,812,3.76,1,1,201026124504wd,154472010040925946,KING MACKEREL,,188.54307699,31,81,201026124504wd,,0,05/04/2021
2010,12,5,1,1544720100409021,6,2,04,wd,8850030502,560,1.46,1,1,201026124504wd,154472010040925946,SPANISH MACKEREL,,58.91971156,22,56,201026124504wd,,0,05/04/2021
2010,12,5,1,1544720100409021,6,2,04,wd,8850030502,483,1.09,1,1,201026124504wd,154472010040925946,SPANISH MACKEREL,,58.91971156,19,48,201026124504wd,,0,05/04/2021
2010,12,5,1,1544720100409026,6,2,04,wd,8835280803,354,0.8,1,1,201026124504wd,154472010040925946,ALMACO JACK,,58.91971156,13,35,201026124504wd,,0,05/04/2021
2010,12,5,1,1544720100409026,6,2,04,wd,8850030501,1110,12.94,1,1,201026124504wd,154472010040925946,KING MACKEREL,,153.19125006,43,111,201026124504wd,,0,05/04/2021
2010,12,5,1,1544720100409026,6,2,04,wd,8850030501,1146,11.48,1,1,201026124504wd,154472010040925946,KING MACKEREL,,153.19125006,45,114,201026124504wd,,0,05/04/2021
2010,12,5,1,1544720100409026,6,2,04,wd,8850030501,663.54410653,2.12,1,1,201026124504wd,154472010040925946,KING MACKEREL,,153.19125006,26,66,201026124504wd,,0,05/04/2021
2010,12,5,1,1544720100409026,6,2,04,wd,8850030102,528,2.24,1,1,201026124504wd,154472010040925946,LITTLE TUNNY,,58.91971156,20,52,201026124504wd,,0,05/04/2021
2010,12,5,1,1544720100409026,6,2,04,wd,8850030501,682,2.12,1,1,201026124504wd,154472010040925946,KING MACKEREL,,153.19125006,26,68,201026124504wd,,0,05/04/2021
2010,12,5,1,1544720100409026,6,2,04,wd,8850030102,549,2.24,1,1,201026124504wd,154472010040925946,LITTLE TUNNY,,58.91971156,21,54,201026124504wd,,0,05/04/2021
2010,12,5,1,1544720100409026,6,2,04,wd,8850030102,532,2.12,1,1,201026124504wd,154472010040925946,LITTLE TUNNY,,58.91971156,20,53,201026124504wd,,0,05/04/2021
2010,12,5,1,1544720100409026,6,2,04,wd,8850030102,633,4.08,1,1,201026124504wd,154472010040925946,LITTLE TUNNY,,58.91971156,24,63,201026124504wd,,0,05/04/2021
2010,12,5,1,1544720100409026,6,2,04,wd,8850030501,711,2.68,1,1,201026124504wd,154472010040925946,KING MACKEREL,,153.19125006,27,71,201026124504wd,,0,05/04/2021
2010,12,5,1,1544720100409026,6,2,04,wd,8850030102,610,3.18,1,1,201026124504wd,154472010040925946,LITTLE TUNNY,,58.91971156,24,61,201026124504wd,,0,05/04/2021
2010,12,5,2,1544720100424001,6,2,04,we,8850030501,740,2.5,1,1,201026124504we,154472010042425131,KING MACKEREL,,35.005681605,29,74,201026124504we,,0,05/04/2021
2010,12,5,2,1544720100424001,6,2,04,we,8835290101,764,4.04,1,1,201026124504we,154472010042425131,DOLPHIN,,35.005681605,30,76,201026124504we,,0,05/04/2021
2010,12,5,2,1544720100424001,6,2,04,we,8835280801,1142.7067957,18.82,1,0,201026124504we,154472010042425131,GREATER AMBERJACK,,35.005681605,44,114,201026124504we,,0,05/04/2021
2010,12,5,2,1544720100424001,6,2,04,we,8835290101,971,9.02,1,1,201026124504we,154472010042425131,DOLPHIN,,35.005681605,38,97,201026124504we,,0,05/04/2021
2010,12,5,1,1544720100424007,6,2,04,we,8835290101,889,5.58,0,0,201026124504we,154472010042425131,DOLPHIN,,37.710949255,34,88,201026124504we,,0,05/04/2021
2010,12,5,1,1544720100424008,6,2,04,we,8850030501,831,4.59,0,0,201026124504we,154472010042425131,KING MACKEREL,,37.710949255,32,83,201026124504we,,0,05/04/2021
2010,12,5,1,1544720100424009,6,2,04,we,8837010104,828,3.18,0,0,201026124504we,154472010042425131,GREAT BARRACUDA,,37.710949255,32,82,201026124504we,,0,05/04/2021
2010,12,5,1,1544720100424013,6,2,04,we,,,,0,0,201026124504we,154472010042425131,,,136.71420495,,,201026124504we,,0,05/04/2021
2010,12,5,1,1544720100424014,6,2,04,we,,,,0,0,201026124504we,154472010042425131,,,136.71420495,,,201026124504we,,0,05/04/2021
2010,12,5,1,1544720100424019,6,2,04,we,8850030601,821,3.6234770174,0,1,201026124504we,154472010042425131,WAHOO,,37.710949255,32,82,201026124504we,,0,05/04/2021
2010,12,5,1,1544720100424020,6,2,04,we,8835290101,728,3.08,1,1,201026124504we,154472010042425131,DOLPHIN,,37.710949255,28,72,201026124504we,,0,05/04/2021
2010,12,5,1,1544720100424021,6,2,04,we,,,,0,0,201026124504we,154472010042425131,,,37.710949255,,,201026124504we,,0,05/04/2021
2010,12,5,2,1544720100424024,6,2,04,we,8835290101,971,9.02,0,0,201026124504we,154472010042425131,DOLPHIN,,37.626475895,38,97,201026124504we,,0,05/04/2021
2010,12,5,2,1544720100424025,6,2,04,we,8850030501,758,2.96,0,0,201026124504we,154472010042425131,KING MACKEREL,,37.626475895,29,75,201026124504we,,0,05/04/2021
2010,12,5,2,1544720100424026,6,2,04,we,,,,0,0,201026124504we,154472010042425131,,,37.626475895,,,201026124504we,,0,05/04/2021
2010,12,5,2,1544720100424027,6,2,04,we,,,,0,0,201026124504we,154472010042425131,,,37.626475895,,,201026124504we,,0,05/04/2021
2010,12,5,1,1544720100424028,6,2,04,we,,,,0,0,201026124504we,154472010042425131,,,37.710949255,,,201026124504we,,0,05/04/2021
2010,12,5,1,1544720100424029,6,2,04,we,,,,0,0,201026124504we,154472010042425131,,,37.710949255,,,201026124504we,,0,05/04/2021
2010,12,5,5,1546520100307001,6,2,03,we,8835440102,515,1.38,0,0,201026124503we,1546520100307611762,SPOTTED SEATROUT,,1036.9789409,20,51,201026124503we,,0,05/04/2021
2010,12,5,5,1546520100307001,6,2,03,we,8835440102,419,0.7,0,0,201026124503we,1546520100307611762,SPOTTED SEATROUT,,1036.9789409,16,41,201026124503we,,0,05/04/2021
2010,12,5,5,1546520100307002,6,2,03,we,8835440901,654,2.52,0,0,201026124503we,1546520100307611762,RED DRUM,,964.75031941,25,65,201026124503we,,0,05/04/2021
2010,12,5,5,1546520100307002,6,2,03,we,8835440901,627,2.64,0,0,201026124503we,1546520100307611762,RED DRUM,,964.75031941,24,62,201026124503we,,0,05/04/2021
2010,12,5,2,1546820100324001,6,2,03,wd,8860020201,350,1.02,0,0,201026124503wd,154682010032411163,GRAY TRIGGERFISH,,422.63984704,13,35,201026124503wd,,0,05/04/2021
2010,12,5,2,1546820100324001,6,2,03,wd,8860020201,358,1.06,0,0,201026124503wd,154682010032411163,GRAY TRIGGERFISH,,422.63984704,14,35,201026124503wd,,0,05/04/2021
2010,12,5,2,1546820100324001,6,2,03,wd,8860020201,375,1.06,0,0,201026124503wd,154682010032411163,GRAY TRIGGERFISH,,422.63984704,14,37,201026124503wd,,0,05/04/2021
2010,12,5,2,1546820100324001,6,2,03,wd,8860020201,335,0.82,0,0,201026124503wd,154682010032411163,GRAY TRIGGERFISH,,422.63984704,13,33,201026124503wd,,0,05/04/2021
2010,12,5,2,1546820100324001,6,2,03,wd,8860020201,380,1.34,0,0,201026124503wd,154682010032411163,GRAY TRIGGERFISH,,422.63984704,14,38,201026124503wd,,0,05/04/2021
2010,12,5,2,1546820100324001,6,2,03,wd,8835280801,1118,16.685691112,0,1,201026124503wd,154682010032411163,GREATER AMBERJACK,,422.63984704,44,111,201026124503wd,,0,05/04/2021
2010,12,5,2,1546820100324001,6,2,03,wd,8860020201,377,1.3,0,0,201026124503wd,154682010032411163,GRAY TRIGGERFISH,,422.63984704,14,37,201026124503wd,,0,05/04/2021
2010,12,5,2,1546820100324001,6,2,03,wd,8860020201,385,1.48,0,0,201026124503wd,154682010032411163,GRAY TRIGGERFISH,,422.63984704,15,38,201026124503wd,,0,05/04/2021
2010,12,5,2,1546820100324001,6,2,03,wd,8860020201,475,2.62,0,0,201026124503wd,154682010032411163,GRAY TRIGGERFISH,,422.63984704,18,47,201026124503wd,,0,05/04/2021
2010,12,5,2,1546820100324001,6,2,03,wd,8860020201,407,1.5,0,0,201026124503wd,154682010032411163,GRAY TRIGGERFISH,,422.63984704,16,40,201026124503wd,,0,05/04/2021
2010,12,5,2,1546820100324001,6,2,03,wd,8860020201,340,0.98,0,0,201026124503wd,154682010032411163,GRAY TRIGGERFISH,,422.63984704,13,34,201026124503wd,,0,05/04/2021
2010,12,5,2,1546820100324001,6,2,03,wd,8860020201,345,0.86,0,0,201026124503wd,154682010032411163,GRAY TRIGGERFISH,,422.63984704,13,34,201026124503wd,,0,05/04/2021
2010,12,5,2,1546820100324001,6,2,03,wd,8860020201,400,1.42,0,0,201026124503wd,154682010032411163,GRAY TRIGGERFISH,,422.63984704,15,40,201026124503wd,,0,05/04/2021
2010,12,5,2,1546820100324001,6,2,03,wd,8835280801,1092,15.771100594,0,1,201026124503wd,154682010032411163,GREATER AMBERJACK,,422.63984704,42,109,201026124503wd,,0,05/04/2021
2010,12,5,2,1546820100324001,6,2,03,wd,8860020201,375,1.2,0,0,201026124503wd,154682010032411163,GRAY TRIGGERFISH,,422.63984704,14,37,201026124503wd,,0,05/04/2021
2010,12,5,2,1546820100324001,6,2,03,wd,8860020201,335,0.9,0,0,201026124503wd,154682010032411163,GRAY TRIGGERFISH,,422.63984704,13,33,201026124503wd,,0,05/04/2021
2010,12,5,2,1546820100324001,6,2,03,wd,8860020201,363,1.22,0,0,201026124503wd,154682010032411163,GRAY TRIGGERFISH,,422.63984704,14,36,201026124503wd,,0,05/04/2021
2010,12,5,2,1546820100324001,6,2,03,wd,8835280801,1117,16.649958378,0,1,201026124503wd,154682010032411163,GREATER AMBERJACK,,422.63984704,43,111,201026124503wd,,0,05/04/2021
2010,12,5,2,1546820100324001,6,2,03,wd,8835280801,1143,17.593557311,0,1,201026124503wd,154682010032411163,GREATER AMBERJACK,,422.63984704,44,114,201026124503wd,,0,05/04/2021
2010,12,5,2,1546820100324001,6,2,03,wd,8835020301,360,0.54,0,0,201026124503wd,154682010032411163,BLACK SEA BASS,,422.63984704,14,36,201026124503wd,,0,05/04/2021
2010,12,5,2,1546820100324001,6,2,03,wd,8835280801,980,12.169470316,0,1,201026124503wd,154682010032411163,GREATER AMBERJACK,,422.63984704,38,98,201026124503wd,,0,05/04/2021
2010,12,5,2,1546820100324001,6,2,03,wd,8835260101,810,5.74,0,0,201026124503wd,154682010032411163,COBIA,,422.63984704,31,81,201026124503wd,,0,05/04/2021
2010,12,5,2,1546820100324001,6,2,03,wd,8835280801,1066,14.886404484,0,1,201026124503wd,154682010032411163,GREATER AMBERJACK,,422.63984704,41,106,201026124503wd,,0,05/04/2021
2010,12,5,2,1546820100324001,6,2,03,wd,8835020301,315,0.4,0,0,201026124503wd,154682010032411163,BLACK SEA BASS,,422.63984704,12,31,201026124503wd,,0,05/04/2021
2010,12,5,2,1546820100324001,6,2,03,wd,8835020301,345,0.5,0,0,201026124503wd,154682010032411163,BLACK SEA BASS,,422.63984704,13,34,201026124503wd,,0,05/04/2021
2010,12,5,2,1546820100324002,6,2,03,wd,,,,0,0,201026124503wd,154682010032411163,,,422.63984704,,,201026124503wd,,0,05/04/2021
2010,12,5,2,1546820100324003,6,2,03,wd,,,,0,0,201026124503wd,154682010032411163,,,422.63984704,,,201026124503wd,,0,05/04/2021
2010,12,5,2,1546820100324004,6,2,03,wd,,,,0,0,201026124503wd,154682010032411163,,,422.63984704,,,201026124503wd,,0,05/04/2021
2010,12,5,2,1546820100324005,6,2,03,wd,,,,0,0,201026124503wd,154682010032411163,,,422.63984704,,,201026124503wd,,0,05/04/2021
2010,12,5,2,1546820100324006,6,2,03,wd,,,,0,0,201026124503wd,154682010032411163,,,422.63984704,,,201026124503wd,,0,05/04/2021
2010,12,5,2,1546820100324007,6,2,03,wd,8835280801,1017,13.299349507,0,1,201026124503wd,154682010032411163,GREATER AMBERJACK,,422.63984704,40,101,201026124503wd,,0,05/04/2021
2010,12,5,2,1546820100324007,6,2,03,wd,8835280801,1041,16.2,0,0,201026124503wd,154682010032411163,GREATER AMBERJACK,,422.63984704,40,104,201026124503wd,,0,05/04/2021
2010,12,5,2,1546820100324007,6,2,03,wd,8835290101,815,5.06,0,0,201026124503wd,154682010032411163,DOLPHIN,,422.63984704,32,81,201026124503wd,,0,05/04/2021
2010,12,5,2,1546820100324007,6,2,03,wd,8835020301,299,0.28,0,0,201026124503wd,154682010032411163,BLACK SEA BASS,,422.63984704,11,29,201026124503wd,,0,05/04/2021
2010,12,5,2,1546820100324007,6,2,03,wd,8835020301,303,0.32,0,0,201026124503wd,154682010032411163,BLACK SEA BASS,,422.63984704,11,30,201026124503wd,,0,05/04/2021
2010,12,5,2,1546820100324007,6,2,03,wd,8835020301,300,0.34,0,0,201026124503wd,154682010032411163,BLACK SEA BASS,,422.63984704,11,30,201026124503wd,,0,05/04/2021
2010,12,5,2,1546820100324008,6,2,03,wd,,,,0,0,201026124503wd,154682010032411163,,,422.63984704,,,201026124503wd,,0,05/04/2021
2010,12,7,5,1511220100307001,6,2,03,we,,,,0,0,201026128703we,1511220100307127295,,,3529.0613334,,,201026128703we,,0,05/04/2021
2010,12,7,5,1511220100307002,6,2,03,we,,,,0,0,201026128703we,1511220100307127295,,,3529.0613334,,,201026128703we,,0,05/04/2021
2010,12,7,5,1511220100307005,6,2,03,we,8835440901,593,2.06,1,1,201026128703we,1511220100307127295,RED DRUM,,3529.0613334,23,59,201026128703we,,0,05/04/2021
2010,12,7,5,1511220100307008,6,2,03,we,,,,0,0,201026128703we,1511220100307127295,,,3529.0613334,,,201026128703we,,0,05/04/2021
2010,12,7,5,1511220100307009,6,2,03,we,8835440901,535,1.7,0,0,201026128703we,1511220100307127295,RED DRUM,,3529.0613334,21,53,201026128703we,,0,05/04/2021
2010,12,7,5,1511220100307009,6,2,03,we,8835440901,593,2.06,0,0,201026128703we,1511220100307127295,RED DRUM,,3529.0613334,23,59,201026128703we,,0,05/04/2021
2010,12,7,5,1511220100307009,6,2,03,we,8835440901,546,1.82,0,0,201026128703we,1511220100307127295,RED DRUM,,3529.0613334,21,54,201026128703we,,0,05/04/2021
2010,12,7,5,1511220100307009,6,2,03,we,8835440901,584,2.14,0,0,201026128703we,1511220100307127295,RED DRUM,,3529.0613334,22,58,201026128703we,,0,05/04/2021
2010,12,7,5,1511220100307016,6,2,03,we,8835440102,401,0.52,0,0,201026128703we,1511220100307127295,SPOTTED SEATROUT,,3529.0613334,15,40,201026128703we,,0,05/04/2021
2010,12,7,5,1511220100307016,6,2,03,we,8835440102,385,0.5,0,0,201026128703we,1511220100307127295,SPOTTED SEATROUT,,3529.0613334,15,38,201026128703we,,0,05/04/2021
2010,12,7,5,1511220100307016,6,2,03,we,8835440102,388,0.52,0,0,201026128703we,1511220100307127295,SPOTTED SEATROUT,,3529.0613334,15,38,201026128703we,,0,05/04/2021
2010,12,7,5,1511220100307017,6,2,03,we,,,,0,0,201026128703we,1511220100307127295,,,3234.4835101,,,201026128703we,,0,05/04/2021
2010,12,7,5,1511220100307018,6,2,03,we,,,,0,0,201026128703we,1511220100307127295,,,3529.0613334,,,201026128703we,,0,05/04/2021
2010,12,7,5,1511220100307019,6,2,03,we,,,,0,0,201026128703we,1511220100307127295,,,3529.0613334,,,201026128703we,,0,05/04/2021
2010,12,7,5,1511220100307020,6,2,03,we,8835440901,556,2.04,0,0,201026128703we,1511220100307127295,RED DRUM,,3529.0613334,21,55,201026128703we,,0,05/04/2021
2010,12,7,5,1511220100307020,6,2,03,we,8835440901,578,2.3,1,1,201026128703we,1511220100307127295,RED DRUM,,3529.0613334,22,57,201026128703we,,0,05/04/2021
2010,12,7,5,1511220100307022,6,2,03,we,,,,0,0,201026128703we,1511220100307127295,,,6412.0486793,,,201026128703we,,0,05/04/2021
2010,12,7,5,1511220100307030,6,2,03,we,,,,0,0,201026128703we,1511220100307127295,,,3529.0613334,,,201026128703we,,0,05/04/2021
2010,12,7,5,1511220100307031,6,2,03,we,,,,0,0,201026128703we,1511220100307127295,,,3529.0613334,,,201026128703we,,0,05/04/2021
2010,12,7,5,1511220100307032,6,2,03,we,8835440801,465,1.65,0,0,201026128703we,1511220100307127295,BLACK DRUM,,3529.0613334,18,46,201026128703we,,0,05/04/2021
2010,12,7,5,1511220100307032,6,2,03,we,8835440801,410,1.04,0,0,201026128703we,1511220100307127295,BLACK DRUM,,3529.0613334,16,41,201026128703we,,0,05/04/2021
2010,12,7,5,1511220100307032,6,2,03,we,8835440801,450,1.32,0,0,201026128703we,1511220100307127295,BLACK DRUM,,3529.0613334,17,45,201026128703we,,0,05/04/2021
2010,12,7,5,1511220100307032,6,2,03,we,8835440801,470,1.6,0,0,201026128703we,1511220100307127295,BLACK DRUM,,3529.0613334,18,47,201026128703we,,0,05/04/2021
2010,12,7,5,1511220100307032,6,2,03,we,8835440801,481,1.64,0,0,201026128703we,1511220100307127295,BLACK DRUM,,3529.0613334,18,48,201026128703we,,0,05/04/2021
2010,12,7,5,1511220100307032,6,2,03,we,8835440801,370,0.76,0,0,201026128703we,1511220100307127295,BLACK DRUM,,3529.0613334,14,37,201026128703we,,0,05/04/2021
2010,12,7,5,1511220100307032,6,2,03,we,8835440801,402,1.04,0,0,201026128703we,1511220100307127295,BLACK DRUM,,3529.0613334,15,40,201026128703we,,0,05/04/2021
2010,12,7,5,1511220100307033,6,2,03,we,,,,0,0,201026128703we,1511220100307127295,,,3234.4835101,,,201026128703we,,0,05/04/2021
2010,12,7,5,1511220100317004,6,2,03,wd,8835430301,275,0.48,0,0,201026128703wd,1511220100317127522,SHEEPSHEAD,,5865.7262009,10,27,201026128703wd,,0,05/04/2021
2010,12,7,5,1511220100317004,6,2,03,wd,8835430301,275,0.56,0,0,201026128703wd,1511220100317127522,SHEEPSHEAD,,5865.7262009,10,27,201026128703wd,,0,05/04/2021
2010,12,7,5,1511220100317004,6,2,03,wd,8835430301,300,0.64,0,0,201026128703wd,1511220100317127522,SHEEPSHEAD,,5865.7262009,11,30,201026128703wd,,0,05/04/2021
2010,12,7,5,1511220100317004,6,2,03,wd,8835430301,270,0.52,0,0,201026128703wd,1511220100317127522,SHEEPSHEAD,,5865.7262009,10,27,201026128703wd,,0,05/04/2021
2010,12,7,5,1511220100317004,6,2,03,wd,8835430301,333,0.88,0,0,201026128703wd,1511220100317127522,SHEEPSHEAD,,5865.7262009,13,33,201026128703wd,,0,05/04/2021
2010,12,7,5,1511220100317004,6,2,03,wd,8835430301,270,0.46,0,0,201026128703wd,1511220100317127522,SHEEPSHEAD,,5865.7262009,10,27,201026128703wd,,0,05/04/2021
2010,12,7,5,1511220100317005,6,2,03,wd,,,,0,0,201026128703wd,1511220100317127522,,,5865.7262009,,,201026128703wd,,0,05/04/2021
2010,12,7,5,1511220100320001,6,2,03,we,8835430301,283,0.6,0,0,201026128703we,1511220100320127273,SHEEPSHEAD,,3693.3244445,11,28,201026128703we,,0,05/04/2021
2010,12,7,5,1511220100320001,6,2,03,we,8835430301,333,0.86,0,0,201026128703we,1511220100320127273,SHEEPSHEAD,,3693.3244445,13,33,201026128703we,,0,05/04/2021
2010,12,7,5,1511220100320001,6,2,03,we,8835430301,282,0.6,0,0,201026128703we,1511220100320127273,SHEEPSHEAD,,3693.3244445,11,28,201026128703we,,0,05/04/2021
2010,12,7,5,1511220100320001,6,2,03,we,8835430301,310,0.68,0,0,201026128703we,1511220100320127273,SHEEPSHEAD,,3693.3244445,12,31,201026128703we,,0,05/04/2021
2010,12,7,5,1511220100320001,6,2,03,we,8835430301,491,3.2,0,0,201026128703we,1511220100320127273,SHEEPSHEAD,,3693.3244445,19,49,201026128703we,,0,05/04/2021
2010,12,7,5,1511220100320001,6,2,03,we,8835430301,325,0.84,0,0,201026128703we,1511220100320127273,SHEEPSHEAD,,3693.3244445,12,32,201026128703we,,0,05/04/2021
2010,12,7,5,1511220100320002,6,2,03,we,,,,0,0,201026128703we,1511220100320127273,,,3693.3244445,,,201026128703we,,0,05/04/2021
2010,12,7,5,1511220100320003,6,2,03,we,,,,0,0,201026128703we,1511220100320127273,,,3693.3244445,,,201026128703we,,0,05/04/2021
2010,12,7,5,1511220100320004,6,2,03,we,8835440601,316,0.34,1,1,201026128703we,1511220100320127273,SOUTHERN KINGFISH,,3693.3244445,12,31,201026128703we,,0,05/04/2021
2010,12,7,5,1511220100320004,6,2,03,we,8835250101,325,0.42,1,1,201026128703we,1511220100320127273,BLUEFISH,,3693.3244445,12,32,201026128703we,,0,05/04/2021
2010,12,7,5,1511220100320004,6,2,03,we,8835250101,382,0.64,1,1,201026128703we,1511220100320127273,BLUEFISH,,3693.3244445,15,38,201026128703we,,0,05/04/2021
2010,12,7,5,1511220100320004,6,2,03,we,8835250101,275,0.24,1,1,201026128703we,1511220100320127273,BLUEFISH,,3693.3244445,10,27,201026128703we,,0,05/04/2021
2010,12,7,5,1511220100320004,6,2,03,we,8835250101,333,0.48,1,1,201026128703we,1511220100320127273,BLUEFISH,,3693.3244445,13,33,201026128703we,,0,05/04/2021
2010,12,7,5,1511220100320005,6,2,03,we,,,,0,0,201026128703we,1511220100320127273,,,3693.3244445,,,201026128703we,,0,05/04/2021
2010,12,7,2,1511220100320006,6,2,03,we,,,,0,0,201026128703we,1511220100320127273,,,4860.7808239,,,201026128703we,,0,05/04/2021
2010,12,7,2,1511220100320007,6,2,03,we,,,,0,0,201026128703we,1511220100320127273,,,4860.7808239,,,201026128703we,,0,05/04/2021
2010,12,7,5,1511220100320008,6,2,03,we,,,,0,0,201026128703we,1511220100320127273,,,3693.3244445,,,201026128703we,,0,05/04/2021
2010,12,7,5,1511220100320009,6,2,03,we,,,,0,0,201026128703we,1511220100320127273,,,3693.3244445,,,201026128703we,,0,05/04/2021
2010,12,7,5,1511220100320010,6,2,03,we,,,,0,0,201026128703we,1511220100320127273,,,3693.3244445,,,201026128703we,,0,05/04/2021
2010,12,7,5,1511220100320011,6,2,03,we,,,,0,0,201026128703we,1511220100320127273,,,3693.3244445,,,201026128703we,,0,05/04/2021
2010,12,7,5,1511220100320012,6,2,03,we,,,,0,0,201026128703we,1511220100320127273,,,3693.3244445,,,201026128703we,,0,05/04/2021
2010,12,7,2,1511220100320015,6,2,03,we,,,,0,0,201026128703we,1511220100320127273,,,4860.7808239,,,201026128703we,,0,05/04/2021
2010,12,7,2,1511220100320017,6,2,03,we,,,,0,0,201026128703we,1511220100320127273,,,4860.7808239,,,201026128703we,,0,05/04/2021
2010,12,7,5,1511220100320018,6,2,03,we,,,,0,0,201026128703we,1511220100320127273,,,3693.3244445,,,201026128703we,,0,05/04/2021
2010,12,7,5,1511220100320019,6,2,03,we,,,,0,0,201026128703we,1511220100320127273,,,3693.3244445,,,201026128703we,,0,05/04/2021
2010,12,7,5,1511220100320020,6,2,03,we,8835440601,297,0.3,1,1,201026128703we,1511220100320127273,SOUTHERN KINGFISH,,7386.6488889,11,29,201026128703we,,0,05/04/2021
2010,12,7,5,1511220100320020,6,2,03,we,8835440601,285,0.26,1,1,201026128703we,1511220100320127273,SOUTHERN KINGFISH,,7386.6488889,11,28,201026128703we,,0,05/04/2021
2010,12,7,5,1511220100320020,6,2,03,we,8835440601,285,0.22,1,1,201026128703we,1511220100320127273,SOUTHERN KINGFISH,,7386.6488889,11,28,201026128703we,,0,05/04/2021
2010,12,7,5,1511220100320020,6,2,03,we,8835440601,300,0.3,1,1,201026128703we,1511220100320127273,SOUTHERN KINGFISH,,7386.6488889,11,30,201026128703we,,0,05/04/2021
2010,12,7,5,1511220100320020,6,2,03,we,8835440601,297,0.3,1,1,201026128703we,1511220100320127273,SOUTHERN KINGFISH,,7386.6488889,11,29,201026128703we,,0,05/04/2021
2010,12,7,5,1511220100320020,6,2,03,we,8777180202,376,0.68,1,1,201026128703we,1511220100320127273,HARDHEAD CATFISH,,3693.3244445,14,37,201026128703we,,0,05/04/2021
2010,12,7,5,1511220100320020,6,2,03,we,8777180202,376,0.68,1,1,201026128703we,1511220100320127273,HARDHEAD CATFISH,,3693.3244445,14,37,201026128703we,,0,05/04/2021
2010,12,7,5,1511220100320020,6,2,03,we,8777180202,376,0.68,1,1,201026128703we,1511220100320127273,HARDHEAD CATFISH,,3693.3244445,14,37,201026128703we,,0,05/04/2021
2010,12,7,5,1511220100320020,6,2,03,we,8835250101,336,0.48,1,1,201026128703we,1511220100320127273,BLUEFISH,,3693.3244445,13,33,201026128703we,,0,05/04/2021
2010,12,7,5,1511220100320020,6,2,03,we,8835250101,435,1.18,1,1,201026128703we,1511220100320127273,BLUEFISH,,3693.3244445,17,43,201026128703we,,0,05/04/2021
2010,12,7,5,1511220100320020,6,2,03,we,8777180202,390,0.8,1,1,201026128703we,1511220100320127273,HARDHEAD CATFISH,,3693.3244445,15,39,201026128703we,,0,05/04/2021
2010,12,7,5,1511220100320020,6,2,03,we,8777180202,390,0.8,1,1,201026128703we,1511220100320127273,HARDHEAD CATFISH,,3693.3244445,15,39,201026128703we,,0,05/04/2021
2010,12,7,5,1511220100320021,6,2,03,we,,,,0,0,201026128703we,1511220100320127273,,,3693.3244445,,,201026128703we,,0,05/04/2021
2010,12,7,5,1511220100320028,6,2,03,we,,,,0,0,201026128703we,1511220100320127273,,,3693.3244445,,,201026128703we,,0,05/04/2021
2010,12,7,5,1511220100320029,6,2,03,we,,,,0,0,201026128703we,1511220100320127273,,,3693.3244445,,,201026128703we,,0,05/04/2021
2010,12,7,5,1511220100320030,6,2,03,we,,,,0,0,201026128703we,1511220100320127273,,,3693.3244445,,,201026128703we,,0,05/04/2021
2010,12,7,5,1511220100320031,6,2,03,we,,,,0,0,201026128703we,1511220100320127273,,,3693.3244445,,,201026128703we,,0,05/04/2021
2010,12,7,5,1511220100328001,6,2,03,we,,,,0,0,201026128703we,151122010032810950,,,1669.9076664,,,201026128703we,,0,05/04/2021
2010,12,7,5,1511220100328003,6,2,03,we,8857030304,326,0.42,0,0,201026128703we,151122010032810950,SOUTHERN FLOUNDER,,1669.9076664,12,32,201026128703we,,0,05/04/2021
2010,12,7,5,1511220100328005,6,2,03,we,,,,0,0,201026128703we,151122010032810950,,,1669.9076664,,,201026128703we,,0,05/04/2021
2010,12,7,5,1511220100328006,6,2,03,we,,,,0,0,201026128703we,151122010032810950,,,1669.9076664,,,201026128703we,,0,05/04/2021
2010,12,7,5,1511220100328009,6,2,03,we,,,,0,0,201026128703we,151122010032810950,,,1669.9076664,,,201026128703we,,0,05/04/2021
2010,12,7,5,1511220100328011,6,2,03,we,8835440901,600,2.6,0,0,201026128703we,151122010032810950,RED DRUM,,1669.9076664,23,60,201026128703we,,0,05/04/2021
2010,12,7,5,1511220100328011,6,2,03,we,8857030304,325,0.4,0,0,201026128703we,151122010032810950,SOUTHERN FLOUNDER,,1669.9076664,12,32,201026128703we,,0,05/04/2021
2010,12,7,5,1511220100328011,6,2,03,we,8857030304,390,0.64,0,0,201026128703we,151122010032810950,SOUTHERN FLOUNDER,,1669.9076664,15,39,201026128703we,,0,05/04/2021
2010,12,7,5,1511220100410001,6,2,04,we,8835250101,325,0.42,0,0,201026128704we,1511220100410127242,BLUEFISH,,676.43120467,12,32,201026128704we,,0,05/04/2021
2010,12,7,5,1511220100410001,6,2,04,we,8835250101,284,0.28,0,0,201026128704we,1511220100410127242,BLUEFISH,,676.43120467,11,28,201026128704we,,0,05/04/2021
2010,12,7,5,1511220100410002,6,2,04,we,,,,0,0,201026128704we,1511220100410127242,,,676.43120467,,,201026128704we,,0,05/04/2021
2010,12,7,5,1511220100410004,6,2,04,we,8850030502,335,0.26,0,0,201026128704we,1511220100410127242,SPANISH MACKEREL,,619.96813614,13,33,201026128704we,,0,05/04/2021
2010,12,7,5,1511220100410004,6,2,04,we,8835250101,391,0.7174530039,1,1,201026128704we,1511220100410127242,BLUEFISH,,619.96813614,15,39,201026128704we,,0,05/04/2021
2010,12,7,5,1511220100410005,6,2,04,we,,,,0,0,201026128704we,1511220100410127242,,,676.43120467,,,201026128704we,,0,05/04/2021
2010,12,7,5,1511220100410006,6,2,04,we,,,,0,0,201026128704we,1511220100410127242,,,676.43120467,,,201026128704we,,0,05/04/2021
2010,12,7,5,1511220100410007,6,2,04,we,8777180202,328,0.5,0,0,201026128704we,1511220100410127242,HARDHEAD CATFISH,,676.43120467,12,32,201026128704we,,0,05/04/2021
2010,12,7,5,1511220100410008,6,2,04,we,8835280303,370,0.82,0,0,201026128704we,1511220100410127242,CREVALLE JACK,,676.43120467,14,37,201026128704we,,0,05/04/2021
2010,12,7,5,1511220100410008,6,2,04,we,8836010102,226,0.1874363516,0,1,201026128704we,1511220100410127242,WHITE MULLET,,676.43120467,8,22,201026128704we,,0,05/04/2021
2010,12,7,5,1511220100410010,6,2,04,we,8835440901,461,1.12,1,1,201026128704we,1511220100410127242,RED DRUM,,676.43120467,18,46,201026128704we,,0,05/04/2021
2010,12,7,5,1511220100410014,6,2,04,we,,,,0,0,201026128704we,1511220100410127242,,,676.43120467,,,201026128704we,,0,05/04/2021
2010,12,7,5,1511220100410016,6,2,04,we,8835280303,280,0.42,0,0,201026128704we,1511220100410127242,CREVALLE JACK,,999.12127449,11,28,201026128704we,,0,05/04/2021
2010,12,7,5,1511220100410017,6,2,04,we,,,,0,0,201026128704we,1511220100410127242,,,999.12127449,,,201026128704we,,0,05/04/2021
2010,12,7,5,1511220100410019,6,2,04,we,8835250101,382,0.64,0,0,201026128704we,1511220100410127242,BLUEFISH,,1967.1914839,15,38,201026128704we,,0,05/04/2021
2010,12,7,5,1511220100410022,6,2,04,we,,,,0,0,201026128704we,1511220100410127242,,,676.43120467,,,201026128704we,,0,05/04/2021
2010,12,7,5,1511220100410023,6,2,04,we,,,,0,0,201026128704we,1511220100410127242,,,676.43120467,,,201026128704we,,0,05/04/2021
2010,12,7,2,1511220100410024,6,2,04,we,,,,0,0,201026128704we,1511220100410127242,,,890.25047156,,,201026128704we,,0,05/04/2021
2010,12,7,2,1511220100410025,6,2,04,we,,,,0,0,201026128704we,1511220100410127242,,,890.25047156,,,201026128704we,,0,05/04/2021
2010,12,7,5,1511220100410028,6,2,04,we,,,,0,0,201026128704we,1511220100410127242,,,676.43120467,,,201026128704we,,0,05/04/2021
2010,12,7,5,1511220100410029,6,2,04,we,,,,0,0,201026128704we,1511220100410127242,,,676.43120467,,,201026128704we,,0,05/04/2021
2010,12,7,5,1511220100410030,6,2,04,we,,,,0,0,201026128704we,1511220100410127242,,,676.43120467,,,201026128704we,,0,05/04/2021
2010,12,7,1,1511220100420001,6,2,04,wd,,,,0,0,201026128704wd,1511220100420127242,,,1996.3023724,,,201026128704wd,,0,05/04/2021
2010,12,7,5,1511220100420002,6,2,04,wd,,,,0,0,201026128704wd,1511220100420127242,,,2014.5641913,,,201026128704wd,,0,05/04/2021
2010,12,7,5,1511220100420003,6,2,04,wd,,,,0,0,201026128704wd,1511220100420127242,,,2014.5641913,,,201026128704wd,,0,05/04/2021
2010,12,7,1,1511220100420007,6,2,04,wd,,,,0,0,201026128704wd,1511220100420127242,,,1996.3023724,,,201026128704wd,,0,05/04/2021
2010,12,7,5,1511220100420008,6,2,04,wd,8835440601,279,0.22,1,1,201026128704wd,1511220100420127242,SOUTHERN KINGFISH,,2014.5641913,10,27,201026128704wd,,0,05/04/2021
2010,12,7,5,1511220100420008,6,2,04,wd,8835440104,365,0.46,1,1,201026128704wd,1511220100420127242,WEAKFISH,,3223.302706,14,36,201026128704wd,,0,05/04/2021
2010,12,7,5,1511220100420008,6,2,04,wd,8835440104,365,0.46,1,1,201026128704wd,1511220100420127242,WEAKFISH,,3223.302706,14,36,201026128704wd,,0,05/04/2021
2010,12,7,5,1511220100420008,6,2,04,wd,8835440104,350,0.46,1,1,201026128704wd,1511220100420127242,WEAKFISH,,3223.302706,13,35,201026128704wd,,0,05/04/2021
2010,12,7,5,1511220100420008,6,2,04,wd,8835440601,285,0.22,1,1,201026128704wd,1511220100420127242,SOUTHERN KINGFISH,,2014.5641913,11,28,201026128704wd,,0,05/04/2021
2010,12,7,5,1511220100420008,6,2,04,wd,8835440104,276,0.2,1,1,201026128704wd,1511220100420127242,WEAKFISH,,3223.302706,10,27,201026128704wd,,0,05/04/2021
2010,12,7,5,1511220100420008,6,2,04,wd,8835440601,279,0.22,1,1,201026128704wd,1511220100420127242,SOUTHERN KINGFISH,,2014.5641913,10,27,201026128704wd,,0,05/04/2021
2010,12,7,5,1511220100420008,6,2,04,wd,8835430301,300,0.64,1,1,201026128704wd,1511220100420127242,SHEEPSHEAD,,2014.5641913,11,30,201026128704wd,,0,05/04/2021
2010,12,7,5,1511220100420008,6,2,04,wd,8835020301,346,0.38,1,1,201026128704wd,1511220100420127242,BLACK SEA BASS,,2014.5641913,13,34,201026128704wd,,0,05/04/2021
2010,12,7,5,1511220100420008,6,2,04,wd,8835440104,337,0.38,1,1,201026128704wd,1511220100420127242,WEAKFISH,,3223.302706,13,33,201026128704wd,,0,05/04/2021
2010,12,7,5,1511220100420008,6,2,04,wd,8835020301,330,0.48,1,1,201026128704wd,1511220100420127242,BLACK SEA BASS,,2014.5641913,12,33,201026128704wd,,0,05/04/2021
2010,12,7,5,1511220100420009,6,2,04,wd,,,,0,0,201026128704wd,1511220100420127242,,,2014.5641913,,,201026128704wd,,0,05/04/2021
2010,12,7,5,1511220100420010,6,2,04,wd,,,,0,0,201026128704wd,1511220100420127242,,,2014.5641913,,,201026128704wd,,0,05/04/2021
2010,12,7,5,1511220100420011,6,2,04,wd,,,,0,0,201026128704wd,1511220100420127242,,,2014.5641913,,,201026128704wd,,0,05/04/2021
2010,12,7,1,1511220100420013,6,2,04,wd,8835250101,461,1.3,1,1,201026128704wd,1511220100420127242,BLUEFISH,,1996.3023724,18,46,201026128704wd,,0,05/04/2021
2010,12,7,1,1511220100420013,6,2,04,wd,8835250101,345,0.95,1,1,201026128704wd,1511220100420127242,BLUEFISH,,1996.3023724,13,34,201026128704wd,,0,05/04/2021
2010,12,7,1,1511220100420013,6,2,04,wd,8835250101,345,0.95,1,1,201026128704wd,1511220100420127242,BLUEFISH,,1996.3023724,13,34,201026128704wd,,0,05/04/2021
2010,12,7,5,1511220100420015,6,2,04,wd,8835430301,330,0.8,0,0,201026128704wd,1511220100420127242,SHEEPSHEAD,,2014.5641913,12,33,201026128704wd,,0,05/04/2021
2010,12,7,5,1511220100420015,6,2,04,wd,8835430301,350,0.92,0,0,201026128704wd,1511220100420127242,SHEEPSHEAD,,2014.5641913,13,35,201026128704wd,,0,05/04/2021
2010,12,7,5,1511220100420015,6,2,04,wd,8835430301,325,0.8,0,0,201026128704wd,1511220100420127242,SHEEPSHEAD,,2014.5641913,12,32,201026128704wd,,0,05/04/2021
2010,12,7,5,1511220100420015,6,2,04,wd,8835430301,342,0.98,0,0,201026128704wd,1511220100420127242,SHEEPSHEAD,,2014.5641913,13,34,201026128704wd,,0,05/04/2021
2010,12,7,5,1511220100420016,6,2,04,wd,,,,0,0,201026128704wd,1511220100420127242,,,2014.5641913,,,201026128704wd,,0,05/04/2021
2010,12,7,5,1511220100420017,6,2,04,wd,,,,0,0,201026128704wd,1511220100420127242,,,2014.5641913,,,201026128704wd,,0,05/04/2021
2010,12,7,5,1511220100420018,6,2,04,wd,8835250101,333,0.48,0,0,201026128704wd,1511220100420127242,BLUEFISH,,2014.5641913,13,33,201026128704wd,,0,05/04/2021
2010,12,7,5,1511220100420018,6,2,04,wd,8835430301,281,0.48,0,0,201026128704wd,1511220100420127242,SHEEPSHEAD,,2014.5641913,11,28,201026128704wd,,0,05/04/2021
2010,12,7,5,1511220100420018,6,2,04,wd,8835250101,330,0.44,0,0,201026128704wd,1511220100420127242,BLUEFISH,,2014.5641913,12,33,201026128704wd,,0,05/04/2021
2010,12,7,5,1511220100420019,6,2,04,wd,,,,0,0,201026128704wd,1511220100420127242,,,2014.5641913,,,201026128704wd,,0,05/04/2021
2010,12,7,5,1511220100420020,6,2,04,wd,,,,0,0,201026128704wd,1511220100420127242,,,1846.4044801,,,201026128704wd,,0,05/04/2021
2010,12,7,5,1511220100420022,6,2,04,wd,,,,0,0,201026128704wd,1511220100420127242,,,2014.5641913,,,201026128704wd,,0,05/04/2021
2010,12,7,5,1511220100420023,6,2,04,wd,,,,0,0,201026128704wd,1511220100420127242,,,2014.5641913,,,201026128704wd,,0,05/04/2021
2010,12,7,5,1511220100420024,6,2,04,wd,,,,0,0,201026128704wd,1511220100420127242,,,1846.4044801,,,201026128704wd,,0,05/04/2021
2010,12,7,5,1511220100420025,6,2,04,wd,,,,0,0,201026128704wd,1511220100420127242,,,2014.5641913,,,201026128704wd,,0,05/04/2021
2010,12,7,5,1511220100424001,6,2,04,we,,,,0,0,201026128704we,1511220100424127242,,,1074.8611528,,,201026128704we,,0,05/04/2021
2010,12,7,5,1511220100424002,6,2,04,we,,,,0,0,201026128704we,1511220100424127242,,,1074.8611528,,,201026128704we,,0,05/04/2021
2010,12,7,5,1511220100424003,6,2,04,we,,,,0,0,201026128704we,1511220100424127242,,,1074.8611528,,,201026128704we,,0,05/04/2021
2010,12,7,2,1511220100424005,6,2,04,we,,,,0,0,201026128704we,1511220100424127242,,,1414.6237512,,,201026128704we,,0,05/04/2021
2010,12,7,2,1511220100424006,6,2,04,we,,,,0,0,201026128704we,1511220100424127242,,,1414.6237512,,,201026128704we,,0,05/04/2021
2010,12,7,2,1511220100424007,6,2,04,we,8835440103,267,0.14,0,0,201026128704we,1511220100424127242,SILVER SEATROUT,,1872.5429091,10,26,201026128704we,,0,05/04/2021
2010,12,7,2,1511220100424008,6,2,04,we,,,,0,0,201026128704we,1511220100424127242,,,1872.5429091,,,201026128704we,,0,05/04/2021
2010,12,7,2,1511220100424010,6,2,04,we,8850030601,997.24415824,6.3,1,0,201026128704we,1511220100424127242,WAHOO,,1414.6237512,39,99,201026128704we,,0,05/04/2021
2010,12,7,2,1511220100424012,6,2,04,we,8850030501,785,3.48,0,0,201026128704we,1511220100424127242,KING MACKEREL,,1414.6237512,30,78,201026128704we,,0,05/04/2021
2010,12,7,2,1511220100424013,6,2,04,we,,,,0,0,201026128704we,1511220100424127242,,,1414.6237512,,,201026128704we,,0,05/04/2021
2010,12,7,2,1511220100424014,6,2,04,we,8860020201,413,1.64,0,0,201026128704we,1511220100424127242,GRAY TRIGGERFISH,,1414.6237512,16,41,201026128704we,,0,05/04/2021
2010,12,7,2,1511220100424014,6,2,04,we,8835360501,293,0.5,0,0,201026128704we,1511220100424127242,VERMILION SNAPPER,,1414.6237512,11,29,201026128704we,,0,05/04/2021
2010,12,7,2,1511220100424014,6,2,04,we,8837010104,744.59712464,2.7,1,0,201026128704we,1511220100424127242,GREAT BARRACUDA,,1414.6237512,29,74,201026128704we,,0,05/04/2021
2010,12,7,2,1511220100424014,6,2,04,we,8836010102,324,0.4,1,1,201026128704we,1511220100424127242,WHITE MULLET,,10136.251475,12,32,201026128704we,,0,05/04/2021
2010,12,7,2,1511220100424014,6,2,04,we,8835430505,310,0.84,0,0,201026128704we,1511220100424127242,WHITEBONE PORGY,,1414.6237512,12,31,201026128704we,,0,05/04/2021
2010,12,7,2,1511220100424014,6,2,04,we,8836010102,204,0.12,1,1,201026128704we,1511220100424127242,WHITE MULLET,,10136.251475,8,20,201026128704we,,0,05/04/2021
2010,12,7,2,1511220100424014,6,2,04,we,8836010102,321,0.44,1,1,201026128704we,1511220100424127242,WHITE MULLET,,10136.251475,12,32,201026128704we,,0,05/04/2021
2010,12,7,2,1511220100424014,6,2,04,we,8835430505,299,0.72,0,0,201026128704we,1511220100424127242,WHITEBONE PORGY,,1414.6237512,11,29,201026128704we,,0,05/04/2021
2010,12,7,2,1511220100424014,6,2,04,we,8835360501,286,0.46,0,0,201026128704we,1511220100424127242,VERMILION SNAPPER,,1414.6237512,11,28,201026128704we,,0,05/04/2021
2010,12,7,2,1511220100424014,6,2,04,we,8835360501,308,0.56,0,0,201026128704we,1511220100424127242,VERMILION SNAPPER,,1414.6237512,12,30,201026128704we,,0,05/04/2021
2010,12,7,2,1511220100424014,6,2,04,we,8835360501,285,0.46,0,0,201026128704we,1511220100424127242,VERMILION SNAPPER,,1414.6237512,11,28,201026128704we,,0,05/04/2021
2010,12,7,2,1511220100424014,6,2,04,we,8836010102,226,0.1874363516,1,1,201026128704we,1511220100424127242,WHITE MULLET,,10136.251475,8,22,201026128704we,,0,05/04/2021
2010,12,7,2,1511220100424014,6,2,04,we,8836010102,200,0.11,1,1,201026128704we,1511220100424127242,WHITE MULLET,,10136.251475,7,20,201026128704we,,0,05/04/2021
2010,12,7,2,1511220100424014,6,2,04,we,8835360501,300,0.56,0,0,201026128704we,1511220100424127242,VERMILION SNAPPER,,1414.6237512,11,30,201026128704we,,0,05/04/2021
2010,12,7,2,1511220100424014,6,2,04,we,8835360501,280,0.46,0,0,201026128704we,1511220100424127242,VERMILION SNAPPER,,1414.6237512,11,28,201026128704we,,0,05/04/2021
2010,12,7,2,1511220100424014,6,2,04,we,8835360501,278,0.47,0,0,201026128704we,1511220100424127242,VERMILION SNAPPER,,1414.6237512,10,27,201026128704we,,0,05/04/2021
2010,12,7,2,1511220100424014,6,2,04,we,8835430505,290,0.68,0,0,201026128704we,1511220100424127242,WHITEBONE PORGY,,1414.6237512,11,29,201026128704we,,0,05/04/2021
2010,12,7,2,1511220100424014,6,2,04,we,8835280901,278,0.56,0,0,201026128704we,1511220100424127242,FLORIDA POMPANO,,1414.6237512,10,27,201026128704we,,0,05/04/2021
2010,12,7,2,1511220100424014,6,2,04,we,8835360501,314,0.64,0,0,201026128704we,1511220100424127242,VERMILION SNAPPER,,1414.6237512,12,31,201026128704we,,0,05/04/2021
2010,12,7,2,1511220100424014,6,2,04,we,8835280901,302,0.58,0,0,201026128704we,1511220100424127242,FLORIDA POMPANO,,1414.6237512,11,30,201026128704we,,0,05/04/2021
2010,12,7,2,1511220100424014,6,2,04,we,8835360501,290,0.44,0,0,201026128704we,1511220100424127242,VERMILION SNAPPER,,1414.6237512,11,29,201026128704we,,0,05/04/2021
2010,12,7,2,1511220100424014,6,2,04,we,8835280901,280,0.54,0,0,201026128704we,1511220100424127242,FLORIDA POMPANO,,1414.6237512,11,28,201026128704we,,0,05/04/2021
2010,12,7,2,1511220100424015,6,2,04,we,,,,0,0,201026128704we,1511220100424127242,,,3475.2599617,,,201026128704we,,0,05/04/2021
2010,12,7,5,1511220100424016,6,2,04,we,8835430301,252,0.44,0,0,201026128704we,1511220100424127242,SHEEPSHEAD,,1074.8611528,9,25,201026128704we,,0,05/04/2021
2010,12,7,5,1511220100424016,6,2,04,we,8835430301,238,0.38,0,0,201026128704we,1511220100424127242,SHEEPSHEAD,,1074.8611528,9,23,201026128704we,,0,05/04/2021
2010,12,7,5,1511220100424016,6,2,04,we,8835430301,275,0.54,0,0,201026128704we,1511220100424127242,SHEEPSHEAD,,1074.8611528,10,27,201026128704we,,0,05/04/2021
2010,12,7,5,1511220100424017,6,2,04,we,,,,0,0,201026128704we,1511220100424127242,,,1074.8611528,,,201026128704we,,0,05/04/2021
2010,12,7,5,1511220100424018,6,2,04,we,,,,0,0,201026128704we,1511220100424127242,,,1074.8611528,,,201026128704we,,0,05/04/2021
2010,12,7,2,1511220100424019,6,2,04,we,8835290101,872,6.48,0,0,201026128704we,1511220100424127242,DOLPHIN,,5535.8961723,34,87,201026128704we,,0,05/04/2021
2010,12,7,2,1511220100424023,6,2,04,we,8835290101,872,6.48,1,1,201026128704we,1511220100424127242,DOLPHIN,,1872.5429091,34,87,201026128704we,,0,05/04/2021
2010,12,7,2,1511220100424023,6,2,04,we,8835290101,668,2.6735367514,1,1,201026128704we,1511220100424127242,DOLPHIN,,1872.5429091,26,66,201026128704we,,0,05/04/2021
2010,12,7,2,1511220100424023,6,2,04,we,8835290101,490,1.08,1,1,201026128704we,1511220100424127242,DOLPHIN,,1872.5429091,19,49,201026128704we,,0,05/04/2021
2010,12,7,2,1511220100424024,6,2,04,we,,,,0,0,201026128704we,1511220100424127242,,,2788.3812249,,,201026128704we,,0,05/04/2021
2010,12,7,5,1511220100424025,6,2,04,we,,,,0,0,201026128704we,1511220100424127242,,,1074.8611528,,,201026128704we,,0,05/04/2021
2010,12,7,5,1511220100424026,6,2,04,we,,,,0,0,201026128704we,1511220100424127242,,,1074.8611528,,,201026128704we,,0,05/04/2021
2010,12,7,1,1511220100424028,6,2,04,we,8835260101,1112,16.36,1,1,201026128704we,1511220100424127242,COBIA,,1065.1176461,43,111,201026128704we,,0,05/04/2021
2010,12,7,1,1511220100424029,6,2,04,we,8835260101,931,9.42,1,1,201026128704we,1511220100424127242,COBIA,,1065.1176461,36,93,201026128704we,,0,05/04/2021
2010,12,7,5,1511220100430001,6,2,04,wd,8835440102,442,0.84,0,0,201026128704wd,1511220100430127522,SPOTTED SEATROUT,,7314.0516848,17,44,201026128704wd,,0,05/04/2021
2010,12,7,5,1511220100430002,6,2,04,wd,,,,0,0,201026128704wd,1511220100430127522,,,7314.0516848,,,201026128704wd,,0,05/04/2021
2010,12,7,5,1511220100430003,6,2,04,wd,,,,0,0,201026128704wd,1511220100430127522,,,13407.06626,,,201026128704wd,,0,05/04/2021
2010,12,7,5,1511220100430004,6,2,04,wd,,,,0,0,201026128704wd,1511220100430127522,,,7314.0516848,,,201026128704wd,,0,05/04/2021
2010,12,7,5,1511220100430008,6,2,04,wd,,,,0,0,201026128704wd,1511220100430127522,,,7314.0516848,,,201026128704wd,,0,05/04/2021
2010,12,7,5,1511220100430010,6,2,04,wd,,,,0,0,201026128704wd,1511220100430127522,,,7314.0516848,,,201026128704wd,,0,05/04/2021
2010,12,7,5,1511220100430011,6,2,04,wd,,,,0,0,201026128704wd,1511220100430127522,,,7314.0516848,,,201026128704wd,,0,05/04/2021
2010,12,7,5,1511220100430012,6,2,04,wd,,,,0,0,201026128704wd,1511220100430127522,,,7314.0516848,,,201026128704wd,,0,05/04/2021
2010,12,7,5,1511220100430013,6,2,04,wd,,,,0,0,201026128704wd,1511220100430127522,,,7314.0516848,,,201026128704wd,,0,05/04/2021
2010,12,7,5,1511220100430016,6,2,04,wd,,,,0,0,201026128704wd,1511220100430127522,,,7314.0516848,,,201026128704wd,,0,05/04/2021
2010,12,7,5,1515620100306001,6,2,03,we,8835440901,635,2.7,0,0,201026128703we,1515620100306893362,RED DRUM,,8386.255387,24,63,201026128703we,,0,05/04/2021
2010,12,7,5,1515620100306001,6,2,03,we,8835440901,578,2.3,0,0,201026128703we,1515620100306893362,RED DRUM,,8386.255387,22,57,201026128703we,,0,05/04/2021
2010,12,7,5,1515620100306006,6,2,03,we,,,,0,0,201026128703we,1515620100306893276,,,6661.0503976,,,201026128703we,,0,05/04/2021
2010,12,7,5,1515620100306007,6,2,03,we,,,,0,0,201026128703we,1515620100306893276,,,6661.0503976,,,201026128703we,,0,05/04/2021
2010,12,7,5,1515620100306008,6,2,03,we,8835440901,461,1.12,0,0,201026128703we,1515620100306893276,RED DRUM,,6661.0503976,18,46,201026128703we,,0,05/04/2021
2010,12,7,5,1515620100306008,6,2,03,we,8835440102,516,1.4,0,0,201026128703we,1515620100306893276,SPOTTED SEATROUT,,6661.0503976,20,51,201026128703we,,0,05/04/2021
2010,12,7,5,1515620100306008,6,2,03,we,8835440801,434,1.28,0,0,201026128703we,1515620100306893276,BLACK DRUM,,6661.0503976,17,43,201026128703we,,0,05/04/2021
2010,12,7,5,1515620100306008,6,2,03,we,8835440901,455,0.98,0,0,201026128703we,1515620100306893276,RED DRUM,,6661.0503976,17,45,201026128703we,,0,05/04/2021
2010,12,7,5,1515620100306008,6,2,03,we,8835430301,351,1.02,0,0,201026128703we,1515620100306893276,SHEEPSHEAD,,6661.0503976,13,35,201026128703we,,0,05/04/2021
2010,12,7,5,1515620100309001,6,2,03,wd,8835440801,442,1.3,0,0,201026128703wd,1515620100309893132,BLACK DRUM,,5973.9281937,17,44,201026128703wd,,0,05/04/2021
2010,12,7,5,1515620100309001,6,2,03,wd,8835440801,410,1.02,0,0,201026128703wd,1515620100309893132,BLACK DRUM,,5973.9281937,16,41,201026128703wd,,0,05/04/2021
2010,12,7,5,1515620100309001,6,2,03,wd,8835430301,399,1.56,0,0,201026128703wd,1515620100309893132,SHEEPSHEAD,,5973.9281937,15,39,201026128703wd,,0,05/04/2021
2010,12,7,5,1515620100309001,6,2,03,wd,8835440801,407,1.04,0,0,201026128703wd,1515620100309893132,BLACK DRUM,,5973.9281937,16,40,201026128703wd,,0,05/04/2021
2010,12,7,5,1515620100309001,6,2,03,wd,8835440901,626,2.82,0,0,201026128703wd,1515620100309893132,RED DRUM,,5973.9281937,24,62,201026128703wd,,0,05/04/2021
2010,12,7,5,1515620100309003,6,2,03,wd,8835440601,262,0.18,1,1,201026128703wd,1515620100309893132,SOUTHERN KINGFISH,,31064.426607,10,26,201026128703wd,,0,05/04/2021
2010,12,7,5,1515620100309003,6,2,03,wd,8835440601,268,0.18,1,1,201026128703wd,1515620100309893132,SOUTHERN KINGFISH,,31064.426607,10,26,201026128703wd,,0,05/04/2021
2010,12,7,5,1515620100309003,6,2,03,wd,8835440601,262,0.18,1,1,201026128703wd,1515620100309893132,SOUTHERN KINGFISH,,31064.426607,10,26,201026128703wd,,0,05/04/2021
2010,12,7,5,1515620100309003,6,2,03,wd,8835440601,272,0.22,1,1,201026128703wd,1515620100309893132,SOUTHERN KINGFISH,,31064.426607,10,27,201026128703wd,,0,05/04/2021
2010,12,7,5,1515620100309003,6,2,03,wd,8835440601,277,0.18,1,1,201026128703wd,1515620100309893132,SOUTHERN KINGFISH,,31064.426607,10,27,201026128703wd,,0,05/04/2021
2010,12,7,5,1515620100309004,6,2,03,wd,8835440601,272,0.24,1,1,201026128703wd,1515620100309893132,SOUTHERN KINGFISH,,19116.57022,10,27,201026128703wd,,0,05/04/2021
2010,12,7,5,1515620100309004,6,2,03,wd,8835440601,335,0.38,1,1,201026128703wd,1515620100309893132,SOUTHERN KINGFISH,,19116.57022,13,33,201026128703wd,,0,05/04/2021
2010,12,7,5,1515620100309004,6,2,03,wd,8835440601,324,0.32,1,1,201026128703wd,1515620100309893132,SOUTHERN KINGFISH,,19116.57022,12,32,201026128703wd,,0,05/04/2021
2010,12,7,5,1515620100309004,6,2,03,wd,8835440601,303,0.28,1,1,201026128703wd,1515620100309893132,SOUTHERN KINGFISH,,19116.57022,11,30,201026128703wd,,0,05/04/2021
2010,12,7,5,1515620100309004,6,2,03,wd,8835440601,272,0.24,1,1,201026128703wd,1515620100309893132,SOUTHERN KINGFISH,,19116.57022,10,27,201026128703wd,,0,05/04/2021
2010,12,7,5,1515620100309005,6,2,03,wd,,,,0,0,201026128703wd,1515620100309893132,,,5973.9281937,,,201026128703wd,,0,05/04/2021
2010,12,7,5,1515620100309006,6,2,03,wd,,,,0,0,201026128703wd,1515620100309893132,,,5973.9281937,,,201026128703wd,,0,05/04/2021
2010,12,7,1,1515620100309007,6,2,03,wd,8835440601,268,0.22,0,0,201026128703wd,1515620100309893132,SOUTHERN KINGFISH,,9401.9958171,10,26,201026128703wd,,0,05/04/2021
2010,12,7,1,1515620100309007,6,2,03,wd,8835440601,281,0.22,1,1,201026128703wd,1515620100309893132,SOUTHERN KINGFISH,,9401.9958171,11,28,201026128703wd,,0,05/04/2021
2010,12,7,1,1515620100309007,6,2,03,wd,8835440601,295,0.32,0,0,201026128703wd,1515620100309893132,SOUTHERN KINGFISH,,9401.9958171,11,29,201026128703wd,,0,05/04/2021
2010,12,7,1,1515620100309007,6,2,03,wd,8835440601,264,0.18,0,0,201026128703wd,1515620100309893132,SOUTHERN KINGFISH,,9401.9958171,10,26,201026128703wd,,0,05/04/2021
2010,12,7,1,1515620100309007,6,2,03,wd,8835440601,242,0.14,0,0,201026128703wd,1515620100309893132,SOUTHERN KINGFISH,,9401.9958171,9,24,201026128703wd,,0,05/04/2021
2010,12,7,1,1515620100309007,6,2,03,wd,8835440601,257,0.16,0,0,201026128703wd,1515620100309893132,SOUTHERN KINGFISH,,9401.9958171,10,25,201026128703wd,,0,05/04/2021
2010,12,7,1,1515620100309007,6,2,03,wd,8835440601,257,0.16,1,1,201026128703wd,1515620100309893132,SOUTHERN KINGFISH,,9401.9958171,10,25,201026128703wd,,0,05/04/2021
2010,12,7,1,1515620100309007,6,2,03,wd,8835440601,219,0.1,0,0,201026128703wd,1515620100309893132,SOUTHERN KINGFISH,,9401.9958171,8,21,201026128703wd,,0,05/04/2021
2010,12,7,1,1515620100309007,6,2,03,wd,8835440601,255,0.14,1,1,201026128703wd,1515620100309893132,SOUTHERN KINGFISH,,9401.9958171,10,25,201026128703wd,,0,05/04/2021
2010,12,7,1,1515620100309007,6,2,03,wd,8835440601,258,0.14,0,0,201026128703wd,1515620100309893132,SOUTHERN KINGFISH,,9401.9958171,10,25,201026128703wd,,0,05/04/2021
2010,12,7,1,1515620100309007,6,2,03,wd,8835440601,267,0.16,0,0,201026128703wd,1515620100309893132,SOUTHERN KINGFISH,,9401.9958171,10,26,201026128703wd,,0,05/04/2021
2010,12,7,1,1515620100309007,6,2,03,wd,8835440601,244,0.12,0,0,201026128703wd,1515620100309893132,SOUTHERN KINGFISH,,9401.9958171,9,24,201026128703wd,,0,05/04/2021
2010,12,7,1,1515620100309007,6,2,03,wd,8835440601,258,0.16,0,0,201026128703wd,1515620100309893132,SOUTHERN KINGFISH,,9401.9958171,10,25,201026128703wd,,0,05/04/2021
2010,12,7,1,1515620100309007,6,2,03,wd,8835440601,219,0.08,0,0,201026128703wd,1515620100309893132,SOUTHERN KINGFISH,,9401.9958171,8,21,201026128703wd,,0,05/04/2021
2010,12,7,1,1515620100309007,6,2,03,wd,8835440601,242,0.14,0,0,201026128703wd,1515620100309893132,SOUTHERN KINGFISH,,9401.9958171,9,24,201026128703wd,,0,05/04/2021
2010,12,7,1,1515620100309007,6,2,03,wd,8835440601,288,0.22,0,0,201026128703wd,1515620100309893132,SOUTHERN KINGFISH,,9401.9958171,11,28,201026128703wd,,0,05/04/2021
2010,12,7,1,1515620100309007,6,2,03,wd,8835440601,288,0.24,0,0,201026128703wd,1515620100309893132,SOUTHERN KINGFISH,,9401.9958171,11,28,201026128703wd,,0,05/04/2021
2010,12,7,1,1515620100309007,6,2,03,wd,8835440601,226,0.1,0,0,201026128703wd,1515620100309893132,SOUTHERN KINGFISH,,9401.9958171,8,22,201026128703wd,,0,05/04/2021
2010,12,7,1,1515620100309007,6,2,03,wd,8835440601,247,0.14,0,0,201026128703wd,1515620100309893132,SOUTHERN KINGFISH,,9401.9958171,9,24,201026128703wd,,0,05/04/2021
2010,12,7,1,1515620100309007,6,2,03,wd,8835440601,254,0.16,0,0,201026128703wd,1515620100309893132,SOUTHERN KINGFISH,,9401.9958171,9,25,201026128703wd,,0,05/04/2021
2010,12,7,1,1515620100309007,6,2,03,wd,8835440601,232,0.14,1,1,201026128703wd,1515620100309893132,SOUTHERN KINGFISH,,9401.9958171,9,23,201026128703wd,,0,05/04/2021
2010,12,7,1,1515620100309007,6,2,03,wd,8835440601,250,0.16,0,0,201026128703wd,1515620100309893132,SOUTHERN KINGFISH,,9401.9958171,9,25,201026128703wd,,0,05/04/2021
2010,12,7,1,1515620100309007,6,2,03,wd,8835440601,232,0.14,0,0,201026128703wd,1515620100309893132,SOUTHERN KINGFISH,,9401.9958171,9,23,201026128703wd,,0,05/04/2021
2010,12,7,1,1515620100309007,6,2,03,wd,8835440601,242,0.16,0,0,201026128703wd,1515620100309893132,SOUTHERN KINGFISH,,9401.9958171,9,24,201026128703wd,,0,05/04/2021
2010,12,7,1,1515620100309007,6,2,03,wd,8835440601,281,0.22,0,0,201026128703wd,1515620100309893132,SOUTHERN KINGFISH,,9401.9958171,11,28,201026128703wd,,0,05/04/2021
2010,12,7,1,1515620100309007,6,2,03,wd,8835440601,272,0.18,0,0,201026128703wd,1515620100309893132,SOUTHERN KINGFISH,,9401.9958171,10,27,201026128703wd,,0,05/04/2021
2010,12,7,1,1515620100309007,6,2,03,wd,8835440601,276,0.18,0,0,201026128703wd,1515620100309893132,SOUTHERN KINGFISH,,9401.9958171,10,27,201026128703wd,,0,05/04/2021
2010,12,7,1,1515620100309007,6,2,03,wd,8835440601,261,0.18,0,0,201026128703wd,1515620100309893132,SOUTHERN KINGFISH,,9401.9958171,10,26,201026128703wd,,0,05/04/2021
2010,12,7,1,1515620100309007,6,2,03,wd,8835440601,237,0.14,0,0,201026128703wd,1515620100309893132,SOUTHERN KINGFISH,,9401.9958171,9,23,201026128703wd,,0,05/04/2021
2010,12,7,1,1515620100309007,6,2,03,wd,8835440601,247,0.16,0,0,201026128703wd,1515620100309893132,SOUTHERN KINGFISH,,9401.9958171,9,24,201026128703wd,,0,05/04/2021
2010,12,7,1,1515620100309007,6,2,03,wd,8835440601,236,0.14,0,0,201026128703wd,1515620100309893132,SOUTHERN KINGFISH,,9401.9958171,9,23,201026128703wd,,0,05/04/2021
2010,12,7,1,1515620100309007,6,2,03,wd,8835440601,286,0.26,0,0,201026128703wd,1515620100309893132,SOUTHERN KINGFISH,,9401.9958171,11,28,201026128703wd,,0,05/04/2021
2010,12,7,1,1515620100309007,6,2,03,wd,8835440601,255,0.14,0,0,201026128703wd,1515620100309893132,SOUTHERN KINGFISH,,9401.9958171,10,25,201026128703wd,,0,05/04/2021
2010,12,7,1,1515620100309007,6,2,03,wd,8835440601,240,0.12,0,0,201026128703wd,1515620100309893132,SOUTHERN KINGFISH,,9401.9958171,9,24,201026128703wd,,0,05/04/2021
2010,12,7,1,1515620100309008,6,2,03,wd,,,,0,0,201026128703wd,1515620100309893132,,,5919.7751441,,,201026128703wd,,0,05/04/2021
2010,12,7,1,1515620100309009,6,2,03,wd,,,,0,0,201026128703wd,1515620100309893132,,,5919.7751441,,,201026128703wd,,0,05/04/2021
2010,12,7,2,1515620100309011,6,2,03,wd,8835430301,328,0.76,0,0,201026128703wd,1515620100309893132,SHEEPSHEAD,,7862.2812709,12,32,201026128703wd,,0,05/04/2021
2010,12,7,2,1515620100309011,6,2,03,wd,8835430301,436,2,0,0,201026128703wd,1515620100309893132,SHEEPSHEAD,,7862.2812709,17,43,201026128703wd,,0,05/04/2021
2010,12,7,2,1515620100309011,6,2,03,wd,8835430301,310,0.7,0,0,201026128703wd,1515620100309893132,SHEEPSHEAD,,7862.2812709,12,31,201026128703wd,,0,05/04/2021
2010,12,7,2,1515620100309011,6,2,03,wd,8835430301,349,0.96,0,0,201026128703wd,1515620100309893132,SHEEPSHEAD,,7862.2812709,13,34,201026128703wd,,0,05/04/2021
2010,12,7,2,1515620100309011,6,2,03,wd,8835430301,410,1.62,0,0,201026128703wd,1515620100309893132,SHEEPSHEAD,,7862.2812709,16,41,201026128703wd,,0,05/04/2021
2010,12,7,2,1515620100309011,6,2,03,wd,8835430301,309,0.62,0,0,201026128703wd,1515620100309893132,SHEEPSHEAD,,7862.2812709,12,30,201026128703wd,,0,05/04/2021
2010,12,7,2,1515620100309011,6,2,03,wd,8835430301,325,0.8,0,0,201026128703wd,1515620100309893132,SHEEPSHEAD,,7862.2812709,12,32,201026128703wd,,0,05/04/2021
2010,12,7,2,1515620100309011,6,2,03,wd,8835430301,321,0.8,0,0,201026128703wd,1515620100309893132,SHEEPSHEAD,,7862.2812709,12,32,201026128703wd,,0,05/04/2021
2010,12,7,2,1515620100309011,6,2,03,wd,8835430301,349,1,0,0,201026128703wd,1515620100309893132,SHEEPSHEAD,,7862.2812709,13,34,201026128703wd,,0,05/04/2021
2010,12,7,2,1515620100309011,6,2,03,wd,8835430301,332,0.9,0,0,201026128703wd,1515620100309893132,SHEEPSHEAD,,7862.2812709,13,33,201026128703wd,,0,05/04/2021
2010,12,7,2,1515620100309011,6,2,03,wd,8835430301,447,2.02,0,0,201026128703wd,1515620100309893132,SHEEPSHEAD,,7862.2812709,17,44,201026128703wd,,0,05/04/2021
2010,12,7,2,1515620100309011,6,2,03,wd,8835430301,306,0.66,0,0,201026128703wd,1515620100309893132,SHEEPSHEAD,,7862.2812709,12,30,201026128703wd,,0,05/04/2021
2010,12,7,2,1515620100309012,6,2,03,wd,,,,0,0,201026128703wd,1515620100309893132,,,7862.2812709,,,201026128703wd,,0,05/04/2021
2010,12,7,2,1515620100309013,6,2,03,wd,,,,0,0,201026128703wd,1515620100309893132,,,7862.2812709,,,201026128703wd,,0,05/04/2021
2010,12,7,5,1515620100313003,6,2,03,we,8835440901,459,1,0,0,201026128703we,151562010031331155,RED DRUM,,2140.3578855,18,45,201026128703we,,0,05/04/2021
2010,12,7,5,1515620100313003,6,2,03,we,8835440801,435,1.3,0,0,201026128703we,151562010031331155,BLACK DRUM,,2140.3578855,17,43,201026128703we,,0,05/04/2021
2010,12,7,5,1515620100313004,6,2,03,we,8835440901,550,1.92,0,0,201026128703we,151562010031331155,RED DRUM,,2140.3578855,21,55,201026128703we,,0,05/04/2021
2010,12,7,5,1515620100313005,6,2,03,we,8835430301,295,0.68,0,0,201026128703we,151562010031331155,SHEEPSHEAD,,2140.3578855,11,29,201026128703we,,0,05/04/2021
2010,12,7,5,1515620100313005,6,2,03,we,8835430301,424,1.94,0,0,201026128703we,151562010031331155,SHEEPSHEAD,,2140.3578855,16,42,201026128703we,,0,05/04/2021
2010,12,7,5,1515620100313005,6,2,03,we,8835430301,314,0.76,0,0,201026128703we,151562010031331155,SHEEPSHEAD,,2140.3578855,12,31,201026128703we,,0,05/04/2021
2010,12,7,5,1515620100313005,6,2,03,we,8835430301,351,1.18,0,0,201026128703we,151562010031331155,SHEEPSHEAD,,2140.3578855,13,35,201026128703we,,0,05/04/2021
2010,12,7,5,1515620100313005,6,2,03,we,8835430301,326,0.92,0,0,201026128703we,151562010031331155,SHEEPSHEAD,,2140.3578855,12,32,201026128703we,,0,05/04/2021
2010,12,7,5,1515620100313006,6,2,03,we,,,,0,0,201026128703we,151562010031331155,,,2140.3578855,,,201026128703we,,0,05/04/2021
2010,12,7,5,1515620100313007,6,2,03,we,,,,0,0,201026128703we,151562010031331155,,,2140.3578855,,,201026128703we,,0,05/04/2021
2010,12,7,5,1515620100313008,6,2,03,we,8835440601,268,0.18,0,0,201026128703we,1515620100313311682,SOUTHERN KINGFISH,,748.71999946,10,26,201026128703we,,0,05/04/2021
2010,12,7,5,1515620100313008,6,2,03,we,8835440601,272,0.22,0,0,201026128703we,1515620100313311682,SOUTHERN KINGFISH,,748.71999946,10,27,201026128703we,,0,05/04/2021
2010,12,7,5,1515620100313008,6,2,03,we,8835440601,316,0.34,0,0,201026128703we,1515620100313311682,SOUTHERN KINGFISH,,748.71999946,12,31,201026128703we,,0,05/04/2021
2010,12,7,5,1515620100313008,6,2,03,we,8835440601,285,0.22,0,0,201026128703we,1515620100313311682,SOUTHERN KINGFISH,,748.71999946,11,28,201026128703we,,0,05/04/2021
2010,12,7,5,1515620100313008,6,2,03,we,8835440601,297,0.3,0,0,201026128703we,1515620100313311682,SOUTHERN KINGFISH,,748.71999946,11,29,201026128703we,,0,05/04/2021
2010,12,7,5,1515620100313008,6,2,03,we,8835440601,277,0.18,0,0,201026128703we,1515620100313311682,SOUTHERN KINGFISH,,748.71999946,10,27,201026128703we,,0,05/04/2021
2010,12,7,5,1515620100313008,6,2,03,we,8835440601,279,0.22,0,0,201026128703we,1515620100313311682,SOUTHERN KINGFISH,,748.71999946,10,27,201026128703we,,0,05/04/2021
2010,12,7,5,1515620100313008,6,2,03,we,8835440601,300,0.3,0,0,201026128703we,1515620100313311682,SOUTHERN KINGFISH,,748.71999946,11,30,201026128703we,,0,05/04/2021
2010,12,7,5,1515620100313008,6,2,03,we,8835440601,285,0.26,0,0,201026128703we,1515620100313311682,SOUTHERN KINGFISH,,748.71999946,11,28,201026128703we,,0,05/04/2021
2010,12,7,5,1515620100313008,6,2,03,we,8835440601,262,0.18,0,0,201026128703we,1515620100313311682,SOUTHERN KINGFISH,,748.71999946,10,26,201026128703we,,0,05/04/2021
2010,12,7,5,1515620100313008,6,2,03,we,8835430301,311,0.9,0,0,201026128703we,1515620100313311682,SHEEPSHEAD,,748.71999946,12,31,201026128703we,,0,05/04/2021
2010,12,7,5,1515620100313008,6,2,03,we,8835430301,311,0.76,0,0,201026128703we,1515620100313311682,SHEEPSHEAD,,748.71999946,12,31,201026128703we,,0,05/04/2021
2010,12,7,5,1515620100313009,6,2,03,we,,,,0,0,201026128703we,1515620100313311682,,,748.71999946,,,201026128703we,,0,05/04/2021
2010,12,7,5,1515620100313010,6,2,03,we,8835440801,390,0.82,0,0,201026128703we,1515620100313311682,BLACK DRUM,,748.71999946,15,39,201026128703we,,0,05/04/2021
2010,12,7,5,1515620100313011,6,2,03,we,,,,0,0,201026128703we,1515620100313311682,,,987.9429776,,,201026128703we,,0,05/04/2021
2010,12,7,5,1515620100313012,6,2,03,we,8835440601,303,0.28,0,0,201026128703we,1515620100313311682,SOUTHERN KINGFISH,,748.71999946,11,30,201026128703we,,0,05/04/2021
2010,12,7,5,1515620100313012,6,2,03,we,8835440104,276,0.2,0,0,201026128703we,1515620100313311682,WEAKFISH,,748.71999946,10,27,201026128703we,,0,05/04/2021
2010,12,7,5,1515620100313012,6,2,03,we,8835440104,331,0.36,0,0,201026128703we,1515620100313311682,WEAKFISH,,748.71999946,13,33,201026128703we,,0,05/04/2021
2010,12,7,5,1515620100313016,6,2,03,we,,,,0,0,201026128703we,1515620100313311682,,,686.22284033,,,201026128703we,,0,05/04/2021
2010,12,7,5,1515620100313017,6,2,03,we,8835440601,272,0.24,0,0,201026128703we,1515620100313311682,SOUTHERN KINGFISH,,748.71999946,10,27,201026128703we,,0,05/04/2021
2010,12,7,5,1515620100313017,6,2,03,we,8835440102,402,0.68,0,0,201026128703we,1515620100313311682,SPOTTED SEATROUT,,748.71999946,15,40,201026128703we,,0,05/04/2021
2010,12,7,5,1515620100313017,6,2,03,we,8835440102,382,0.42,0,0,201026128703we,1515620100313311682,SPOTTED SEATROUT,,748.71999946,15,38,201026128703we,,0,05/04/2021
2010,12,7,5,1515620100313019,6,2,03,we,8835440601,313,0.32,1,1,201026128703we,1515620100313311682,SOUTHERN KINGFISH,,5241.0399962,12,31,201026128703we,,0,05/04/2021
2010,12,7,5,1515620100313019,6,2,03,we,8835440601,289,0.3,1,1,201026128703we,1515620100313311682,SOUTHERN KINGFISH,,5241.0399962,11,28,201026128703we,,0,05/04/2021
2010,12,7,5,1515620100313019,6,2,03,we,8835440601,289,0.3,1,1,201026128703we,1515620100313311682,SOUTHERN KINGFISH,,5241.0399962,11,28,201026128703we,,0,05/04/2021
2010,12,7,5,1515620100313019,6,2,03,we,8835440601,300,0.26,1,1,201026128703we,1515620100313311682,SOUTHERN KINGFISH,,5241.0399962,11,30,201026128703we,,0,05/04/2021
2010,12,7,5,1515620100313019,6,2,03,we,8835440601,308,0.3,1,1,201026128703we,1515620100313311682,SOUTHERN KINGFISH,,5241.0399962,12,30,201026128703we,,0,05/04/2021
2010,12,7,5,1515620100313020,6,2,03,we,8835440601,278,0.2,1,1,201026128703we,1515620100313311682,SOUTHERN KINGFISH,,4192.831997,10,27,201026128703we,,0,05/04/2021
2010,12,7,5,1515620100313020,6,2,03,we,8835440601,263,0.2,1,1,201026128703we,1515620100313311682,SOUTHERN KINGFISH,,4192.831997,10,26,201026128703we,,0,05/04/2021
2010,12,7,5,1515620100313020,6,2,03,we,8835440601,273,0.2,1,1,201026128703we,1515620100313311682,SOUTHERN KINGFISH,,4192.831997,10,27,201026128703we,,0,05/04/2021
2010,12,7,5,1515620100313020,6,2,03,we,8835440601,276,0.22,1,1,201026128703we,1515620100313311682,SOUTHERN KINGFISH,,4192.831997,10,27,201026128703we,,0,05/04/2021
2010,12,7,5,1515620100313020,6,2,03,we,8835440601,276,0.22,1,1,201026128703we,1515620100313311682,SOUTHERN KINGFISH,,4192.831997,10,27,201026128703we,,0,05/04/2021
2010,12,7,5,1515620100313021,6,2,03,we,8835440601,278,0.2,1,1,201026128703we,1515620100313311682,SOUTHERN KINGFISH,,2246.1599984,10,27,201026128703we,,0,05/04/2021
2010,12,7,5,1515620100313021,6,2,03,we,8835440601,244,0.14,1,1,201026128703we,1515620100313311682,SOUTHERN KINGFISH,,2246.1599984,9,24,201026128703we,,0,05/04/2021
2010,12,7,5,1515620100313021,6,2,03,we,8835440601,268,0.2,1,1,201026128703we,1515620100313311682,SOUTHERN KINGFISH,,2246.1599984,10,26,201026128703we,,0,05/04/2021
2010,12,7,5,1515620100313021,6,2,03,we,8835440601,256,0.18,1,1,201026128703we,1515620100313311682,SOUTHERN KINGFISH,,2246.1599984,10,25,201026128703we,,0,05/04/2021
2010,12,7,5,1515620100313021,6,2,03,we,8835440601,262,0.18,1,1,201026128703we,1515620100313311682,SOUTHERN KINGFISH,,2246.1599984,10,26,201026128703we,,0,05/04/2021
2010,12,7,5,1515620100315006,6,2,03,wd,,,,0,0,201026128703wd,151562010031531155,,,2030.4691948,,,201026128703wd,,0,05/04/2021
2010,12,7,5,1515620100315007,6,2,03,wd,8835440901,497,1.34,0,0,201026128703wd,151562010031531155,RED DRUM,,1860.9818611,19,49,201026128703wd,,0,05/04/2021
2010,12,7,5,1515620100315007,6,2,03,wd,8835440801,481,1.88,0,0,201026128703wd,151562010031531155,BLACK DRUM,,1860.9818611,18,48,201026128703wd,,0,05/04/2021
2010,12,7,5,1515620100315007,6,2,03,wd,8835440801,401,1.02,0,0,201026128703wd,151562010031531155,BLACK DRUM,,1860.9818611,15,40,201026128703wd,,0,05/04/2021
2010,12,7,5,1515620100315007,6,2,03,wd,8835440801,349,0.66,0,0,201026128703wd,151562010031531155,BLACK DRUM,,1860.9818611,13,34,201026128703wd,,0,05/04/2021
2010,12,7,5,1515620100315009,6,2,03,wd,8835440601,335,0.38,0,0,201026128703wd,151562010031531155,SOUTHERN KINGFISH,,1860.9818611,13,33,201026128703wd,,0,05/04/2021
2010,12,7,5,1515620100315010,6,2,03,wd,,,,0,0,201026128703wd,151562010031531155,,,1860.9818611,,,201026128703wd,,0,05/04/2021
2010,12,7,5,1515620100317001,6,2,03,wd,8835430301,350,1.14,0,0,201026128703wd,151562010031731369,SHEEPSHEAD,,3445.2078975,13,35,201026128703wd,,0,05/04/2021
2010,12,7,5,1515620100317001,6,2,03,wd,8835430301,331,1,0,0,201026128703wd,151562010031731369,SHEEPSHEAD,,3445.2078975,13,33,201026128703wd,,0,05/04/2021
2010,12,7,5,1515620100317003,6,2,03,wd,8835430301,343,1.5,0,0,201026128703wd,151562010031731369,SHEEPSHEAD,,3445.2078975,13,34,201026128703wd,,0,05/04/2021
2010,12,7,5,1515620100328001,6,2,03,we,,,,0,0,201026128703we,151562010032831369,,,1426.9069237,,,201026128703we,,0,05/04/2021
2010,12,7,5,1515620100328008,6,2,03,we,8835440106,325,0.34,0,0,201026128703we,151562010032831369,SAND SEATROUT,,1426.9069237,12,32,201026128703we,,0,05/04/2021
2010,12,7,5,1515620100328008,6,2,03,we,8835440106,308,0.28,0,0,201026128703we,151562010032831369,SAND SEATROUT,,1426.9069237,12,30,201026128703we,,0,05/04/2021
2010,12,7,5,1515620100328009,6,2,03,we,,,,0,0,201026128703we,151562010032831369,,,1426.9069237,,,201026128703we,,0,05/04/2021
2010,12,7,1,1515620100404002,6,2,04,we,8835440601,274,0.24,0,0,201026128704we,1515620100404893132,SOUTHERN KINGFISH,,1174.3440118,10,27,201026128704we,,0,05/04/2021
2010,12,7,1,1515620100404002,6,2,04,we,8835440601,248,0.16,0,0,201026128704we,1515620100404893132,SOUTHERN KINGFISH,,1174.3440118,9,24,201026128704we,,0,05/04/2021
2010,12,7,1,1515620100404002,6,2,04,we,8835440601,273,0.2,0,0,201026128704we,1515620100404893132,SOUTHERN KINGFISH,,1174.3440118,10,27,201026128704we,,0,05/04/2021
2010,12,7,1,1515620100404002,6,2,04,we,8835440601,266,0.2,0,0,201026128704we,1515620100404893132,SOUTHERN KINGFISH,,1174.3440118,10,26,201026128704we,,0,05/04/2021
2010,12,7,1,1515620100404002,6,2,04,we,8835440601,258,0.2,0,0,201026128704we,1515620100404893132,SOUTHERN KINGFISH,,1174.3440118,10,25,201026128704we,,0,05/04/2021
2010,12,7,1,1515620100404002,6,2,04,we,8835440601,260,0.2,0,0,201026128704we,1515620100404893132,SOUTHERN KINGFISH,,1174.3440118,10,26,201026128704we,,0,05/04/2021
2010,12,7,1,1515620100404002,6,2,04,we,8835440601,252,0.16,0,0,201026128704we,1515620100404893132,SOUTHERN KINGFISH,,1174.3440118,9,25,201026128704we,,0,05/04/2021
2010,12,7,1,1515620100404002,6,2,04,we,8835440601,259,0.16,0,0,201026128704we,1515620100404893132,SOUTHERN KINGFISH,,1174.3440118,10,25,201026128704we,,0,05/04/2021
2010,12,7,1,1515620100404002,6,2,04,we,8835440601,290,0.28,0,0,201026128704we,1515620100404893132,SOUTHERN KINGFISH,,1174.3440118,11,29,201026128704we,,0,05/04/2021
2010,12,7,1,1515620100404002,6,2,04,we,8835440601,274,0.22,0,0,201026128704we,1515620100404893132,SOUTHERN KINGFISH,,1174.3440118,10,27,201026128704we,,0,05/04/2021
2010,12,7,1,1515620100404002,6,2,04,we,8835440601,250,0.18,0,0,201026128704we,1515620100404893132,SOUTHERN KINGFISH,,1174.3440118,9,25,201026128704we,,0,05/04/2021
2010,12,7,1,1515620100404002,6,2,04,we,8835440601,243,0.12,0,0,201026128704we,1515620100404893132,SOUTHERN KINGFISH,,1174.3440118,9,24,201026128704we,,0,05/04/2021
2010,12,7,1,1515620100404002,6,2,04,we,8835440601,284,0.24,0,0,201026128704we,1515620100404893132,SOUTHERN KINGFISH,,1174.3440118,11,28,201026128704we,,0,05/04/2021
2010,12,7,1,1515620100404002,6,2,04,we,8835440601,291,0.22,0,0,201026128704we,1515620100404893132,SOUTHERN KINGFISH,,1174.3440118,11,29,201026128704we,,0,05/04/2021
2010,12,7,1,1515620100404003,6,2,04,we,,,,0,0,201026128704we,1515620100404893132,,,1281.2963898,,,201026128704we,,0,05/04/2021
2010,12,7,5,1515620100404004,6,2,04,we,,,,0,0,201026128704we,1515620100404893132,,,1293.0174612,,,201026128704we,,0,05/04/2021
2010,12,7,5,1515620100404005,6,2,04,we,8835440601,324,0.32,0,0,201026128704we,1515620100404893132,SOUTHERN KINGFISH,,1293.0174612,12,32,201026128704we,,0,05/04/2021
2010,12,7,5,1515620100404006,6,2,04,we,8835440602,333,0.32,0,0,201026128704we,1515620100404893132,GULF KINGFISH,,1293.0174612,13,33,201026128704we,,0,05/04/2021
2010,12,7,5,1515620100404007,6,2,04,we,,,,0,0,201026128704we,1515620100404893132,,,1293.0174612,,,201026128704we,,0,05/04/2021
2010,12,7,5,1515620100404009,6,2,04,we,8835430301,270,0.52,1,1,201026128704we,1515620100404893132,SHEEPSHEAD,,1293.0174612,10,27,201026128704we,,0,05/04/2021
2010,12,7,5,1515620100404009,6,2,04,we,8835430301,283,0.6,1,1,201026128704we,1515620100404893132,SHEEPSHEAD,,1293.0174612,11,28,201026128704we,,0,05/04/2021
2010,12,7,5,1515620100404010,6,2,04,we,,,,0,0,201026128704we,1515620100404893132,,,1293.0174612,,,201026128704we,,0,05/04/2021
2010,12,7,5,1515620100404011,6,2,04,we,8835440901,662,3.56,0,0,201026128704we,1515620100404893132,RED DRUM,,1293.0174612,26,66,201026128704we,,0,05/04/2021
2010,12,7,5,1515620100404012,6,2,04,we,8835440801,483,1.64,0,0,201026128704we,1515620100404893132,BLACK DRUM,,1293.0174612,19,48,201026128704we,,0,05/04/2021
2010,12,7,2,1515620100404015,6,2,04,we,,,,0,0,201026128704we,1515620100404893132,,,1559.6914925,,,201026128704we,,0,05/04/2021
2010,12,7,5,1515620100404016,6,2,04,we,8835440601,271,0.2,1,1,201026128704we,1515620100404893132,SOUTHERN KINGFISH,,8792.5187358,10,27,201026128704we,,0,05/04/2021
2010,12,7,5,1515620100404016,6,2,04,we,8835440601,244,0.14,1,1,201026128704we,1515620100404893132,SOUTHERN KINGFISH,,8792.5187358,9,24,201026128704we,,0,05/04/2021
2010,12,7,5,1515620100404016,6,2,04,we,8835440601,298,0.22,1,1,201026128704we,1515620100404893132,SOUTHERN KINGFISH,,8792.5187358,11,29,201026128704we,,0,05/04/2021
2010,12,7,5,1515620100404016,6,2,04,we,8835440601,271,0.2,1,1,201026128704we,1515620100404893132,SOUTHERN KINGFISH,,8792.5187358,10,27,201026128704we,,0,05/04/2021
2010,12,7,5,1515620100404016,6,2,04,we,8835440601,223,0.14,1,1,201026128704we,1515620100404893132,SOUTHERN KINGFISH,,8792.5187358,8,22,201026128704we,,0,05/04/2021
2010,12,7,5,1515620100404017,6,2,04,we,8835440102,401,0.52,1,1,201026128704we,1515620100404893132,SPOTTED SEATROUT,,1293.0174612,15,40,201026128704we,,0,05/04/2021
2010,12,7,5,1515620100404017,6,2,04,we,8835430301,311,0.9,1,1,201026128704we,1515620100404893132,SHEEPSHEAD,,1551.6209534,12,31,201026128704we,,0,05/04/2021
2010,12,7,5,1515620100404017,6,2,04,we,8835430301,399,1.56,1,1,201026128704we,1515620100404893132,SHEEPSHEAD,,1551.6209534,15,39,201026128704we,,0,05/04/2021
2010,12,7,5,1515620100404017,6,2,04,we,8835430301,282,0.6,1,1,201026128704we,1515620100404893132,SHEEPSHEAD,,1551.6209534,11,28,201026128704we,,0,05/04/2021
2010,12,7,5,1515620100404017,6,2,04,we,8835430301,238,0.38,1,1,201026128704we,1515620100404893132,SHEEPSHEAD,,1551.6209534,9,23,201026128704we,,0,05/04/2021
2010,12,7,5,1515620100404017,6,2,04,we,8835430301,275,0.54,1,1,201026128704we,1515620100404893132,SHEEPSHEAD,,1551.6209534,10,27,201026128704we,,0,05/04/2021
2010,12,7,5,1515620100404019,6,2,04,we,,,,0,0,201026128704we,1515620100404893132,,,1293.0174612,,,201026128704we,,0,05/04/2021
2010,12,7,5,1515620100404020,6,2,04,we,8835440600,,,0,0,201026128704we,1515620100404893132,KINGFISH GENUS,,32325.436529,,,201026128704we,,0,05/04/2021
2010,12,7,5,1515620100404021,6,2,04,we,8835440600,,,0,0,201026128704we,1515620100404893132,KINGFISH GENUS,,32325.436529,,,201026128704we,,0,05/04/2021
2010,12,7,5,1515620100404022,6,2,04,we,8835440600,,,0,0,201026128704we,1515620100404893132,KINGFISH GENUS,,32325.436529,,,201026128704we,,0,05/04/2021
2010,12,7,5,1515620100404023,6,2,04,we,8835440601,281,0.16,1,1,201026128704we,1515620100404893132,SOUTHERN KINGFISH,,3103.2419068,11,28,201026128704we,,0,05/04/2021
2010,12,7,5,1515620100404023,6,2,04,we,8835440601,268,0.2,1,1,201026128704we,1515620100404893132,SOUTHERN KINGFISH,,3103.2419068,10,26,201026128704we,,0,05/04/2021
2010,12,7,5,1515620100404023,6,2,04,we,8835440601,281,0.16,1,1,201026128704we,1515620100404893132,SOUTHERN KINGFISH,,3103.2419068,11,28,201026128704we,,0,05/04/2021
2010,12,7,5,1515620100404023,6,2,04,we,8835440601,296,0.28,1,1,201026128704we,1515620100404893132,SOUTHERN KINGFISH,,3103.2419068,11,29,201026128704we,,0,05/04/2021
2010,12,7,5,1515620100404023,6,2,04,we,8835440601,268,0.2,1,1,201026128704we,1515620100404893132,SOUTHERN KINGFISH,,3103.2419068,10,26,201026128704we,,0,05/04/2021
2010,12,7,5,1515620100404025,6,2,04,we,8835430301,315,0.7,0,0,201026128704we,1515620100404893132,SHEEPSHEAD,,1293.0174612,12,31,201026128704we,,0,05/04/2021
2010,12,7,5,1515620100404026,6,2,04,we,8835430301,353,0.98,0,0,201026128704we,1515620100404893132,SHEEPSHEAD,,1293.0174612,13,35,201026128704we,,0,05/04/2021
2010,12,7,5,1515620100404030,6,2,04,we,8835440601,315,0.36,1,1,201026128704we,1515620100404893132,SOUTHERN KINGFISH,,10495.025294,12,31,201026128704we,,0,05/04/2021
2010,12,7,5,1515620100404030,6,2,04,we,8835440601,256,0.16,1,1,201026128704we,1515620100404893132,SOUTHERN KINGFISH,,10495.025294,10,25,201026128704we,,0,05/04/2021
2010,12,7,5,1515620100404030,6,2,04,we,8835440601,238,0.12,1,1,201026128704we,1515620100404893132,SOUTHERN KINGFISH,,10495.025294,9,23,201026128704we,,0,05/04/2021
2010,12,7,5,1515620100404030,6,2,04,we,8835440601,311,0.36,1,1,201026128704we,1515620100404893132,SOUTHERN KINGFISH,,10495.025294,12,31,201026128704we,,0,05/04/2021
2010,12,7,5,1515620100404030,6,2,04,we,8835440600,,,0,0,201026128704we,1515620100404893132,KINGFISH GENUS,,34983.417648,,,201026128704we,,0,05/04/2021
2010,12,7,5,1515620100404030,6,2,04,we,8835440601,290,0.28,1,1,201026128704we,1515620100404893132,SOUTHERN KINGFISH,,10495.025294,11,29,201026128704we,,0,05/04/2021
2010,12,7,5,1515620100404030,6,2,04,we,8835020301,312,0.42,1,1,201026128704we,1515620100404893132,BLACK SEA BASS,,3498.3417648,12,31,201026128704we,,0,05/04/2021
2010,12,7,5,1515620100409001,6,2,04,wd,8835440301,176,0.06,1,1,201026128704wd,151562010040931155,SILVER PERCH,,2597.4234815,6,17,201026128704wd,,0,05/04/2021
2010,12,7,5,1515620100409001,6,2,04,wd,8835440301,203,0.1,1,1,201026128704wd,151562010040931155,SILVER PERCH,,2597.4234815,7,20,201026128704wd,,0,05/04/2021
2010,12,7,5,1515620100409004,6,2,04,wd,,,,0,0,201026128704wd,151562010040931155,,,2597.4234815,,,201026128704wd,,0,05/04/2021
2010,12,7,5,1515620100409005,6,2,04,wd,,,,0,0,201026128704wd,151562010040931155,,,2380.6113371,,,201026128704wd,,0,05/04/2021
2010,12,7,5,1515620100409006,6,2,04,wd,,,,0,0,201026128704wd,151562010040931155,,,2597.4234815,,,201026128704wd,,0,05/04/2021
2010,12,7,5,1515620100409007,6,2,04,wd,8835440601,308,0.3,0,0,201026128704wd,151562010040931155,SOUTHERN KINGFISH,,2597.4234815,12,30,201026128704wd,,0,05/04/2021
2010,12,7,5,1515620100409008,6,2,04,wd,8835440901,640,3.08,0,0,201026128704wd,151562010040931155,RED DRUM,,2597.4234815,25,64,201026128704wd,,0,05/04/2021
2010,12,7,5,1515620100409009,6,2,04,wd,8835440601,313,0.32,0,0,201026128704wd,151562010040931155,SOUTHERN KINGFISH,,2597.4234815,12,31,201026128704wd,,0,05/04/2021
2010,12,7,5,1515620100409011,6,2,04,wd,8835440702,266,0.18,0,0,201026128704wd,151562010040931155,ATLANTIC CROAKER,,2597.4234815,10,26,201026128704wd,,0,05/04/2021
2010,12,7,5,1515620100409011,6,2,04,wd,8835440801,611,3.54,0,0,201026128704wd,151562010040931155,BLACK DRUM,,2597.4234815,24,61,201026128704wd,,0,05/04/2021
2010,12,7,5,1515620100409011,6,2,04,wd,8835440601,278,0.2,0,0,201026128704wd,151562010040931155,SOUTHERN KINGFISH,,2597.4234815,10,27,201026128704wd,,0,05/04/2021
2010,12,7,5,1515620100409011,6,2,04,wd,8835440601,289,0.3,0,0,201026128704wd,151562010040931155,SOUTHERN KINGFISH,,2597.4234815,11,28,201026128704wd,,0,05/04/2021
2010,12,7,5,1515620100409011,6,2,04,wd,8835440601,300,0.26,0,0,201026128704wd,151562010040931155,SOUTHERN KINGFISH,,2597.4234815,11,30,201026128704wd,,0,05/04/2021
2010,12,7,5,1515620100409011,6,2,04,wd,8835440601,262,0.18,0,0,201026128704wd,151562010040931155,SOUTHERN KINGFISH,,2597.4234815,10,26,201026128704wd,,0,05/04/2021
2010,12,7,5,1515620100409011,6,2,04,wd,8835440601,273,0.2,0,0,201026128704wd,151562010040931155,SOUTHERN KINGFISH,,2597.4234815,10,27,201026128704wd,,0,05/04/2021
2010,12,7,5,1515620100409011,6,2,04,wd,8835440601,263,0.2,0,0,201026128704wd,151562010040931155,SOUTHERN KINGFISH,,2597.4234815,10,26,201026128704wd,,0,05/04/2021
2010,12,7,5,1515620100409011,6,2,04,wd,8835440601,256,0.18,0,0,201026128704wd,151562010040931155,SOUTHERN KINGFISH,,2597.4234815,10,25,201026128704wd,,0,05/04/2021
2010,12,7,5,1515620100409011,6,2,04,wd,8835440601,244,0.14,0,0,201026128704wd,151562010040931155,SOUTHERN KINGFISH,,2597.4234815,9,24,201026128704wd,,0,05/04/2021
2010,12,7,5,1515620100409011,6,2,04,wd,8835440601,276,0.22,0,0,201026128704wd,151562010040931155,SOUTHERN KINGFISH,,2597.4234815,10,27,201026128704wd,,0,05/04/2021
2010,12,7,5,1515620100409011,6,2,04,wd,8835440401,217,0.12,0,0,201026128704wd,151562010040931155,SPOT,,2597.4234815,8,21,201026128704wd,,0,05/04/2021
2010,12,7,5,1515620100409011,6,2,04,wd,8835440401,211,0.14,0,0,201026128704wd,151562010040931155,SPOT,,2597.4234815,8,21,201026128704wd,,0,05/04/2021
2010,12,7,5,1515620100409011,6,2,04,wd,8835440601,268,0.2,0,0,201026128704wd,151562010040931155,SOUTHERN KINGFISH,,2597.4234815,10,26,201026128704wd,,0,05/04/2021
2010,12,7,5,1515620100409011,6,2,04,wd,8835440401,219,0.12,0,0,201026128704wd,151562010040931155,SPOT,,2597.4234815,8,21,201026128704wd,,0,05/04/2021
2010,12,7,5,1515620100409013,6,2,04,wd,,,,0,0,201026128704wd,151562010040931155,,,2597.4234815,,,201026128704wd,,0,05/04/2021
2010,12,7,5,1515620100409014,6,2,04,wd,8835440901,600,2.6,0,0,201026128704wd,151562010040931155,RED DRUM,,2597.4234815,23,60,201026128704wd,,0,05/04/2021
2010,12,7,5,1515620100411002,6,2,04,we,8835440901,456,0.96,0,0,201026128704we,151562010041131155,RED DRUM,,1312.9779872,17,45,201026128704we,,0,05/04/2021
2010,12,7,5,1515620100411002,6,2,04,we,8835440801,488,1.74,0,0,201026128704we,151562010041131155,BLACK DRUM,,1312.9779872,19,48,201026128704we,,0,05/04/2021
2010,12,7,5,1515620100411003,6,2,04,we,,,,0,0,201026128704we,151562010041131155,,,1312.9779872,,,201026128704we,,0,05/04/2021
2010,12,7,5,1515620100411004,6,2,04,we,8835440601,271,0.2,0,0,201026128704we,151562010041131155,SOUTHERN KINGFISH,,1312.9779872,10,27,201026128704we,,0,05/04/2021
2010,12,7,5,1515620100411004,6,2,04,we,8835440601,223,0.14,0,0,201026128704we,151562010041131155,SOUTHERN KINGFISH,,1312.9779872,8,22,201026128704we,,0,05/04/2021
2010,12,7,5,1515620100411009,6,2,04,we,8835440602,273,0.27,1,1,201026128704we,151562010041131155,GULF KINGFISH,,1312.9779872,10,27,201026128704we,,0,05/04/2021
2010,12,7,5,1515620100411009,6,2,04,we,8835440601,265,0.24,1,1,201026128704we,151562010041131155,SOUTHERN KINGFISH,,2100.7647795,10,26,201026128704we,,0,05/04/2021
2010,12,7,5,1515620100411009,6,2,04,we,8835440601,265,0.24,1,1,201026128704we,151562010041131155,SOUTHERN KINGFISH,,2100.7647795,10,26,201026128704we,,0,05/04/2021
2010,12,7,5,1515620100411009,6,2,04,we,8835440601,254,0.16,1,1,201026128704we,151562010041131155,SOUTHERN KINGFISH,,2100.7647795,9,25,201026128704we,,0,05/04/2021
2010,12,7,5,1515620100411009,6,2,04,we,8835440601,279,0.2,1,1,201026128704we,151562010041131155,SOUTHERN KINGFISH,,2100.7647795,10,27,201026128704we,,0,05/04/2021
2010,12,7,5,1515620100411009,6,2,04,we,8835440601,290,0.28,1,1,201026128704we,151562010041131155,SOUTHERN KINGFISH,,2100.7647795,11,29,201026128704we,,0,05/04/2021
2010,12,7,5,1515620100411010,6,2,04,we,,,,0,0,201026128704we,151562010041131155,,,1312.9779872,,,201026128704we,,0,05/04/2021
2010,12,7,5,1515620100411013,6,2,04,we,,,,0,0,201026128704we,151562010041131155,,,1312.9779872,,,201026128704we,,0,05/04/2021
2010,12,7,5,1515620100411014,6,2,04,we,,,,0,0,201026128704we,151562010041131155,,,1312.9779872,,,201026128704we,,0,05/04/2021
2010,12,7,5,1515620100411015,6,2,04,we,,,,0,0,201026128704we,151562010041131155,,,1312.9779872,,,201026128704we,,0,05/04/2021
2010,12,7,5,1515620100411018,6,2,04,we,8835440601,298,0.22,0,0,201026128704we,151562010041131155,SOUTHERN KINGFISH,,1312.9779872,11,29,201026128704we,,0,05/04/2021
2010,12,7,5,1515620100411020,6,2,04,we,8835440601,238,0.12,0,0,201026128704we,151562010041131155,SOUTHERN KINGFISH,,1312.9779872,9,23,201026128704we,,0,05/04/2021
2010,12,7,5,1515620100411020,6,2,04,we,8835440601,256,0.16,0,0,201026128704we,151562010041131155,SOUTHERN KINGFISH,,1312.9779872,10,25,201026128704we,,0,05/04/2021
2010,12,7,5,1515620100411020,6,2,04,we,8835440601,268,0.2,0,0,201026128704we,151562010041131155,SOUTHERN KINGFISH,,1312.9779872,10,26,201026128704we,,0,05/04/2021
2010,12,7,5,1515620100411020,6,2,04,we,8835440601,296,0.28,0,0,201026128704we,151562010041131155,SOUTHERN KINGFISH,,1312.9779872,11,29,201026128704we,,0,05/04/2021
2010,12,7,5,1515620100411020,6,2,04,we,8835440601,281,0.16,0,0,201026128704we,151562010041131155,SOUTHERN KINGFISH,,1312.9779872,11,28,201026128704we,,0,05/04/2021
2010,12,7,5,1515620100411022,6,2,04,we,8835440601,311,0.36,0,0,201026128704we,151562010041131155,SOUTHERN KINGFISH,,1312.9779872,12,31,201026128704we,,0,05/04/2021
2010,12,7,5,1515620100411022,6,2,04,we,8835440601,315,0.36,0,0,201026128704we,151562010041131155,SOUTHERN KINGFISH,,1312.9779872,12,31,201026128704we,,0,05/04/2021
2010,12,7,5,1515620100411022,6,2,04,we,8835440601,290,0.28,0,0,201026128704we,151562010041131155,SOUTHERN KINGFISH,,1312.9779872,11,29,201026128704we,,0,05/04/2021
2010,12,7,5,1515620100411022,6,2,04,we,8835440601,265,0.24,0,0,201026128704we,151562010041131155,SOUTHERN KINGFISH,,1312.9779872,10,26,201026128704we,,0,05/04/2021
2010,12,7,5,1515620100411022,6,2,04,we,8835440601,279,0.2,0,0,201026128704we,151562010041131155,SOUTHERN KINGFISH,,1312.9779872,10,27,201026128704we,,0,05/04/2021
2010,12,7,5,1515620100411024,6,2,04,we,,,,0,0,201026128704we,151562010041131155,,,1312.9779872,,,201026128704we,,0,05/04/2021
2010,12,7,5,1515620100411027,6,2,04,we,,,,0,0,201026128704we,151562010041131155,,,1312.9779872,,,201026128704we,,0,05/04/2021
2010,12,7,5,1515620100411028,6,2,04,we,8835440702,249,0.16,0,0,201026128704we,151562010041131155,ATLANTIC CROAKER,,1953.9414482,9,24,201026128704we,,0,05/04/2021
2010,12,7,5,1515620100411028,6,2,04,we,8835440702,228,0.1,0,0,201026128704we,151562010041131155,ATLANTIC CROAKER,,1953.9414482,8,22,201026128704we,,0,05/04/2021
2010,12,7,5,1515620100411028,6,2,04,we,8835440702,268,0.18,0,0,201026128704we,151562010041131155,ATLANTIC CROAKER,,1953.9414482,10,26,201026128704we,,0,05/04/2021
2010,12,7,5,1515620100411028,6,2,04,we,8835440702,224,0.14,0,0,201026128704we,151562010041131155,ATLANTIC CROAKER,,1953.9414482,8,22,201026128704we,,0,05/04/2021
2010,12,7,5,1515620100411029,6,2,04,we,,,,0,0,201026128704we,151562010041131155,,,2594.9049093,,,201026128704we,,0,05/04/2021
2010,12,7,5,1515620100411030,6,2,04,we,,,,0,0,201026128704we,151562010041131155,,,2594.9049093,,,201026128704we,,0,05/04/2021
2010,12,7,5,1515620100414002,6,2,04,wd,,,,0,0,201026128704wd,1515620100414893362,,,1506.0552454,,,201026128704wd,,0,05/04/2021
2010,12,7,5,1515620100414003,6,2,04,wd,,,,0,0,201026128704wd,1515620100414893362,,,1643.2179406,,,201026128704wd,,0,05/04/2021
2010,12,7,5,1515620100418001,6,2,04,we,,,,0,0,201026128704we,15156201004183116,,,3236.8527971,,,201026128704we,,0,05/04/2021
2010,12,7,5,1515620100418002,6,2,04,we,,,,0,0,201026128704we,15156201004183116,,,3236.8527971,,,201026128704we,,0,05/04/2021
2010,12,7,5,1515620100418003,6,2,04,we,8835440801,262,0.28,0,0,201026128704we,15156201004183116,BLACK DRUM,,3236.8527971,10,26,201026128704we,,0,05/04/2021
2010,12,7,5,1515620100418003,6,2,04,we,8835440801,266,0.26,0,0,201026128704we,15156201004183116,BLACK DRUM,,3236.8527971,10,26,201026128704we,,0,05/04/2021
2010,12,7,5,1515620100418003,6,2,04,we,8835440102,389,0.6,0,0,201026128704we,15156201004183116,SPOTTED SEATROUT,,3236.8527971,15,38,201026128704we,,0,05/04/2021
2010,12,7,5,1515620100418003,6,2,04,we,8835440801,302,0.4,0,0,201026128704we,15156201004183116,BLACK DRUM,,3236.8527971,11,30,201026128704we,,0,05/04/2021
2010,12,7,5,1515620100418003,6,2,04,we,8835440901,513,1.62,0,0,201026128704we,15156201004183116,RED DRUM,,3236.8527971,20,51,201026128704we,,0,05/04/2021
2010,12,7,5,1515620100418003,6,2,04,we,8835440801,294,0.32,0,0,201026128704we,15156201004183116,BLACK DRUM,,3236.8527971,11,29,201026128704we,,0,05/04/2021
2010,12,7,5,1515620100418005,6,2,04,we,,,,0,0,201026128704we,15156201004183116,,,3236.8527971,,,201026128704we,,0,05/04/2021
2010,12,7,5,1515620100418006,6,2,04,we,8835250101,275,0.24,0,0,201026128704we,15156201004183116,BLUEFISH,,3236.8527971,10,27,201026128704we,,0,05/04/2021
2010,12,7,5,1515620100418006,6,2,04,we,8835250101,266,0.2,0,0,201026128704we,15156201004183116,BLUEFISH,,3236.8527971,10,26,201026128704we,,0,05/04/2021
2010,12,7,5,1515620100418007,6,2,04,we,8835440601,254,0.16,0,0,201026128704we,15156201004183116,SOUTHERN KINGFISH,,3236.8527971,9,25,201026128704we,,0,05/04/2021
2010,12,7,5,1515620100418008,6,2,04,we,8835440901,631,2.78,0,0,201026128704we,15156201004183116,RED DRUM,,3236.8527971,24,63,201026128704we,,0,05/04/2021
2010,12,7,5,1515620100418011,6,2,04,we,,,,0,0,201026128704we,15156201004183116,,,3236.8527971,,,201026128704we,,0,05/04/2021
2010,12,7,5,1515620100418012,6,2,04,we,8835430301,280,0.56,0,0,201026128704we,15156201004183116,SHEEPSHEAD,,3236.8527971,11,28,201026128704we,,0,05/04/2021
2010,12,7,5,1515620100418012,6,2,04,we,8835430301,308,0.68,0,0,201026128704we,15156201004183116,SHEEPSHEAD,,3236.8527971,12,30,201026128704we,,0,05/04/2021
2010,12,7,5,1515620100418012,6,2,04,we,8835430301,299,0.66,0,0,201026128704we,15156201004183116,SHEEPSHEAD,,3236.8527971,11,29,201026128704we,,0,05/04/2021
2010,12,7,5,1515620100418012,6,2,04,we,8835430301,311,0.72,0,0,201026128704we,15156201004183116,SHEEPSHEAD,,3236.8527971,12,31,201026128704we,,0,05/04/2021
2010,12,7,5,1515620100418021,6,2,04,we,,,,0,0,201026128704we,15156201004183116,,,3236.8527971,,,201026128704we,,0,05/04/2021
2010,12,7,1,1515620100418022,6,2,04,we,,,,0,0,201026128704we,15156201004183116,,,4001.6964234,,,201026128704we,,0,05/04/2021
2010,12,7,5,1515620100418027,6,2,04,we,,,,0,0,201026128704we,15156201004183116,,,3236.8527971,,,201026128704we,,0,05/04/2021
2010,12,7,5,1515620100418030,6,2,04,we,,,,0,0,201026128704we,15156201004183116,,,6411.6034642,,,201026128704we,,0,05/04/2021
2010,12,7,5,1515620100424001,6,2,04,we,8835440601,277,0.2,1,1,201026128704we,1515620100424893362,SOUTHERN KINGFISH,,1749.8583429,10,27,201026128704we,,0,05/04/2021
2010,12,7,5,1515620100424001,6,2,04,we,8835430301,315,0.7,1,1,201026128704we,1515620100424893362,SHEEPSHEAD,,2449.8016801,12,31,201026128704we,,0,05/04/2021
2010,12,7,5,1515620100424001,6,2,04,we,8835430301,285,0.58,1,1,201026128704we,1515620100424893362,SHEEPSHEAD,,2449.8016801,11,28,201026128704we,,0,05/04/2021
2010,12,7,5,1515620100424001,6,2,04,we,8835430301,290,0.5989854455,1,1,201026128704we,1515620100424893362,SHEEPSHEAD,,2449.8016801,11,29,201026128704we,,0,05/04/2021
2010,12,7,5,1515620100424001,6,2,04,we,8835430301,311,0.76,1,1,201026128704we,1515620100424893362,SHEEPSHEAD,,2449.8016801,12,31,201026128704we,,0,05/04/2021
2010,12,7,5,1515620100424001,6,2,04,we,8835430301,308,0.68,1,1,201026128704we,1515620100424893362,SHEEPSHEAD,,2449.8016801,12,30,201026128704we,,0,05/04/2021
2010,12,7,5,1515620100424002,6,2,04,we,,,,0,0,201026128704we,1515620100424893362,,,1749.8583429,,,201026128704we,,0,05/04/2021
2010,12,7,5,1515620100424004,6,2,04,we,8835440601,272,0.2,0,0,201026128704we,1515620100424893362,SOUTHERN KINGFISH,,1603.7941595,10,27,201026128704we,,0,05/04/2021
2010,12,7,5,1515620100424004,6,2,04,we,8835440601,277,0.2,0,0,201026128704we,1515620100424893362,SOUTHERN KINGFISH,,1603.7941595,10,27,201026128704we,,0,05/04/2021
2010,12,7,5,1515620100424007,6,2,04,we,,,,0,0,201026128704we,1515620100424893362,,,1749.8583429,,,201026128704we,,0,05/04/2021
2010,12,7,5,1515620100424008,6,2,04,we,,,,0,0,201026128704we,1515620100424893362,,,1603.7941595,,,201026128704we,,0,05/04/2021
2010,12,7,5,1515620100424009,6,2,04,we,8835440601,259,0.18,1,1,201026128704we,1515620100424893362,SOUTHERN KINGFISH,,9799.2067202,10,25,201026128704we,,0,05/04/2021
2010,12,7,5,1515620100424009,6,2,04,we,8835440601,259,0.18,1,1,201026128704we,1515620100424893362,SOUTHERN KINGFISH,,9799.2067202,10,25,201026128704we,,0,05/04/2021
2010,12,7,5,1515620100424009,6,2,04,we,8835440601,272,0.2,1,1,201026128704we,1515620100424893362,SOUTHERN KINGFISH,,9799.2067202,10,27,201026128704we,,0,05/04/2021
2010,12,7,5,1515620100424009,6,2,04,we,8835440601,277,0.2,1,1,201026128704we,1515620100424893362,SOUTHERN KINGFISH,,9799.2067202,10,27,201026128704we,,0,05/04/2021
2010,12,7,5,1515620100424009,6,2,04,we,8835440601,272,0.2,1,1,201026128704we,1515620100424893362,SOUTHERN KINGFISH,,9799.2067202,10,27,201026128704we,,0,05/04/2021
2010,12,7,5,1515620100424010,6,2,04,we,,,,0,0,201026128704we,1515620100424893362,,,1749.8583429,,,201026128704we,,0,05/04/2021
2010,12,7,5,1515620100424011,6,2,04,we,,,,0,0,201026128704we,1515620100424893362,,,1749.8583429,,,201026128704we,,0,05/04/2021
2010,12,7,5,1515620100424012,6,2,04,we,8835440601,214,0.08,1,1,201026128704we,1515620100424893362,SOUTHERN KINGFISH,,4899.6033601,8,21,201026128704we,,0,05/04/2021
2010,12,7,5,1515620100424012,6,2,04,we,8835440601,240,0.14,1,1,201026128704we,1515620100424893362,SOUTHERN KINGFISH,,4899.6033601,9,24,201026128704we,,0,05/04/2021
2010,12,7,5,1515620100424012,6,2,04,we,8835440601,237,0.12,1,1,201026128704we,1515620100424893362,SOUTHERN KINGFISH,,4899.6033601,9,23,201026128704we,,0,05/04/2021
2010,12,7,5,1515620100424012,6,2,04,we,8835440601,214,0.08,1,1,201026128704we,1515620100424893362,SOUTHERN KINGFISH,,4899.6033601,8,21,201026128704we,,0,05/04/2021
2010,12,7,5,1515620100424012,6,2,04,we,8835440601,216,0.08,1,1,201026128704we,1515620100424893362,SOUTHERN KINGFISH,,4899.6033601,8,21,201026128704we,,0,05/04/2021
2010,12,7,5,1515620100424013,6,2,04,we,,,,0,0,201026128704we,1515620100424893362,,,2093.6197985,,,201026128704we,,0,05/04/2021
2010,12,7,5,1515620100424018,6,2,04,we,8835440801,862,9.6,0,0,201026128704we,1515620100424893362,BLACK DRUM,,2609.2619818,33,86,201026128704we,,0,05/04/2021
2010,12,7,5,1515620100424019,6,2,04,we,8835440601,240,0.14,0,0,201026128704we,1515620100424893362,SOUTHERN KINGFISH,,1749.8583429,9,24,201026128704we,,0,05/04/2021
2010,12,7,5,1515620100424019,6,2,04,we,8835440601,214,0.08,0,0,201026128704we,1515620100424893362,SOUTHERN KINGFISH,,1749.8583429,8,21,201026128704we,,0,05/04/2021
2010,12,7,5,1515620100424019,6,2,04,we,8835440601,237,0.12,0,0,201026128704we,1515620100424893362,SOUTHERN KINGFISH,,1749.8583429,9,23,201026128704we,,0,05/04/2021
2010,12,7,5,1515620100424019,6,2,04,we,8835440601,272,0.2,0,0,201026128704we,1515620100424893362,SOUTHERN KINGFISH,,1749.8583429,10,27,201026128704we,,0,05/04/2021
2010,12,7,5,1515620100424019,6,2,04,we,8835440601,216,0.08,0,0,201026128704we,1515620100424893362,SOUTHERN KINGFISH,,1749.8583429,8,21,201026128704we,,0,05/04/2021
2010,12,7,5,1515620100424019,6,2,04,we,8835440601,259,0.18,0,0,201026128704we,1515620100424893362,SOUTHERN KINGFISH,,1749.8583429,10,25,201026128704we,,0,05/04/2021
2010,12,7,5,1515620100424020,6,2,04,we,,,,0,0,201026128704we,1515620100424893362,,,2128.9058225,,,201026128704we,,0,05/04/2021
2010,12,7,5,1515620100424021,6,2,04,we,,,,0,0,201026128704we,1515620100424893362,,,2322.7941022,,,201026128704we,,0,05/04/2021
2010,12,7,5,1534520100306004,6,2,03,we,,,,0,0,201026128703we,153452010030661313,,,1581.7258611,,,201026128703we,,0,05/04/2021
2010,12,7,5,1534520100306008,6,2,03,we,8835440901,667,3.62,0,0,201026128703we,153452010030661313,RED DRUM,,1581.7258611,26,66,201026128703we,,0,05/04/2021
2010,12,7,5,1534520100306008,6,2,03,we,8835440102,590,1.84,0,0,201026128703we,153452010030661313,SPOTTED SEATROUT,,1581.7258611,23,59,201026128703we,,0,05/04/2021
2010,12,7,5,1534520100306008,6,2,03,we,8835440102,565,1.72,0,0,201026128703we,153452010030661313,SPOTTED SEATROUT,,1581.7258611,22,56,201026128703we,,0,05/04/2021
2010,12,7,5,1534520100306009,6,2,03,we,,,,0,0,201026128703we,153452010030661313,,,1581.7258611,,,201026128703we,,0,05/04/2021
2010,12,7,5,1534520100306012,6,2,03,we,,,,0,0,201026128703we,153452010030661313,,,1581.7258611,,,201026128703we,,0,05/04/2021
2010,12,7,5,1534520100306015,6,2,03,we,,,,0,0,201026128703we,153452010030661313,,,1581.7258611,,,201026128703we,,0,05/04/2021
2010,12,7,5,1534520100306016,6,2,03,we,,,,0,0,201026128703we,153452010030661313,,,1581.7258611,,,201026128703we,,0,05/04/2021
2010,12,7,5,1534520100306017,6,2,03,we,,,,0,0,201026128703we,153452010030661313,,,3125.2017664,,,201026128703we,,0,05/04/2021
2010,12,7,5,1534520100327001,6,2,03,we,8836010100,,,0,0,201026128703we,153452010032761334,MULLET GENUS,,18749.546344,,,201026128703we,,0,05/04/2021
2010,12,7,5,1534520100327003,6,2,03,we,,,,0,0,201026128703we,153452010032761334,,,1339.2533103,,,201026128703we,,0,05/04/2021
2010,12,7,5,1534520100327004,6,2,03,we,,,,0,0,201026128703we,153452010032761334,,,1339.2533103,,,201026128703we,,0,05/04/2021
2010,12,7,5,1534520100327005,6,2,03,we,,,,0,0,201026128703we,153452010032761334,,,1339.2533103,,,201026128703we,,0,05/04/2021
2010,12,7,5,1534520100327006,6,2,03,we,,,,0,0,201026128703we,153452010032761334,,,1339.2533103,,,201026128703we,,0,05/04/2021
2010,12,7,5,1534520100327007,6,2,03,we,,,,0,0,201026128703we,153452010032761334,,,1339.2533103,,,201026128703we,,0,05/04/2021
2010,12,7,5,1534520100327008,6,2,03,we,8835430201,194,0.16,1,1,201026128703we,153452010032761334,PINFISH,,1607.1039724,7,19,201026128703we,,0,05/04/2021
2010,12,7,5,1534520100327008,6,2,03,we,8835430201,268,0.42,1,1,201026128703we,153452010032761334,PINFISH,,1607.1039724,10,26,201026128703we,,0,05/04/2021
2010,12,7,5,1534520100327008,6,2,03,we,8835430201,194,0.16,1,1,201026128703we,153452010032761334,PINFISH,,1607.1039724,7,19,201026128703we,,0,05/04/2021
2010,12,7,5,1534520100327008,6,2,03,we,8835430201,268,0.42,1,1,201026128703we,153452010032761334,PINFISH,,1607.1039724,10,26,201026128703we,,0,05/04/2021
2010,12,7,5,1534520100327008,6,2,03,we,8835430201,268,0.42,1,1,201026128703we,153452010032761334,PINFISH,,1607.1039724,10,26,201026128703we,,0,05/04/2021
2010,12,7,5,1534520100327009,6,2,03,we,8835430201,194,0.16,1,1,201026128703we,153452010032761334,PINFISH,,1607.1039724,7,19,201026128703we,,0,05/04/2021
2010,12,7,5,1534520100327009,6,2,03,we,8835430201,194,0.16,1,1,201026128703we,153452010032761334,PINFISH,,1607.1039724,7,19,201026128703we,,0,05/04/2021
2010,12,7,5,1534520100327009,6,2,03,we,8835430201,194,0.16,1,1,201026128703we,153452010032761334,PINFISH,,1607.1039724,7,19,201026128703we,,0,05/04/2021
2010,12,7,5,1534520100327009,6,2,03,we,8835430201,194,0.16,1,1,201026128703we,153452010032761334,PINFISH,,1607.1039724,7,19,201026128703we,,0,05/04/2021
2010,12,7,5,1534520100327009,6,2,03,we,8835430201,194,0.16,1,1,201026128703we,153452010032761334,PINFISH,,1607.1039724,7,19,201026128703we,,0,05/04/2021
2010,12,7,5,1534520100327010,6,2,03,we,8835250101,336,0.48,0,0,201026128703we,153452010032761334,BLUEFISH,,1339.2533103,13,33,201026128703we,,0,05/04/2021
2010,12,7,5,1534520100327010,6,2,03,we,8835250101,385,0.64,0,0,201026128703we,153452010032761334,BLUEFISH,,1339.2533103,15,38,201026128703we,,0,05/04/2021
2010,12,7,5,1534520100327011,6,2,03,we,,,,0,0,201026128703we,153452010032761334,,,1339.2533103,,,201026128703we,,0,05/04/2021
2010,12,7,5,1534520100327012,6,2,03,we,,,,0,0,201026128703we,153452010032761334,,,1339.2533103,,,201026128703we,,0,05/04/2021
2010,12,7,5,1534520100327013,6,2,03,we,,,,0,0,201026128703we,153452010032761334,,,1339.2533103,,,201026128703we,,0,05/04/2021
2010,12,7,5,1534520100327014,6,2,03,we,,,,0,0,201026128703we,153452010032761334,,,1339.2533103,,,201026128703we,,0,05/04/2021
2010,12,7,5,1534520100327016,6,2,03,we,8850030502,341,0.6,1,1,201026128703we,153452010032761334,SPANISH MACKEREL,,1227.463152,13,34,201026128703we,,0,05/04/2021
2010,12,7,5,1534520100327016,6,2,03,we,8835250101,366,0.65,1,1,201026128703we,153452010032761334,BLUEFISH,,1227.463152,14,36,201026128703we,,0,05/04/2021
2010,12,7,5,1534520100327017,6,2,03,we,8835250101,330,0.5,1,1,201026128703we,153452010032761334,BLUEFISH,,1227.463152,12,33,201026128703we,,0,05/04/2021
2010,12,7,5,1534520100327017,6,2,03,we,8850030502,500,0.86,1,1,201026128703we,153452010032761334,SPANISH MACKEREL,,1227.463152,19,50,201026128703we,,0,05/04/2021
2010,12,7,5,1534520100327018,6,2,03,we,,,,0,0,201026128703we,153452010032761334,,,2640.2566647,,,201026128703we,,0,05/04/2021
2010,12,7,5,1534520100327019,6,2,03,we,,,,0,0,201026128703we,153452010032761334,,,1339.2533103,,,201026128703we,,0,05/04/2021
2010,12,7,5,1534520100327020,6,2,03,we,,,,0,0,201026128703we,153452010032761334,,,1339.2533103,,,201026128703we,,0,05/04/2021
2010,12,7,5,1534520100327021,6,2,03,we,8850030502,413,0.5,1,1,201026128703we,153452010032761334,SPANISH MACKEREL,,1339.2533103,16,41,201026128703we,,0,05/04/2021
2010,12,7,5,1534520100327022,6,2,03,we,8835440102,516,1.4,1,1,201026128703we,153452010032761334,SPOTTED SEATROUT,,1339.2533103,20,51,201026128703we,,0,05/04/2021
2010,12,7,5,1534520100327023,6,2,03,we,,,,0,0,201026128703we,153452010032761334,,,1339.2533103,,,201026128703we,,0,05/04/2021
2010,12,7,5,1534520100327024,6,2,03,we,8835440102,402,0.68,1,1,201026128703we,153452010032761334,SPOTTED SEATROUT,,1339.2533103,15,40,201026128703we,,0,05/04/2021
2010,12,7,5,1534520100327025,6,2,03,we,,,,0,0,201026128703we,153452010032761334,,,1339.2533103,,,201026128703we,,0,05/04/2021
2010,12,7,5,1534520100327026,6,2,03,we,,,,0,0,201026128703we,153452010032761334,,,1339.2533103,,,201026128703we,,0,05/04/2021
2010,12,7,5,1534520100327027,6,2,03,we,,,,0,0,201026128703we,153452010032761334,,,1339.2533103,,,201026128703we,,0,05/04/2021
2010,12,7,5,1534520100327028,6,2,03,we,,,,0,0,201026128703we,153452010032761334,,,1339.2533103,,,201026128703we,,0,05/04/2021
2010,12,7,5,1534520100408001,6,2,04,wd,8835280901,330,0.7437846533,0,1,201026128704wd,153452010040861935,FLORIDA POMPANO,,3118.6156925,12,33,201026128704wd,,0,05/04/2021
2010,12,7,5,1534520100408001,6,2,04,wd,8835250101,359,0.5,0,0,201026128704wd,153452010040861935,BLUEFISH,,3118.6156925,14,35,201026128704wd,,0,05/04/2021
2010,12,7,5,1534520100408002,6,2,04,wd,,,,0,0,201026128704wd,153452010040861935,,,3118.6156925,,,201026128704wd,,0,05/04/2021
2010,12,7,5,1534520100408003,6,2,04,wd,,,,0,0,201026128704wd,153452010040861935,,,2858.2985895,,,201026128704wd,,0,05/04/2021
2010,12,7,5,1534520100408006,6,2,04,wd,,,,0,0,201026128704wd,153452010040861935,,,2858.2985895,,,201026128704wd,,0,05/04/2021
2010,12,7,5,1534520100408007,6,2,04,wd,,,,0,0,201026128704wd,153452010040861935,,,3118.6156925,,,201026128704wd,,0,05/04/2021
2010,12,7,5,1534520100408008,6,2,04,wd,,,,0,0,201026128704wd,153452010040861935,,,3118.6156925,,,201026128704wd,,0,05/04/2021
2010,12,7,5,1534520100408009,6,2,04,wd,,,,0,0,201026128704wd,153452010040861935,,,3118.6156925,,,201026128704wd,,0,05/04/2021
2010,12,7,5,1534520100408010,6,2,04,wd,,,,0,0,201026128704wd,153452010040861935,,,3118.6156925,,,201026128704wd,,0,05/04/2021
2010,12,7,5,1534520100408011,6,2,04,wd,,,,0,0,201026128704wd,153452010040861935,,,3118.6156925,,,201026128704wd,,0,05/04/2021
2010,12,7,5,1534520100408012,6,2,04,wd,,,,0,0,201026128704wd,153452010040861935,,,2858.2985895,,,201026128704wd,,0,05/04/2021
2010,12,7,5,1534520100408013,6,2,04,wd,,,,0,0,201026128704wd,153452010040861935,,,2858.2985895,,,201026128704wd,,0,05/04/2021
2010,12,7,5,1534520100408014,6,2,04,wd,,,,0,0,201026128704wd,153452010040861935,,,2858.2985895,,,201026128704wd,,0,05/04/2021
2010,12,7,5,1534520100408015,6,2,04,wd,8850030502,320,0.32,1,1,201026128704wd,153452010040861935,SPANISH MACKEREL,,3118.6156925,12,32,201026128704wd,,0,05/04/2021
2010,12,7,5,1534520100408016,6,2,04,wd,8835360401,299,0.51,1,1,201026128704wd,153452010040861935,YELLOWTAIL SNAPPER,,2858.2985895,11,29,201026128704wd,,0,05/04/2021
2010,12,7,5,1534520100408017,6,2,04,wd,,,,0,0,201026128704wd,153452010040861935,,,3118.6156925,,,201026128704wd,,0,05/04/2021
2010,12,7,5,1534520100408019,6,2,04,wd,,,,0,0,201026128704wd,153452010040861935,,,3118.6156925,,,201026128704wd,,0,05/04/2021
2010,12,7,5,1534520100408020,6,2,04,wd,,,,0,0,201026128704wd,153452010040861935,,,2858.2985895,,,201026128704wd,,0,05/04/2021
2010,12,7,5,1534520100408021,6,2,04,wd,,,,0,0,201026128704wd,153452010040861935,,,2858.2985895,,,201026128704wd,,0,05/04/2021
2010,12,7,5,1534520100408023,6,2,04,wd,,,,0,0,201026128704wd,153452010040861935,,,3118.6156925,,,201026128704wd,,0,05/04/2021
2010,12,7,5,1534520100410001,6,2,04,we,,,,0,0,201026128704we,153452010041061334,,,1549.9125484,,,201026128704we,,0,05/04/2021
2010,12,7,5,1534520100410003,6,2,04,we,,,,0,0,201026128704we,153452010041061334,,,1549.9125484,,,201026128704we,,0,05/04/2021
2010,12,7,5,1534520100410004,6,2,04,we,,,,0,0,201026128704we,153452010041061334,,,1549.9125484,,,201026128704we,,0,05/04/2021
2010,12,7,5,1534520100410005,6,2,04,we,,,,0,0,201026128704we,153452010041061334,,,1549.9125484,,,201026128704we,,0,05/04/2021
2010,12,7,5,1534520100410006,6,2,04,we,,,,0,0,201026128704we,153452010041061334,,,1549.9125484,,,201026128704we,,0,05/04/2021
2010,12,7,5,1534520100410007,6,2,04,we,,,,0,0,201026128704we,153452010041061334,,,1549.9125484,,,201026128704we,,0,05/04/2021
2010,12,7,5,1534520100410008,6,2,04,we,8850030502,445,0.64,1,1,201026128704we,153452010041061334,SPANISH MACKEREL,,1549.9125484,17,44,201026128704we,,0,05/04/2021
2010,12,7,5,1534520100410009,6,2,04,we,,,,0,0,201026128704we,153452010041061334,,,1549.9125484,,,201026128704we,,0,05/04/2021
2010,12,7,5,1534520100410010,6,2,04,we,,,,0,0,201026128704we,153452010041061334,,,1549.9125484,,,201026128704we,,0,05/04/2021
2010,12,7,5,1534520100410011,6,2,04,we,,,,0,0,201026128704we,153452010041061334,,,1549.9125484,,,201026128704we,,0,05/04/2021
2010,12,7,5,1534520100410012,6,2,04,we,,,,0,0,201026128704we,153452010041061334,,,1549.9125484,,,201026128704we,,0,05/04/2021
2010,12,7,5,1534520100410013,6,2,04,we,8835250101,319,0.49,1,1,201026128704we,153452010041061334,BLUEFISH,,2315.3063337,12,31,201026128704we,,0,05/04/2021
2010,12,7,5,1534520100410013,6,2,04,we,8835250101,324,0.5,1,1,201026128704we,153452010041061334,BLUEFISH,,2315.3063337,12,32,201026128704we,,0,05/04/2021
2010,12,7,5,1534520100410014,6,2,04,we,,,,0,0,201026128704we,153452010041061334,,,2315.3063337,,,201026128704we,,0,05/04/2021
2010,12,7,5,1534520100410015,6,2,04,we,8835440901,497,1.34,1,1,201026128704we,153452010041061334,RED DRUM,,1549.9125484,19,49,201026128704we,,0,05/04/2021
2010,12,7,5,1534520100410016,6,2,04,we,8835440102,389,0.6,1,1,201026128704we,153452010041061334,SPOTTED SEATROUT,,1549.9125484,15,38,201026128704we,,0,05/04/2021
2010,12,7,5,1534520100410017,6,2,04,we,8835440102,590,1.84,1,1,201026128704we,153452010041061334,SPOTTED SEATROUT,,1549.9125484,23,59,201026128704we,,0,05/04/2021
2010,12,7,5,1534520100410018,6,2,04,we,8835440102,595,1.98,1,1,201026128704we,153452010041061334,SPOTTED SEATROUT,,1549.9125484,23,59,201026128704we,,0,05/04/2021
2010,12,7,5,1534520100410018,6,2,04,we,8835250101,308,0.39,1,1,201026128704we,153452010041061334,BLUEFISH,,1549.9125484,12,30,201026128704we,,0,05/04/2021
2010,12,7,5,1534520100412001,6,2,04,wd,,,,0,0,201026128704wd,15345201004129938,,,15763.703189,,,201026128704wd,,0,05/04/2021
2010,12,7,5,1534520100412002,6,2,04,wd,,,,0,0,201026128704wd,15345201004129938,,,4504.8721201,,,201026128704wd,,0,05/04/2021
2010,12,7,5,1534520100412003,6,2,04,wd,,,,0,0,201026128704wd,15345201004129938,,,4504.8721201,,,201026128704wd,,0,05/04/2021
2010,12,7,1,1534720100306005,6,2,03,we,8850030502,387.90488172,0.48,1,0,201026128703we,153472010030611216,SPANISH MACKEREL,,455.5618398,15,38,201026128703we,,0,05/04/2021
2010,12,7,1,1534720100306005,6,2,03,we,8850030502,448.82974835,0.74,1,0,201026128703we,153472010030611216,SPANISH MACKEREL,,455.5618398,17,44,201026128703we,,0,05/04/2021
2010,12,7,5,1534720100306012,6,2,03,we,,,,0,0,201026128703we,153472010030611216,,,459.72923844,,,201026128703we,,0,05/04/2021
2010,12,7,5,1534720100306013,6,2,03,we,,,,0,0,201026128703we,153472010030611216,,,459.72923844,,,201026128703we,,0,05/04/2021
2010,12,7,5,1534720100306014,6,2,03,we,,,,0,0,201026128703we,153472010030611216,,,459.72923844,,,201026128703we,,0,05/04/2021
2010,12,7,5,1534720100306022,6,2,03,we,8835430301,288,0.54,1,1,201026128703we,153472010030611216,SHEEPSHEAD,,459.72923844,11,28,201026128703we,,0,05/04/2021
2010,12,7,5,1534720100306023,6,2,03,we,,,,0,0,201026128703we,153472010030611216,,,459.72923844,,,201026128703we,,0,05/04/2021
2010,12,7,1,1534720100321001,6,2,03,we,,,,0,0,201026128703we,153472010032199308,,,543.38963321,,,201026128703we,,0,05/04/2021
2010,12,7,1,1534720100321002,6,2,03,we,,,,0,0,201026128703we,153472010032199308,,,543.38963321,,,201026128703we,,0,05/04/2021
2010,12,7,5,1534720100321005,6,2,03,we,,,,0,0,201026128703we,153472010032199308,,,548.36046488,,,201026128703we,,0,05/04/2021
2010,12,7,5,1534720100321006,6,2,03,we,,,,0,0,201026128703we,153472010032199308,,,548.36046488,,,201026128703we,,0,05/04/2021
2010,12,7,1,1534720100327001,6,2,03,we,8850030601,883.78452272,4.42,1,0,201026128703we,153472010032799214,WAHOO,,974.99099465,34,88,201026128703we,,0,05/04/2021
2010,12,7,1,1534720100327001,6,2,03,we,8850030601,1048.5920781,7.3,1,0,201026128703we,153472010032799214,WAHOO,,974.99099465,41,104,201026128703we,,0,05/04/2021
2010,12,7,1,1534720100327004,6,2,03,we,,,,0,0,201026128703we,153472010032799214,,,974.99099465,,,201026128703we,,0,05/04/2021
2010,12,7,1,1534720100327005,6,2,03,we,,,,0,0,201026128703we,153472010032799214,,,974.99099465,,,201026128703we,,0,05/04/2021
2010,12,7,1,1534720100327006,6,2,03,we,,,,0,0,201026128703we,153472010032799214,,,974.99099465,,,201026128703we,,0,05/04/2021
2010,12,7,5,1534720100327009,6,2,03,we,,,,0,0,201026128703we,153472010032799214,,,983.91003877,,,201026128703we,,0,05/04/2021
2010,12,7,5,1534720100327010,6,2,03,we,,,,0,0,201026128703we,153472010032799214,,,983.91003877,,,201026128703we,,0,05/04/2021
2010,12,7,2,1534720100327018,6,2,03,we,8850030404,387,1.16,1,1,201026128703we,153472010032799214,BLACKFIN TUNA,,1294.9230756,15,38,201026128703we,,0,05/04/2021
2010,12,7,2,1534720100327018,6,2,03,we,8850030404,741.69574325,8.32,1,1,201026128703we,153472010032799214,BLACKFIN TUNA,,1294.9230756,29,74,201026128703we,,0,05/04/2021
2010,12,7,2,1534720100327019,6,2,03,we,8850030404,402,1.2509362211,1,1,201026128703we,153472010032799214,BLACKFIN TUNA,,1294.9230756,15,40,201026128703we,,0,05/04/2021
2010,12,7,1,1534720100327022,6,2,03,we,8835360401,261,0.34,1,1,201026128703we,153472010032799214,YELLOWTAIL SNAPPER,,974.99099465,10,26,201026128703we,,0,05/04/2021
2010,12,7,1,1534720100327026,6,2,03,we,8850030502,570,1.6,1,1,201026128703we,153472010032799214,SPANISH MACKEREL,,974.99099465,22,57,201026128703we,,0,05/04/2021
2010,12,7,1,1534720100327026,6,2,03,we,8850030102,430,1.06,1,1,201026128703we,153472010032799214,LITTLE TUNNY,,974.99099465,16,43,201026128703we,,0,05/04/2021
2010,12,7,1,1534720100327026,6,2,03,we,8850030502,455,0.76,1,1,201026128703we,153472010032799214,SPANISH MACKEREL,,974.99099465,17,45,201026128703we,,0,05/04/2021
2010,12,7,1,1534720100327027,6,2,03,we,8850030502,455,0.76,1,1,201026128703we,153472010032799214,SPANISH MACKEREL,,974.99099465,17,45,201026128703we,,0,05/04/2021
2010,12,7,1,1534720100327027,6,2,03,we,8850030102,430,1.06,1,1,201026128703we,153472010032799214,LITTLE TUNNY,,974.99099465,16,43,201026128703we,,0,05/04/2021
2010,12,7,1,1534720100327027,6,2,03,we,8850030502,455,0.76,1,1,201026128703we,153472010032799214,SPANISH MACKEREL,,974.99099465,17,45,201026128703we,,0,05/04/2021
2010,12,7,1,1534720100327029,6,2,03,we,8850030102,710,5.7103984782,1,1,201026128703we,153472010032799214,LITTLE TUNNY,,974.99099465,27,71,201026128703we,,0,05/04/2021
2010,12,7,2,1534720100411001,6,2,04,we,,,,0,0,201026128704we,153472010041199303,,,4751.1340842,,,201026128704we,,0,05/04/2021
2010,12,7,2,1534720100411002,6,2,04,we,,,,0,0,201026128704we,153472010041199303,,,4751.1340842,,,201026128704we,,0,05/04/2021
2010,12,7,2,1534720100411003,6,2,04,we,,,,0,0,201026128704we,153472010041199303,,,4751.1340842,,,201026128704we,,0,05/04/2021
2010,12,7,5,1534720100411004,6,2,04,we,,,,0,0,201026128704we,153472010041199303,,,3610.0125243,,,201026128704we,,0,05/04/2021
2010,12,7,5,1543720100307001,6,2,03,we,,,,0,0,201026128703we,154372010030799286,,,286.96274442,,,201026128703we,,0,05/04/2021
2010,12,7,5,1543720100307003,6,2,03,we,8835280901,320,0.68,0,0,201026128703we,154372010030799286,FLORIDA POMPANO,,286.96274442,12,32,201026128703we,,0,05/04/2021
2010,12,7,5,1543720100307004,6,2,03,we,,,,0,0,201026128703we,154372010030799286,,,286.96274442,,,201026128703we,,0,05/04/2021
2010,12,7,5,1543720100307005,6,2,03,we,,,,0,0,201026128703we,154372010030799286,,,286.96274442,,,201026128703we,,0,05/04/2021
2010,12,7,5,1543720100307006,6,2,03,we,,,,0,0,201026128703we,154372010030799286,,,286.96274442,,,201026128703we,,0,05/04/2021
2010,12,7,5,1543720100307007,6,2,03,we,8835280901,320,0.68,1,1,201026128703we,154372010030799286,FLORIDA POMPANO,,286.96274442,12,32,201026128703we,,0,05/04/2021
2010,12,7,5,1543720100307007,6,2,03,we,8835280901,301,0.62,1,1,201026128703we,154372010030799286,FLORIDA POMPANO,,286.96274442,11,30,201026128703we,,0,05/04/2021
2010,12,7,5,1543720100307007,6,2,03,we,8835280901,330,0.7437846533,1,1,201026128703we,154372010030799286,FLORIDA POMPANO,,286.96274442,12,33,201026128703we,,0,05/04/2021
2010,12,7,5,1543720100307008,6,2,03,we,8835280901,318,0.64,1,1,201026128703we,154372010030799286,FLORIDA POMPANO,,286.96274442,12,31,201026128703we,,0,05/04/2021
2010,12,7,5,1543720100307008,6,2,03,we,8835280901,340,0.84,1,1,201026128703we,154372010030799286,FLORIDA POMPANO,,286.96274442,13,34,201026128703we,,0,05/04/2021
2010,12,7,5,1543720100307008,6,2,03,we,8835280901,343,0.9,1,1,201026128703we,154372010030799286,FLORIDA POMPANO,,286.96274442,13,34,201026128703we,,0,05/04/2021
2010,12,7,5,1543720100307015,6,2,03,we,8835250101,435,1.18,0,0,201026128703we,154372010030799286,BLUEFISH,,286.96274442,17,43,201026128703we,,0,05/04/2021
2010,12,7,5,1543720100307019,6,2,03,we,8835280901,301,0.62,0,0,201026128703we,154372010030799286,FLORIDA POMPANO,,286.96274442,11,30,201026128703we,,0,05/04/2021
2010,12,7,5,1543720100307020,6,2,03,we,,,,0,0,201026128703we,154372010030799286,,,286.96274442,,,201026128703we,,0,05/04/2021
2010,12,7,5,1543720100307023,6,2,03,we,8835280901,327,0.8,1,1,201026128703we,154372010030799286,FLORIDA POMPANO,,516.53293996,12,32,201026128703we,,0,05/04/2021
2010,12,7,5,1543720100307023,6,2,03,we,8835280901,310,0.6,1,1,201026128703we,154372010030799286,FLORIDA POMPANO,,516.53293996,12,31,201026128703we,,0,05/04/2021
2010,12,7,5,1543720100307023,6,2,03,we,8835280901,319,0.66,1,1,201026128703we,154372010030799286,FLORIDA POMPANO,,516.53293996,12,31,201026128703we,,0,05/04/2021
2010,12,7,5,1543720100307023,6,2,03,we,8835280901,295,0.5,1,1,201026128703we,154372010030799286,FLORIDA POMPANO,,516.53293996,11,29,201026128703we,,0,05/04/2021
2010,12,7,5,1543720100307023,6,2,03,we,8835280901,325,0.8,1,1,201026128703we,154372010030799286,FLORIDA POMPANO,,516.53293996,12,32,201026128703we,,0,05/04/2021
2010,12,7,5,1543720100307024,6,2,03,we,,,,0,0,201026128703we,154372010030799286,,,286.96274442,,,201026128703we,,0,05/04/2021
2010,12,7,5,1543720100307025,6,2,03,we,,,,0,0,201026128703we,154372010030799286,,,286.96274442,,,201026128703we,,0,05/04/2021
2010,12,7,2,1543720100309003,6,2,03,wd,,,,0,0,201026128703wd,15437201003099999,,,14849.7237,,,201026128703wd,,0,05/04/2021
2010,12,7,2,1543720100309004,6,2,03,wd,,,,0,0,201026128703wd,15437201003099999,,,14849.7237,,,201026128703wd,,0,05/04/2021
2010,12,7,5,1543720100309007,6,2,03,wd,,,,0,0,201026128703wd,154372010030999278,,,747.13166421,,,201026128703wd,,0,05/04/2021
2010,12,7,1,1543720100309008,6,2,03,wd,8850030502,617,1.84,1,1,201026128703wd,154372010030999278,SPANISH MACKEREL,,740.3589919,24,61,201026128703wd,,0,05/04/2021
2010,12,7,1,1543720100309008,6,2,03,wd,8835360103,431,1.36,0,0,201026128703wd,154372010030999278,MUTTON SNAPPER,,740.3589919,16,43,201026128703wd,,0,05/04/2021
2010,12,7,1,1543720100309008,6,2,03,wd,8835360103,446,1.42,0,0,201026128703wd,154372010030999278,MUTTON SNAPPER,,740.3589919,17,44,201026128703wd,,0,05/04/2021
2010,12,7,1,1543720100309010,6,2,03,wd,8850030502,411,0.6,1,1,201026128703wd,154372010030999278,SPANISH MACKEREL,,740.3589919,16,41,201026128703wd,,0,05/04/2021
2010,12,7,1,1543720100309010,6,2,03,wd,8850030502,617,1.84,1,1,201026128703wd,154372010030999278,SPANISH MACKEREL,,740.3589919,24,61,201026128703wd,,0,05/04/2021
2010,12,7,1,1543720100309010,6,2,03,wd,8850030502,617,1.84,1,1,201026128703wd,154372010030999278,SPANISH MACKEREL,,740.3589919,24,61,201026128703wd,,0,05/04/2021
2010,12,7,1,1543720100309010,6,2,03,wd,8850030502,550,1.4,1,1,201026128703wd,154372010030999278,SPANISH MACKEREL,,740.3589919,21,55,201026128703wd,,0,05/04/2021
2010,12,7,1,1543720100309011,6,2,03,wd,8850030502,491,0.92,1,1,201026128703wd,154372010030999278,SPANISH MACKEREL,,740.3589919,19,49,201026128703wd,,0,05/04/2021
2010,12,7,1,1543720100309011,6,2,03,wd,8850030502,340,0.34,1,1,201026128703wd,154372010030999278,SPANISH MACKEREL,,740.3589919,13,34,201026128703wd,,0,05/04/2021
2010,12,7,1,1543720100309011,6,2,03,wd,8850030502,550,1.4,1,1,201026128703wd,154372010030999278,SPANISH MACKEREL,,740.3589919,21,55,201026128703wd,,0,05/04/2021
2010,12,7,1,1543720100309011,6,2,03,wd,8850030502,570,1.6,1,1,201026128703wd,154372010030999278,SPANISH MACKEREL,,740.3589919,22,57,201026128703wd,,0,05/04/2021
2010,12,7,1,1543720100309012,6,2,03,wd,8850030502,491,0.92,1,1,201026128703wd,154372010030999278,SPANISH MACKEREL,,740.3589919,19,49,201026128703wd,,0,05/04/2021
2010,12,7,1,1543720100309012,6,2,03,wd,8850030502,491,0.92,1,1,201026128703wd,154372010030999278,SPANISH MACKEREL,,740.3589919,19,49,201026128703wd,,0,05/04/2021
2010,12,7,1,1543720100309012,6,2,03,wd,8850030502,520,1.1,1,1,201026128703wd,154372010030999278,SPANISH MACKEREL,,740.3589919,20,52,201026128703wd,,0,05/04/2021
2010,12,7,1,1543720100309012,6,2,03,wd,8850030502,520,1.1,1,1,201026128703wd,154372010030999278,SPANISH MACKEREL,,740.3589919,20,52,201026128703wd,,0,05/04/2021
2010,12,7,1,1543720100309014,6,2,03,wd,,,,0,0,201026128703wd,154372010030999278,,,740.3589919,,,201026128703wd,,0,05/04/2021
2010,12,7,1,1543720100309016,6,2,03,wd,8860020201,298,0.6,0,0,201026128703wd,154372010030999278,GRAY TRIGGERFISH,,740.3589919,11,29,201026128703wd,,0,05/04/2021
2010,12,7,1,1543720100309016,6,2,03,wd,8860020201,308,0.62,0,0,201026128703wd,154372010030999278,GRAY TRIGGERFISH,,740.3589919,12,30,201026128703wd,,0,05/04/2021
2010,12,7,1,1543720100309016,6,2,03,wd,8850030501,892,5.54,1,1,201026128703wd,154372010030999278,KING MACKEREL,,987.14532253,35,89,201026128703wd,,0,05/04/2021
2010,12,7,1,1543720100309016,6,2,03,wd,8850030501,892,5.54,1,1,201026128703wd,154372010030999278,KING MACKEREL,,987.14532253,35,89,201026128703wd,,0,05/04/2021
2010,12,7,1,1543720100309016,6,2,03,wd,8850030501,892,5.54,0,0,201026128703wd,154372010030999278,KING MACKEREL,,987.14532253,35,89,201026128703wd,,0,05/04/2021
2010,12,7,1,1543720100309016,6,2,03,wd,8850030501,843,3.88,1,1,201026128703wd,154372010030999278,KING MACKEREL,,987.14532253,33,84,201026128703wd,,0,05/04/2021
2010,12,7,1,1543720100309016,6,2,03,wd,8850030501,843,3.88,0,0,201026128703wd,154372010030999278,KING MACKEREL,,987.14532253,33,84,201026128703wd,,0,05/04/2021
2010,12,7,1,1543720100309016,6,2,03,wd,8850030501,626,1.9822723314,1,1,201026128703wd,154372010030999278,KING MACKEREL,,987.14532253,24,62,201026128703wd,,0,05/04/2021
2010,12,7,1,1543720100309017,6,2,03,wd,,,,0,0,201026128703wd,154372010030999278,,,740.3589919,,,201026128703wd,,0,05/04/2021
2010,12,7,1,1543720100309018,6,2,03,wd,,,,0,0,201026128703wd,154372010030999278,,,740.3589919,,,201026128703wd,,0,05/04/2021
2010,12,7,1,1543720100309019,6,2,03,wd,,,,0,0,201026128703wd,154372010030999278,,,740.3589919,,,201026128703wd,,0,05/04/2021
2010,12,7,1,1543720100309020,6,2,03,wd,8850030501,751,3.4181479618,1,1,201026128703wd,154372010030999278,KING MACKEREL,,740.3589919,29,75,201026128703wd,,0,05/04/2021
2010,12,7,1,1543720100309021,6,2,03,wd,,,,0,0,201026128703wd,154372010030999278,,,740.3589919,,,201026128703wd,,0,05/04/2021
2010,12,7,1,1543720100309022,6,2,03,wd,,,,0,0,201026128703wd,154372010030999278,,,740.3589919,,,201026128703wd,,0,05/04/2021
2010,12,7,1,1543720100309023,6,2,03,wd,8850030502,475,0.82,1,1,201026128703wd,154372010030999278,SPANISH MACKEREL,,1480.7179838,18,47,201026128703wd,,0,05/04/2021
2010,12,7,1,1543720100309023,6,2,03,wd,8850030502,491,0.92,1,1,201026128703wd,154372010030999278,SPANISH MACKEREL,,1480.7179838,19,49,201026128703wd,,0,05/04/2021
2010,12,7,1,1543720100309023,6,2,03,wd,8850030502,559,1.54,1,1,201026128703wd,154372010030999278,SPANISH MACKEREL,,1480.7179838,22,55,201026128703wd,,0,05/04/2021
2010,12,7,1,1543720100309023,6,2,03,wd,8850030502,520,1.1,1,1,201026128703wd,154372010030999278,SPANISH MACKEREL,,1480.7179838,20,52,201026128703wd,,0,05/04/2021
2010,12,7,1,1543720100309023,6,2,03,wd,8850030502,559,1.54,1,1,201026128703wd,154372010030999278,SPANISH MACKEREL,,1480.7179838,22,55,201026128703wd,,0,05/04/2021
2010,12,7,1,1543720100309023,6,2,03,wd,8835280303,280,0.38,1,1,201026128703wd,154372010030999278,CREVALLE JACK,,740.3589919,11,28,201026128703wd,,0,05/04/2021
2010,12,7,1,1543720100309023,6,2,03,wd,8835250101,461,1.3,1,1,201026128703wd,154372010030999278,BLUEFISH,,740.3589919,18,46,201026128703wd,,0,05/04/2021
2010,12,7,1,1543720100309024,6,2,03,wd,,,,0,0,201026128703wd,154372010030999278,,,740.3589919,,,201026128703wd,,0,05/04/2021
2010,12,7,1,1543720100309025,6,2,03,wd,,,,0,0,201026128703wd,154372010030999278,,,740.3589919,,,201026128703wd,,0,05/04/2021
2010,12,7,5,1543720100309026,6,2,03,wd,,,,0,0,201026128703wd,154372010030999278,,,747.13166421,,,201026128703wd,,0,05/04/2021
2010,12,7,5,1543720100309027,6,2,03,wd,,,,0,0,201026128703wd,154372010030999278,,,747.13166421,,,201026128703wd,,0,05/04/2021
2010,12,7,5,1543720100309028,6,2,03,wd,8835430301,369,1.14,0,0,201026128703wd,154372010030999278,SHEEPSHEAD,,747.13166421,14,36,201026128703wd,,0,05/04/2021
2010,12,7,5,1543720100309028,6,2,03,wd,8835360112,237,0.24,0,0,201026128703wd,154372010030999278,LANE SNAPPER,,747.13166421,9,23,201026128703wd,,0,05/04/2021
2010,12,7,1,1543720100309029,6,2,03,wd,,,,0,0,201026128703wd,154372010030999278,,,740.3589919,,,201026128703wd,,0,05/04/2021
2010,12,7,1,1543720100309030,6,2,03,wd,,,,0,0,201026128703wd,154372010030999278,,,740.3589919,,,201026128703wd,,0,05/04/2021
2010,12,7,5,1543720100321004,6,2,03,we,8777180101,320,0.6072383129,1,1,201026128703we,1543720100321851754,GAFFTOPSAIL CATFISH,,1462.3605159,12,32,201026128703we,,0,05/04/2021
2010,12,7,5,1543720100321005,6,2,03,we,8835280901,305,0.64,1,1,201026128703we,1543720100321851754,FLORIDA POMPANO,,1462.3605159,12,30,201026128703we,,0,05/04/2021
2010,12,7,5,1543720100321006,6,2,03,we,8835440702,443,1.08,0,0,201026128703we,1543720100321851754,ATLANTIC CROAKER,,1462.3605159,17,44,201026128703we,,0,05/04/2021
2010,12,7,5,1543720100321008,6,2,03,we,8835250101,391,0.7174530039,0,1,201026128703we,1543720100321851754,BLUEFISH,,1462.3605159,15,39,201026128703we,,0,05/04/2021
2010,12,7,5,1543720100321010,6,2,03,we,,,,0,0,201026128703we,1543720100321851754,,,1462.3605159,,,201026128703we,,0,05/04/2021
2010,12,7,5,1543720100321021,6,2,03,we,,,,0,0,201026128703we,1543720100321851754,,,1462.3605159,,,201026128703we,,0,05/04/2021
2010,12,7,5,1543720100321022,6,2,03,we,,,,0,0,201026128703we,1543720100321851754,,,1462.3605159,,,201026128703we,,0,05/04/2021
2010,12,7,5,1543720100321023,6,2,03,we,,,,0,0,201026128703we,1543720100321851754,,,1462.3605159,,,201026128703we,,0,05/04/2021
2010,12,7,5,1543720100321024,6,2,03,we,,,,0,0,201026128703we,1543720100321851754,,,1462.3605159,,,201026128703we,,0,05/04/2021
2010,12,7,2,1543720100331004,6,2,03,wd,8860020201,349,0.94,1,1,201026128703wd,154372010033199278,GRAY TRIGGERFISH,,992.77549111,13,34,201026128703wd,,0,05/04/2021
2010,12,7,2,1543720100331004,6,2,03,wd,8860020201,332,0.8,1,1,201026128703wd,154372010033199278,GRAY TRIGGERFISH,,992.77549111,13,33,201026128703wd,,0,05/04/2021
2010,12,7,1,1543720100331005,6,2,03,wd,8850030501,626,1.9822723314,0,0,201026128703wd,154372010033199278,KING MACKEREL,,747.49394908,24,62,201026128703wd,,0,05/04/2021
2010,12,7,1,1543720100331005,6,2,03,wd,8850030102,710,5.7103984782,1,1,201026128703wd,154372010033199278,LITTLE TUNNY,,747.49394908,27,71,201026128703wd,,0,05/04/2021
2010,12,7,1,1543720100331006,6,2,03,wd,8850030501,751,3.4181479618,0,0,201026128703wd,154372010033199278,KING MACKEREL,,747.49394908,29,75,201026128703wd,,0,05/04/2021
2010,12,7,1,1543720100331007,6,2,03,wd,,,,0,0,201026128703wd,154372010033199278,,,747.49394908,,,201026128703wd,,0,05/04/2021
2010,12,7,5,1543720100331008,6,2,03,wd,,,,0,0,201026128703wd,154372010033199278,,,754.33189071,,,201026128703wd,,0,05/04/2021
2010,12,7,5,1543720100331009,6,2,03,wd,,,,0,0,201026128703wd,154372010033199278,,,754.33189071,,,201026128703wd,,0,05/04/2021
2010,12,7,5,1543720100331010,6,2,03,wd,,,,0,0,201026128703wd,154372010033199278,,,754.33189071,,,201026128703wd,,0,05/04/2021
2010,12,7,5,1543720100331011,6,2,03,wd,,,,0,0,201026128703wd,154372010033199278,,,754.33189071,,,201026128703wd,,0,05/04/2021
2010,12,7,5,1543720100331012,6,2,03,wd,,,,0,0,201026128703wd,154372010033199278,,,754.33189071,,,201026128703wd,,0,05/04/2021
2010,12,7,5,1543720100331013,6,2,03,wd,,,,0,0,201026128703wd,154372010033199278,,,754.33189071,,,201026128703wd,,0,05/04/2021
2010,12,7,5,1543720100331014,6,2,03,wd,,,,0,0,201026128703wd,154372010033199278,,,754.33189071,,,201026128703wd,,0,05/04/2021
2010,12,7,5,1543720100331015,6,2,03,wd,,,,0,0,201026128703wd,154372010033199278,,,754.33189071,,,201026128703wd,,0,05/04/2021
2010,12,7,5,1543720100331016,6,2,03,wd,,,,0,0,201026128703wd,154372010033199278,,,754.33189071,,,201026128703wd,,0,05/04/2021
2010,12,7,5,1543720100331017,6,2,03,wd,,,,0,0,201026128703wd,154372010033199278,,,754.33189071,,,201026128703wd,,0,05/04/2021
2010,12,7,1,1543720100331018,6,2,03,wd,8835260101,978,10.08,1,1,201026128703wd,154372010033199278,COBIA,,747.49394908,38,97,201026128703wd,,0,05/04/2021
2010,12,7,1,1543720100331018,6,2,03,wd,8835260101,902,6.74,1,1,201026128703wd,154372010033199278,COBIA,,747.49394908,35,90,201026128703wd,,0,05/04/2021
2010,12,7,1,1543720100331018,6,2,03,wd,8835260101,1010,11.96,1,1,201026128703wd,154372010033199278,COBIA,,747.49394908,39,101,201026128703wd,,0,05/04/2021
2010,12,7,1,1543720100331019,6,2,03,wd,,,,0,0,201026128703wd,154372010033199278,,,747.49394908,,,201026128703wd,,0,05/04/2021
2010,12,7,1,1543720100331020,6,2,03,wd,,,,0,0,201026128703wd,154372010033199278,,,747.49394908,,,201026128703wd,,0,05/04/2021
2010,12,7,1,1543720100331021,6,2,03,wd,,,,0,0,201026128703wd,154372010033199278,,,685.09913083,,,201026128703wd,,0,05/04/2021
2010,12,7,1,1543720100331022,6,2,03,wd,,,,0,0,201026128703wd,154372010033199278,,,685.09913083,,,201026128703wd,,0,05/04/2021
2010,12,7,1,1543720100331023,6,2,03,wd,,,,0,0,201026128703wd,154372010033199278,,,685.09913083,,,201026128703wd,,0,05/04/2021
2010,12,7,2,1543720100331024,6,2,03,wd,8850030501,656,1.84,1,1,201026128703wd,154372010033199278,KING MACKEREL,,992.77549111,25,65,201026128703wd,,0,05/04/2021
2010,12,7,2,1543720100331024,6,2,03,wd,8850030501,656,1.84,1,1,201026128703wd,154372010033199278,KING MACKEREL,,992.77549111,25,65,201026128703wd,,0,05/04/2021
2010,12,7,2,1543720100331024,6,2,03,wd,8850030501,643,1.92,1,1,201026128703wd,154372010033199278,KING MACKEREL,,992.77549111,25,64,201026128703wd,,0,05/04/2021
2010,12,7,2,1543720100331025,6,2,03,wd,,,,0,0,201026128703wd,154372010033199278,,,992.77549111,,,201026128703wd,,0,05/04/2021
2010,12,7,2,1543720100331028,6,2,03,wd,8835430505,333,0.870108077,0,1,201026128703wd,154372010033199278,WHITEBONE PORGY,,992.77549111,13,33,201026128703wd,,0,05/04/2021
2010,12,7,2,1543720100331028,6,2,03,wd,8835360103,547,2.48,1,1,201026128703wd,154372010033199278,MUTTON SNAPPER,,992.77549111,21,54,201026128703wd,,0,05/04/2021
2010,12,7,2,1543720100331028,6,2,03,wd,8835260101,954,9.9356412426,0,1,201026128703wd,154372010033199278,COBIA,,992.77549111,37,95,201026128703wd,,0,05/04/2021
2010,12,7,2,1543720100404002,6,2,04,we,,,,0,0,201026128704we,1543720100404993277,,,147.41556311,,,201026128704we,,0,05/04/2021
2010,12,7,1,1543720100406001,6,2,04,wd,8850030502,557,1.34,0,0,201026128704wd,154372010040699303,SPANISH MACKEREL,,513.5090655,21,55,201026128704wd,,0,05/04/2021
2010,12,7,1,1543720100406001,6,2,04,wd,8850030501,643,1.92,0,0,201026128704wd,154372010040699303,KING MACKEREL,,513.5090655,25,64,201026128704wd,,0,05/04/2021
2010,12,7,1,1543720100406001,6,2,04,wd,8850030501,627,1.68,0,0,201026128704wd,154372010040699303,KING MACKEREL,,513.5090655,24,62,201026128704wd,,0,05/04/2021
2010,12,7,1,1543720100406001,6,2,04,wd,8850030501,656,1.84,0,0,201026128704wd,154372010040699303,KING MACKEREL,,513.5090655,25,65,201026128704wd,,0,05/04/2021
2010,12,7,1,1543720100406001,6,2,04,wd,8850030501,751,3.4181479618,1,1,201026128704wd,154372010040699303,KING MACKEREL,,513.5090655,29,75,201026128704wd,,0,05/04/2021
2010,12,7,1,1543720100406001,6,2,04,wd,8835400113,280,0.44,0,0,201026128704wd,154372010040699303,BLUESTRIPED GRUNT,,513.5090655,11,28,201026128704wd,,0,05/04/2021
2010,12,7,1,1543720100406001,6,2,04,wd,8835400103,299,0.52,0,0,201026128704wd,154372010040699303,MARGATE,,513.5090655,11,29,201026128704wd,,0,05/04/2021
2010,12,7,1,1543720100406001,6,2,04,wd,8835360103,303,0.5,1,1,201026128704wd,154372010040699303,MUTTON SNAPPER,,513.5090655,11,30,201026128704wd,,0,05/04/2021
2010,12,7,1,1543720100406001,6,2,04,wd,8835280801,569,3.06,0,0,201026128704wd,154372010040699303,GREATER AMBERJACK,,513.5090655,22,56,201026128704wd,,0,05/04/2021
2010,12,7,1,1543720100406001,6,2,04,wd,8835280801,535,2.48,0,0,201026128704wd,154372010040699303,GREATER AMBERJACK,,513.5090655,21,53,201026128704wd,,0,05/04/2021
2010,12,7,1,1543720100406001,6,2,04,wd,8835280801,535,2.48,1,1,201026128704wd,154372010040699303,GREATER AMBERJACK,,513.5090655,21,53,201026128704wd,,0,05/04/2021
2010,12,7,1,1543720100406001,6,2,04,wd,8835280801,587,3.22,0,0,201026128704wd,154372010040699303,GREATER AMBERJACK,,513.5090655,23,58,201026128704wd,,0,05/04/2021
2010,12,7,1,1543720100406001,6,2,04,wd,8835280801,624,3.34,0,0,201026128704wd,154372010040699303,GREATER AMBERJACK,,513.5090655,24,62,201026128704wd,,0,05/04/2021
2010,12,7,1,1543720100406001,6,2,04,wd,8835280306,359,0.8,0,0,201026128704wd,154372010040699303,BLUE RUNNER,,513.5090655,14,35,201026128704wd,,0,05/04/2021
2010,12,7,5,1543720100406003,6,2,04,wd,8835360112,207,0.12,0,0,201026128704wd,154372010040699303,LANE SNAPPER,,518.20655506,8,20,201026128704wd,,0,05/04/2021
2010,12,7,5,1543720100406003,6,2,04,wd,8835360112,191,0.1,0,0,201026128704wd,154372010040699303,LANE SNAPPER,,518.20655506,7,19,201026128704wd,,0,05/04/2021
2010,12,7,5,1543720100406003,6,2,04,wd,8835360112,193,0.12,0,0,201026128704wd,154372010040699303,LANE SNAPPER,,518.20655506,7,19,201026128704wd,,0,05/04/2021
2010,12,7,5,1543720100406003,6,2,04,wd,8835360112,212,0.2,0,0,201026128704wd,154372010040699303,LANE SNAPPER,,518.20655506,8,21,201026128704wd,,0,05/04/2021
2010,12,7,1,1543720100406008,6,2,04,wd,8835280801,841,8.22,1,1,201026128704wd,154372010040699303,GREATER AMBERJACK,,513.5090655,33,84,201026128704wd,,0,05/04/2021
2010,12,7,1,1543720100406008,6,2,04,wd,8835280801,889,10.18,1,1,201026128704wd,154372010040699303,GREATER AMBERJACK,,513.5090655,34,88,201026128704wd,,0,05/04/2021
2010,12,7,1,1543720100406009,6,2,04,wd,8708020507,1023,12.10023097,1,1,201026128704wd,154372010040699303,BLACKTIP SHARK,,513.5090655,40,102,201026128704wd,,0,05/04/2021
2010,12,7,2,1543720100424002,6,2,04,we,8850030102,561,3.08,0,0,201026128704we,154372010042485367,LITTLE TUNNY,,3574.8779871,22,56,201026128704we,,0,05/04/2021
2010,12,7,2,1543720100424002,6,2,04,we,8835290101,490,1.08,0,0,201026128704we,154372010042485367,DOLPHIN,,3574.8779871,19,49,201026128704we,,0,05/04/2021
2010,12,7,2,1543720100424002,6,2,04,we,8835290101,537,1.26,0,0,201026128704we,154372010042485367,DOLPHIN,,3574.8779871,21,53,201026128704we,,0,05/04/2021
2010,12,7,2,1543720100424002,6,2,04,we,8835280804,586,3.02,1,1,201026128704we,154372010042485367,BANDED RUDDERFISH,,3574.8779871,23,58,201026128704we,,0,05/04/2021
2010,12,7,2,1543720100424002,6,2,04,we,8835280804,543,2.4424505496,1,1,201026128704we,154372010042485367,BANDED RUDDERFISH,,3574.8779871,21,54,201026128704we,,0,05/04/2021
2010,12,7,2,1543720100424002,6,2,04,we,8835280804,556,2.6059092832,1,1,201026128704we,154372010042485367,BANDED RUDDERFISH,,3574.8779871,21,55,201026128704we,,0,05/04/2021
2010,12,7,2,1543720100424002,6,2,04,we,8835280804,522,2.28,0,0,201026128704we,154372010042485367,BANDED RUDDERFISH,,3574.8779871,20,52,201026128704we,,0,05/04/2021
2010,12,7,2,1543720100424017,6,2,04,we,8850030102,594,3.1489442005,1,1,201026128704we,154372010042485367,LITTLE TUNNY,,3574.8779871,23,59,201026128704we,,0,05/04/2021
2010,12,7,2,1543720100424018,6,2,04,we,8850030102,495,1.914041454,1,1,201026128704we,154372010042485367,LITTLE TUNNY,,3574.8779871,19,49,201026128704we,,0,05/04/2021
2010,12,7,2,1543720100424019,6,2,04,we,,,,0,0,201026128704we,154372010042485367,,,3574.8779871,,,201026128704we,,0,05/04/2021
2010,12,7,2,1543720100424020,6,2,04,we,8850030102,495,1.914041454,1,1,201026128704we,154372010042485367,LITTLE TUNNY,,3574.8779871,19,49,201026128704we,,0,05/04/2021
2010,12,7,2,1543720100424021,6,2,04,we,8835290101,731,3.24,0,0,201026128704we,154372010042485367,DOLPHIN,,3574.8779871,28,73,201026128704we,,0,05/04/2021
2010,12,7,2,1543720100424022,6,2,04,we,8850030101,592,4.48,0,0,201026128704we,154372010042485367,SKIPJACK TUNA,,3574.8779871,23,59,201026128704we,,0,05/04/2021
2010,12,7,2,1543720100424025,6,2,04,we,8835290101,668,2.6735367514,0,1,201026128704we,1543720100424993326,DOLPHIN,,138.65374004,26,66,201026128704we,,0,05/04/2021
2010,12,7,5,1544520100308003,6,2,03,wd,,,,0,0,201026128703wd,154452010030810950,,,1354.2445218,,,201026128703wd,,0,05/04/2021
2010,12,7,5,1544520100308004,6,2,03,wd,,,,0,0,201026128703wd,154452010030810950,,,1354.2445218,,,201026128703wd,,0,05/04/2021
2010,12,7,5,1544520100319002,6,2,03,wd,8835440702,279,0.18,0,0,201026128703wd,1544520100319193034,ATLANTIC CROAKER,,8130.0989866,10,27,201026128703wd,,0,05/04/2021
2010,12,7,5,1544520100319002,6,2,03,wd,8835440702,286,0.24,0,0,201026128703wd,1544520100319193034,ATLANTIC CROAKER,,8130.0989866,11,28,201026128703wd,,0,05/04/2021
2010,12,7,5,1544520100319002,6,2,03,wd,8835440702,337,0.54,0,0,201026128703wd,1544520100319193034,ATLANTIC CROAKER,,8130.0989866,13,33,201026128703wd,,0,05/04/2021
2010,12,7,5,1544520100319002,6,2,03,wd,8835440702,270,0.16,0,0,201026128703wd,1544520100319193034,ATLANTIC CROAKER,,8130.0989866,10,27,201026128703wd,,0,05/04/2021
2010,12,7,5,1544520100319002,6,2,03,wd,8835440702,331,0.5,0,0,201026128703wd,1544520100319193034,ATLANTIC CROAKER,,8130.0989866,13,33,201026128703wd,,0,05/04/2021
2010,12,7,5,1544520100319002,6,2,03,wd,8777180101,339,0.5,0,0,201026128703wd,1544520100319193034,GAFFTOPSAIL CATFISH,,8130.0989866,13,33,201026128703wd,,0,05/04/2021
2010,12,7,5,1544520100319003,6,2,03,wd,,,,0,0,201026128703wd,1544520100319193034,,,8130.0989866,,,201026128703wd,,0,05/04/2021
2010,12,7,5,1544520100405001,6,2,04,wd,,,,0,0,201026128704wd,1544520100405109736,,,7295.4253324,,,201026128704wd,,0,05/04/2021
2010,12,7,5,1544520100405002,6,2,04,wd,,,,0,0,201026128704wd,1544520100405109736,,,7295.4253324,,,201026128704wd,,0,05/04/2021
2010,12,7,5,1544520100405005,6,2,04,wd,,,,0,0,201026128704wd,1544520100405109736,,,7295.4253324,,,201026128704wd,,0,05/04/2021
2010,12,7,5,1544520100405006,6,2,04,wd,8835440901,662,3.56,1,1,201026128704wd,154452010040510989,RED DRUM,,21957.071669,26,66,201026128704wd,,0,05/04/2021
2010,12,7,5,1544520100405006,6,2,04,wd,8835440801,442,1.3,1,1,201026128704wd,154452010040510989,BLACK DRUM,,21957.071669,17,44,201026128704wd,,0,05/04/2021
2010,12,7,5,1544520100405007,6,2,04,wd,,,,0,0,201026128704wd,154452010040510989,,,20124.270885,,,201026128704wd,,0,05/04/2021
2010,12,7,5,1544520100405008,6,2,04,wd,,,,0,0,201026128704wd,154452010040510989,,,20124.270885,,,201026128704wd,,0,05/04/2021
2010,12,7,5,1544520100405009,6,2,04,wd,,,,0,0,201026128704wd,154452010040510989,,,21957.071669,,,201026128704wd,,0,05/04/2021
2010,12,7,5,1544520100410002,6,2,04,we,,,,0,0,201026128704we,154452010041010957,,,4227.3849445,,,201026128704we,,0,05/04/2021
2010,12,7,5,1544520100410004,6,2,04,we,,,,0,0,201026128704we,154452010041010957,,,4227.3849445,,,201026128704we,,0,05/04/2021
2010,12,7,5,1544520100410006,6,2,04,we,8835440901,515,1.44,0,0,201026128704we,154452010041010957,RED DRUM,,4227.3849445,20,51,201026128704we,,0,05/04/2021
2010,12,7,5,1544520100410006,6,2,04,we,8835440801,399,0.88,0,0,201026128704we,154452010041010957,BLACK DRUM,,4227.3849445,15,39,201026128704we,,0,05/04/2021
2010,12,7,5,1544520100410006,6,2,04,we,8835440801,384,0.76,0,0,201026128704we,154452010041010957,BLACK DRUM,,4227.3849445,15,38,201026128704we,,0,05/04/2021
2010,12,7,5,1544520100410006,6,2,04,we,8835440102,595,1.98,0,0,201026128704we,154452010041010957,SPOTTED SEATROUT,,4227.3849445,23,59,201026128704we,,0,05/04/2021
2010,12,7,5,1544520100410007,6,2,04,we,,,,0,0,201026128704we,154452010041010957,,,4227.3849445,,,201026128704we,,0,05/04/2021
2010,12,7,5,1544520100410008,6,2,04,we,,,,0,0,201026128704we,154452010041010957,,,4227.3849445,,,201026128704we,,0,05/04/2021
2010,12,7,5,1544520100410011,6,2,04,we,,,,0,0,201026128704we,154452010041010957,,,4227.3849445,,,201026128704we,,0,05/04/2021
2010,12,7,5,1544520100422001,6,2,04,wd,,,,0,0,201026128704wd,154452010042210989,,,14542.995521,,,201026128704wd,,0,05/04/2021
2010,12,7,5,1544520100422002,6,2,04,wd,,,,0,0,201026128704wd,154452010042210989,,,14542.995521,,,201026128704wd,,0,05/04/2021
2010,12,7,5,1544520100422003,6,2,04,wd,8835440901,456,0.96,1,1,201026128704wd,154452010042210989,RED DRUM,,14542.995521,17,45,201026128704wd,,0,05/04/2021
2010,12,7,5,1544520100422003,6,2,04,wd,8835440901,515,1.44,1,1,201026128704wd,154452010042210989,RED DRUM,,14542.995521,20,51,201026128704wd,,0,05/04/2021
2010,12,7,5,1544520100422004,6,2,04,wd,8835440901,623,2.98,1,1,201026128704wd,154452010042210989,RED DRUM,,14542.995521,24,62,201026128704wd,,0,05/04/2021
2010,12,7,5,1544520100422005,6,2,04,wd,,,,0,0,201026128704wd,154452010042210989,,,14542.995521,,,201026128704wd,,0,05/04/2021
2010,12,7,5,1544520100422006,6,2,04,wd,,,,0,0,201026128704wd,154452010042210989,,,14542.995521,,,201026128704wd,,0,05/04/2021
2010,12,7,5,1544520100422007,6,2,04,wd,,,,0,0,201026128704wd,154452010042210989,,,14542.995521,,,201026128704wd,,0,05/04/2021
2010,12,7,5,1544520100422008,6,2,04,wd,,,,0,0,201026128704wd,154452010042210989,,,14542.995521,,,201026128704wd,,0,05/04/2021
2010,12,7,5,1544520100422011,6,2,04,wd,,,,0,0,201026128704wd,154452010042210989,,,14542.995521,,,201026128704wd,,0,05/04/2021
2010,12,7,5,1544520100427004,6,2,04,wd,,,,0,0,201026128704wd,1544520100427109150,,,4246.7422437,,,201026128704wd,,0,05/04/2021
2010,12,7,5,1544520100427005,6,2,04,wd,,,,0,0,201026128704wd,1544520100427109150,,,4246.7422437,,,201026128704wd,,0,05/04/2021
2010,12,7,5,1544520100427006,6,2,04,wd,,,,0,0,201026128704wd,1544520100427109150,,,4246.7422437,,,201026128704wd,,0,05/04/2021
2010,12,7,5,1544720100314001,6,2,03,we,8835360102,237,0.2,1,1,201026128703we,154472010031425327,GRAY SNAPPER,,1520.3859249,9,23,201026128703we,,0,05/04/2021
2010,12,7,5,1544720100314002,6,2,03,we,8835400113,223.51189017,0.24,1,1,201026128703we,154472010031425327,BLUESTRIPED GRUNT,,1520.3859249,8,22,201026128703we,,0,05/04/2021
2010,12,7,5,1544720100314003,6,2,03,we,8835430201,194,0.16,1,1,201026128703we,154472010031425327,PINFISH,,1520.3859249,7,19,201026128703we,,0,05/04/2021
2010,12,7,5,1544720100314010,6,2,03,we,8835280000,,,0,0,201026128703we,154472010031425327,JACK FAMILY,,3040.7718498,,,201026128703we,,0,05/04/2021
2010,12,7,5,1544720100314011,6,2,03,we,,,,0,0,201026128703we,154472010031425327,,,1520.3859249,,,201026128703we,,0,05/04/2021
2010,12,7,5,1544720100314012,6,2,03,we,8835280000,,,0,0,201026128703we,154472010031425327,JACK FAMILY,,3040.7718498,,,201026128703we,,0,05/04/2021
2010,12,7,5,1544720100314013,6,2,03,we,,,,0,0,201026128703we,154472010031425327,,,1520.3859249,,,201026128703we,,0,05/04/2021
2010,12,7,1,1544720100314020,6,2,03,we,,,,0,0,201026128703we,154472010031425327,,,1506.6037816,,,201026128703we,,0,05/04/2021
2010,12,7,1,1544720100314021,6,2,03,we,,,,0,0,201026128703we,154472010031425327,,,1506.6037816,,,201026128703we,,0,05/04/2021
2010,12,7,1,1544720100314022,6,2,03,we,8835360103,446,1.42,1,1,201026128703we,154472010031425327,MUTTON SNAPPER,,1506.6037816,17,44,201026128703we,,0,05/04/2021
2010,12,7,5,1544720100314025,6,2,03,we,,,,0,0,201026128703we,154472010031425327,,,1520.3859249,,,201026128703we,,0,05/04/2021
2010,12,7,5,1544720100314026,6,2,03,we,,,,0,0,201026128703we,154472010031425327,,,1520.3859249,,,201026128703we,,0,05/04/2021
2010,12,7,5,1544720100314027,6,2,03,we,,,,0,0,201026128703we,154472010031425327,,,1520.3859249,,,201026128703we,,0,05/04/2021
2010,12,7,2,1544720100403001,6,2,04,we,,,,0,0,201026128704we,154472010040311236,,,1768.4675553,,,201026128704we,,0,05/04/2021
2010,12,7,2,1544720100403002,6,2,04,we,,,,0,0,201026128704we,154472010040311236,,,1768.4675553,,,201026128704we,,0,05/04/2021
2010,12,7,2,1544720100403007,6,2,04,we,8835290101,623,2.1968025307,1,1,201026128704we,154472010040311236,DOLPHIN,,1768.4675553,24,62,201026128704we,,0,05/04/2021
2010,12,7,2,1544720100403008,6,2,04,we,8835290101,611,1.92,1,1,201026128704we,154472010040311236,DOLPHIN,,1768.4675553,24,61,201026128704we,,0,05/04/2021
2010,12,7,2,1544720100403009,6,2,04,we,,,,0,0,201026128704we,154472010040311236,,,1768.4675553,,,201026128704we,,0,05/04/2021
2010,12,7,2,1544720100403010,6,2,04,we,,,,0,0,201026128704we,154472010040311236,,,1768.4675553,,,201026128704we,,0,05/04/2021
2010,12,7,2,1544720100403013,6,2,04,we,8835290101,623,2.1968025307,0,1,201026128704we,154472010040311236,DOLPHIN,,1768.4675553,24,62,201026128704we,,0,05/04/2021
2010,12,7,1,1544720100403018,6,2,04,we,,,,0,0,201026128704we,154472010040311236,,,1331.5385085,,,201026128704we,,0,05/04/2021
2010,12,7,1,1544720100403019,6,2,04,we,,,,0,0,201026128704we,154472010040311236,,,1331.5385085,,,201026128704we,,0,05/04/2021
2010,12,7,1,1544720100403020,6,2,04,we,,,,0,0,201026128704we,154472010040311236,,,1331.5385085,,,201026128704we,,0,05/04/2021
2010,12,7,1,1544720100403021,6,2,04,we,,,,0,0,201026128704we,154472010040311236,,,1331.5385085,,,201026128704we,,0,05/04/2021
2010,12,7,1,1544720100410001,6,2,04,we,,,,0,0,201026128704we,1544720100410253203,,,665.92566317,,,201026128704we,,0,05/04/2021
2010,12,7,5,1544720100410008,6,2,04,we,,,,0,0,201026128704we,1544720100410253203,,,672.01743263,,,201026128704we,,0,05/04/2021
2010,12,7,1,1544720100410014,6,2,04,we,8850030502,475,0.82,1,1,201026128704we,1544720100410253203,SPANISH MACKEREL,,610.33951325,18,47,201026128704we,,0,05/04/2021
2010,12,7,1,1544720100410014,6,2,04,we,8850030502,475,0.82,1,1,201026128704we,1544720100410253203,SPANISH MACKEREL,,610.33951325,18,47,201026128704we,,0,05/04/2021
2010,12,7,1,1544720100410014,6,2,04,we,8850030502,460,0.72,1,1,201026128704we,1544720100410253203,SPANISH MACKEREL,,610.33951325,18,46,201026128704we,,0,05/04/2021
2010,12,7,1,1544720100410014,6,2,04,we,8850030501,627,1.68,1,1,201026128704we,1544720100410253203,KING MACKEREL,,854.47531854,24,62,201026128704we,,0,05/04/2021
2010,12,7,1,1544720100410014,6,2,04,we,8850030501,656,1.84,1,1,201026128704we,1544720100410253203,KING MACKEREL,,854.47531854,25,65,201026128704we,,0,05/04/2021
2010,12,7,1,1544720100410014,6,2,04,we,8850030501,1030,9.84,1,1,201026128704we,1544720100410253203,KING MACKEREL,,854.47531854,40,103,201026128704we,,0,05/04/2021
2010,12,7,1,1544720100410014,6,2,04,we,8850030501,643,1.92,1,1,201026128704we,1544720100410253203,KING MACKEREL,,854.47531854,25,64,201026128704we,,0,05/04/2021
2010,12,7,1,1544720100410014,6,2,04,we,8850030501,656,1.84,1,1,201026128704we,1544720100410253203,KING MACKEREL,,854.47531854,25,65,201026128704we,,0,05/04/2021
2010,12,7,1,1544720100410014,6,2,04,we,8835400102,248.92474788,0.34,1,1,201026128704we,1544720100410253203,WHITE GRUNT,,610.33951325,9,24,201026128704we,,0,05/04/2021
2010,12,7,1,1544720100410014,6,2,04,we,8835360103,446,1.42,1,1,201026128704we,1544720100410253203,MUTTON SNAPPER,,610.33951325,17,44,201026128704we,,0,05/04/2021
2010,12,7,5,1544720100410018,6,2,04,we,8835400000,,,0,0,201026128704we,1544720100410253203,GRUNT FAMILY,,1344.0348653,,,201026128704we,,0,05/04/2021
2010,12,7,5,1544720100410019,6,2,04,we,8835400000,,,0,0,201026128704we,1544720100410253203,GRUNT FAMILY,,1344.0348653,,,201026128704we,,0,05/04/2021
2010,12,7,5,1544720100410020,6,2,04,we,8835400000,,,0,0,201026128704we,1544720100410253203,GRUNT FAMILY,,672.01743263,,,201026128704we,,0,05/04/2021
2010,12,7,5,1544720100410021,6,2,04,we,,,,0,0,201026128704we,1544720100410253203,,,672.01743263,,,201026128704we,,0,05/04/2021
2010,12,7,5,1544720100410022,6,2,04,we,,,,0,0,201026128704we,1544720100410253203,,,672.01743263,,,201026128704we,,0,05/04/2021
2010,12,7,5,1544720100410028,6,2,04,we,8835400000,,,0,0,201026128704we,1544720100410253203,GRUNT FAMILY,,5376.1394611,,,201026128704we,,0,05/04/2021
2010,12,7,5,1544720100410029,6,2,04,we,8835400000,,,0,0,201026128704we,1544720100410253203,GRUNT FAMILY,,5376.1394611,,,201026128704we,,0,05/04/2021
2010,12,7,5,1544720100410030,6,2,04,we,8835400000,,,0,0,201026128704we,1544720100410253203,GRUNT FAMILY,,5376.1394611,,,201026128704we,,0,05/04/2021
2010,12,7,5,1544720100425013,6,2,04,we,8835430201,194,0.16,1,1,201026128704we,154472010042525327,PINFISH,,1672.3059667,7,19,201026128704we,,0,05/04/2021
2010,12,7,5,1544720100425014,6,2,04,we,8835430201,194,0.16,1,1,201026128704we,154472010042525327,PINFISH,,1672.3059667,7,19,201026128704we,,0,05/04/2021
2010,12,7,5,1544720100425022,6,2,04,we,,,,0,0,201026128704we,154472010042525327,,,1672.3059667,,,201026128704we,,0,05/04/2021
2010,12,7,5,1544720100425023,6,2,04,we,,,,0,0,201026128704we,154472010042525327,,,1672.3059667,,,201026128704we,,0,05/04/2021
2010,12,7,5,1544720100425029,6,2,04,we,8839010901,395.88721155,1.18,1,1,201026128704we,154472010042525327,HOGFISH,,1672.3059667,15,39,201026128704we,,0,05/04/2021
2010,12,7,5,1544720100425029,6,2,04,we,8835430502,350.92834237,1.03,1,1,201026128704we,154472010042525327,JOLTHEAD PORGY,,1672.3059667,13,35,201026128704we,,0,05/04/2021
2010,12,7,5,1544720100425029,6,2,04,we,8835280306,227.23321391,0.24,1,1,201026128704we,154472010042525327,BLUE RUNNER,,1672.3059667,8,22,201026128704we,,0,05/04/2021
2010,12,7,5,1544720100425029,6,2,04,we,8835280306,227.23321391,0.24,1,1,201026128704we,154472010042525327,BLUE RUNNER,,1672.3059667,8,22,201026128704we,,0,05/04/2021
2010,12,7,5,1544720100425029,6,2,04,we,8835280306,227.23321391,0.24,1,1,201026128704we,154472010042525327,BLUE RUNNER,,1672.3059667,8,22,201026128704we,,0,05/04/2021
2010,12,7,5,1544720100425029,6,2,04,we,8835280306,227.23321391,0.24,1,1,201026128704we,154472010042525327,BLUE RUNNER,,1672.3059667,8,22,201026128704we,,0,05/04/2021
2010,12,7,5,1544720100427001,6,2,04,wd,,,,0,0,201026128704wd,154472010042725296,,,1271.1947484,,,201026128704wd,,0,05/04/2021
2010,12,7,5,1544720100427002,6,2,04,wd,,,,0,0,201026128704wd,154472010042725296,,,1271.1947484,,,201026128704wd,,0,05/04/2021
2010,12,7,1,1544720100427003,6,2,04,wd,8860020201,413,1.64,1,1,201026128704wd,154472010042725296,GRAY TRIGGERFISH,,1259.6714977,16,41,201026128704wd,,0,05/04/2021
2010,12,7,1,1544720100427003,6,2,04,wd,8835430502,304,0.68,1,1,201026128704wd,154472010042725296,JOLTHEAD PORGY,,1259.6714977,11,30,201026128704wd,,0,05/04/2021
2010,12,7,1,1544720100427003,6,2,04,wd,8835400113,219,0.18,1,1,201026128704wd,154472010042725296,BLUESTRIPED GRUNT,,1259.6714977,8,21,201026128704wd,,0,05/04/2021
2010,12,7,1,1544720100427003,6,2,04,wd,8835400113,255,0.4,1,1,201026128704wd,154472010042725296,BLUESTRIPED GRUNT,,1259.6714977,10,25,201026128704wd,,0,05/04/2021
2010,12,7,1,1544720100427003,6,2,04,wd,8835400113,230,0.27,1,1,201026128704wd,154472010042725296,BLUESTRIPED GRUNT,,1259.6714977,9,23,201026128704wd,,0,05/04/2021
2010,12,7,1,1544720100427003,6,2,04,wd,8835400102,239.20745191,0.3,1,1,201026128704wd,154472010042725296,WHITE GRUNT,,4282.8830921,9,23,201026128704wd,,0,05/04/2021
2010,12,7,1,1544720100427003,6,2,04,wd,8835400102,257,0.36,1,1,201026128704wd,154472010042725296,WHITE GRUNT,,4282.8830921,10,25,201026128704wd,,0,05/04/2021
2010,12,7,1,1544720100427003,6,2,04,wd,8835400102,223.13880044,0.24,1,1,201026128704wd,154472010042725296,WHITE GRUNT,,4282.8830921,8,22,201026128704wd,,0,05/04/2021
2010,12,7,1,1544720100427003,6,2,04,wd,8835400102,239.20745191,0.3,1,1,201026128704wd,154472010042725296,WHITE GRUNT,,4282.8830921,9,23,201026128704wd,,0,05/04/2021
2010,12,7,1,1544720100427003,6,2,04,wd,8835400102,272,0.22,1,1,201026128704wd,154472010042725296,WHITE GRUNT,,4282.8830921,10,27,201026128704wd,,0,05/04/2021
2010,12,7,1,1544720100427003,6,2,04,wd,8835400101,221,0.25,1,1,201026128704wd,154472010042725296,TOMTATE,,1259.6714977,8,22,201026128704wd,,0,05/04/2021
2010,12,7,1,1544720100427003,6,2,04,wd,8835400000,,,0,0,201026128704wd,154472010042725296,GRUNT FAMILY,,10077.371981,,,201026128704wd,,0,05/04/2021
2010,12,7,1,1544720100427003,6,2,04,wd,8835360401,248,0.2745636103,1,1,201026128704wd,154472010042725296,YELLOWTAIL SNAPPER,,1259.6714977,9,24,201026128704wd,,0,05/04/2021
2010,12,7,1,1544720100427003,6,2,04,wd,8835360401,257,0.306870365,1,1,201026128704wd,154472010042725296,YELLOWTAIL SNAPPER,,1259.6714977,10,25,201026128704wd,,0,05/04/2021
2010,12,7,1,1544720100427004,6,2,04,wd,8835400000,,,0,0,201026128704wd,154472010042725296,GRUNT FAMILY,,8817.7004838,,,201026128704wd,,0,05/04/2021
2010,12,7,1,1544720100427005,6,2,04,wd,8850030501,1030,9.84,1,1,201026128704wd,154472010042725296,KING MACKEREL,,1259.6714977,40,103,201026128704wd,,0,05/04/2021
2010,12,7,1,1544720100427005,6,2,04,wd,8850030102,710,5.7103984782,1,1,201026128704wd,154472010042725296,LITTLE TUNNY,,1259.6714977,27,71,201026128704wd,,0,05/04/2021
2010,12,7,1,1544720100427006,6,2,04,wd,8850030501,720,2.28,1,1,201026128704wd,154472010042725296,KING MACKEREL,,1259.6714977,28,72,201026128704wd,,0,05/04/2021
2010,12,7,1,1544720100427006,6,2,04,wd,8850030501,1120,13.22,1,1,201026128704wd,154472010042725296,KING MACKEREL,,1259.6714977,44,112,201026128704wd,,0,05/04/2021
2010,12,7,1,1544720100427007,6,2,04,wd,8850030501,720,2.28,1,1,201026128704wd,154472010042725296,KING MACKEREL,,1259.6714977,28,72,201026128704wd,,0,05/04/2021
2010,12,7,1,1544720100427007,6,2,04,wd,8850030501,1007,8.2232265296,1,1,201026128704wd,154472010042725296,KING MACKEREL,,1259.6714977,39,100,201026128704wd,,0,05/04/2021
2010,12,7,1,1544720100427008,6,2,04,wd,8850030501,701,2.36,1,1,201026128704wd,154472010042725296,KING MACKEREL,,1259.6714977,27,70,201026128704wd,,0,05/04/2021
2010,12,7,1,1544720100427009,6,2,04,wd,8850030501,701,2.36,1,1,201026128704wd,154472010042725296,KING MACKEREL,,1259.6714977,27,70,201026128704wd,,0,05/04/2021
2010,12,7,1,1544720100427009,6,2,04,wd,8850030501,629,1.68,1,1,201026128704wd,154472010042725296,KING MACKEREL,,1259.6714977,24,62,201026128704wd,,0,05/04/2021
2010,12,7,1,1544720100427009,6,2,04,wd,8850030501,629,1.68,1,1,201026128704wd,154472010042725296,KING MACKEREL,,1259.6714977,24,62,201026128704wd,,0,05/04/2021
2010,12,7,1,1544720100427010,6,2,04,wd,8850030501,1040,8.76,1,1,201026128704wd,154472010042725296,KING MACKEREL,,1259.6714977,40,104,201026128704wd,,0,05/04/2021
2010,12,7,1,1544720100427010,6,2,04,wd,8850030501,825,4.04,1,1,201026128704wd,154472010042725296,KING MACKEREL,,1259.6714977,32,82,201026128704wd,,0,05/04/2021
2010,12,7,1,1544720100427010,6,2,04,wd,8850030501,825,4.04,1,1,201026128704wd,154472010042725296,KING MACKEREL,,1259.6714977,32,82,201026128704wd,,0,05/04/2021
2010,12,7,1,1544720100427011,6,2,04,wd,,,,0,0,201026128704wd,154472010042725296,,,1259.6714977,,,201026128704wd,,0,05/04/2021
2010,12,7,1,1544720100427012,6,2,04,wd,,,,0,0,201026128704wd,154472010042725296,,,1259.6714977,,,201026128704wd,,0,05/04/2021
2010,12,7,1,1544720100427013,6,2,04,wd,,,,0,0,201026128704wd,154472010042725296,,,1259.6714977,,,201026128704wd,,0,05/04/2021
2010,12,7,1,1544720100427014,6,2,04,wd,8839010901,337.48402774,0.74,1,1,201026128704wd,154472010042725296,HOGFISH,,1259.6714977,13,33,201026128704wd,,0,05/04/2021
2010,12,7,1,1544720100427014,6,2,04,wd,8839010901,389.0343817,1.12,1,1,201026128704wd,154472010042725296,HOGFISH,,1259.6714977,15,38,201026128704wd,,0,05/04/2021
2010,12,7,1,1544720100427014,6,2,04,wd,8839010901,389.0343817,1.12,1,1,201026128704wd,154472010042725296,HOGFISH,,1259.6714977,15,38,201026128704wd,,0,05/04/2021
2010,12,7,1,1544720100427014,6,2,04,wd,8839010901,395.88721155,1.18,1,1,201026128704wd,154472010042725296,HOGFISH,,1259.6714977,15,39,201026128704wd,,0,05/04/2021
2010,12,7,1,1544720100427019,6,2,04,wd,,,,0,0,201026128704wd,154472010042725296,,,1154.5241928,,,201026128704wd,,0,05/04/2021
2010,12,7,1,1544720100427020,6,2,04,wd,,,,0,0,201026128704wd,154472010042725296,,,1154.5241928,,,201026128704wd,,0,05/04/2021
2010,12,7,1,1544720100427021,6,2,04,wd,,,,0,0,201026128704wd,154472010042725296,,,1154.5241928,,,201026128704wd,,0,05/04/2021
2010,12,7,1,1544720100427029,6,2,04,wd,8850030102,561,3.08,1,1,201026128704wd,154472010042725296,LITTLE TUNNY,,1259.6714977,22,56,201026128704wd,,0,05/04/2021
2010,12,7,1,1544720100427030,6,2,04,wd,8850030102,561,3.08,1,1,201026128704wd,154472010042725296,LITTLE TUNNY,,1259.6714977,22,56,201026128704wd,,0,05/04/2021
2010,12,7,5,1546520100310003,6,2,03,wd,8835250101,324,0.5,0,0,201026128703wd,15465201003109146,BLUEFISH,,1357.0891328,12,32,201026128703wd,,0,05/04/2021
2010,12,7,5,1546520100310003,6,2,03,wd,8835250101,366,0.65,0,0,201026128703wd,15465201003109146,BLUEFISH,,1357.0891328,14,36,201026128703wd,,0,05/04/2021
2010,12,7,5,1546520100310003,6,2,03,wd,8835250101,308,0.39,0,0,201026128703wd,15465201003109146,BLUEFISH,,1357.0891328,12,30,201026128703wd,,0,05/04/2021
2010,12,7,5,1546520100310003,6,2,03,wd,8835250101,312,0.42,0,0,201026128703wd,15465201003109146,BLUEFISH,,1357.0891328,12,31,201026128703wd,,0,05/04/2021
2010,12,7,5,1546520100310003,6,2,03,wd,8835250101,319,0.49,0,0,201026128703wd,15465201003109146,BLUEFISH,,1357.0891328,12,31,201026128703wd,,0,05/04/2021
2010,12,7,5,1546520100310003,6,2,03,wd,8835250101,330,0.5,0,0,201026128703wd,15465201003109146,BLUEFISH,,1357.0891328,12,33,201026128703wd,,0,05/04/2021
2010,12,7,5,1546520100310003,6,2,03,wd,8835250101,339,0.59,0,0,201026128703wd,15465201003109146,BLUEFISH,,1357.0891328,13,33,201026128703wd,,0,05/04/2021
2010,12,7,5,1546520100310003,6,2,03,wd,8835250101,349,0.48,0,0,201026128703wd,15465201003109146,BLUEFISH,,1357.0891328,13,34,201026128703wd,,0,05/04/2021
2010,12,7,5,1546520100310003,6,2,03,wd,8835250101,370,0.7,0,0,201026128703wd,15465201003109146,BLUEFISH,,1357.0891328,14,37,201026128703wd,,0,05/04/2021
2010,12,7,5,1546520100310004,6,2,03,wd,,,,0,0,201026128703wd,15465201003109146,,,1357.0891328,,,201026128703wd,,0,05/04/2021
2010,12,7,1,1546520100310005,6,2,03,wd,,,,0,0,201026128703wd,15465201003109146,,,1344.7872583,,,201026128703wd,,0,05/04/2021
2010,12,7,1,1546520100310006,6,2,03,wd,,,,0,0,201026128703wd,15465201003109146,,,1344.7872583,,,201026128703wd,,0,05/04/2021
2010,12,7,1,1546520100310008,6,2,03,wd,8835440601,243,0.12,1,1,201026128703wd,15465201003109146,SOUTHERN KINGFISH,,2151.6596132,9,24,201026128703wd,,0,05/04/2021
2010,12,7,1,1546520100310008,6,2,03,wd,8835440601,304,0.28,0,0,201026128703wd,15465201003109146,SOUTHERN KINGFISH,,2151.6596132,11,30,201026128703wd,,0,05/04/2021
2010,12,7,1,1546520100310008,6,2,03,wd,8835440601,264,0.24,0,0,201026128703wd,15465201003109146,SOUTHERN KINGFISH,,2151.6596132,10,26,201026128703wd,,0,05/04/2021
2010,12,7,1,1546520100310008,6,2,03,wd,8835440601,249,0.16,0,0,201026128703wd,15465201003109146,SOUTHERN KINGFISH,,2151.6596132,9,24,201026128703wd,,0,05/04/2021
2010,12,7,1,1546520100310008,6,2,03,wd,8835440601,275,0.2,0,0,201026128703wd,15465201003109146,SOUTHERN KINGFISH,,2151.6596132,10,27,201026128703wd,,0,05/04/2021
2010,12,7,1,1546520100310008,6,2,03,wd,8835440601,321,0.38,0,0,201026128703wd,15465201003109146,SOUTHERN KINGFISH,,2151.6596132,12,32,201026128703wd,,0,05/04/2021
2010,12,7,1,1546520100310008,6,2,03,wd,8835440601,321,0.38,1,1,201026128703wd,15465201003109146,SOUTHERN KINGFISH,,2151.6596132,12,32,201026128703wd,,0,05/04/2021
2010,12,7,1,1546520100310008,6,2,03,wd,8835440601,244,0.12,1,1,201026128703wd,15465201003109146,SOUTHERN KINGFISH,,2151.6596132,9,24,201026128703wd,,0,05/04/2021
2010,12,7,1,1546520100310008,6,2,03,wd,8835440601,269,0.2,0,0,201026128703wd,15465201003109146,SOUTHERN KINGFISH,,2151.6596132,10,26,201026128703wd,,0,05/04/2021
2010,12,7,1,1546520100310008,6,2,03,wd,8835440601,274,0.22,1,1,201026128703wd,15465201003109146,SOUTHERN KINGFISH,,2151.6596132,10,27,201026128703wd,,0,05/04/2021
2010,12,7,2,1546520100310009,6,2,03,wd,,,,0,0,201026128703wd,15465201003109146,,,1786.0637299,,,201026128703wd,,0,05/04/2021
2010,12,7,2,1546520100310010,6,2,03,wd,,,,0,0,201026128703wd,15465201003109146,,,1786.0637299,,,201026128703wd,,0,05/04/2021
2010,12,7,2,1546520100310011,6,2,03,wd,8835020301,332,0.47,0,0,201026128703wd,15465201003109146,BLACK SEA BASS,,1786.0637299,13,33,201026128703wd,,0,05/04/2021
2010,12,7,2,1546520100310011,6,2,03,wd,8835020301,349,0.62,0,0,201026128703wd,15465201003109146,BLACK SEA BASS,,1786.0637299,13,34,201026128703wd,,0,05/04/2021
2010,12,7,2,1546520100310011,6,2,03,wd,8835020301,369,0.72,0,0,201026128703wd,15465201003109146,BLACK SEA BASS,,1786.0637299,14,36,201026128703wd,,0,05/04/2021
2010,12,7,2,1546520100310011,6,2,03,wd,8835020301,432,1.2,0,0,201026128703wd,15465201003109146,BLACK SEA BASS,,1786.0637299,17,43,201026128703wd,,0,05/04/2021
2010,12,7,2,1546520100310012,6,2,03,wd,,,,0,0,201026128703wd,15465201003109146,,,1786.0637299,,,201026128703wd,,0,05/04/2021
2010,12,7,2,1546520100310013,6,2,03,wd,8835020301,341,0.52,0,0,201026128703wd,15465201003109146,BLACK SEA BASS,,1786.0637299,13,34,201026128703wd,,0,05/04/2021
2010,12,7,1,1546520100310014,6,2,03,wd,,,,0,0,201026128703wd,15465201003109146,,,1344.7872583,,,201026128703wd,,0,05/04/2021
2010,12,7,1,1546520100310015,6,2,03,wd,8835440702,265,0.22,0,0,201026128703wd,15465201003109146,ATLANTIC CROAKER,,1344.7872583,10,26,201026128703wd,,0,05/04/2021
2010,12,7,1,1546520100310015,6,2,03,wd,8835440602,276,0.2,0,0,201026128703wd,15465201003109146,GULF KINGFISH,,1344.7872583,10,27,201026128703wd,,0,05/04/2021
2010,12,7,2,1546520100310016,6,2,03,wd,8860020201,349,0.94,0,0,201026128703wd,15465201003109146,GRAY TRIGGERFISH,,1786.0637299,13,34,201026128703wd,,0,05/04/2021
2010,12,7,2,1546520100310016,6,2,03,wd,8835020301,326,0.41,0,0,201026128703wd,15465201003109146,BLACK SEA BASS,,1786.0637299,12,32,201026128703wd,,0,05/04/2021
2010,12,7,2,1546520100310016,6,2,03,wd,8835020301,266,0.24,0,0,201026128703wd,15465201003109146,BLACK SEA BASS,,1786.0637299,10,26,201026128703wd,,0,05/04/2021
2010,12,7,2,1546520100310016,6,2,03,wd,8835020301,283,0.31,0,0,201026128703wd,15465201003109146,BLACK SEA BASS,,1786.0637299,11,28,201026128703wd,,0,05/04/2021
2010,12,7,2,1546520100310016,6,2,03,wd,8835020301,295,0.31,0,0,201026128703wd,15465201003109146,BLACK SEA BASS,,1786.0637299,11,29,201026128703wd,,0,05/04/2021
2010,12,7,2,1546520100310016,6,2,03,wd,8835020301,302,0.4,0,0,201026128703wd,15465201003109146,BLACK SEA BASS,,1786.0637299,11,30,201026128703wd,,0,05/04/2021
2010,12,7,2,1546520100310016,6,2,03,wd,8835020301,320,0.37,0,0,201026128703wd,15465201003109146,BLACK SEA BASS,,1786.0637299,12,32,201026128703wd,,0,05/04/2021
2010,12,7,2,1546520100310016,6,2,03,wd,8835020301,331,0.42,0,0,201026128703wd,15465201003109146,BLACK SEA BASS,,1786.0637299,13,33,201026128703wd,,0,05/04/2021
2010,12,7,2,1546520100310016,6,2,03,wd,8835020301,316,0.34,0,0,201026128703wd,15465201003109146,BLACK SEA BASS,,1786.0637299,12,31,201026128703wd,,0,05/04/2021
2010,12,7,2,1546520100310017,6,2,03,wd,,,,0,0,201026128703wd,15465201003109146,,,1786.0637299,,,201026128703wd,,0,05/04/2021
2010,12,7,2,1546520100310018,6,2,03,wd,,,,0,0,201026128703wd,15465201003109146,,,1786.0637299,,,201026128703wd,,0,05/04/2021
2010,12,7,2,1546520100310024,6,2,03,wd,,,,0,0,201026128703wd,15465201003109146,,,1786.0637299,,,201026128703wd,,0,05/04/2021
2010,12,7,2,1546520100310030,6,2,03,wd,,,,0,0,201026128703wd,15465201003109146,,,3366.7744146,,,201026128703wd,,0,05/04/2021
2010,12,7,5,1546520100323001,6,2,03,wd,,,,0,0,201026128703wd,154652010032391513,,,15717.371332,,,201026128703wd,,0,05/04/2021
2010,12,7,5,1546520100325001,6,2,03,wd,,,,0,0,201026128703wd,154652010032561950,,,2020.6392429,,,201026128703wd,,0,05/04/2021
2010,12,7,5,1546520100325003,6,2,03,wd,8835430301,294,0.58,0,0,201026128703wd,154652010032561950,SHEEPSHEAD,,2020.6392429,11,29,201026128703wd,,0,05/04/2021
2010,12,7,5,1546520100325003,6,2,03,wd,8835280303,274,0.36,0,0,201026128703wd,154652010032561950,CREVALLE JACK,,2020.6392429,10,27,201026128703wd,,0,05/04/2021
2010,12,7,5,1546520100325003,6,2,03,wd,8835430301,319,0.78,0,0,201026128703wd,154652010032561950,SHEEPSHEAD,,2020.6392429,12,31,201026128703wd,,0,05/04/2021
2010,12,7,5,1546520100325003,6,2,03,wd,8835430301,349,1.04,0,0,201026128703wd,154652010032561950,SHEEPSHEAD,,2020.6392429,13,34,201026128703wd,,0,05/04/2021
2010,12,7,5,1546520100325004,6,2,03,wd,,,,0,0,201026128703wd,154652010032561950,,,2020.6392429,,,201026128703wd,,0,05/04/2021
2010,12,7,5,1546520100325005,6,2,03,wd,,,,0,0,201026128703wd,154652010032561950,,,2020.6392429,,,201026128703wd,,0,05/04/2021
2010,12,7,5,1546520100325008,6,2,03,wd,,,,0,0,201026128703wd,154652010032561950,,,2020.6392429,,,201026128703wd,,0,05/04/2021
2010,12,7,5,1546520100325009,6,2,03,wd,,,,0,0,201026128703wd,154652010032561950,,,2020.6392429,,,201026128703wd,,0,05/04/2021
2010,12,7,5,1546520100325010,6,2,03,wd,8835440102,414,0.6,0,0,201026128703wd,154652010032561950,SPOTTED SEATROUT,,2020.6392429,16,41,201026128703wd,,0,05/04/2021
2010,12,7,5,1546520100325011,6,2,03,wd,8835440801,432,1.32,0,0,201026128703wd,154652010032561950,BLACK DRUM,,2020.6392429,17,43,201026128703wd,,0,05/04/2021
2010,12,7,5,1546520100325013,6,2,03,wd,,,,0,0,201026128703wd,154652010032561950,,,2020.6392429,,,201026128703wd,,0,05/04/2021
2010,12,7,5,1546520100325016,6,2,03,wd,,,,0,0,201026128703wd,154652010032561950,,,2020.6392429,,,201026128703wd,,0,05/04/2021
2010,12,7,5,1546520100325017,6,2,03,wd,,,,0,0,201026128703wd,154652010032561950,,,2020.6392429,,,201026128703wd,,0,05/04/2021
2010,12,7,1,1546520100325018,6,2,03,wd,8850030502,414,0.48,0,0,201026128703wd,154652010032561950,SPANISH MACKEREL,,2002.3223543,16,41,201026128703wd,,0,05/04/2021
2010,12,7,1,1546520100325018,6,2,03,wd,8850030502,421,0.54,0,0,201026128703wd,154652010032561950,SPANISH MACKEREL,,2002.3223543,16,42,201026128703wd,,0,05/04/2021
2010,12,7,1,1546520100325019,6,2,03,wd,,,,0,0,201026128703wd,154652010032561950,,,2002.3223543,,,201026128703wd,,0,05/04/2021
2010,12,7,2,1546520100325023,6,2,03,wd,8835430201,268,0.42,1,1,201026128703wd,154652010032561950,PINFISH,,2437.3791779,10,26,201026128703wd,,0,05/04/2021
2010,12,7,2,1546520100325023,6,2,03,wd,8835430201,268,0.42,1,1,201026128703wd,154652010032561950,PINFISH,,2437.3791779,10,26,201026128703wd,,0,05/04/2021
2010,12,7,2,1546520100325023,6,2,03,wd,8835430201,268,0.42,1,1,201026128703wd,154652010032561950,PINFISH,,2437.3791779,10,26,201026128703wd,,0,05/04/2021
2010,12,7,2,1546520100325023,6,2,03,wd,8835430201,268,0.42,1,1,201026128703wd,154652010032561950,PINFISH,,2437.3791779,10,26,201026128703wd,,0,05/04/2021
2010,12,7,2,1546520100325023,6,2,03,wd,8835250101,286,0.24,0,0,201026128703wd,154652010032561950,BLUEFISH,,2437.3791779,11,28,201026128703wd,,0,05/04/2021
2010,12,7,2,1546520100325023,6,2,03,wd,8835250101,294,0.3,0,0,201026128703wd,154652010032561950,BLUEFISH,,2437.3791779,11,29,201026128703wd,,0,05/04/2021
2010,12,7,2,1546520100325023,6,2,03,wd,8835020301,323,0.4,0,0,201026128703wd,154652010032561950,BLACK SEA BASS,,2437.3791779,12,32,201026128703wd,,0,05/04/2021
2010,12,7,2,1546520100325023,6,2,03,wd,8835020301,349,0.44,0,0,201026128703wd,154652010032561950,BLACK SEA BASS,,2437.3791779,13,34,201026128703wd,,0,05/04/2021
2010,12,7,2,1546520100325023,6,2,03,wd,8835020301,294,0.26,0,0,201026128703wd,154652010032561950,BLACK SEA BASS,,2437.3791779,11,29,201026128703wd,,0,05/04/2021
2010,12,7,2,1546520100325023,6,2,03,wd,8835020301,352,0.46,0,0,201026128703wd,154652010032561950,BLACK SEA BASS,,2437.3791779,13,35,201026128703wd,,0,05/04/2021
2010,12,7,2,1546520100325023,6,2,03,wd,8835020301,318,0.32,0,0,201026128703wd,154652010032561950,BLACK SEA BASS,,2437.3791779,12,31,201026128703wd,,0,05/04/2021
2010,12,7,2,1546520100325023,6,2,03,wd,8835020301,354,0.48,0,0,201026128703wd,154652010032561950,BLACK SEA BASS,,2437.3791779,13,35,201026128703wd,,0,05/04/2021
2010,12,7,2,1546520100325023,6,2,03,wd,8835020301,319,0.34,0,0,201026128703wd,154652010032561950,BLACK SEA BASS,,2437.3791779,12,31,201026128703wd,,0,05/04/2021
2010,12,7,2,1546520100325023,6,2,03,wd,8835020301,365,0.52,0,0,201026128703wd,154652010032561950,BLACK SEA BASS,,2437.3791779,14,36,201026128703wd,,0,05/04/2021
2010,12,7,2,1546520100325023,6,2,03,wd,8835020301,349,0.52,0,0,201026128703wd,154652010032561950,BLACK SEA BASS,,2437.3791779,13,34,201026128703wd,,0,05/04/2021
2010,12,7,2,1546520100325023,6,2,03,wd,8835020301,365,0.46,0,0,201026128703wd,154652010032561950,BLACK SEA BASS,,2437.3791779,14,36,201026128703wd,,0,05/04/2021
2010,12,7,2,1546520100325023,6,2,03,wd,8835020301,342,0.44,0,0,201026128703wd,154652010032561950,BLACK SEA BASS,,2437.3791779,13,34,201026128703wd,,0,05/04/2021
2010,12,7,2,1546520100325023,6,2,03,wd,8835020301,348,0.42,0,0,201026128703wd,154652010032561950,BLACK SEA BASS,,2437.3791779,13,34,201026128703wd,,0,05/04/2021
2010,12,7,2,1546520100325023,6,2,03,wd,8835020301,319,0.48,0,0,201026128703wd,154652010032561950,BLACK SEA BASS,,2437.3791779,12,31,201026128703wd,,0,05/04/2021
2010,12,7,2,1546520100325023,6,2,03,wd,8835020301,319,0.42,0,0,201026128703wd,154652010032561950,BLACK SEA BASS,,2437.3791779,12,31,201026128703wd,,0,05/04/2021
2010,12,7,2,1546520100325023,6,2,03,wd,8835020301,324,0.36,0,0,201026128703wd,154652010032561950,BLACK SEA BASS,,2437.3791779,12,32,201026128703wd,,0,05/04/2021
2010,12,7,2,1546520100325023,6,2,03,wd,8835250101,288,0.24,0,0,201026128703wd,154652010032561950,BLUEFISH,,2437.3791779,11,28,201026128703wd,,0,05/04/2021
2010,12,7,2,1546520100325023,6,2,03,wd,8835020301,327,0.36,0,0,201026128703wd,154652010032561950,BLACK SEA BASS,,2437.3791779,12,32,201026128703wd,,0,05/04/2021
2010,12,7,2,1546520100325023,6,2,03,wd,8835250101,286,0.24,0,0,201026128703wd,154652010032561950,BLUEFISH,,2437.3791779,11,28,201026128703wd,,0,05/04/2021
2010,12,7,2,1546520100325023,6,2,03,wd,8835020301,329,0.4,0,0,201026128703wd,154652010032561950,BLACK SEA BASS,,2437.3791779,12,32,201026128703wd,,0,05/04/2021
2010,12,7,2,1546520100325023,6,2,03,wd,8835020301,334,0.36,0,0,201026128703wd,154652010032561950,BLACK SEA BASS,,2437.3791779,13,33,201026128703wd,,0,05/04/2021
2010,12,7,2,1546520100325023,6,2,03,wd,8835020301,336,0.44,0,0,201026128703wd,154652010032561950,BLACK SEA BASS,,2437.3791779,13,33,201026128703wd,,0,05/04/2021
2010,12,7,2,1546520100325023,6,2,03,wd,8835400000,,,0,0,201026128703wd,154652010032561950,GRUNT FAMILY,,4874.7583559,,,201026128703wd,,0,05/04/2021
2010,12,7,2,1546520100325023,6,2,03,wd,8835020301,343,0.44,0,0,201026128703wd,154652010032561950,BLACK SEA BASS,,2437.3791779,13,34,201026128703wd,,0,05/04/2021
2010,12,7,2,1546520100325023,6,2,03,wd,8835020301,346,0.38,0,0,201026128703wd,154652010032561950,BLACK SEA BASS,,2437.3791779,13,34,201026128703wd,,0,05/04/2021
2010,12,7,2,1546520100325024,6,2,03,wd,,,,0,0,201026128703wd,154652010032561950,,,2437.3791779,,,201026128703wd,,0,05/04/2021
2010,12,7,2,1546520100325025,6,2,03,wd,,,,0,0,201026128703wd,154652010032561950,,,2437.3791779,,,201026128703wd,,0,05/04/2021
2010,12,7,2,1546520100325026,6,2,03,wd,,,,0,0,201026128703wd,154652010032561950,,,2437.3791779,,,201026128703wd,,0,05/04/2021
2010,12,7,2,1546520100325027,6,2,03,wd,,,,0,0,201026128703wd,154652010032561950,,,2659.361405,,,201026128703wd,,0,05/04/2021
2010,12,7,5,1546520100325030,6,2,03,wd,,,,0,0,201026128703wd,154652010032561950,,,3885.2468832,,,201026128703wd,,0,05/04/2021
2010,12,7,5,1546520100327001,6,2,03,we,,,,0,0,201026128703we,154652010032791324,,,4737.7678815,,,201026128703we,,0,05/04/2021
2010,12,7,5,1546520100327003,6,2,03,we,8835440901,482,1.28,0,0,201026128703we,154652010032791324,RED DRUM,,5169.2560452,18,48,201026128703we,,0,05/04/2021
2010,12,7,5,1546520100327003,6,2,03,we,8835440901,496,1.48,0,0,201026128703we,154652010032791324,RED DRUM,,5169.2560452,19,49,201026128703we,,0,05/04/2021
2010,12,7,5,1546520100327004,6,2,03,we,,,,0,0,201026128703we,154652010032791324,,,5169.2560452,,,201026128703we,,0,05/04/2021
2010,12,7,5,1546520100327005,6,2,03,we,,,,0,0,201026128703we,154652010032791324,,,5169.2560452,,,201026128703we,,0,05/04/2021
2010,12,7,5,1546520100327006,6,2,03,we,,,,0,0,201026128703we,154652010032791326,,,2538.5848023,,,201026128703we,,0,05/04/2021
2010,12,7,5,1546520100327007,6,2,03,we,,,,0,0,201026128703we,154652010032791326,,,2538.5848023,,,201026128703we,,0,05/04/2021
2010,12,7,5,1546520100327009,6,2,03,we,,,,0,0,201026128703we,154652010032791326,,,2538.5848023,,,201026128703we,,0,05/04/2021
2010,12,7,5,1546520100328001,6,2,03,we,,,,0,0,201026128703we,15465201003289146,,,343.04024906,,,201026128703we,,0,05/04/2021
2010,12,7,5,1546520100328002,6,2,03,we,,,,0,0,201026128703we,15465201003289146,,,314.40599186,,,201026128703we,,0,05/04/2021
2010,12,7,5,1546520100328003,6,2,03,we,,,,0,0,201026128703we,15465201003289146,,,343.04024906,,,201026128703we,,0,05/04/2021
2010,12,7,5,1546520100328004,6,2,03,we,,,,0,0,201026128703we,15465201003289146,,,343.04024906,,,201026128703we,,0,05/04/2021
2010,12,7,5,1546520100328005,6,2,03,we,,,,0,0,201026128703we,15465201003289146,,,343.04024906,,,201026128703we,,0,05/04/2021
2010,12,7,5,1546520100328007,6,2,03,we,,,,0,0,201026128703we,15465201003289146,,,343.04024906,,,201026128703we,,0,05/04/2021
2010,12,7,5,1546520100328012,6,2,03,we,,,,0,0,201026128703we,15465201003289146,,,343.04024906,,,201026128703we,,0,05/04/2021
2010,12,7,5,1546520100328013,6,2,03,we,,,,0,0,201026128703we,15465201003289146,,,343.04024906,,,201026128703we,,0,05/04/2021
2010,12,7,5,1546520100328014,6,2,03,we,,,,0,0,201026128703we,15465201003289146,,,343.04024906,,,201026128703we,,0,05/04/2021
2010,12,7,5,1546520100328015,6,2,03,we,,,,0,0,201026128703we,15465201003289146,,,343.04024906,,,201026128703we,,0,05/04/2021
2010,12,7,5,1546520100328016,6,2,03,we,,,,0,0,201026128703we,15465201003289146,,,343.04024906,,,201026128703we,,0,05/04/2021
2010,12,7,5,1546520100328017,6,2,03,we,,,,0,0,201026128703we,15465201003289146,,,343.04024906,,,201026128703we,,0,05/04/2021
2010,12,7,5,1546520100328018,6,2,03,we,,,,0,0,201026128703we,15465201003289146,,,343.04024906,,,201026128703we,,0,05/04/2021
2010,12,7,5,1546520100328019,6,2,03,we,,,,0,0,201026128703we,15465201003289146,,,343.04024906,,,201026128703we,,0,05/04/2021
2010,12,7,2,1546520100328020,6,2,03,we,8850030502,331,0.2994240242,0,1,201026128703we,15465201003289146,SPANISH MACKEREL,,451.47494879,13,33,201026128703we,,0,05/04/2021
2010,12,7,2,1546520100328020,6,2,03,we,8835430301,328,0.8569478526,0,1,201026128703we,15465201003289146,SHEEPSHEAD,,451.47494879,12,32,201026128703we,,0,05/04/2021
2010,12,7,2,1546520100328020,6,2,03,we,8835430301,304,0.687022404,0,1,201026128703we,15465201003289146,SHEEPSHEAD,,451.47494879,11,30,201026128703we,,0,05/04/2021
2010,12,7,2,1546520100328020,6,2,03,we,8835430301,339,0.9432397932,0,1,201026128703we,15465201003289146,SHEEPSHEAD,,451.47494879,13,33,201026128703we,,0,05/04/2021
2010,12,7,2,1546520100328020,6,2,03,we,8835430301,301,0.6674879687,0,1,201026128703we,15465201003289146,SHEEPSHEAD,,451.47494879,11,30,201026128703we,,0,05/04/2021
2010,12,7,2,1546520100328020,6,2,03,we,8835430301,281,0.5465036861,0,1,201026128703we,15465201003289146,SHEEPSHEAD,,451.47494879,11,28,201026128703we,,0,05/04/2021
2010,12,7,2,1546520100328021,6,2,03,we,,,,0,0,201026128703we,15465201003289146,,,451.47494879,,,201026128703we,,0,05/04/2021
2010,12,7,5,1546520100401004,6,2,04,wd,,,,0,0,201026128704wd,15465201004019512,,,1226.1059868,,,201026128704wd,,0,05/04/2021
2010,12,7,5,1546520100401006,6,2,04,wd,,,,0,0,201026128704wd,15465201004019512,,,1226.1059868,,,201026128704wd,,0,05/04/2021
2010,12,7,5,1546520100401009,6,2,04,wd,,,,0,0,201026128704wd,15465201004019512,,,1226.1059868,,,201026128704wd,,0,05/04/2021
2010,12,7,5,1546520100401010,6,2,04,wd,,,,0,0,201026128704wd,15465201004019512,,,1226.1059868,,,201026128704wd,,0,05/04/2021
2010,12,7,5,1546520100401011,6,2,04,wd,,,,0,0,201026128704wd,15465201004019512,,,1226.1059868,,,201026128704wd,,0,05/04/2021
2010,12,7,5,1546520100401013,6,2,04,wd,,,,0,0,201026128704wd,15465201004019512,,,1226.1059868,,,201026128704wd,,0,05/04/2021
2010,12,7,5,1546520100401015,6,2,04,wd,,,,0,0,201026128704wd,15465201004019512,,,1226.1059868,,,201026128704wd,,0,05/04/2021
2010,12,7,5,1546520100401016,6,2,04,wd,,,,0,0,201026128704wd,15465201004019512,,,1226.1059868,,,201026128704wd,,0,05/04/2021
2010,12,7,5,1546520100401018,6,2,04,wd,,,,0,0,201026128704wd,15465201004019512,,,1226.1059868,,,201026128704wd,,0,05/04/2021
2010,12,7,5,1546520100401019,6,2,04,wd,,,,0,0,201026128704wd,15465201004019512,,,1226.1059868,,,201026128704wd,,0,05/04/2021
2010,12,7,5,1546520100401020,6,2,04,wd,,,,0,0,201026128704wd,15465201004019512,,,1226.1059868,,,201026128704wd,,0,05/04/2021
2010,12,7,5,1546520100401022,6,2,04,wd,8835440102,403,0.56,0,0,201026128704wd,15465201004019512,SPOTTED SEATROUT,,1226.1059868,15,40,201026128704wd,,0,05/04/2021
2010,12,7,5,1546520100401023,6,2,04,wd,,,,0,0,201026128704wd,15465201004019512,,,1226.1059868,,,201026128704wd,,0,05/04/2021
2010,12,7,5,1546520100403001,6,2,04,we,,,,0,0,201026128704we,15465201004039943,,,1160.8764583,,,201026128704we,,0,05/04/2021
2010,12,7,5,1546520100403002,6,2,04,we,,,,0,0,201026128704we,15465201004039943,,,1160.8764583,,,201026128704we,,0,05/04/2021
2010,12,7,5,1546520100403003,6,2,04,we,,,,0,0,201026128704we,15465201004039943,,,1160.8764583,,,201026128704we,,0,05/04/2021
2010,12,7,5,1546520100403004,6,2,04,we,,,,0,0,201026128704we,15465201004039943,,,1063.9757734,,,201026128704we,,0,05/04/2021
2010,12,7,5,1546520100403005,6,2,04,we,,,,0,0,201026128704we,15465201004039943,,,1063.9757734,,,201026128704we,,0,05/04/2021
2010,12,7,5,1546520100403007,6,2,04,we,,,,0,0,201026128704we,15465201004039943,,,1160.8764583,,,201026128704we,,0,05/04/2021
2010,12,7,5,1546520100403009,6,2,04,we,8777180202,370,0.76,0,0,201026128704we,15465201004039943,HARDHEAD CATFISH,,1160.8764583,14,37,201026128704we,,0,05/04/2021
2010,12,7,5,1546520100403010,6,2,04,we,,,,0,0,201026128704we,15465201004039943,,,1160.8764583,,,201026128704we,,0,05/04/2021
2010,12,7,5,1546520100403011,6,2,04,we,8835440901,603,2.64,0,0,201026128704we,15465201004039943,RED DRUM,,1160.8764583,23,60,201026128704we,,0,05/04/2021
2010,12,7,5,1546520100403012,6,2,04,we,,,,0,0,201026128704we,15465201004039943,,,1160.8764583,,,201026128704we,,0,05/04/2021
2010,12,7,5,1546520100403013,6,2,04,we,,,,0,0,201026128704we,15465201004039943,,,1160.8764583,,,201026128704we,,0,05/04/2021
2010,12,7,5,1546520100403014,6,2,04,we,,,,0,0,201026128704we,15465201004039943,,,1160.8764583,,,201026128704we,,0,05/04/2021
2010,12,7,5,1546520100403015,6,2,04,we,,,,0,0,201026128704we,15465201004039943,,,1160.8764583,,,201026128704we,,0,05/04/2021
2010,12,7,5,1546520100403016,6,2,04,we,,,,0,0,201026128704we,15465201004039943,,,1063.9757734,,,201026128704we,,0,05/04/2021
2010,12,7,5,1546520100403017,6,2,04,we,8835280901,318,0.64,0,0,201026128704we,15465201004039943,FLORIDA POMPANO,,1160.8764583,12,31,201026128704we,,0,05/04/2021
2010,12,7,5,1546520100403019,6,2,04,we,,,,0,0,201026128704we,15465201004039943,,,1063.9757734,,,201026128704we,,0,05/04/2021
2010,12,7,5,1546520100403020,6,2,04,we,,,,0,0,201026128704we,15465201004039943,,,1063.9757734,,,201026128704we,,0,05/04/2021
2010,12,7,5,1546520100403021,6,2,04,we,,,,0,0,201026128704we,15465201004039943,,,1160.8764583,,,201026128704we,,0,05/04/2021
2010,12,7,5,1546520100403022,6,2,04,we,,,,0,0,201026128704we,15465201004039943,,,1160.8764583,,,201026128704we,,0,05/04/2021
2010,12,7,5,1546520100403023,6,2,04,we,,,,0,0,201026128704we,15465201004039943,,,1160.8764583,,,201026128704we,,0,05/04/2021
2010,12,7,5,1546520100403024,6,2,04,we,,,,0,0,201026128704we,15465201004039943,,,1160.8764583,,,201026128704we,,0,05/04/2021
2010,12,7,5,1546520100403025,6,2,04,we,,,,0,0,201026128704we,15465201004039943,,,1160.8764583,,,201026128704we,,0,05/04/2021
2010,12,7,5,1546520100403028,6,2,04,we,8835280501,219,0.1,1,1,201026128704we,15465201004039943,LEATHERJACK,,1160.8764583,8,21,201026128704we,,0,05/04/2021
2010,12,7,5,1546520100403028,6,2,04,we,8835280501,219,0.1,1,1,201026128704we,15465201004039943,LEATHERJACK,,1160.8764583,8,21,201026128704we,,0,05/04/2021
2010,12,7,5,1546520100403028,6,2,04,we,8835280501,219,0.1,1,1,201026128704we,15465201004039943,LEATHERJACK,,1160.8764583,8,21,201026128704we,,0,05/04/2021
2010,12,7,5,1546520100403028,6,2,04,we,8835280501,219,0.1,1,1,201026128704we,15465201004039943,LEATHERJACK,,1160.8764583,8,21,201026128704we,,0,05/04/2021
2010,12,7,5,1546520100403028,6,2,04,we,8835280501,219,0.1,1,1,201026128704we,15465201004039943,LEATHERJACK,,1160.8764583,8,21,201026128704we,,0,05/04/2021
2010,12,7,5,1546520100408003,6,2,04,wd,8836010100,,,0,0,201026128704wd,15465201004089511,MULLET GENUS,,18402.473841,,,201026128704wd,,0,05/04/2021
2010,12,7,5,1546520100408005,6,2,04,wd,,,,0,0,201026128704wd,15465201004089511,,,3680.4947682,,,201026128704wd,,0,05/04/2021
2010,12,7,5,1546520100408006,6,2,04,wd,,,,0,0,201026128704wd,15465201004089511,,,3680.4947682,,,201026128704wd,,0,05/04/2021
2010,12,7,5,1546520100408008,6,2,04,wd,,,,0,0,201026128704wd,15465201004089511,,,3680.4947682,,,201026128704wd,,0,05/04/2021
2010,12,7,5,1546520100408009,6,2,04,wd,,,,0,0,201026128704wd,15465201004089511,,,3373.2764925,,,201026128704wd,,0,05/04/2021
2010,12,7,5,1546520100408010,6,2,04,wd,,,,0,0,201026128704wd,15465201004089511,,,3680.4947682,,,201026128704wd,,0,05/04/2021
2010,12,7,5,1546520100408011,6,2,04,wd,8835440901,623,2.98,0,0,201026128704wd,15465201004089511,RED DRUM,,3680.4947682,24,62,201026128704wd,,0,05/04/2021
2010,12,7,5,1546520100408011,6,2,04,wd,8835440901,701,3.52,0,0,201026128704wd,15465201004089511,RED DRUM,,3680.4947682,27,70,201026128704wd,,0,05/04/2021
2010,12,7,5,1546520100408012,6,2,04,wd,,,,0,0,201026128704wd,15465201004089511,,,3680.4947682,,,201026128704wd,,0,05/04/2021
2010,12,7,5,1546520100408013,6,2,04,wd,8835440102,506,1.3,0,0,201026128704wd,15465201004089511,SPOTTED SEATROUT,,3680.4947682,19,50,201026128704wd,,0,05/04/2021
2010,12,7,5,1546520100408014,6,2,04,wd,8835430201,191,0.16,1,1,201026128704wd,15465201004089511,PINFISH,,3680.4947682,7,19,201026128704wd,,0,05/04/2021
2010,12,7,5,1546520100408014,6,2,04,wd,8835430201,191,0.16,1,1,201026128704wd,15465201004089511,PINFISH,,3680.4947682,7,19,201026128704wd,,0,05/04/2021
2010,12,7,5,1546520100408015,6,2,04,wd,8835430201,191,0.16,1,1,201026128704wd,15465201004089511,PINFISH,,3680.4947682,7,19,201026128704wd,,0,05/04/2021
2010,12,7,5,1546520100408015,6,2,04,wd,8835430201,191,0.16,1,1,201026128704wd,15465201004089511,PINFISH,,3680.4947682,7,19,201026128704wd,,0,05/04/2021
2010,12,7,5,1546520100408016,6,2,04,wd,,,,0,0,201026128704wd,15465201004089511,,,3680.4947682,,,201026128704wd,,0,05/04/2021
2010,12,7,5,1546520100408017,6,2,04,wd,,,,0,0,201026128704wd,15465201004089511,,,3680.4947682,,,201026128704wd,,0,05/04/2021
2010,12,7,5,1546520100408018,6,2,04,wd,,,,0,0,201026128704wd,15465201004089511,,,3680.4947682,,,201026128704wd,,0,05/04/2021
2010,12,7,5,1546520100408019,6,2,04,wd,,,,0,0,201026128704wd,15465201004089511,,,3680.4947682,,,201026128704wd,,0,05/04/2021
2010,12,7,5,1546520100408020,6,2,04,wd,,,,0,0,201026128704wd,15465201004089511,,,3680.4947682,,,201026128704wd,,0,05/04/2021
2010,12,7,5,1546520100408021,6,2,04,wd,,,,0,0,201026128704wd,15465201004089511,,,3680.4947682,,,201026128704wd,,0,05/04/2021
2010,12,7,5,1546520100408022,6,2,04,wd,,,,0,0,201026128704wd,15465201004089511,,,3680.4947682,,,201026128704wd,,0,05/04/2021
2010,12,7,5,1546520100408024,6,2,04,wd,,,,0,0,201026128704wd,15465201004089511,,,3373.2764925,,,201026128704wd,,0,05/04/2021
2010,12,7,5,1546520100408025,6,2,04,wd,,,,0,0,201026128704wd,15465201004089511,,,3373.2764925,,,201026128704wd,,0,05/04/2021
2010,12,7,5,1546520100408027,6,2,04,wd,,,,0,0,201026128704wd,15465201004089511,,,3373.2764925,,,201026128704wd,,0,05/04/2021
2010,12,7,5,1546520100408029,6,2,04,wd,8835440102,421,0.72,0,0,201026128704wd,15465201004089511,SPOTTED SEATROUT,,3680.4947682,16,42,201026128704wd,,0,05/04/2021
2010,12,7,5,1546520100408029,6,2,04,wd,8835440102,524,1.48,0,0,201026128704wd,15465201004089511,SPOTTED SEATROUT,,3680.4947682,20,52,201026128704wd,,0,05/04/2021
2010,12,7,5,1546520100408029,6,2,04,wd,8835440102,384,0.62,0,0,201026128704wd,15465201004089511,SPOTTED SEATROUT,,3680.4947682,15,38,201026128704wd,,0,05/04/2021
2010,12,7,5,1546520100408029,6,2,04,wd,8835440102,374,0.52,0,0,201026128704wd,15465201004089511,SPOTTED SEATROUT,,3680.4947682,14,37,201026128704wd,,0,05/04/2021
2010,12,7,5,1546520100408030,6,2,04,wd,,,,0,0,201026128704wd,15465201004089511,,,3680.4947682,,,201026128704wd,,0,05/04/2021
2010,12,7,5,1546520100408031,6,2,04,wd,,,,0,0,201026128704wd,15465201004089511,,,3680.4947682,,,201026128704wd,,0,05/04/2021
2010,12,7,5,1546520100411001,6,2,04,we,,,,0,0,201026128704we,15465201004119146,,,655.45490152,,,201026128704we,,0,05/04/2021
2010,12,7,5,1546520100411002,6,2,04,we,,,,0,0,201026128704we,15465201004119146,,,655.45490152,,,201026128704we,,0,05/04/2021
2010,12,7,5,1546520100411003,6,2,04,we,,,,0,0,201026128704we,15465201004119146,,,655.45490152,,,201026128704we,,0,05/04/2021
2010,12,7,5,1546520100411010,6,2,04,we,,,,0,0,201026128704we,15465201004119146,,,655.45490152,,,201026128704we,,0,05/04/2021
2010,12,7,5,1546520100411011,6,2,04,we,,,,0,0,201026128704we,15465201004119146,,,655.45490152,,,201026128704we,,0,05/04/2021
2010,12,7,5,1546520100411013,6,2,04,we,,,,0,0,201026128704we,15465201004119146,,,655.45490152,,,201026128704we,,0,05/04/2021
2010,12,7,5,1546520100411017,6,2,04,we,,,,0,0,201026128704we,15465201004119146,,,655.45490152,,,201026128704we,,0,05/04/2021
2010,12,7,5,1546520100411018,6,2,04,we,,,,0,0,201026128704we,15465201004119146,,,655.45490152,,,201026128704we,,0,05/04/2021
2010,12,7,5,1546520100411019,6,2,04,we,,,,0,0,201026128704we,15465201004119146,,,655.45490152,,,201026128704we,,0,05/04/2021
2010,12,7,5,1546520100411020,6,2,04,we,8835440801,549,2.32,0,0,201026128704we,15465201004119146,BLACK DRUM,,655.45490152,21,54,201026128704we,,0,05/04/2021
2010,12,7,5,1546520100411024,6,2,04,we,,,,0,0,201026128704we,15465201004119146,,,655.45490152,,,201026128704we,,0,05/04/2021
2010,12,7,5,1546520100411025,6,2,04,we,,,,0,0,201026128704we,15465201004119146,,,655.45490152,,,201026128704we,,0,05/04/2021
2010,12,7,1,1546520100411030,6,2,04,we,8850030502,341,0.6,0,0,201026128704we,15465201004119146,SPANISH MACKEREL,,649.51326971,13,34,201026128704we,,0,05/04/2021
2010,12,7,1,1546520100411030,6,2,04,we,8850030502,472,0.74,0,0,201026128704we,15465201004119146,SPANISH MACKEREL,,649.51326971,18,47,201026128704we,,0,05/04/2021
2010,12,7,1,1546520100411030,6,2,04,we,8835250101,345,0.95,0,0,201026128704we,15465201004119146,BLUEFISH,,649.51326971,13,34,201026128704we,,0,05/04/2021
2010,12,7,1,1546520100411030,6,2,04,we,8835250101,461,1.3,1,1,201026128704we,15465201004119146,BLUEFISH,,649.51326971,18,46,201026128704we,,0,05/04/2021
2010,12,7,1,1546520100411030,6,2,04,we,8835250101,425,0.98,1,1,201026128704we,15465201004119146,BLUEFISH,,649.51326971,16,42,201026128704we,,0,05/04/2021
2010,12,7,1,1546520100411031,6,2,04,we,,,,0,0,201026128704we,15465201004119146,,,649.51326971,,,201026128704we,,0,05/04/2021
2010,12,7,5,1546520100418001,6,2,04,we,,,,0,0,201026128704we,15465201004189943,,,7071.4930399,,,201026128704we,,0,05/04/2021
2010,12,7,5,1546520100418002,6,2,04,we,,,,0,0,201026128704we,15465201004189943,,,7071.4930399,,,201026128704we,,0,05/04/2021
2010,12,7,5,1546520100418003,6,2,04,we,,,,0,0,201026128704we,15465201004189943,,,7071.4930399,,,201026128704we,,0,05/04/2021
2010,12,7,5,1546520100418004,6,2,04,we,,,,0,0,201026128704we,15465201004189943,,,7071.4930399,,,201026128704we,,0,05/04/2021
2010,12,7,1,1546520100423001,6,2,04,wd,8835440702,228,0.1,0,0,201026128704wd,15465201004239146,ATLANTIC CROAKER,,2365.59587,8,22,201026128704wd,,0,05/04/2021
2010,12,7,1,1546520100423001,6,2,04,wd,8835440702,254,0.16,0,0,201026128704wd,15465201004239146,ATLANTIC CROAKER,,2365.59587,9,25,201026128704wd,,0,05/04/2021
2010,12,7,1,1546520100423001,6,2,04,wd,8835440602,224,0.08,0,0,201026128704wd,15465201004239146,GULF KINGFISH,,2365.59587,8,22,201026128704wd,,0,05/04/2021
2010,12,7,1,1546520100423001,6,2,04,wd,8835440602,258,0.12,0,0,201026128704wd,15465201004239146,GULF KINGFISH,,2365.59587,10,25,201026128704wd,,0,05/04/2021
2010,12,7,1,1546520100423001,6,2,04,wd,8835440602,214,0.06,0,0,201026128704wd,15465201004239146,GULF KINGFISH,,2365.59587,8,21,201026128704wd,,0,05/04/2021
2010,12,7,1,1546520100423001,6,2,04,wd,8835440602,247,0.16,0,0,201026128704wd,15465201004239146,GULF KINGFISH,,2365.59587,9,24,201026128704wd,,0,05/04/2021
2010,12,7,1,1546520100423001,6,2,04,wd,8835440702,244,0.12,0,0,201026128704wd,15465201004239146,ATLANTIC CROAKER,,2365.59587,9,24,201026128704wd,,0,05/04/2021
2010,12,7,1,1546520100423001,6,2,04,wd,8835440602,261,0.18,0,0,201026128704wd,15465201004239146,GULF KINGFISH,,2365.59587,10,26,201026128704wd,,0,05/04/2021
2010,12,7,1,1546520100423001,6,2,04,wd,8835440602,251,0.1,0,0,201026128704wd,15465201004239146,GULF KINGFISH,,2365.59587,9,25,201026128704wd,,0,05/04/2021
2010,12,7,1,1546520100423001,6,2,04,wd,8835440602,304,0.24,0,0,201026128704wd,15465201004239146,GULF KINGFISH,,2365.59587,11,30,201026128704wd,,0,05/04/2021
2010,12,7,1,1546520100423001,6,2,04,wd,8835440602,261,0.18,1,1,201026128704wd,15465201004239146,GULF KINGFISH,,2365.59587,10,26,201026128704wd,,0,05/04/2021
2010,12,7,1,1546520100423001,6,2,04,wd,8835440602,339,0.36,0,0,201026128704wd,15465201004239146,GULF KINGFISH,,2365.59587,13,33,201026128704wd,,0,05/04/2021
2010,12,7,1,1546520100423001,6,2,04,wd,8835440602,234,0.12,0,0,201026128704wd,15465201004239146,GULF KINGFISH,,2365.59587,9,23,201026128704wd,,0,05/04/2021
2010,12,7,1,1546520100423001,6,2,04,wd,8835440602,294,0.2,0,0,201026128704wd,15465201004239146,GULF KINGFISH,,2365.59587,11,29,201026128704wd,,0,05/04/2021
2010,12,7,1,1546520100423001,6,2,04,wd,8835440602,272,0.2,0,0,201026128704wd,15465201004239146,GULF KINGFISH,,2365.59587,10,27,201026128704wd,,0,05/04/2021
2010,12,7,1,1546520100423001,6,2,04,wd,8835440602,272,0.2,1,1,201026128704wd,15465201004239146,GULF KINGFISH,,2365.59587,10,27,201026128704wd,,0,05/04/2021
2010,12,7,1,1546520100423001,6,2,04,wd,8835440602,272,0.2,1,1,201026128704wd,15465201004239146,GULF KINGFISH,,2365.59587,10,27,201026128704wd,,0,05/04/2021
2010,12,7,1,1546520100423001,6,2,04,wd,8835440602,222,0.08,0,0,201026128704wd,15465201004239146,GULF KINGFISH,,2365.59587,8,22,201026128704wd,,0,05/04/2021
2010,12,7,1,1546520100423002,6,2,04,wd,8835440602,247,0.16,1,1,201026128704wd,15465201004239146,GULF KINGFISH,,2581.0404936,9,24,201026128704wd,,0,05/04/2021
2010,12,7,1,1546520100423002,6,2,04,wd,8835440602,234,0.12,1,1,201026128704wd,15465201004239146,GULF KINGFISH,,2581.0404936,9,23,201026128704wd,,0,05/04/2021
2010,12,7,1,1546520100423002,6,2,04,wd,8835440602,258,0.12,1,1,201026128704wd,15465201004239146,GULF KINGFISH,,2581.0404936,10,25,201026128704wd,,0,05/04/2021
2010,12,7,1,1546520100423003,6,2,04,wd,8835440602,251,0.1,1,1,201026128704wd,15465201004239146,GULF KINGFISH,,2581.0404936,9,25,201026128704wd,,0,05/04/2021
2010,12,7,1,1546520100423003,6,2,04,wd,8835440602,224,0.08,1,1,201026128704wd,15465201004239146,GULF KINGFISH,,2581.0404936,8,22,201026128704wd,,0,05/04/2021
2010,12,7,1,1546520100423003,6,2,04,wd,8835440602,222,0.08,1,1,201026128704wd,15465201004239146,GULF KINGFISH,,2581.0404936,8,22,201026128704wd,,0,05/04/2021
2010,12,7,1,1546520100423004,6,2,04,wd,8835440602,333,0.32,1,1,201026128704wd,15465201004239146,GULF KINGFISH,,2581.0404936,13,33,201026128704wd,,0,05/04/2021
2010,12,7,1,1546520100423004,6,2,04,wd,8835440602,333,0.32,1,1,201026128704wd,15465201004239146,GULF KINGFISH,,2581.0404936,13,33,201026128704wd,,0,05/04/2021
2010,12,7,1,1546520100423004,6,2,04,wd,8835440602,214,0.06,1,1,201026128704wd,15465201004239146,GULF KINGFISH,,2581.0404936,8,21,201026128704wd,,0,05/04/2021
2010,12,7,2,1546520100423005,6,2,04,wd,8850030501,804,3.36,0,0,201026128704wd,15465201004239146,KING MACKEREL,,3427.9792455,31,80,201026128704wd,,0,05/04/2021
2010,12,7,2,1546520100423006,6,2,04,wd,8835290101,519,1.12,0,0,201026128704wd,15465201004239146,DOLPHIN,,3427.9792455,20,51,201026128704wd,,0,05/04/2021
2010,12,7,2,1546520100423007,6,2,04,wd,8850030501,802,3.62,0,0,201026128704wd,15465201004239146,KING MACKEREL,,3427.9792455,31,80,201026128704wd,,0,05/04/2021
2010,12,7,2,1546520100423007,6,2,04,wd,8850030501,772,3.32,0,0,201026128704wd,15465201004239146,KING MACKEREL,,3427.9792455,30,77,201026128704wd,,0,05/04/2021
2010,12,7,2,1546520100423008,6,2,04,wd,8860020201,370,1.04,0,0,201026128704wd,15465201004239146,GRAY TRIGGERFISH,,3427.9792455,14,37,201026128704wd,,0,05/04/2021
2010,12,7,2,1546520100423008,6,2,04,wd,8860020201,332,0.8,0,0,201026128704wd,15465201004239146,GRAY TRIGGERFISH,,3427.9792455,13,33,201026128704wd,,0,05/04/2021
2010,12,7,2,1546520100423008,6,2,04,wd,8835360401,300,0.38,0,0,201026128704wd,15465201004239146,YELLOWTAIL SNAPPER,,3427.9792455,11,30,201026128704wd,,0,05/04/2021
2010,12,7,2,1546520100423008,6,2,04,wd,8835020301,276,0.32,0,0,201026128704wd,15465201004239146,BLACK SEA BASS,,3427.9792455,10,27,201026128704wd,,0,05/04/2021
2010,12,7,2,1546520100423009,6,2,04,wd,,,,0,0,201026128704wd,15465201004239146,,,3427.9792455,,,201026128704wd,,0,05/04/2021
2010,12,7,2,1546520100423010,6,2,04,wd,8835360102,388,0.9,0,0,201026128704wd,15465201004239146,GRAY SNAPPER,,3427.9792455,15,38,201026128704wd,,0,05/04/2021
2010,12,7,2,1546520100423012,6,2,04,wd,,,,0,0,201026128704wd,15465201004239146,,,3427.9792455,,,201026128704wd,,0,05/04/2021
2010,12,7,2,1546520100423013,6,2,04,wd,8835290101,611,1.92,0,0,201026128704wd,15465201004239146,DOLPHIN,,3427.9792455,24,61,201026128704wd,,0,05/04/2021
2010,12,7,2,1546520100423016,6,2,04,wd,8835290101,652,2.32,0,0,201026128704wd,15465201004239146,DOLPHIN,,3427.9792455,25,65,201026128704wd,,0,05/04/2021
2010,12,7,2,1546520100423017,6,2,04,wd,8835290101,924,5.84,0,0,201026128704wd,15465201004239146,DOLPHIN,,3427.9792455,36,92,201026128704wd,,0,05/04/2021
2010,12,7,2,1546520100423017,6,2,04,wd,8835290101,794,3.86,0,0,201026128704wd,15465201004239146,DOLPHIN,,3427.9792455,31,79,201026128704wd,,0,05/04/2021
2010,12,7,2,1546520100423019,6,2,04,wd,8835290101,718,3.08,0,0,201026128704wd,15465201004239146,DOLPHIN,,3427.9792455,28,71,201026128704wd,,0,05/04/2021
2010,12,7,2,1546520100423020,6,2,04,wd,8850030601,905,3.1,0,0,201026128704wd,15465201004239146,WAHOO,,3427.9792455,35,90,201026128704wd,,0,05/04/2021
2010,12,7,2,1546520100423023,6,2,04,wd,8835290101,719,2.7,0,0,201026128704wd,15465201004239146,DOLPHIN,,3427.9792455,28,71,201026128704wd,,0,05/04/2021
2010,12,7,2,1546520100423024,6,2,04,wd,,,,0,0,201026128704wd,15465201004239146,,,3427.9792455,,,201026128704wd,,0,05/04/2021
2010,12,7,2,1546520100423027,6,2,04,wd,8835260101,952,8.68,0,0,201026128704wd,15465201004239146,COBIA,,3427.9792455,37,95,201026128704wd,,0,05/04/2021
2010,12,7,2,1546520100423029,6,2,04,wd,8850030501,728,2.96,0,0,201026128704wd,15465201004239146,KING MACKEREL,,3427.9792455,28,72,201026128704wd,,0,05/04/2021
2010,12,7,2,1546520100423029,6,2,04,wd,8850030501,788,3.42,0,0,201026128704wd,15465201004239146,KING MACKEREL,,3427.9792455,31,78,201026128704wd,,0,05/04/2021
2010,12,7,2,1546520100423029,6,2,04,wd,8850030501,816,3.44,0,0,201026128704wd,15465201004239146,KING MACKEREL,,3427.9792455,32,81,201026128704wd,,0,05/04/2021
2010,12,7,2,1546520100423030,6,2,04,wd,,,,0,0,201026128704wd,15465201004239146,,,3427.9792455,,,201026128704wd,,0,05/04/2021
2010,12,7,5,1546520100424001,6,2,04,we,,,,0,0,201026128704we,154652010042461313,,,1830.8691103,,,201026128704we,,0,05/04/2021
2010,12,7,5,1546520100424004,6,2,04,we,,,,0,0,201026128704we,154652010042461313,,,1830.8691103,,,201026128704we,,0,05/04/2021
2010,12,7,5,1546520100424005,6,2,04,we,,,,0,0,201026128704we,154652010042461313,,,1830.8691103,,,201026128704we,,0,05/04/2021
2010,12,7,5,1546520100424006,6,2,04,we,,,,0,0,201026128704we,154652010042461313,,,1830.8691103,,,201026128704we,,0,05/04/2021
2010,12,7,5,1546520100424007,6,2,04,we,,,,0,0,201026128704we,154652010042461313,,,1830.8691103,,,201026128704we,,0,05/04/2021
2010,12,7,5,1546520100424010,6,2,04,we,8836010100,,,0,0,201026128704we,154652010042461313,MULLET GENUS,,43940.858648,,,201026128704we,,0,05/04/2021
2010,12,7,5,1546520100424012,6,2,04,we,8835440102,654,2.68,0,0,201026128704we,154652010042461313,SPOTTED SEATROUT,,1830.8691103,25,65,201026128704we,,0,05/04/2021
2010,12,7,5,1546520100424014,6,2,04,we,,,,0,0,201026128704we,154652010042461313,,,1830.8691103,,,201026128704we,,0,05/04/2021
2010,12,7,5,1546520100424015,6,2,04,we,8835440102,380,0.5,0,0,201026128704we,154652010042461313,SPOTTED SEATROUT,,1830.8691103,14,38,201026128704we,,0,05/04/2021
2010,12,7,5,1546520100424015,6,2,04,we,8835440102,429,0.64,0,0,201026128704we,154652010042461313,SPOTTED SEATROUT,,1830.8691103,16,42,201026128704we,,0,05/04/2021
2010,12,7,5,1546520100424017,6,2,04,we,,,,0,0,201026128704we,154652010042461313,,,1830.8691103,,,201026128704we,,0,05/04/2021
2010,12,7,5,1546520100424018,6,2,04,we,8836010100,,,0,0,201026128704we,154652010042461313,MULLET GENUS,,21970.429324,,,201026128704we,,0,05/04/2021
2010,12,7,5,1546520100424020,6,2,04,we,,,,0,0,201026128704we,154652010042461313,,,1830.8691103,,,201026128704we,,0,05/04/2021
2010,12,7,5,1546520100424021,6,2,04,we,,,,0,0,201026128704we,154652010042461313,,,1830.8691103,,,201026128704we,,0,05/04/2021
2010,12,7,5,1546520100424022,6,2,04,we,,,,0,0,201026128704we,154652010042461313,,,1830.8691103,,,201026128704we,,0,05/04/2021
2010,12,7,5,1546520100424023,6,2,04,we,,,,0,0,201026128704we,154652010042461313,,,1830.8691103,,,201026128704we,,0,05/04/2021
2010,12,7,5,1546520100424024,6,2,04,we,8850030502,341,0.34,0,0,201026128704we,154652010042461313,SPANISH MACKEREL,,1830.8691103,13,34,201026128704we,,0,05/04/2021
2010,12,7,5,1546520100424024,6,2,04,we,8835440102,324,0.35,0,0,201026128704we,154652010042461313,SPOTTED SEATROUT,,1830.8691103,12,32,201026128704we,,0,05/04/2021
2010,12,7,5,1546520100424024,6,2,04,we,8835440102,361,0.44,0,0,201026128704we,154652010042461313,SPOTTED SEATROUT,,1830.8691103,14,36,201026128704we,,0,05/04/2021
2010,12,7,5,1546520100424025,6,2,04,we,,,,0,0,201026128704we,154652010042461313,,,1830.8691103,,,201026128704we,,0,05/04/2021
2010,12,7,5,1546520100424026,6,2,04,we,,,,0,0,201026128704we,154652010042461313,,,1830.8691103,,,201026128704we,,0,05/04/2021
2010,12,7,5,1546520100424029,6,2,04,we,,,,0,0,201026128704we,154652010042461313,,,1830.8691103,,,201026128704we,,0,05/04/2021
2010,12,7,2,1546820100301001,6,2,03,wd,8747010701,175,0.08,1,1,201026128703wd,154682010030185314,ATLANTIC THREAD HERRING,,2452.5333885,6,17,201026128703wd,,0,05/04/2021
2010,12,7,2,1546820100301001,6,2,03,wd,8747010701,175,0.08,1,1,201026128703wd,154682010030185314,ATLANTIC THREAD HERRING,,2452.5333885,6,17,201026128703wd,,0,05/04/2021
2010,12,7,2,1546820100301001,6,2,03,wd,8747010701,175,0.08,1,1,201026128703wd,154682010030185314,ATLANTIC THREAD HERRING,,2452.5333885,6,17,201026128703wd,,0,05/04/2021
2010,12,7,5,1546820100301002,6,2,03,wd,8835430301,278,0.5,0,0,201026128703wd,154682010030185314,SHEEPSHEAD,,1863.4869258,10,27,201026128703wd,,0,05/04/2021
2010,12,7,5,1546820100301002,6,2,03,wd,8835430301,288,0.54,0,0,201026128703wd,154682010030185314,SHEEPSHEAD,,1863.4869258,11,28,201026128703wd,,0,05/04/2021
2010,12,7,5,1546820100301002,6,2,03,wd,8835430301,295,0.66,0,0,201026128703wd,154682010030185314,SHEEPSHEAD,,1863.4869258,11,29,201026128703wd,,0,05/04/2021
2010,12,7,5,1546820100301002,6,2,03,wd,8835430301,285,0.58,0,0,201026128703wd,154682010030185314,SHEEPSHEAD,,1863.4869258,11,28,201026128703wd,,0,05/04/2021
2010,12,7,5,1546820100301002,6,2,03,wd,8835400304,280,0.56,0,0,201026128703wd,154682010030185314,BLACK MARGATE,,1863.4869258,11,28,201026128703wd,,0,05/04/2021
2010,12,7,5,1546820100301003,6,2,03,wd,,,,0,0,201026128703wd,154682010030185314,,,1863.4869258,,,201026128703wd,,0,05/04/2021
2010,12,7,1,1546820100301004,6,2,03,wd,8835250101,425,0.98,1,1,201026128703wd,154682010030185314,BLUEFISH,,2014.7716337,16,42,201026128703wd,,0,05/04/2021
2010,12,7,1,1546820100301004,6,2,03,wd,8835250101,425,0.98,1,1,201026128703wd,154682010030185314,BLUEFISH,,2014.7716337,16,42,201026128703wd,,0,05/04/2021
2010,12,7,1,1546820100301005,6,2,03,wd,8835250101,427,0.94,1,1,201026128703wd,154682010030185314,BLUEFISH,,1846.5946069,16,42,201026128703wd,,0,05/04/2021
2010,12,7,1,1546820100301005,6,2,03,wd,8835250101,427,0.94,1,1,201026128703wd,154682010030185314,BLUEFISH,,1846.5946069,16,42,201026128703wd,,0,05/04/2021
2010,12,7,1,1546820100301006,6,2,03,wd,8835250101,427,0.94,1,1,201026128703wd,154682010030185314,BLUEFISH,,2014.7716337,16,42,201026128703wd,,0,05/04/2021
2010,12,7,5,1546820100301007,6,2,03,wd,8835430402,241,0.44,0,0,201026128703wd,154682010030185314,SILVER PORGY,,2033.2024061,9,24,201026128703wd,,0,05/04/2021
2010,12,7,5,1546820100301007,6,2,03,wd,8835430402,232,0.4,0,0,201026128703wd,154682010030185314,SILVER PORGY,,2033.2024061,9,23,201026128703wd,,0,05/04/2021
2010,12,7,5,1546820100301007,6,2,03,wd,8835430301,331,0.92,0,0,201026128703wd,154682010030185314,SHEEPSHEAD,,2033.2024061,13,33,201026128703wd,,0,05/04/2021
2010,12,7,1,1546820100301009,6,2,03,wd,8850030502,455,0.7,1,1,201026128703wd,154682010030185314,SPANISH MACKEREL,,2820.6802872,17,45,201026128703wd,,0,05/04/2021
2010,12,7,1,1546820100301009,6,2,03,wd,8850030502,460,0.72,1,1,201026128703wd,154682010030185314,SPANISH MACKEREL,,2820.6802872,18,46,201026128703wd,,0,05/04/2021
2010,12,7,1,1546820100301009,6,2,03,wd,8850030502,455,0.7,1,1,201026128703wd,154682010030185314,SPANISH MACKEREL,,2820.6802872,17,45,201026128703wd,,0,05/04/2021
2010,12,7,1,1546820100301009,6,2,03,wd,8850030502,402,0.52,0,0,201026128703wd,154682010030185314,SPANISH MACKEREL,,2820.6802872,15,40,201026128703wd,,0,05/04/2021
2010,12,7,1,1546820100301009,6,2,03,wd,8850030502,455,0.7,1,1,201026128703wd,154682010030185314,SPANISH MACKEREL,,2820.6802872,17,45,201026128703wd,,0,05/04/2021
2010,12,7,1,1546820100301009,6,2,03,wd,8835250101,366,0.58,1,1,201026128703wd,154682010030185314,BLUEFISH,,2014.7716337,14,36,201026128703wd,,0,05/04/2021
2010,12,7,1,1546820100301009,6,2,03,wd,8835250101,366,0.58,1,1,201026128703wd,154682010030185314,BLUEFISH,,2014.7716337,14,36,201026128703wd,,0,05/04/2021
2010,12,7,1,1546820100301009,6,2,03,wd,8835250101,417,0.96,1,1,201026128703wd,154682010030185314,BLUEFISH,,2014.7716337,16,41,201026128703wd,,0,05/04/2021
2010,12,7,1,1546820100301009,6,2,03,wd,8835250101,425,0.98,0,0,201026128703wd,154682010030185314,BLUEFISH,,2014.7716337,16,42,201026128703wd,,0,05/04/2021
2010,12,7,1,1546820100301009,6,2,03,wd,8835250101,461,1.3,0,0,201026128703wd,154682010030185314,BLUEFISH,,2014.7716337,18,46,201026128703wd,,0,05/04/2021
2010,12,7,1,1546820100301009,6,2,03,wd,8835250101,366,0.58,1,1,201026128703wd,154682010030185314,BLUEFISH,,2014.7716337,14,36,201026128703wd,,0,05/04/2021
2010,12,7,1,1546820100301012,6,2,03,wd,8850030502,502,0.88,0,0,201026128703wd,154682010030185314,SPANISH MACKEREL,,2014.7716337,19,50,201026128703wd,,0,05/04/2021
2010,12,7,1,1546820100301012,6,2,03,wd,8835430402,275,0.48,0,0,201026128703wd,154682010030185314,SILVER PORGY,,2014.7716337,10,27,201026128703wd,,0,05/04/2021
2010,12,7,1,1546820100301012,6,2,03,wd,8835430301,360,1.1089751523,1,1,201026128703wd,154682010030185314,SHEEPSHEAD,,2590.4206719,14,36,201026128703wd,,0,05/04/2021
2010,12,7,1,1546820100301012,6,2,03,wd,8835430301,374,1.18,0,0,201026128703wd,154682010030185314,SHEEPSHEAD,,2590.4206719,14,37,201026128703wd,,0,05/04/2021
2010,12,7,1,1546820100301012,6,2,03,wd,8835430301,326,0.9,1,1,201026128703wd,154682010030185314,SHEEPSHEAD,,2590.4206719,12,32,201026128703wd,,0,05/04/2021
2010,12,7,1,1546820100301012,6,2,03,wd,8835430301,379,1.3,1,1,201026128703wd,154682010030185314,SHEEPSHEAD,,2590.4206719,14,37,201026128703wd,,0,05/04/2021
2010,12,7,1,1546820100301012,6,2,03,wd,8835430301,362,1.1258604002,1,1,201026128703wd,154682010030185314,SHEEPSHEAD,,2590.4206719,14,36,201026128703wd,,0,05/04/2021
2010,12,7,1,1546820100301012,6,2,03,wd,8835430301,375,1.04,0,0,201026128703wd,154682010030185314,SHEEPSHEAD,,2590.4206719,14,37,201026128703wd,,0,05/04/2021
2010,12,7,1,1546820100301012,6,2,03,wd,8835430301,450,1.86,0,0,201026128703wd,154682010030185314,SHEEPSHEAD,,2590.4206719,17,45,201026128703wd,,0,05/04/2021
2010,12,7,1,1546820100301012,6,2,03,wd,8835360112,260,0.34,0,0,201026128703wd,154682010030185314,LANE SNAPPER,,2014.7716337,10,26,201026128703wd,,0,05/04/2021
2010,12,7,1,1546820100301013,6,2,03,wd,,,,0,0,201026128703wd,154682010030185314,,,2014.7716337,,,201026128703wd,,0,05/04/2021
2010,12,7,5,1546820100301015,6,2,03,wd,,,,0,0,201026128703wd,154682010030185314,,,1863.4869258,,,201026128703wd,,0,05/04/2021
2010,12,7,1,1546820100301017,6,2,03,wd,8850030502,500,0.86,0,0,201026128703wd,154682010030185314,SPANISH MACKEREL,,2014.7716337,19,50,201026128703wd,,0,05/04/2021
2010,12,7,1,1546820100301017,6,2,03,wd,8835250101,427,0.94,0,0,201026128703wd,154682010030185314,BLUEFISH,,2350.566906,16,42,201026128703wd,,0,05/04/2021
2010,12,7,1,1546820100301017,6,2,03,wd,8835250101,366,0.58,0,0,201026128703wd,154682010030185314,BLUEFISH,,2350.566906,14,36,201026128703wd,,0,05/04/2021
2010,12,7,1,1546820100301017,6,2,03,wd,8835250101,396,0.72,1,1,201026128703wd,154682010030185314,BLUEFISH,,2350.566906,15,39,201026128703wd,,0,05/04/2021
2010,12,7,1,1546820100301017,6,2,03,wd,8835250101,396,0.72,1,1,201026128703wd,154682010030185314,BLUEFISH,,2350.566906,15,39,201026128703wd,,0,05/04/2021
2010,12,7,1,1546820100301017,6,2,03,wd,8835250101,417,0.96,1,1,201026128703wd,154682010030185314,BLUEFISH,,2350.566906,16,41,201026128703wd,,0,05/04/2021
2010,12,7,1,1546820100301017,6,2,03,wd,8835250101,417,0.96,1,1,201026128703wd,154682010030185314,BLUEFISH,,2350.566906,16,41,201026128703wd,,0,05/04/2021
2010,12,7,1,1546820100301018,6,2,03,wd,8835250101,380,0.7,1,1,201026128703wd,154682010030185314,BLUEFISH,,2014.7716337,14,38,201026128703wd,,0,05/04/2021
2010,12,7,1,1546820100301018,6,2,03,wd,8835250101,355,0.54,1,1,201026128703wd,154682010030185314,BLUEFISH,,2014.7716337,13,35,201026128703wd,,0,05/04/2021
2010,12,7,1,1546820100301018,6,2,03,wd,8835250101,355,0.54,1,1,201026128703wd,154682010030185314,BLUEFISH,,2014.7716337,13,35,201026128703wd,,0,05/04/2021
2010,12,7,1,1546820100301018,6,2,03,wd,8835250101,380,0.7,1,1,201026128703wd,154682010030185314,BLUEFISH,,2014.7716337,14,38,201026128703wd,,0,05/04/2021
2010,12,7,1,1546820100301018,6,2,03,wd,8835250101,396,0.72,1,1,201026128703wd,154682010030185314,BLUEFISH,,2014.7716337,15,39,201026128703wd,,0,05/04/2021
2010,12,7,1,1546820100301019,6,2,03,wd,8850030502,413,0.5,0,0,201026128703wd,154682010030185314,SPANISH MACKEREL,,4029.5432675,16,41,201026128703wd,,0,05/04/2021
2010,12,7,1,1546820100301019,6,2,03,wd,8850030502,440,0.56,1,1,201026128703wd,154682010030185314,SPANISH MACKEREL,,4029.5432675,17,44,201026128703wd,,0,05/04/2021
2010,12,7,1,1546820100301019,6,2,03,wd,8850030502,440,0.56,1,1,201026128703wd,154682010030185314,SPANISH MACKEREL,,4029.5432675,17,44,201026128703wd,,0,05/04/2021
2010,12,7,1,1546820100301019,6,2,03,wd,8850030502,440,0.56,1,1,201026128703wd,154682010030185314,SPANISH MACKEREL,,4029.5432675,17,44,201026128703wd,,0,05/04/2021
2010,12,7,1,1546820100301019,6,2,03,wd,8850030502,455,0.7,1,1,201026128703wd,154682010030185314,SPANISH MACKEREL,,4029.5432675,17,45,201026128703wd,,0,05/04/2021
2010,12,7,1,1546820100301019,6,2,03,wd,8835280306,290,0.36,0,0,201026128703wd,154682010030185314,BLUE RUNNER,,2014.7716337,11,29,201026128703wd,,0,05/04/2021
2010,12,7,1,1546820100301019,6,2,03,wd,8835280303,370,0.82,1,1,201026128703wd,154682010030185314,CREVALLE JACK,,2014.7716337,14,37,201026128703wd,,0,05/04/2021
2010,12,7,1,1546820100301019,6,2,03,wd,8835250101,417,0.96,0,0,201026128703wd,154682010030185314,BLUEFISH,,2014.7716337,16,41,201026128703wd,,0,05/04/2021
2010,12,7,1,1546820100301020,6,2,03,wd,8850030502,627,1.74,1,1,201026128703wd,154682010030185314,SPANISH MACKEREL,,3626.5889407,24,62,201026128703wd,,0,05/04/2021
2010,12,7,1,1546820100301020,6,2,03,wd,8850030502,627,1.74,1,1,201026128703wd,154682010030185314,SPANISH MACKEREL,,3626.5889407,24,62,201026128703wd,,0,05/04/2021
2010,12,7,1,1546820100301020,6,2,03,wd,8850030502,440,0.56,1,1,201026128703wd,154682010030185314,SPANISH MACKEREL,,3626.5889407,17,44,201026128703wd,,0,05/04/2021
2010,12,7,1,1546820100301020,6,2,03,wd,8850030502,627,1.74,1,1,201026128703wd,154682010030185314,SPANISH MACKEREL,,3626.5889407,24,62,201026128703wd,,0,05/04/2021
2010,12,7,1,1546820100301020,6,2,03,wd,8850030502,475,0.82,1,1,201026128703wd,154682010030185314,SPANISH MACKEREL,,3626.5889407,18,47,201026128703wd,,0,05/04/2021
2010,12,7,5,1546820100301021,6,2,03,wd,8835430402,207,0.3,0,0,201026128703wd,154682010030185314,SILVER PORGY,,2033.2024061,8,20,201026128703wd,,0,05/04/2021
2010,12,7,5,1546820100301021,6,2,03,wd,8835430402,242,0.36,0,0,201026128703wd,154682010030185314,SILVER PORGY,,2033.2024061,9,24,201026128703wd,,0,05/04/2021
2010,12,7,5,1546820100301021,6,2,03,wd,8835430301,310,0.64,0,0,201026128703wd,154682010030185314,SHEEPSHEAD,,2033.2024061,12,31,201026128703wd,,0,05/04/2021
2010,12,7,5,1546820100301021,6,2,03,wd,8835430301,312,0.7,0,0,201026128703wd,154682010030185314,SHEEPSHEAD,,2033.2024061,12,31,201026128703wd,,0,05/04/2021
2010,12,7,5,1546820100301021,6,2,03,wd,8835430301,432,1.96,0,0,201026128703wd,154682010030185314,SHEEPSHEAD,,2033.2024061,17,43,201026128703wd,,0,05/04/2021
2010,12,7,5,1546820100301021,6,2,03,wd,8835430301,360,1.02,0,0,201026128703wd,154682010030185314,SHEEPSHEAD,,2033.2024061,14,36,201026128703wd,,0,05/04/2021
2010,12,7,5,1546820100301021,6,2,03,wd,8835400304,265,0.48,0,0,201026128703wd,154682010030185314,BLACK MARGATE,,2033.2024061,10,26,201026128703wd,,0,05/04/2021
2010,12,7,5,1546820100301024,6,2,03,wd,,,,0,0,201026128703wd,154682010030185314,,,2033.2024061,,,201026128703wd,,0,05/04/2021
2010,12,7,5,1546820100301025,6,2,03,wd,,,,0,0,201026128703wd,154682010030185314,,,2033.2024061,,,201026128703wd,,0,05/04/2021
2010,12,7,5,1546820100301027,6,2,03,wd,8835430402,240,0.42,1,1,201026128703wd,154682010030185314,SILVER PORGY,,3354.2764664,9,24,201026128703wd,,0,05/04/2021
2010,12,7,5,1546820100301027,6,2,03,wd,8835430402,242,0.36,1,1,201026128703wd,154682010030185314,SILVER PORGY,,3354.2764664,9,24,201026128703wd,,0,05/04/2021
2010,12,7,5,1546820100301027,6,2,03,wd,8835430402,220,0.3,0,0,201026128703wd,154682010030185314,SILVER PORGY,,3354.2764664,8,22,201026128703wd,,0,05/04/2021
2010,12,7,5,1546820100301027,6,2,03,wd,8835430402,241,0.44,1,1,201026128703wd,154682010030185314,SILVER PORGY,,3354.2764664,9,24,201026128703wd,,0,05/04/2021
2010,12,7,5,1546820100301027,6,2,03,wd,8835430402,222,0.32,1,1,201026128703wd,154682010030185314,SILVER PORGY,,3354.2764664,8,22,201026128703wd,,0,05/04/2021
2010,12,7,5,1546820100301027,6,2,03,wd,8835430301,301,0.62,0,0,201026128703wd,154682010030185314,SHEEPSHEAD,,1863.4869258,11,30,201026128703wd,,0,05/04/2021
2010,12,7,5,1546820100301028,6,2,03,wd,,,,0,0,201026128703wd,154682010030185314,,,1863.4869258,,,201026128703wd,,0,05/04/2021
2010,12,7,5,1546820100301029,6,2,03,wd,,,,0,0,201026128703wd,154682010030185314,,,1863.4869258,,,201026128703wd,,0,05/04/2021
2010,12,7,5,1546820100305001,6,2,03,wd,8835380101,610,4.76,0,0,201026128703wd,154682010030599286,TRIPLETAIL,,604.99811819,24,61,201026128703wd,,0,05/04/2021
2010,12,7,5,1546820100305001,6,2,03,wd,8835380101,622,5.14,0,0,201026128703wd,154682010030599286,TRIPLETAIL,,604.99811819,24,62,201026128703wd,,0,05/04/2021
2010,12,7,5,1546820100305001,6,2,03,wd,8835280901,368,1.28,1,1,201026128703wd,154682010030599286,FLORIDA POMPANO,,806.66415759,14,36,201026128703wd,,0,05/04/2021
2010,12,7,5,1546820100305001,6,2,03,wd,8835280901,341,0.86,1,1,201026128703wd,154682010030599286,FLORIDA POMPANO,,806.66415759,13,34,201026128703wd,,0,05/04/2021
2010,12,7,5,1546820100305001,6,2,03,wd,8835280901,340,0.84,0,0,201026128703wd,154682010030599286,FLORIDA POMPANO,,806.66415759,13,34,201026128703wd,,0,05/04/2021
2010,12,7,5,1546820100305001,6,2,03,wd,8835280901,343,0.9,0,0,201026128703wd,154682010030599286,FLORIDA POMPANO,,806.66415759,13,34,201026128703wd,,0,05/04/2021
2010,12,7,5,1546820100305001,6,2,03,wd,8835280901,383,1.1,1,1,201026128703wd,154682010030599286,FLORIDA POMPANO,,806.66415759,15,38,201026128703wd,,0,05/04/2021
2010,12,7,5,1546820100305001,6,2,03,wd,8835280901,380,1.14,1,1,201026128703wd,154682010030599286,FLORIDA POMPANO,,806.66415759,14,38,201026128703wd,,0,05/04/2021
2010,12,7,5,1546820100305002,6,2,03,wd,,,,0,0,201026128703wd,154682010030599286,,,604.99811819,,,201026128703wd,,0,05/04/2021
2010,12,7,2,1546820100305005,6,2,03,wd,,,,0,0,201026128703wd,154682010030599286,,,796.23745371,,,201026128703wd,,0,05/04/2021
2010,12,7,5,1546820100305006,6,2,03,wd,8835441101,342,0.48,0,0,201026128703wd,154682010030599286,SAND DRUM,,604.99811819,13,34,201026128703wd,,0,05/04/2021
2010,12,7,5,1546820100305006,6,2,03,wd,8835441101,321,0.36,0,0,201026128703wd,154682010030599286,SAND DRUM,,604.99811819,12,32,201026128703wd,,0,05/04/2021
2010,12,7,5,1546820100305007,6,2,03,wd,8857030304,370,0.5470930881,0,1,201026128703wd,154682010030599286,SOUTHERN FLOUNDER,,604.99811819,14,37,201026128703wd,,0,05/04/2021
2010,12,7,5,1546820100305007,6,2,03,wd,8835280901,319,0.66,0,0,201026128703wd,154682010030599286,FLORIDA POMPANO,,604.99811819,12,31,201026128703wd,,0,05/04/2021
2010,12,7,5,1546820100305007,6,2,03,wd,8835280901,295,0.5,0,0,201026128703wd,154682010030599286,FLORIDA POMPANO,,604.99811819,11,29,201026128703wd,,0,05/04/2021
2010,12,7,5,1546820100305007,6,2,03,wd,8835280901,310,0.6,0,0,201026128703wd,154682010030599286,FLORIDA POMPANO,,604.99811819,12,31,201026128703wd,,0,05/04/2021
2010,12,7,5,1546820100305007,6,2,03,wd,8835280901,325,0.8,0,0,201026128703wd,154682010030599286,FLORIDA POMPANO,,604.99811819,12,32,201026128703wd,,0,05/04/2021
2010,12,7,5,1546820100305008,6,2,03,wd,,,,0,0,201026128703wd,154682010030599286,,,604.99811819,,,201026128703wd,,0,05/04/2021
2010,12,7,5,1546820100305009,6,2,03,wd,,,,0,0,201026128703wd,154682010030599286,,,604.99811819,,,201026128703wd,,0,05/04/2021
2010,12,7,2,1546820100305010,6,2,03,wd,,,,0,0,201026128703wd,154682010030599286,,,796.23745371,,,201026128703wd,,0,05/04/2021
2010,12,7,2,1546820100305011,6,2,03,wd,,,,0,0,201026128703wd,154682010030599286,,,796.23745371,,,201026128703wd,,0,05/04/2021
2010,12,7,2,1546820100305012,6,2,03,wd,8850030501,1030,9.84,1,1,201026128703wd,154682010030599286,KING MACKEREL,,796.23745371,40,103,201026128703wd,,0,05/04/2021
2010,12,7,2,1546820100305014,6,2,03,wd,8850030502,377,0.42,1,1,201026128703wd,154682010030599286,SPANISH MACKEREL,,1459.7686651,14,37,201026128703wd,,0,05/04/2021
2010,12,7,2,1546820100305014,6,2,03,wd,8850030502,455,0.8,1,1,201026128703wd,154682010030599286,SPANISH MACKEREL,,1459.7686651,17,45,201026128703wd,,0,05/04/2021
2010,12,7,2,1546820100305014,6,2,03,wd,8850030502,415,0.52,0,0,201026128703wd,154682010030599286,SPANISH MACKEREL,,1459.7686651,16,41,201026128703wd,,0,05/04/2021
2010,12,7,2,1546820100305014,6,2,03,wd,8850030502,455,0.8,1,1,201026128703wd,154682010030599286,SPANISH MACKEREL,,1459.7686651,17,45,201026128703wd,,0,05/04/2021
2010,12,7,2,1546820100305014,6,2,03,wd,8850030502,445,0.64,0,0,201026128703wd,154682010030599286,SPANISH MACKEREL,,1459.7686651,17,44,201026128703wd,,0,05/04/2021
2010,12,7,2,1546820100305014,6,2,03,wd,8850030502,455,0.8,1,1,201026128703wd,154682010030599286,SPANISH MACKEREL,,1459.7686651,17,45,201026128703wd,,0,05/04/2021
2010,12,7,2,1546820100305015,6,2,03,wd,8850030502,425,0.66,1,1,201026128703wd,154682010030599286,SPANISH MACKEREL,,1273.9799259,16,42,201026128703wd,,0,05/04/2021
2010,12,7,2,1546820100305015,6,2,03,wd,8850030502,445,0.72,1,1,201026128703wd,154682010030599286,SPANISH MACKEREL,,1273.9799259,17,44,201026128703wd,,0,05/04/2021
2010,12,7,2,1546820100305015,6,2,03,wd,8850030502,531,1.2,1,1,201026128703wd,154682010030599286,SPANISH MACKEREL,,1273.9799259,20,53,201026128703wd,,0,05/04/2021
2010,12,7,2,1546820100305015,6,2,03,wd,8850030502,377,0.42,1,1,201026128703wd,154682010030599286,SPANISH MACKEREL,,1273.9799259,14,37,201026128703wd,,0,05/04/2021
2010,12,7,2,1546820100305015,6,2,03,wd,8850030502,421,0.56,1,1,201026128703wd,154682010030599286,SPANISH MACKEREL,,1273.9799259,16,42,201026128703wd,,0,05/04/2021
2010,12,7,2,1546820100305015,6,2,03,wd,8850030102,495,1.914041454,1,1,201026128703wd,154682010030599286,LITTLE TUNNY,,796.23745371,19,49,201026128703wd,,0,05/04/2021
2010,12,7,2,1546820100305016,6,2,03,wd,8850030502,407,0.5,1,1,201026128703wd,154682010030599286,SPANISH MACKEREL,,1433.2274167,16,40,201026128703wd,,0,05/04/2021
2010,12,7,2,1546820100305016,6,2,03,wd,8850030502,414,0.48,1,1,201026128703wd,154682010030599286,SPANISH MACKEREL,,1433.2274167,16,41,201026128703wd,,0,05/04/2021
2010,12,7,2,1546820100305016,6,2,03,wd,8850030502,397,0.48,1,1,201026128703wd,154682010030599286,SPANISH MACKEREL,,1433.2274167,15,39,201026128703wd,,0,05/04/2021
2010,12,7,2,1546820100305016,6,2,03,wd,8850030502,448.82974835,0.74,1,1,201026128703wd,154682010030599286,SPANISH MACKEREL,,1433.2274167,17,44,201026128703wd,,0,05/04/2021
2010,12,7,2,1546820100305016,6,2,03,wd,8850030502,557,1.34,1,1,201026128703wd,154682010030599286,SPANISH MACKEREL,,1433.2274167,21,55,201026128703wd,,0,05/04/2021
2010,12,7,5,1546820100305018,6,2,03,wd,8835280901,327,0.8,0,0,201026128703wd,154682010030599286,FLORIDA POMPANO,,604.99811819,12,32,201026128703wd,,0,05/04/2021
2010,12,7,5,1546820100305018,6,2,03,wd,8835280901,305,0.64,0,0,201026128703wd,154682010030599286,FLORIDA POMPANO,,604.99811819,12,30,201026128703wd,,0,05/04/2021
2010,12,7,5,1546820100305019,6,2,03,wd,,,,0,0,201026128703wd,154682010030599286,,,604.99811819,,,201026128703wd,,0,05/04/2021
2010,12,7,5,1546820100313004,6,2,03,we,8835280901,380,1.14,0,0,201026128703we,1546820100313991774,FLORIDA POMPANO,,702.8110658,14,38,201026128703we,,0,05/04/2021
2010,12,7,5,1546820100313005,6,2,03,we,,,,0,0,201026128703we,1546820100313991774,,,702.8110658,,,201026128703we,,0,05/04/2021
2010,12,7,5,1546820100313007,6,2,03,we,,,,0,0,201026128703we,1546820100313991774,,,702.8110658,,,201026128703we,,0,05/04/2021
2010,12,7,5,1546820100313008,6,2,03,we,,,,0,0,201026128703we,1546820100313991774,,,702.8110658,,,201026128703we,,0,05/04/2021
2010,12,7,5,1546820100313009,6,2,03,we,,,,0,0,201026128703we,1546820100313991774,,,702.8110658,,,201026128703we,,0,05/04/2021
2010,12,7,5,1546820100313012,6,2,03,we,,,,0,0,201026128703we,1546820100313991774,,,702.8110658,,,201026128703we,,0,05/04/2021
2010,12,7,5,1546820100313013,6,2,03,we,,,,0,0,201026128703we,1546820100313991774,,,702.8110658,,,201026128703we,,0,05/04/2021
2010,12,7,5,1546820100313014,6,2,03,we,,,,0,0,201026128703we,1546820100313991774,,,702.8110658,,,201026128703we,,0,05/04/2021
2010,12,7,5,1546820100313015,6,2,03,we,8850030502,573,1.44,0,0,201026128703we,1546820100313991774,SPANISH MACKEREL,,702.8110658,22,57,201026128703we,,0,05/04/2021
2010,12,7,5,1546820100313016,6,2,03,we,,,,0,0,201026128703we,1546820100313991774,,,702.8110658,,,201026128703we,,0,05/04/2021
2010,12,7,5,1546820100313017,6,2,03,we,8835380101,400,1.27,0,0,201026128703we,1546820100313991774,TRIPLETAIL,,702.8110658,15,40,201026128703we,,0,05/04/2021
2010,12,7,5,1546820100313017,6,2,03,we,8835380101,560,3.3,0,0,201026128703we,1546820100313991774,TRIPLETAIL,,702.8110658,22,56,201026128703we,,0,05/04/2021
2010,12,7,5,1546820100313017,6,2,03,we,8835380101,660,6.52,0,0,201026128703we,1546820100313991774,TRIPLETAIL,,702.8110658,25,66,201026128703we,,0,05/04/2021
2010,12,7,5,1546820100313017,6,2,03,we,8835380101,620,5.76,0,0,201026128703we,1546820100313991774,TRIPLETAIL,,702.8110658,24,62,201026128703we,,0,05/04/2021
2010,12,7,5,1546820100313017,6,2,03,we,8835280303,420,1.42,0,0,201026128703we,1546820100313991774,CREVALLE JACK,,702.8110658,16,42,201026128703we,,0,05/04/2021
2010,12,7,5,1546820100313018,6,2,03,we,,,,0,0,201026128703we,1546820100313991774,,,702.8110658,,,201026128703we,,0,05/04/2021
2010,12,7,5,1546820100313019,6,2,03,we,,,,0,0,201026128703we,1546820100313991774,,,702.8110658,,,201026128703we,,0,05/04/2021
2010,12,7,5,1546820100313020,6,2,03,we,,,,0,0,201026128703we,1546820100313991774,,,702.8110658,,,201026128703we,,0,05/04/2021
2010,12,7,5,1546820100313021,6,2,03,we,8835380101,650,6.86,0,0,201026128703we,1546820100313991774,TRIPLETAIL,,702.8110658,25,65,201026128703we,,0,05/04/2021
2010,12,7,5,1546820100313021,6,2,03,we,8835380101,553,3.32,0,0,201026128703we,1546820100313991774,TRIPLETAIL,,702.8110658,21,55,201026128703we,,0,05/04/2021
2010,12,7,5,1546820100313022,6,2,03,we,,,,0,0,201026128703we,1546820100313991774,,,702.8110658,,,201026128703we,,0,05/04/2021
2010,12,7,5,1546820100313023,6,2,03,we,8835280901,341,0.86,0,0,201026128703we,1546820100313991774,FLORIDA POMPANO,,702.8110658,13,34,201026128703we,,0,05/04/2021
2010,12,7,5,1546820100313024,6,2,03,we,,,,0,0,201026128703we,1546820100313991774,,,702.8110658,,,201026128703we,,0,05/04/2021
2010,12,7,5,1546820100313025,6,2,03,we,,,,0,0,201026128703we,1546820100313991774,,,702.8110658,,,201026128703we,,0,05/04/2021
2010,12,7,5,1546820100313028,6,2,03,we,,,,0,0,201026128703we,1546820100313991774,,,702.8110658,,,201026128703we,,0,05/04/2021
2010,12,7,5,1546820100313029,6,2,03,we,,,,0,0,201026128703we,1546820100313991774,,,702.8110658,,,201026128703we,,0,05/04/2021
2010,12,7,5,1546820100313030,6,2,03,we,,,,0,0,201026128703we,1546820100313991774,,,702.8110658,,,201026128703we,,0,05/04/2021
2010,12,7,5,1546820100317001,6,2,03,wd,8835280306,250,0.26,0,0,201026128703wd,1546820100317853358,BLUE RUNNER,,1946.698534,9,25,201026128703wd,,0,05/04/2021
2010,12,7,5,1546820100317004,6,2,03,wd,,,,0,0,201026128703wd,1546820100317853358,,,1784.2037053,,,201026128703wd,,0,05/04/2021
2010,12,7,5,1546820100317005,6,2,03,wd,,,,0,0,201026128703wd,1546820100317853358,,,1946.698534,,,201026128703wd,,0,05/04/2021
2010,12,7,2,1546820100317006,6,2,03,wd,8835290101,820,4.76,0,0,201026128703wd,1546820100317853358,DOLPHIN,,2562.0481076,32,82,201026128703wd,,0,05/04/2021
2010,12,7,1,1546820100319001,6,2,03,wd,8850030502,402,0.5306459806,0,1,201026128703wd,15468201003191111936,SPANISH MACKEREL,,1789.7169412,15,40,201026128703wd,,0,05/04/2021
2010,12,7,1,1546820100319001,6,2,03,wd,8850030502,460,0.72,1,1,201026128703wd,15468201003191111936,SPANISH MACKEREL,,1789.7169412,18,46,201026128703wd,,0,05/04/2021
2010,12,7,1,1546820100319001,6,2,03,wd,8850030502,460,0.72,1,1,201026128703wd,15468201003191111936,SPANISH MACKEREL,,1789.7169412,18,46,201026128703wd,,0,05/04/2021
2010,12,7,1,1546820100319001,6,2,03,wd,8850030502,475,0.74,1,1,201026128703wd,15468201003191111936,SPANISH MACKEREL,,1789.7169412,18,47,201026128703wd,,0,05/04/2021
2010,12,7,1,1546820100319001,6,2,03,wd,8850030502,475,0.74,1,1,201026128703wd,15468201003191111936,SPANISH MACKEREL,,1789.7169412,18,47,201026128703wd,,0,05/04/2021
2010,12,7,1,1546820100319001,6,2,03,wd,8835250101,341,0.86,1,1,201026128703wd,15468201003191111936,BLUEFISH,,5468.5795424,13,34,201026128703wd,,0,05/04/2021
2010,12,7,1,1546820100319001,6,2,03,wd,8835250101,380,0.7,0,0,201026128703wd,15468201003191111936,BLUEFISH,,5468.5795424,14,38,201026128703wd,,0,05/04/2021
2010,12,7,1,1546820100319001,6,2,03,wd,8835250101,341,0.86,1,1,201026128703wd,15468201003191111936,BLUEFISH,,5468.5795424,13,34,201026128703wd,,0,05/04/2021
2010,12,7,1,1546820100319001,6,2,03,wd,8835250101,341,0.86,1,1,201026128703wd,15468201003191111936,BLUEFISH,,5468.5795424,13,34,201026128703wd,,0,05/04/2021
2010,12,7,1,1546820100319001,6,2,03,wd,8835250101,355,0.54,1,1,201026128703wd,15468201003191111936,BLUEFISH,,5468.5795424,13,35,201026128703wd,,0,05/04/2021
2010,12,7,1,1546820100319001,6,2,03,wd,8835250101,396,0.72,0,0,201026128703wd,15468201003191111936,BLUEFISH,,5468.5795424,15,39,201026128703wd,,0,05/04/2021
2010,12,7,1,1546820100319002,6,2,03,wd,8850030502,460,0.72,1,1,201026128703wd,15468201003191111936,SPANISH MACKEREL,,1491.4307843,18,46,201026128703wd,,0,05/04/2021
2010,12,7,1,1546820100319002,6,2,03,wd,8835250101,390,0.66,1,1,201026128703wd,15468201003191111936,BLUEFISH,,1491.4307843,15,39,201026128703wd,,0,05/04/2021
2010,12,7,1,1546820100319002,6,2,03,wd,8835250101,390,0.66,1,1,201026128703wd,15468201003191111936,BLUEFISH,,1491.4307843,15,39,201026128703wd,,0,05/04/2021
2010,12,7,1,1546820100319002,6,2,03,wd,8835250101,390,0.66,1,1,201026128703wd,15468201003191111936,BLUEFISH,,1491.4307843,15,39,201026128703wd,,0,05/04/2021
2010,12,7,1,1546820100319003,6,2,03,wd,8850030502,460,0.72,1,1,201026128703wd,15468201003191111936,SPANISH MACKEREL,,1491.4307843,18,46,201026128703wd,,0,05/04/2021
2010,12,7,1,1546820100319003,6,2,03,wd,8835250101,380,0.66,1,1,201026128703wd,15468201003191111936,BLUEFISH,,1491.4307843,14,38,201026128703wd,,0,05/04/2021
2010,12,7,1,1546820100319003,6,2,03,wd,8835250101,388,0.66,1,1,201026128703wd,15468201003191111936,BLUEFISH,,1491.4307843,15,38,201026128703wd,,0,05/04/2021
2010,12,7,1,1546820100319003,6,2,03,wd,8835250101,388,0.66,1,1,201026128703wd,15468201003191111936,BLUEFISH,,1491.4307843,15,38,201026128703wd,,0,05/04/2021
2010,12,7,1,1546820100319003,6,2,03,wd,8835250101,388,0.66,1,1,201026128703wd,15468201003191111936,BLUEFISH,,1491.4307843,15,38,201026128703wd,,0,05/04/2021
2010,12,7,1,1546820100319004,6,2,03,wd,,,,0,0,201026128703wd,15468201003191111936,,,1491.4307843,,,201026128703wd,,0,05/04/2021
2010,12,7,5,1546820100319005,6,2,03,wd,,,,0,0,201026128703wd,15468201003191111936,,,1505.0741277,,,201026128703wd,,0,05/04/2021
2010,12,7,5,1546820100319006,6,2,03,wd,,,,0,0,201026128703wd,15468201003191111936,,,1505.0741277,,,201026128703wd,,0,05/04/2021
2010,12,7,1,1546820100319007,6,2,03,wd,8835430507,249,0.4,0,0,201026128703wd,15468201003191111936,SHEEPSHEAD PORGY,,1366.9380672,9,24,201026128703wd,,0,05/04/2021
2010,12,7,1,1546820100319007,6,2,03,wd,8835430402,222,0.32,0,0,201026128703wd,15468201003191111936,SILVER PORGY,,1366.9380672,8,22,201026128703wd,,0,05/04/2021
2010,12,7,1,1546820100319007,6,2,03,wd,8835430301,380,0.88,0,0,201026128703wd,15468201003191111936,SHEEPSHEAD,,4100.8142017,14,38,201026128703wd,,0,05/04/2021
2010,12,7,1,1546820100319007,6,2,03,wd,8835430301,332,0.9,1,1,201026128703wd,15468201003191111936,SHEEPSHEAD,,4100.8142017,13,33,201026128703wd,,0,05/04/2021
2010,12,7,1,1546820100319007,6,2,03,wd,8835430301,380,0.88,1,1,201026128703wd,15468201003191111936,SHEEPSHEAD,,4100.8142017,14,38,201026128703wd,,0,05/04/2021
2010,12,7,1,1546820100319007,6,2,03,wd,8835430301,295,0.66,1,1,201026128703wd,15468201003191111936,SHEEPSHEAD,,4100.8142017,11,29,201026128703wd,,0,05/04/2021
2010,12,7,1,1546820100319007,6,2,03,wd,8835430301,345,1,1,1,201026128703wd,15468201003191111936,SHEEPSHEAD,,4100.8142017,13,34,201026128703wd,,0,05/04/2021
2010,12,7,1,1546820100319007,6,2,03,wd,8835400201,284,0.36,0,0,201026128703wd,15468201003191111936,PIGFISH,,1366.9380672,11,28,201026128703wd,,0,05/04/2021
2010,12,7,1,1546820100319007,6,2,03,wd,8835400102,210.56081984,0.2,1,1,201026128703wd,15468201003191111936,WHITE GRUNT,,1366.9380672,8,21,201026128703wd,,0,05/04/2021
2010,12,7,1,1546820100319007,6,2,03,wd,8835400102,195,0.16,0,0,201026128703wd,15468201003191111936,WHITE GRUNT,,1366.9380672,7,19,201026128703wd,,0,05/04/2021
2010,12,7,1,1546820100319007,6,2,03,wd,8835360102,264,0.28,1,1,201026128703wd,15468201003191111936,GRAY SNAPPER,,1366.9380672,10,26,201026128703wd,,0,05/04/2021
2010,12,7,1,1546820100319007,6,2,03,wd,8835360102,267,0.28,0,0,201026128703wd,15468201003191111936,GRAY SNAPPER,,1366.9380672,10,26,201026128703wd,,0,05/04/2021
2010,12,7,1,1546820100319007,6,2,03,wd,8835400102,257,0.36,1,1,201026128703wd,15468201003191111936,WHITE GRUNT,,1366.9380672,10,25,201026128703wd,,0,05/04/2021
2010,12,7,1,1546820100319007,6,2,03,wd,8835360102,264,0.28,1,1,201026128703wd,15468201003191111936,GRAY SNAPPER,,1366.9380672,10,26,201026128703wd,,0,05/04/2021
2010,12,7,1,1546820100319007,6,2,03,wd,8835360102,388,0.9,1,1,201026128703wd,15468201003191111936,GRAY SNAPPER,,1366.9380672,15,38,201026128703wd,,0,05/04/2021
2010,12,7,1,1546820100319008,6,2,03,wd,8835430301,270,0.46,1,1,201026128703wd,15468201003191111936,SHEEPSHEAD,,1366.9380672,10,27,201026128703wd,,0,05/04/2021
2010,12,7,1,1546820100319008,6,2,03,wd,8835430301,306,0.66,1,1,201026128703wd,15468201003191111936,SHEEPSHEAD,,1366.9380672,12,30,201026128703wd,,0,05/04/2021
2010,12,7,1,1546820100319008,6,2,03,wd,8835430301,281,0.5465036861,1,1,201026128703wd,15468201003191111936,SHEEPSHEAD,,1366.9380672,11,28,201026128703wd,,0,05/04/2021
2010,12,7,1,1546820100319009,6,2,03,wd,8835430301,311,0.9,1,1,201026128703wd,15468201003191111936,SHEEPSHEAD,,1366.9380672,12,31,201026128703wd,,0,05/04/2021
2010,12,7,1,1546820100319009,6,2,03,wd,8835430301,325,0.8,1,1,201026128703wd,15468201003191111936,SHEEPSHEAD,,1366.9380672,12,32,201026128703wd,,0,05/04/2021
2010,12,7,1,1546820100319009,6,2,03,wd,8835430301,326,0.92,1,1,201026128703wd,15468201003191111936,SHEEPSHEAD,,1366.9380672,12,32,201026128703wd,,0,05/04/2021
2010,12,7,5,1546820100319010,6,2,03,wd,8803020000,,,0,0,201026128703wd,15468201003191111936,NEEDLEFISH FAMILY,,1505.0741277,,,201026128703wd,,0,05/04/2021
2010,12,7,5,1546820100319011,6,2,03,wd,8835280306,227.23321391,0.24,1,1,201026128703wd,15468201003191111936,BLUE RUNNER,,1505.0741277,8,22,201026128703wd,,0,05/04/2021
2010,12,7,5,1546820100319012,6,2,03,wd,8835280306,227.23321391,0.24,1,1,201026128703wd,15468201003191111936,BLUE RUNNER,,1505.0741277,8,22,201026128703wd,,0,05/04/2021
2010,12,7,1,1546820100319013,6,2,03,wd,8835440000,,,0,0,201026128703wd,15468201003191111936,DRUM FAMILY,,7457.1539215,,,201026128703wd,,0,05/04/2021
2010,12,7,1,1546820100319013,6,2,03,wd,8835430507,231,0.321195631,0,1,201026128703wd,15468201003191111936,SHEEPSHEAD PORGY,,1491.4307843,9,23,201026128703wd,,0,05/04/2021
2010,12,7,1,1546820100319013,6,2,03,wd,8835430507,203,0.22,1,1,201026128703wd,15468201003191111936,SHEEPSHEAD PORGY,,1491.4307843,7,20,201026128703wd,,0,05/04/2021
2010,12,7,1,1546820100319013,6,2,03,wd,8835430301,311,0.9,1,1,201026128703wd,15468201003191111936,SHEEPSHEAD,,3728.5769608,12,31,201026128703wd,,0,05/04/2021
2010,12,7,1,1546820100319013,6,2,03,wd,8835430301,331,1.02,0,0,201026128703wd,15468201003191111936,SHEEPSHEAD,,3728.5769608,13,33,201026128703wd,,0,05/04/2021
2010,12,7,1,1546820100319013,6,2,03,wd,8835430301,369,1.14,1,1,201026128703wd,15468201003191111936,SHEEPSHEAD,,3728.5769608,14,36,201026128703wd,,0,05/04/2021
2010,12,7,1,1546820100319013,6,2,03,wd,8835430301,278,0.5,1,1,201026128703wd,15468201003191111936,SHEEPSHEAD,,3728.5769608,10,27,201026128703wd,,0,05/04/2021
2010,12,7,1,1546820100319013,6,2,03,wd,8835430301,430,1.88,0,0,201026128703wd,15468201003191111936,SHEEPSHEAD,,3728.5769608,16,43,201026128703wd,,0,05/04/2021
2010,12,7,1,1546820100319013,6,2,03,wd,8835430507,260,0.46,1,1,201026128703wd,15468201003191111936,SHEEPSHEAD PORGY,,1491.4307843,10,26,201026128703wd,,0,05/04/2021
2010,12,7,1,1546820100319013,6,2,03,wd,8835430301,353,0.98,1,1,201026128703wd,15468201003191111936,SHEEPSHEAD,,3728.5769608,13,35,201026128703wd,,0,05/04/2021
2010,12,7,1,1546820100319013,6,2,03,wd,8835400304,270,0.48,0,0,201026128703wd,15468201003191111936,BLACK MARGATE,,1491.4307843,10,27,201026128703wd,,0,05/04/2021
2010,12,7,1,1546820100319013,6,2,03,wd,8835400201,265,0.4,1,1,201026128703wd,15468201003191111936,PIGFISH,,1491.4307843,10,26,201026128703wd,,0,05/04/2021
2010,12,7,1,1546820100319013,6,2,03,wd,8835400201,234,0.24,1,1,201026128703wd,15468201003191111936,PIGFISH,,1491.4307843,9,23,201026128703wd,,0,05/04/2021
2010,12,7,1,1546820100319013,6,2,03,wd,8835400201,253,0.28,0,0,201026128703wd,15468201003191111936,PIGFISH,,1491.4307843,9,25,201026128703wd,,0,05/04/2021
2010,12,7,1,1546820100319013,6,2,03,wd,8835400102,210,0.2,1,1,201026128703wd,15468201003191111936,WHITE GRUNT,,1491.4307843,8,21,201026128703wd,,0,05/04/2021
2010,12,7,1,1546820100319013,6,2,03,wd,8835400102,225,0.28,0,0,201026128703wd,15468201003191111936,WHITE GRUNT,,1491.4307843,8,22,201026128703wd,,0,05/04/2021
2010,12,7,1,1546820100319013,6,2,03,wd,8835400102,263,0.4,1,1,201026128703wd,15468201003191111936,WHITE GRUNT,,1491.4307843,10,26,201026128703wd,,0,05/04/2021
2010,12,7,1,1546820100319013,6,2,03,wd,8835250101,355,0.54,0,0,201026128703wd,15468201003191111936,BLUEFISH,,1491.4307843,13,35,201026128703wd,,0,05/04/2021
2010,12,7,1,1546820100319013,6,2,03,wd,8835250101,380,0.66,1,1,201026128703wd,15468201003191111936,BLUEFISH,,1491.4307843,14,38,201026128703wd,,0,05/04/2021
2010,12,7,1,1546820100319013,6,2,03,wd,8835250101,380,0.66,1,1,201026128703wd,15468201003191111936,BLUEFISH,,1491.4307843,14,38,201026128703wd,,0,05/04/2021
2010,12,7,1,1546820100319014,6,2,03,wd,8835440000,,,0,0,201026128703wd,15468201003191111936,DRUM FAMILY,,4474.2923529,,,201026128703wd,,0,05/04/2021
2010,12,7,1,1546820100319014,6,2,03,wd,8835430301,270,0.48,1,1,201026128703wd,15468201003191111936,SHEEPSHEAD,,1491.4307843,10,27,201026128703wd,,0,05/04/2021
2010,12,7,1,1546820100319014,6,2,03,wd,8835430301,322,0.84,1,1,201026128703wd,15468201003191111936,SHEEPSHEAD,,1491.4307843,12,32,201026128703wd,,0,05/04/2021
2010,12,7,1,1546820100319014,6,2,03,wd,8835430301,252,0.38,1,1,201026128703wd,15468201003191111936,SHEEPSHEAD,,1491.4307843,9,25,201026128703wd,,0,05/04/2021
2010,12,7,1,1546820100319015,6,2,03,wd,8835440000,,,0,0,201026128703wd,15468201003191111936,DRUM FAMILY,,5965.7231372,,,201026128703wd,,0,05/04/2021
2010,12,7,1,1546820100319015,6,2,03,wd,8835430301,318,0.78,1,1,201026128703wd,15468201003191111936,SHEEPSHEAD,,1491.4307843,12,31,201026128703wd,,0,05/04/2021
2010,12,7,1,1546820100319015,6,2,03,wd,8835430301,381,1.12,1,1,201026128703wd,15468201003191111936,SHEEPSHEAD,,1491.4307843,14,38,201026128703wd,,0,05/04/2021
2010,12,7,1,1546820100319015,6,2,03,wd,8835430301,261,0.46,1,1,201026128703wd,15468201003191111936,SHEEPSHEAD,,1491.4307843,10,26,201026128703wd,,0,05/04/2021
2010,12,7,1,1546820100319015,6,2,03,wd,8835430301,362,1.14,1,1,201026128703wd,15468201003191111936,SHEEPSHEAD,,1491.4307843,14,36,201026128703wd,,0,05/04/2021
2010,12,7,1,1546820100319018,6,2,03,wd,8835250101,333,0.54,0,0,201026128703wd,15468201003191111936,BLUEFISH,,1366.9380672,13,33,201026128703wd,,0,05/04/2021
2010,12,7,1,1546820100319018,6,2,03,wd,8835250101,335,0.48,0,0,201026128703wd,15468201003191111936,BLUEFISH,,1366.9380672,13,33,201026128703wd,,0,05/04/2021
2010,12,7,1,1546820100319018,6,2,03,wd,8835250101,340,0.46,0,0,201026128703wd,15468201003191111936,BLUEFISH,,1366.9380672,13,34,201026128703wd,,0,05/04/2021
2010,12,7,1,1546820100319018,6,2,03,wd,8835250101,341,0.86,0,0,201026128703wd,15468201003191111936,BLUEFISH,,1366.9380672,13,34,201026128703wd,,0,05/04/2021
2010,12,7,1,1546820100319018,6,2,03,wd,8835250101,356,0.54,0,0,201026128703wd,15468201003191111936,BLUEFISH,,1366.9380672,14,35,201026128703wd,,0,05/04/2021
2010,12,7,1,1546820100319018,6,2,03,wd,8835250101,388,0.66,0,0,201026128703wd,15468201003191111936,BLUEFISH,,1366.9380672,15,38,201026128703wd,,0,05/04/2021
2010,12,7,1,1546820100319018,6,2,03,wd,8835250101,380,0.66,0,0,201026128703wd,15468201003191111936,BLUEFISH,,1366.9380672,14,38,201026128703wd,,0,05/04/2021
2010,12,7,1,1546820100319018,6,2,03,wd,8835250101,390,0.66,0,0,201026128703wd,15468201003191111936,BLUEFISH,,1366.9380672,15,39,201026128703wd,,0,05/04/2021
2010,12,7,5,1546820100319021,6,2,03,wd,,,,0,0,201026128703wd,15468201003191111936,,,1505.0741277,,,201026128703wd,,0,05/04/2021
2010,12,7,1,1546820100319022,6,2,03,wd,8835400201,250,0.26,0,0,201026128703wd,15468201003191111936,PIGFISH,,1491.4307843,9,25,201026128703wd,,0,05/04/2021
2010,12,7,1,1546820100319022,6,2,03,wd,8835250101,340,0.52,0,0,201026128703wd,15468201003191111936,BLUEFISH,,5667.4369804,13,34,201026128703wd,,0,05/04/2021
2010,12,7,1,1546820100319022,6,2,03,wd,8835250101,333,0.54,1,1,201026128703wd,15468201003191111936,BLUEFISH,,5667.4369804,13,33,201026128703wd,,0,05/04/2021
2010,12,7,1,1546820100319022,6,2,03,wd,8835250101,356,0.54,1,1,201026128703wd,15468201003191111936,BLUEFISH,,5667.4369804,14,35,201026128703wd,,0,05/04/2021
2010,12,7,1,1546820100319022,6,2,03,wd,8835250101,356,0.54,1,1,201026128703wd,15468201003191111936,BLUEFISH,,5667.4369804,14,35,201026128703wd,,0,05/04/2021
2010,12,7,1,1546820100319022,6,2,03,wd,8835250101,356,0.54,1,1,201026128703wd,15468201003191111936,BLUEFISH,,5667.4369804,14,35,201026128703wd,,0,05/04/2021
2010,12,7,1,1546820100319023,6,2,03,wd,8835250101,333,0.54,1,1,201026128703wd,15468201003191111936,BLUEFISH,,1491.4307843,13,33,201026128703wd,,0,05/04/2021
2010,12,7,1,1546820100319023,6,2,03,wd,8835250101,333,0.54,1,1,201026128703wd,15468201003191111936,BLUEFISH,,1491.4307843,13,33,201026128703wd,,0,05/04/2021
2010,12,7,2,1546820100319024,6,2,03,wd,,,,0,0,201026128703wd,15468201003191111936,,,1815.483072,,,201026128703wd,,0,05/04/2021
2010,12,7,2,1546820100319025,6,2,03,wd,,,,0,0,201026128703wd,15468201003191111936,,,1815.483072,,,201026128703wd,,0,05/04/2021
2010,12,7,5,1546820100319026,6,2,03,wd,8835440102,515,1.22,0,0,201026128703wd,15468201003191111936,SPOTTED SEATROUT,,1505.0741277,20,51,201026128703wd,,0,05/04/2021
2010,12,7,5,1546820100319026,6,2,03,wd,8835440102,475,0.94,0,0,201026128703wd,15468201003191111936,SPOTTED SEATROUT,,1505.0741277,18,47,201026128703wd,,0,05/04/2021
2010,12,7,5,1546820100319027,6,2,03,wd,,,,0,0,201026128703wd,15468201003191111936,,,1505.0741277,,,201026128703wd,,0,05/04/2021
2010,12,7,5,1546820100319029,6,2,03,wd,8835430301,322,0.84,0,0,201026128703wd,15468201003191111936,SHEEPSHEAD,,1505.0741277,12,32,201026128703wd,,0,05/04/2021
2010,12,7,1,1546820100320001,6,2,03,we,8850030502,408,0.48,0,0,201026128703we,15468201003201111936,SPANISH MACKEREL,,1262.1404245,16,40,201026128703we,,0,05/04/2021
2010,12,7,1,1546820100320001,6,2,03,we,8850030502,471,0.82,1,1,201026128703we,15468201003201111936,SPANISH MACKEREL,,1262.1404245,18,47,201026128703we,,0,05/04/2021
2010,12,7,1,1546820100320001,6,2,03,we,8850030502,471,0.82,1,1,201026128703we,15468201003201111936,SPANISH MACKEREL,,1262.1404245,18,47,201026128703we,,0,05/04/2021
2010,12,7,1,1546820100320001,6,2,03,we,8835250101,340,0.46,1,1,201026128703we,15468201003201111936,BLUEFISH,,3155.1891465,13,34,201026128703we,,0,05/04/2021
2010,12,7,1,1546820100320001,6,2,03,we,8835250101,410,0.92,0,0,201026128703we,15468201003201111936,BLUEFISH,,3155.1891465,16,41,201026128703we,,0,05/04/2021
2010,12,7,1,1546820100320001,6,2,03,we,8835250101,335,0.48,1,1,201026128703we,15468201003201111936,BLUEFISH,,3155.1891465,13,33,201026128703we,,0,05/04/2021
2010,12,7,1,1546820100320001,6,2,03,we,8835250101,335,0.48,1,1,201026128703we,15468201003201111936,BLUEFISH,,3155.1891465,13,33,201026128703we,,0,05/04/2021
2010,12,7,1,1546820100320001,6,2,03,we,8835250101,340,0.46,1,1,201026128703we,15468201003201111936,BLUEFISH,,3155.1891465,13,34,201026128703we,,0,05/04/2021
2010,12,7,1,1546820100320001,6,2,03,we,8835250101,371,0.56,0,0,201026128703we,15468201003201111936,BLUEFISH,,3155.1891465,14,37,201026128703we,,0,05/04/2021
2010,12,7,1,1546820100320001,6,2,03,we,8835250101,390,0.72,0,0,201026128703we,15468201003201111936,BLUEFISH,,3155.1891465,15,39,201026128703we,,0,05/04/2021
2010,12,7,5,1546820100320002,6,2,03,we,,,,0,0,201026128703we,15468201003201111936,,,771.86174748,,,201026128703we,,0,05/04/2021
2010,12,7,5,1546820100320003,6,2,03,we,,,,0,0,201026128703we,15468201003201111936,,,771.86174748,,,201026128703we,,0,05/04/2021
2010,12,7,5,1546820100320004,6,2,03,we,8835430301,270,0.48,0,0,201026128703we,15468201003201111936,SHEEPSHEAD,,771.86174748,10,27,201026128703we,,0,05/04/2021
2010,12,7,5,1546820100320004,6,2,03,we,8835430301,252,0.38,0,0,201026128703we,15468201003201111936,SHEEPSHEAD,,771.86174748,9,25,201026128703we,,0,05/04/2021
2010,12,7,5,1546820100320004,6,2,03,we,8835430301,244,0.32,0,0,201026128703we,15468201003201111936,SHEEPSHEAD,,771.86174748,9,24,201026128703we,,0,05/04/2021
2010,12,7,5,1546820100320004,6,2,03,we,8835430301,255,0.42,0,0,201026128703we,15468201003201111936,SHEEPSHEAD,,771.86174748,10,25,201026128703we,,0,05/04/2021
2010,12,7,5,1546820100320004,6,2,03,we,8835430301,220,0.26,0,0,201026128703we,15468201003201111936,SHEEPSHEAD,,771.86174748,8,22,201026128703we,,0,05/04/2021
2010,12,7,5,1546820100320004,6,2,03,we,8835360102,227,0.18,0,0,201026128703we,15468201003201111936,GRAY SNAPPER,,771.86174748,8,22,201026128703we,,0,05/04/2021
2010,12,7,5,1546820100320004,6,2,03,we,8835360102,237,0.2,0,0,201026128703we,15468201003201111936,GRAY SNAPPER,,771.86174748,9,23,201026128703we,,0,05/04/2021
2010,12,7,5,1546820100320005,6,2,03,we,,,,0,0,201026128703we,15468201003201111936,,,771.86174748,,,201026128703we,,0,05/04/2021
2010,12,7,5,1546820100320006,6,2,03,we,,,,0,0,201026128703we,15468201003201111936,,,771.86174748,,,201026128703we,,0,05/04/2021
2010,12,7,5,1546820100320010,6,2,03,we,,,,0,0,201026128703we,15468201003201111936,,,771.86174748,,,201026128703we,,0,05/04/2021
2010,12,7,5,1546820100320011,6,2,03,we,8835280901,368,1.28,0,0,201026128703we,15468201003201111936,FLORIDA POMPANO,,771.86174748,14,36,201026128703we,,0,05/04/2021
2010,12,7,5,1546820100320011,6,2,03,we,8835280901,383,1.1,0,0,201026128703we,15468201003201111936,FLORIDA POMPANO,,771.86174748,15,38,201026128703we,,0,05/04/2021
2010,12,7,5,1546820100320012,6,2,03,we,8835430301,261,0.46,0,0,201026128703we,15468201003201111936,SHEEPSHEAD,,771.86174748,10,26,201026128703we,,0,05/04/2021
2010,12,7,5,1546820100320012,6,2,03,we,8835430301,364,1.24,0,0,201026128703we,15468201003201111936,SHEEPSHEAD,,771.86174748,14,36,201026128703we,,0,05/04/2021
2010,12,7,5,1546820100320012,6,2,03,we,8835430301,262,0.46,0,0,201026128703we,15468201003201111936,SHEEPSHEAD,,771.86174748,10,26,201026128703we,,0,05/04/2021
2010,12,7,5,1546820100320013,6,2,03,we,,,,0,0,201026128703we,15468201003201111936,,,771.86174748,,,201026128703we,,0,05/04/2021
2010,12,7,5,1546820100320014,6,2,03,we,,,,0,0,201026128703we,15468201003201111936,,,771.86174748,,,201026128703we,,0,05/04/2021
2010,12,7,2,1546820100320015,6,2,03,we,8835280306,284.07363275,0.46,1,1,201026128703we,15468201003201111936,BLUE RUNNER,,1015.8465191,11,28,201026128703we,,0,05/04/2021
2010,12,7,2,1546820100320016,6,2,03,we,8835280306,284.07363275,0.46,1,1,201026128703we,15468201003201111936,BLUE RUNNER,,1015.8465191,11,28,201026128703we,,0,05/04/2021
2010,12,7,2,1546820100320017,6,2,03,we,8835280306,284.07363275,0.46,1,1,201026128703we,15468201003201111936,BLUE RUNNER,,1015.8465191,11,28,201026128703we,,0,05/04/2021
2010,12,7,2,1546820100320018,6,2,03,we,8835280306,284.07363275,0.46,1,1,201026128703we,15468201003201111936,BLUE RUNNER,,1015.8465191,11,28,201026128703we,,0,05/04/2021
2010,12,7,5,1546820100320020,6,2,03,we,,,,0,0,201026128703we,15468201003201111936,,,771.86174748,,,201026128703we,,0,05/04/2021
2010,12,7,5,1546820100320021,6,2,03,we,,,,0,0,201026128703we,15468201003201111936,,,771.86174748,,,201026128703we,,0,05/04/2021
2010,12,7,1,1546820100320022,6,2,03,we,8850030502,320,0.32,0,0,201026128703we,15468201003201111936,SPANISH MACKEREL,,764.86489949,12,32,201026128703we,,0,05/04/2021
2010,12,7,1,1546820100320022,6,2,03,we,8850030502,471,0.82,1,1,201026128703we,15468201003201111936,SPANISH MACKEREL,,764.86489949,18,47,201026128703we,,0,05/04/2021
2010,12,7,1,1546820100320022,6,2,03,we,8835430301,352,1.18,0,0,201026128703we,15468201003201111936,SHEEPSHEAD,,764.86489949,13,35,201026128703we,,0,05/04/2021
2010,12,7,1,1546820100320022,6,2,03,we,8835430201,171,0.1,0,0,201026128703we,15468201003201111936,PINFISH,,764.86489949,6,17,201026128703we,,0,05/04/2021
2010,12,7,1,1546820100320022,6,2,03,we,8835400201,284,0.36,1,1,201026128703we,15468201003201111936,PIGFISH,,1070.8108593,11,28,201026128703we,,0,05/04/2021
2010,12,7,1,1546820100320022,6,2,03,we,8835400201,234,0.24,1,1,201026128703we,15468201003201111936,PIGFISH,,1070.8108593,9,23,201026128703we,,0,05/04/2021
2010,12,7,1,1546820100320022,6,2,03,we,8835400201,206,0.14,1,1,201026128703we,15468201003201111936,PIGFISH,,1070.8108593,8,20,201026128703we,,0,05/04/2021
2010,12,7,1,1546820100320022,6,2,03,we,8835400201,222,0.18,0,0,201026128703we,15468201003201111936,PIGFISH,,1070.8108593,8,22,201026128703we,,0,05/04/2021
2010,12,7,1,1546820100320022,6,2,03,we,8835250101,335,0.42,0,0,201026128703we,15468201003201111936,BLUEFISH,,1376.7568191,13,33,201026128703we,,0,05/04/2021
2010,12,7,1,1546820100320022,6,2,03,we,8835250101,340,0.52,1,1,201026128703we,15468201003201111936,BLUEFISH,,1376.7568191,13,34,201026128703we,,0,05/04/2021
2010,12,7,1,1546820100320022,6,2,03,we,8835400201,206,0.14,1,1,201026128703we,15468201003201111936,PIGFISH,,1070.8108593,8,20,201026128703we,,0,05/04/2021
2010,12,7,1,1546820100320022,6,2,03,we,8835250101,340,0.52,1,1,201026128703we,15468201003201111936,BLUEFISH,,1376.7568191,13,34,201026128703we,,0,05/04/2021
2010,12,7,1,1546820100320022,6,2,03,we,8835250101,340,0.46,1,1,201026128703we,15468201003201111936,BLUEFISH,,1376.7568191,13,34,201026128703we,,0,05/04/2021
2010,12,7,1,1546820100320022,6,2,03,we,8835250101,340,0.52,1,1,201026128703we,15468201003201111936,BLUEFISH,,1376.7568191,13,34,201026128703we,,0,05/04/2021
2010,12,7,1,1546820100320022,6,2,03,we,8835020301,259,0.24,0,0,201026128703we,15468201003201111936,BLACK SEA BASS,,764.86489949,10,25,201026128703we,,0,05/04/2021
2010,12,7,1,1546820100320023,6,2,03,we,8850030502,431,0.6,1,1,201026128703we,15468201003201111936,SPANISH MACKEREL,,764.86489949,16,43,201026128703we,,0,05/04/2021
2010,12,7,1,1546820100320023,6,2,03,we,8835400201,253,0.28,1,1,201026128703we,15468201003201111936,PIGFISH,,764.86489949,9,25,201026128703we,,0,05/04/2021
2010,12,7,1,1546820100320023,6,2,03,we,8850030502,431,0.6,1,1,201026128703we,15468201003201111936,SPANISH MACKEREL,,764.86489949,16,43,201026128703we,,0,05/04/2021
2010,12,7,1,1546820100320023,6,2,03,we,8835400201,284,0.36,1,1,201026128703we,15468201003201111936,PIGFISH,,764.86489949,11,28,201026128703we,,0,05/04/2021
2010,12,7,1,1546820100320023,6,2,03,we,8835400201,250,0.26,1,1,201026128703we,15468201003201111936,PIGFISH,,764.86489949,9,25,201026128703we,,0,05/04/2021
2010,12,7,1,1546820100320023,6,2,03,we,8835400201,250,0.26,1,1,201026128703we,15468201003201111936,PIGFISH,,764.86489949,9,25,201026128703we,,0,05/04/2021
2010,12,7,1,1546820100320023,6,2,03,we,8835400201,253,0.28,1,1,201026128703we,15468201003201111936,PIGFISH,,764.86489949,9,25,201026128703we,,0,05/04/2021
2010,12,7,1,1546820100320023,6,2,03,we,8835250101,390,0.72,1,1,201026128703we,15468201003201111936,BLUEFISH,,1223.7838392,15,39,201026128703we,,0,05/04/2021
2010,12,7,1,1546820100320023,6,2,03,we,8835250101,390,0.72,1,1,201026128703we,15468201003201111936,BLUEFISH,,1223.7838392,15,39,201026128703we,,0,05/04/2021
2010,12,7,1,1546820100320023,6,2,03,we,8835250101,410,0.92,1,1,201026128703we,15468201003201111936,BLUEFISH,,1223.7838392,16,41,201026128703we,,0,05/04/2021
2010,12,7,1,1546820100320023,6,2,03,we,8835250101,410,0.92,1,1,201026128703we,15468201003201111936,BLUEFISH,,1223.7838392,16,41,201026128703we,,0,05/04/2021
2010,12,7,1,1546820100320023,6,2,03,we,8835250101,410,0.92,1,1,201026128703we,15468201003201111936,BLUEFISH,,1223.7838392,16,41,201026128703we,,0,05/04/2021
2010,12,7,5,1546820100320025,6,2,03,we,,,,0,0,201026128703we,15468201003201111936,,,771.86174748,,,201026128703we,,0,05/04/2021
2010,12,7,5,1546820100320030,6,2,03,we,,,,0,0,201026128703we,15468201003201111936,,,771.86174748,,,201026128703we,,0,05/04/2021
2010,12,7,5,1546820100320031,6,2,03,we,,,,0,0,201026128703we,15468201003201111936,,,771.86174748,,,201026128703we,,0,05/04/2021
2010,12,7,5,1546820100320032,6,2,03,we,,,,0,0,201026128703we,15468201003201111936,,,771.86174748,,,201026128703we,,0,05/04/2021
2010,12,7,5,1546820100323001,6,2,03,wd,,,,0,0,201026128703wd,154682010032311165,,,1090.0918284,,,201026128703wd,,0,05/04/2021
2010,12,7,5,1546820100323002,6,2,03,wd,,,,0,0,201026128703wd,154682010032311165,,,1090.0918284,,,201026128703wd,,0,05/04/2021
2010,12,7,5,1546820100323003,6,2,03,wd,8835440102,480,0.94,0,0,201026128703wd,154682010032311165,SPOTTED SEATROUT,,1189.3710107,18,48,201026128703wd,,0,05/04/2021
2010,12,7,5,1546820100323004,6,2,03,wd,,,,0,0,201026128703wd,154682010032311165,,,1189.3710107,,,201026128703wd,,0,05/04/2021
2010,12,7,5,1546820100323005,6,2,03,wd,,,,0,0,201026128703wd,154682010032311165,,,1090.0918284,,,201026128703wd,,0,05/04/2021
2010,12,7,5,1546820100323006,6,2,03,wd,,,,0,0,201026128703wd,154682010032311165,,,1189.3710107,,,201026128703wd,,0,05/04/2021
2010,12,7,1,1546820100323007,6,2,03,wd,8835430507,203,0.22,1,1,201026128703wd,154682010032311165,SHEEPSHEAD PORGY,,1512.2943601,7,20,201026128703wd,,0,05/04/2021
2010,12,7,1,1546820100323007,6,2,03,wd,8835430507,260,0.46,1,1,201026128703wd,154682010032311165,SHEEPSHEAD PORGY,,1512.2943601,10,26,201026128703wd,,0,05/04/2021
2010,12,7,1,1546820100323007,6,2,03,wd,8835430507,231,0.321195631,1,1,201026128703wd,154682010032311165,SHEEPSHEAD PORGY,,1512.2943601,9,23,201026128703wd,,0,05/04/2021
2010,12,7,1,1546820100323007,6,2,03,wd,8835430507,259,0.46,0,0,201026128703wd,154682010032311165,SHEEPSHEAD PORGY,,1512.2943601,10,25,201026128703wd,,0,05/04/2021
2010,12,7,1,1546820100323007,6,2,03,wd,8835430507,290,0.5916442965,1,1,201026128703wd,154682010032311165,SHEEPSHEAD PORGY,,1512.2943601,11,29,201026128703wd,,0,05/04/2021
2010,12,7,1,1546820100323007,6,2,03,wd,8835430301,371,1.18,0,0,201026128703wd,154682010032311165,SHEEPSHEAD,,1080.2102572,14,37,201026128703wd,,0,05/04/2021
2010,12,7,1,1546820100323007,6,2,03,wd,8835430301,284,0.52,1,1,201026128703wd,154682010032311165,SHEEPSHEAD,,1080.2102572,11,28,201026128703wd,,0,05/04/2021
2010,12,7,1,1546820100323007,6,2,03,wd,8835400201,297,0.44,1,1,201026128703wd,154682010032311165,PIGFISH,,1512.2943601,11,29,201026128703wd,,0,05/04/2021
2010,12,7,1,1546820100323007,6,2,03,wd,8835400201,297,0.44,0,0,201026128703wd,154682010032311165,PIGFISH,,1512.2943601,11,29,201026128703wd,,0,05/04/2021
2010,12,7,1,1546820100323007,6,2,03,wd,8835400201,297,0.44,1,1,201026128703wd,154682010032311165,PIGFISH,,1512.2943601,11,29,201026128703wd,,0,05/04/2021
2010,12,7,1,1546820100323007,6,2,03,wd,8835400201,222,0.18,1,1,201026128703wd,154682010032311165,PIGFISH,,1512.2943601,8,22,201026128703wd,,0,05/04/2021
2010,12,7,1,1546820100323007,6,2,03,wd,8835400201,222,0.18,1,1,201026128703wd,154682010032311165,PIGFISH,,1512.2943601,8,22,201026128703wd,,0,05/04/2021
2010,12,7,1,1546820100323007,6,2,03,wd,8835360112,243,0.26,0,0,201026128703wd,154682010032311165,LANE SNAPPER,,1080.2102572,9,24,201026128703wd,,0,05/04/2021
2010,12,7,1,1546820100323008,6,2,03,wd,8835430507,231,0.321195631,1,1,201026128703wd,154682010032311165,SHEEPSHEAD PORGY,,1080.2102572,9,23,201026128703wd,,0,05/04/2021
2010,12,7,1,1546820100323009,6,2,03,wd,8835430507,257,0.42,1,1,201026128703wd,154682010032311165,SHEEPSHEAD PORGY,,1080.2102572,10,25,201026128703wd,,0,05/04/2021
2010,12,7,1,1546820100323009,6,2,03,wd,8835430507,259,0.46,1,1,201026128703wd,154682010032311165,SHEEPSHEAD PORGY,,1080.2102572,10,25,201026128703wd,,0,05/04/2021
2010,12,7,1,1546820100323011,6,2,03,wd,,,,0,0,201026128703wd,154682010032311165,,,1080.2102572,,,201026128703wd,,0,05/04/2021
2010,12,7,5,1546820100323012,6,2,03,wd,8835430301,283,0.54,0,0,201026128703wd,154682010032311165,SHEEPSHEAD,,1189.3710107,11,28,201026128703wd,,0,05/04/2021
2010,12,7,5,1546820100323012,6,2,03,wd,8835430301,281,0.5,0,0,201026128703wd,154682010032311165,SHEEPSHEAD,,1189.3710107,11,28,201026128703wd,,0,05/04/2021
2010,12,7,5,1546820100323012,6,2,03,wd,8835430301,295,0.64,0,0,201026128703wd,154682010032311165,SHEEPSHEAD,,1189.3710107,11,29,201026128703wd,,0,05/04/2021
2010,12,7,5,1546820100323012,6,2,03,wd,8835250101,352,0.58,0,0,201026128703wd,154682010032311165,BLUEFISH,,1189.3710107,13,35,201026128703wd,,0,05/04/2021
2010,12,7,5,1546820100323014,6,2,03,wd,8850030502,321,0.2735620795,0,1,201026128703wd,154682010032311165,SPANISH MACKEREL,,1090.0918284,12,32,201026128703wd,,0,05/04/2021
2010,12,7,5,1546820100323014,6,2,03,wd,8835440901,440,0.82,0,0,201026128703wd,154682010032311165,RED DRUM,,1090.0918284,17,44,201026128703wd,,0,05/04/2021
2010,12,7,5,1546820100323014,6,2,03,wd,8835440102,429,0.64,1,1,201026128703wd,154682010032311165,SPOTTED SEATROUT,,1271.7737998,16,42,201026128703wd,,0,05/04/2021
2010,12,7,5,1546820100323014,6,2,03,wd,8835440102,419,0.58,0,0,201026128703wd,154682010032311165,SPOTTED SEATROUT,,1271.7737998,16,41,201026128703wd,,0,05/04/2021
2010,12,7,5,1546820100323014,6,2,03,wd,8835440102,467,0.88,0,0,201026128703wd,154682010032311165,SPOTTED SEATROUT,,1271.7737998,18,46,201026128703wd,,0,05/04/2021
2010,12,7,5,1546820100323014,6,2,03,wd,8835440102,384,0.62,1,1,201026128703wd,154682010032311165,SPOTTED SEATROUT,,1271.7737998,15,38,201026128703wd,,0,05/04/2021
2010,12,7,5,1546820100323014,6,2,03,wd,8835440102,506,1.3,1,1,201026128703wd,154682010032311165,SPOTTED SEATROUT,,1271.7737998,19,50,201026128703wd,,0,05/04/2021
2010,12,7,5,1546820100323014,6,2,03,wd,8835440102,654,2.68,1,1,201026128703wd,154682010032311165,SPOTTED SEATROUT,,1271.7737998,25,65,201026128703wd,,0,05/04/2021
2010,12,7,5,1546820100323014,6,2,03,wd,8835250101,409,0.86,0,0,201026128703wd,154682010032311165,BLUEFISH,,1090.0918284,16,40,201026128703wd,,0,05/04/2021
2010,12,7,5,1546820100323015,6,2,03,wd,,,,0,0,201026128703wd,154682010032311165,,,1189.3710107,,,201026128703wd,,0,05/04/2021
2010,12,7,1,1546820100327001,6,2,03,we,,,,0,0,201026128703we,15468201003279999,,,532.61735619,,,201026128703we,,0,05/04/2021
2010,12,7,1,1546820100327002,6,2,03,we,,,,0,0,201026128703we,15468201003279999,,,532.61735619,,,201026128703we,,0,05/04/2021
2010,12,7,1,1546820100327003,6,2,03,we,,,,0,0,201026128703we,15468201003279999,,,532.61735619,,,201026128703we,,0,05/04/2021
2010,12,7,1,1546820100327006,6,2,03,we,,,,0,0,201026128703we,15468201003279999,,,532.61735619,,,201026128703we,,0,05/04/2021
2010,12,7,1,1546820100327007,6,2,03,we,8850030501,1030,9.84,0,0,201026128703we,15468201003279999,KING MACKEREL,,488.15871786,40,103,201026128703we,,0,05/04/2021
2010,12,7,1,1546820100327008,6,2,03,we,8850030501,1120,13.22,0,0,201026128703we,15468201003279999,KING MACKEREL,,488.15871786,44,112,201026128703we,,0,05/04/2021
2010,12,7,1,1546820100327008,6,2,03,we,8850030102,430,1.06,0,0,201026128703we,15468201003279999,LITTLE TUNNY,,488.15871786,16,43,201026128703we,,0,05/04/2021
2010,12,7,1,1546820100327008,6,2,03,we,8850030102,559,3.4,0,0,201026128703we,15468201003279999,LITTLE TUNNY,,488.15871786,22,55,201026128703we,,0,05/04/2021
2010,12,7,2,1546820100327010,6,2,03,we,8850030501,1005,7.6,0,0,201026128703we,15468201003279999,KING MACKEREL,,707.38961569,39,100,201026128703we,,0,05/04/2021
2010,12,7,1,1546820100327012,6,2,03,we,8850030501,720,2.28,0,0,201026128703we,15468201003279999,KING MACKEREL,,488.15871786,28,72,201026128703we,,0,05/04/2021
2010,12,7,1,1546820100327013,6,2,03,we,8850030102,710,5.7103984782,0,1,201026128703we,15468201003279999,LITTLE TUNNY,,488.15871786,27,71,201026128703we,,0,05/04/2021
2010,12,7,1,1546820100327016,6,2,03,we,,,,0,0,201026128703we,15468201003279999,,,532.61735619,,,201026128703we,,0,05/04/2021
2010,12,7,1,1546820100327017,6,2,03,we,8810080101,290,0.44,0,0,201026128703we,15468201003279999,SQUIRRELFISH,,532.61735619,11,29,201026128703we,,0,05/04/2021
2010,12,7,1,1546820100327018,6,2,03,we,8850030501,1007,8.2232265296,0,0,201026128703we,15468201003279999,KING MACKEREL,,532.61735619,39,100,201026128703we,,0,05/04/2021
2010,12,7,1,1546820100327020,6,2,03,we,,,,0,0,201026128703we,15468201003279999,,,532.61735619,,,201026128703we,,0,05/04/2021
2010,12,7,1,1546820100327021,6,2,03,we,,,,0,0,201026128703we,15468201003279999,,,488.15871786,,,201026128703we,,0,05/04/2021
2010,12,7,1,1546820100327022,6,2,03,we,,,,0,0,201026128703we,15468201003279999,,,488.15871786,,,201026128703we,,0,05/04/2021
2010,12,7,1,1546820100327023,6,2,03,we,,,,0,0,201026128703we,15468201003279999,,,532.61735619,,,201026128703we,,0,05/04/2021
2010,12,7,1,1546820100327024,6,2,03,we,,,,0,0,201026128703we,15468201003279999,,,488.15871786,,,201026128703we,,0,05/04/2021
2010,12,7,1,1546820100327025,6,2,03,we,,,,0,0,201026128703we,15468201003279999,,,532.61735619,,,201026128703we,,0,05/04/2021
2010,12,7,1,1546820100327026,6,2,03,we,8850030102,561,3.08,1,1,201026128703we,15468201003279999,LITTLE TUNNY,,532.61735619,22,56,201026128703we,,0,05/04/2021
2010,12,7,1,1546820100327027,6,2,03,we,,,,0,0,201026128703we,15468201003279999,,,532.61735619,,,201026128703we,,0,05/04/2021
2010,12,7,1,1546820100327028,6,2,03,we,,,,0,0,201026128703we,15468201003279999,,,532.61735619,,,201026128703we,,0,05/04/2021
2010,12,7,1,1546820100327029,6,2,03,we,,,,0,0,201026128703we,15468201003279999,,,532.61735619,,,201026128703we,,0,05/04/2021
2010,12,7,2,1546820100327030,6,2,03,we,8835220201,715,4.5,0,0,201026128703we,15468201003279999,TILEFISH,,707.38961569,28,71,201026128703we,,0,05/04/2021
2010,12,7,2,1546820100327030,6,2,03,we,8835020405,555,2.5106763494,0,1,201026128703we,15468201003279999,YELLOWEDGE GROUPER,,707.38961569,21,55,201026128703we,,0,05/04/2021
2010,12,7,2,1546820100327031,6,2,03,we,8835281301,545,1.78,0,0,201026128703we,15468201003279999,RAINBOW RUNNER,,707.38961569,21,54,201026128703we,,0,05/04/2021
2010,12,7,2,1546820100327032,6,2,03,we,,,,0,0,201026128703we,15468201003279999,,,707.38961569,,,201026128703we,,0,05/04/2021
2010,12,7,2,1546820100331001,6,2,03,wd,8850030501,747,2.72,0,0,201026128703wd,154682010033199286,KING MACKEREL,,801.28137183,29,74,201026128703wd,,0,05/04/2021
2010,12,7,2,1546820100331001,6,2,03,wd,8850030501,815,3.52,0,0,201026128703wd,154682010033199286,KING MACKEREL,,801.28137183,32,81,201026128703wd,,0,05/04/2021
2010,12,7,1,1546820100331002,6,2,03,wd,8850030502,431,0.6,1,1,201026128703wd,154682010033199286,SPANISH MACKEREL,,603.31160702,16,43,201026128703wd,,0,05/04/2021
2010,12,7,1,1546820100331002,6,2,03,wd,8837010104,537,0.92,1,1,201026128703wd,154682010033199286,GREAT BARRACUDA,,603.31160702,21,53,201026128703wd,,0,05/04/2021
2010,12,7,1,1546820100331002,6,2,03,wd,8835250101,335,0.42,1,1,201026128703wd,154682010033199286,BLUEFISH,,965.29857124,13,33,201026128703wd,,0,05/04/2021
2010,12,7,1,1546820100331002,6,2,03,wd,8835250101,371,0.56,1,1,201026128703wd,154682010033199286,BLUEFISH,,965.29857124,14,37,201026128703wd,,0,05/04/2021
2010,12,7,1,1546820100331002,6,2,03,wd,8835250101,371,0.56,1,1,201026128703wd,154682010033199286,BLUEFISH,,965.29857124,14,37,201026128703wd,,0,05/04/2021
2010,12,7,1,1546820100331002,6,2,03,wd,8835250101,371,0.56,1,1,201026128703wd,154682010033199286,BLUEFISH,,965.29857124,14,37,201026128703wd,,0,05/04/2021
2010,12,7,1,1546820100331002,6,2,03,wd,8835250101,730,4.64,0,0,201026128703wd,154682010033199286,BLUEFISH,,965.29857124,28,73,201026128703wd,,0,05/04/2021
2010,12,7,1,1546820100331003,6,2,03,wd,8850030502,537,1.2,1,1,201026128703wd,154682010033199286,SPANISH MACKEREL,,603.31160702,21,53,201026128703wd,,0,05/04/2021
2010,12,7,1,1546820100331003,6,2,03,wd,8850030502,431,0.6,1,1,201026128703wd,154682010033199286,SPANISH MACKEREL,,603.31160702,16,43,201026128703wd,,0,05/04/2021
2010,12,7,1,1546820100331003,6,2,03,wd,8837010104,906,5.02,1,1,201026128703wd,154682010033199286,GREAT BARRACUDA,,603.31160702,35,90,201026128703wd,,0,05/04/2021
2010,12,7,1,1546820100331003,6,2,03,wd,8835250101,335,0.42,1,1,201026128703wd,154682010033199286,BLUEFISH,,844.63624983,13,33,201026128703wd,,0,05/04/2021
2010,12,7,1,1546820100331003,6,2,03,wd,8835250101,335,0.42,1,1,201026128703wd,154682010033199286,BLUEFISH,,844.63624983,13,33,201026128703wd,,0,05/04/2021
2010,12,7,1,1546820100331003,6,2,03,wd,8835250101,730,4.64,1,1,201026128703wd,154682010033199286,BLUEFISH,,844.63624983,28,73,201026128703wd,,0,05/04/2021
2010,12,7,1,1546820100331003,6,2,03,wd,8835250101,730,4.64,1,1,201026128703wd,154682010033199286,BLUEFISH,,844.63624983,28,73,201026128703wd,,0,05/04/2021
2010,12,7,1,1546820100331003,6,2,03,wd,8835250101,730,4.64,1,1,201026128703wd,154682010033199286,BLUEFISH,,844.63624983,28,73,201026128703wd,,0,05/04/2021
2010,12,7,1,1546820100331004,6,2,03,wd,8850030501,701,2.36,0,0,201026128703wd,154682010033199286,KING MACKEREL,,603.31160702,27,70,201026128703wd,,0,05/04/2021
2010,12,7,1,1546820100331004,6,2,03,wd,8850030501,629,1.68,0,0,201026128703wd,154682010033199286,KING MACKEREL,,603.31160702,24,62,201026128703wd,,0,05/04/2021
2010,12,7,1,1546820100331004,6,2,03,wd,8835290101,696,3.02,0,0,201026128703wd,154682010033199286,DOLPHIN,,603.31160702,27,69,201026128703wd,,0,05/04/2021
2010,12,7,1,1546820100331004,6,2,03,wd,8835290101,566,1.54,0,0,201026128703wd,154682010033199286,DOLPHIN,,603.31160702,22,56,201026128703wd,,0,05/04/2021
2010,12,7,1,1546820100331005,6,2,03,wd,,,,0,0,201026128703wd,154682010033199286,,,603.31160702,,,201026128703wd,,0,05/04/2021
2010,12,7,1,1546820100331006,6,2,03,wd,,,,0,0,201026128703wd,154682010033199286,,,603.31160702,,,201026128703wd,,0,05/04/2021
2010,12,7,1,1546820100331007,6,2,03,wd,8860020201,246,0.56,0,0,201026128703wd,154682010033199286,GRAY TRIGGERFISH,,603.31160702,9,24,201026128703wd,,0,05/04/2021
2010,12,7,1,1546820100331007,6,2,03,wd,8860020201,325,0.78,0,0,201026128703wd,154682010033199286,GRAY TRIGGERFISH,,603.31160702,12,32,201026128703wd,,0,05/04/2021
2010,12,7,1,1546820100331007,6,2,03,wd,8850030501,1040,8.76,0,0,201026128703wd,154682010033199286,KING MACKEREL,,603.31160702,40,104,201026128703wd,,0,05/04/2021
2010,12,7,1,1546820100331007,6,2,03,wd,8839010901,336,0.84,0,0,201026128703wd,154682010033199286,HOGFISH,,603.31160702,13,33,201026128703wd,,0,05/04/2021
2010,12,7,2,1546820100331009,6,2,03,wd,8850030501,825,3.88,0,0,201026128703wd,154682010033199286,KING MACKEREL,,801.28137183,32,82,201026128703wd,,0,05/04/2021
2010,12,7,2,1546820100331010,6,2,03,wd,8850030501,845,4.4,0,0,201026128703wd,154682010033199286,KING MACKEREL,,801.28137183,33,84,201026128703wd,,0,05/04/2021
2010,12,7,5,1546820100331012,6,2,03,wd,,,,0,0,201026128703wd,154682010033199286,,,608.83059425,,,201026128703wd,,0,05/04/2021
2010,12,7,5,1546820100331013,6,2,03,wd,,,,0,0,201026128703wd,154682010033199286,,,608.83059425,,,201026128703wd,,0,05/04/2021
2010,12,7,1,1546820100331014,6,2,03,wd,8850030501,825,4.04,0,0,201026128703wd,154682010033199286,KING MACKEREL,,603.31160702,32,82,201026128703wd,,0,05/04/2021
2010,12,7,1,1546820100331014,6,2,03,wd,8850030501,800,3.22,0,0,201026128703wd,154682010033199286,KING MACKEREL,,603.31160702,31,80,201026128703wd,,0,05/04/2021
2010,12,7,1,1546820100331015,6,2,03,wd,,,,0,0,201026128703wd,154682010033199286,,,603.31160702,,,201026128703wd,,0,05/04/2021
2010,12,7,1,1546820100331016,6,2,03,wd,,,,0,0,201026128703wd,154682010033199286,,,603.31160702,,,201026128703wd,,0,05/04/2021
2010,12,7,2,1546820100331017,6,2,03,wd,8850030502,532,1.1,0,0,201026128703wd,154682010033199286,SPANISH MACKEREL,,801.28137183,20,53,201026128703wd,,0,05/04/2021
2010,12,7,2,1546820100331017,6,2,03,wd,8850030501,807,3.34,0,0,201026128703wd,154682010033199286,KING MACKEREL,,801.28137183,31,80,201026128703wd,,0,05/04/2021
2010,12,7,2,1546820100331017,6,2,03,wd,8850030102,443,1.2,0,0,201026128703wd,154682010033199286,LITTLE TUNNY,,801.28137183,17,44,201026128703wd,,0,05/04/2021
2010,12,7,2,1546820100331018,6,2,03,wd,,,,0,0,201026128703wd,154682010033199286,,,801.28137183,,,201026128703wd,,0,05/04/2021
2010,12,7,2,1546820100331019,6,2,03,wd,,,,0,0,201026128703wd,154682010033199286,,,801.28137183,,,201026128703wd,,0,05/04/2021
2010,12,7,5,1546820100331020,6,2,03,wd,,,,0,0,201026128703wd,154682010033199286,,,608.83059425,,,201026128703wd,,0,05/04/2021
2010,12,7,5,1546820100331021,6,2,03,wd,,,,0,0,201026128703wd,154682010033199286,,,608.83059425,,,201026128703wd,,0,05/04/2021
2010,12,7,5,1546820100403001,6,2,04,we,8835430402,208,0.28,0,0,201026128704we,1546820100403111288,SILVER PORGY,,1060.8141084,8,20,201026128704we,,0,05/04/2021
2010,12,7,5,1546820100403001,6,2,04,we,8835430402,208,0.28,1,1,201026128704we,1546820100403111288,SILVER PORGY,,1060.8141084,8,20,201026128704we,,0,05/04/2021
2010,12,7,5,1546820100403001,6,2,04,we,8835430301,375,1.2,0,0,201026128704we,1546820100403111288,SHEEPSHEAD,,2545.9538603,14,37,201026128704we,,0,05/04/2021
2010,12,7,5,1546820100403001,6,2,04,we,8835430301,220,0.26,1,1,201026128704we,1546820100403111288,SHEEPSHEAD,,2545.9538603,8,22,201026128704we,,0,05/04/2021
2010,12,7,5,1546820100403001,6,2,04,we,8835430301,261,0.46,1,1,201026128704we,1546820100403111288,SHEEPSHEAD,,2545.9538603,10,26,201026128704we,,0,05/04/2021
2010,12,7,5,1546820100403001,6,2,04,we,8835430301,322,0.84,1,1,201026128704we,1546820100403111288,SHEEPSHEAD,,2545.9538603,12,32,201026128704we,,0,05/04/2021
2010,12,7,5,1546820100403001,6,2,04,we,8835430301,310,0.64,1,1,201026128704we,1546820100403111288,SHEEPSHEAD,,2545.9538603,12,31,201026128704we,,0,05/04/2021
2010,12,7,5,1546820100403001,6,2,04,we,8835400201,237,0.22,0,0,201026128704we,1546820100403111288,PIGFISH,,1060.8141084,9,23,201026128704we,,0,05/04/2021
2010,12,7,5,1546820100403001,6,2,04,we,8835400201,237,0.22,1,1,201026128704we,1546820100403111288,PIGFISH,,1060.8141084,9,23,201026128704we,,0,05/04/2021
2010,12,7,5,1546820100403001,6,2,04,we,8835400201,237,0.22,1,1,201026128704we,1546820100403111288,PIGFISH,,1060.8141084,9,23,201026128704we,,0,05/04/2021
2010,12,7,5,1546820100403002,6,2,04,we,,,,0,0,201026128704we,1546820100403111288,,,1157.4268474,,,201026128704we,,0,05/04/2021
2010,12,7,5,1546820100403003,6,2,04,we,,,,0,0,201026128704we,1546820100403111288,,,1157.4268474,,,201026128704we,,0,05/04/2021
2010,12,7,5,1546820100403004,6,2,04,we,,,,0,0,201026128704we,1546820100403111288,,,1157.4268474,,,201026128704we,,0,05/04/2021
2010,12,7,1,1546820100403006,6,2,04,we,8835280901,296,0.64,0,0,201026128704we,1546820100403111288,FLORIDA POMPANO,,1146.9348911,11,29,201026128704we,,0,05/04/2021
2010,12,7,1,1546820100403006,6,2,04,we,8835280901,303,0.58,0,0,201026128704we,1546820100403111288,FLORIDA POMPANO,,1146.9348911,11,30,201026128704we,,0,05/04/2021
2010,12,7,1,1546820100403006,6,2,04,we,8835280901,321,0.7,0,0,201026128704we,1546820100403111288,FLORIDA POMPANO,,1146.9348911,12,32,201026128704we,,0,05/04/2021
2010,12,7,1,1546820100403006,6,2,04,we,8835280901,332,0.76,0,0,201026128704we,1546820100403111288,FLORIDA POMPANO,,1146.9348911,13,33,201026128704we,,0,05/04/2021
2010,12,7,1,1546820100403006,6,2,04,we,8835280901,350,0.94,0,0,201026128704we,1546820100403111288,FLORIDA POMPANO,,1146.9348911,13,35,201026128704we,,0,05/04/2021
2010,12,7,1,1546820100403006,6,2,04,we,8738010101,480,0.76,0,0,201026128704we,1546820100403111288,LADYFISH,,1146.9348911,18,48,201026128704we,,0,05/04/2021
2010,12,7,1,1546820100403006,6,2,04,we,8738010101,481,0.76,0,0,201026128704we,1546820100403111288,LADYFISH,,1146.9348911,18,48,201026128704we,,0,05/04/2021
2010,12,7,1,1546820100403007,6,2,04,we,,,,0,0,201026128704we,1546820100403111288,,,1146.9348911,,,201026128704we,,0,05/04/2021
2010,12,7,1,1546820100403008,6,2,04,we,,,,0,0,201026128704we,1546820100403111288,,,1146.9348911,,,201026128704we,,0,05/04/2021
2010,12,7,5,1546820100403009,6,2,04,we,8835250101,352,0.58,1,1,201026128704we,1546820100403111288,BLUEFISH,,1157.4268474,13,35,201026128704we,,0,05/04/2021
2010,12,7,5,1546820100403009,6,2,04,we,8835250101,355,0.58,0,0,201026128704we,1546820100403111288,BLUEFISH,,1157.4268474,13,35,201026128704we,,0,05/04/2021
2010,12,7,5,1546820100403009,6,2,04,we,8835250101,390,0.72,0,0,201026128704we,1546820100403111288,BLUEFISH,,1157.4268474,15,39,201026128704we,,0,05/04/2021
2010,12,7,5,1546820100403009,6,2,04,we,8835020501,280,0.24,0,0,201026128704we,1546820100403111288,GAG,,1157.4268474,11,28,201026128704we,,0,05/04/2021
2010,12,7,5,1546820100403009,6,2,04,we,8835020501,295,0.32,0,0,201026128704we,1546820100403111288,GAG,,1157.4268474,11,29,201026128704we,,0,05/04/2021
2010,12,7,5,1546820100403009,6,2,04,we,8835020501,309,0.34,0,0,201026128704we,1546820100403111288,GAG,,1157.4268474,12,30,201026128704we,,0,05/04/2021
2010,12,7,5,1546820100403009,6,2,04,we,8835020501,325,0.34,0,0,201026128704we,1546820100403111288,GAG,,1157.4268474,12,32,201026128704we,,0,05/04/2021
2010,12,7,5,1546820100403009,6,2,04,we,8835020501,341,0.5,0,0,201026128704we,1546820100403111288,GAG,,1157.4268474,13,34,201026128704we,,0,05/04/2021
2010,12,7,5,1546820100403009,6,2,04,we,8835020408,315,0.48,0,0,201026128704we,1546820100403111288,RED GROUPER,,1157.4268474,12,31,201026128704we,,0,05/04/2021
2010,12,7,5,1546820100403010,6,2,04,we,,,,0,0,201026128704we,1546820100403111288,,,1157.4268474,,,201026128704we,,0,05/04/2021
2010,12,7,1,1546820100403011,6,2,04,we,,,,0,0,201026128704we,1546820100403111288,,,1146.9348911,,,201026128704we,,0,05/04/2021
2010,12,7,1,1546820100403012,6,2,04,we,,,,0,0,201026128704we,1546820100403111288,,,1051.1979368,,,201026128704we,,0,05/04/2021
2010,12,7,1,1546820100403013,6,2,04,we,,,,0,0,201026128704we,1546820100403111288,,,1051.1979368,,,201026128704we,,0,05/04/2021
2010,12,7,1,1546820100403014,6,2,04,we,8835430507,259,0.46,1,1,201026128704we,1546820100403111288,SHEEPSHEAD PORGY,,1051.1979368,10,25,201026128704we,,0,05/04/2021
2010,12,7,1,1546820100403014,6,2,04,we,8835430301,295,0.66,0,0,201026128704we,1546820100403111288,SHEEPSHEAD,,1051.1979368,11,29,201026128704we,,0,05/04/2021
2010,12,7,1,1546820100403014,6,2,04,we,8835430301,327,0.8,0,0,201026128704we,1546820100403111288,SHEEPSHEAD,,1051.1979368,12,32,201026128704we,,0,05/04/2021
2010,12,7,1,1546820100403014,6,2,04,we,8835430301,395,1.28,0,0,201026128704we,1546820100403111288,SHEEPSHEAD,,1051.1979368,15,39,201026128704we,,0,05/04/2021
2010,12,7,1,1546820100403014,6,2,04,we,8835430301,349,0.94,0,0,201026128704we,1546820100403111288,SHEEPSHEAD,,1051.1979368,13,34,201026128704we,,0,05/04/2021
2010,12,7,1,1546820100403014,6,2,04,we,8835430301,388,0.74,0,0,201026128704we,1546820100403111288,SHEEPSHEAD,,1051.1979368,15,38,201026128704we,,0,05/04/2021
2010,12,7,1,1546820100403014,6,2,04,we,8835360102,264,0.28,0,0,201026128704we,1546820100403111288,GRAY SNAPPER,,1051.1979368,10,26,201026128704we,,0,05/04/2021
2010,12,7,1,1546820100403015,6,2,04,we,,,,0,0,201026128704we,1546820100403111288,,,1051.1979368,,,201026128704we,,0,05/04/2021
2010,12,7,1,1546820100403016,6,2,04,we,,,,0,0,201026128704we,1546820100403111288,,,1146.9348911,,,201026128704we,,0,05/04/2021
2010,12,7,5,1546820100403017,6,2,04,we,8835430301,349,1,0,0,201026128704we,1546820100403111288,SHEEPSHEAD,,1157.4268474,13,34,201026128704we,,0,05/04/2021
2010,12,7,5,1546820100403017,6,2,04,we,8835250101,390,0.72,1,1,201026128704we,1546820100403111288,BLUEFISH,,1157.4268474,15,39,201026128704we,,0,05/04/2021
2010,12,7,5,1546820100403020,6,2,04,we,,,,0,0,201026128704we,1546820100403111288,,,1157.4268474,,,201026128704we,,0,05/04/2021
2010,12,7,2,1546820100403024,6,2,04,we,,,,0,0,201026128704we,1546820100403111288,,,1523.2883841,,,201026128704we,,0,05/04/2021
2010,12,7,5,1546820100403025,6,2,04,we,,,,0,0,201026128704we,1546820100403111288,,,1157.4268474,,,201026128704we,,0,05/04/2021
2010,12,7,5,1546820100403026,6,2,04,we,,,,0,0,201026128704we,1546820100403111288,,,1157.4268474,,,201026128704we,,0,05/04/2021
2010,12,7,2,1546820100403028,6,2,04,we,8835290101,630,2.2,0,0,201026128704we,1546820100403111288,DOLPHIN,,1523.2883841,24,63,201026128704we,,0,05/04/2021
2010,12,7,2,1546820100403030,6,2,04,we,8835290101,595,1.9,0,0,201026128704we,1546820100403111288,DOLPHIN,,1523.2883841,23,59,201026128704we,,0,05/04/2021
2010,12,7,5,1546820100407001,6,2,04,wd,,,,0,0,201026128704wd,1546820100407851817,,,749.83785114,,,201026128704wd,,0,05/04/2021
2010,12,7,5,1546820100407002,6,2,04,wd,,,,0,0,201026128704wd,1546820100407851817,,,749.83785114,,,201026128704wd,,0,05/04/2021
2010,12,7,5,1546820100407003,6,2,04,wd,,,,0,0,201026128704wd,1546820100407851817,,,749.83785114,,,201026128704wd,,0,05/04/2021
2010,12,7,5,1546820100407004,6,2,04,wd,8835250101,355,0.58,1,1,201026128704wd,1546820100407851817,BLUEFISH,,749.83785114,13,35,201026128704wd,,0,05/04/2021
2010,12,7,5,1546820100407005,6,2,04,wd,,,,0,0,201026128704wd,1546820100407851817,,,749.83785114,,,201026128704wd,,0,05/04/2021
2010,12,7,5,1546820100407009,6,2,04,wd,,,,0,0,201026128704wd,1546820100407851817,,,749.83785114,,,201026128704wd,,0,05/04/2021
2010,12,7,5,1546820100407010,6,2,04,wd,,,,0,0,201026128704wd,1546820100407851817,,,749.83785114,,,201026128704wd,,0,05/04/2021
2010,12,7,2,1546820100417001,6,2,04,we,,,,0,0,201026128704we,15468201004179993,,,815.30773545,,,201026128704we,,0,05/04/2021
2010,12,7,2,1546820100417002,6,2,04,we,8835290101,560,1.66,0,0,201026128704we,15468201004179993,DOLPHIN,,815.30773545,22,56,201026128704we,,0,05/04/2021
2010,12,7,1,1546820100417007,6,2,04,we,8850030404,418,1.3,0,0,201026128704we,15468201004179993,BLACKFIN TUNA,,613.87252641,16,41,201026128704we,,0,05/04/2021
2010,12,7,1,1546820100417007,6,2,04,we,8835290101,836,5.3,0,0,201026128704we,15468201004179993,DOLPHIN,,613.87252641,32,83,201026128704we,,0,05/04/2021
2010,12,7,1,1546820100417008,6,2,04,we,8835290101,1065,9.02,0,0,201026128704we,15468201004179993,DOLPHIN,,613.87252641,41,106,201026128704we,,0,05/04/2021
2010,12,7,2,1546820100417009,6,2,04,we,,,,0,0,201026128704we,15468201004179993,,,815.30773545,,,201026128704we,,0,05/04/2021
2010,12,7,5,1546820100417011,6,2,04,we,,,,0,0,201026128704we,15468201004179993,,,619.48812305,,,201026128704we,,0,05/04/2021
2010,12,7,1,1546820100417013,6,2,04,we,,,,0,0,201026128704we,15468201004179993,,,613.87252641,,,201026128704we,,0,05/04/2021
2010,12,7,1,1546820100417014,6,2,04,we,,,,0,0,201026128704we,15468201004179993,,,613.87252641,,,201026128704we,,0,05/04/2021
2010,12,7,1,1546820100417015,6,2,04,we,,,,0,0,201026128704we,15468201004179993,,,613.87252641,,,201026128704we,,0,05/04/2021
2010,12,7,1,1546820100417016,6,2,04,we,,,,0,0,201026128704we,15468201004179993,,,613.87252641,,,201026128704we,,0,05/04/2021
2010,12,7,5,1546820100424001,6,2,04,we,8835430301,349,1,1,1,201026128704we,15468201004241111443,SHEEPSHEAD,,2705.6597362,13,34,201026128704we,,0,05/04/2021
2010,12,7,5,1546820100424002,6,2,04,we,,,,0,0,201026128704we,15468201004241111443,,,2705.6597362,,,201026128704we,,0,05/04/2021
2010,12,7,5,1546820100424003,6,2,04,we,,,,0,0,201026128704we,15468201004241111443,,,2705.6597362,,,201026128704we,,0,05/04/2021
2010,12,7,5,1546820100424008,6,2,04,we,,,,0,0,201026128704we,15468201004241111443,,,2705.6597362,,,201026128704we,,0,05/04/2021
2010,12,7,5,1546820100424009,6,2,04,we,,,,0,0,201026128704we,15468201004241111443,,,2705.6597362,,,201026128704we,,0,05/04/2021
2010,12,7,5,1546820100424010,6,2,04,we,,,,0,0,201026128704we,15468201004241111443,,,2705.6597362,,,201026128704we,,0,05/04/2021
2010,12,7,5,1546820100424011,6,2,04,we,8835430201,45,0.0015821471,0,1,201026128704we,15468201004241111443,PINFISH,,2705.6597362,1,4,201026128704we,,0,05/04/2021
2010,12,7,5,1546820100424011,6,2,04,we,8835390102,64,,0,0,201026128704we,15468201004241111443,SILVER JENNY,,2705.6597362,2,6,201026128704we,,0,05/04/2021
2010,12,7,5,1546820100424012,6,2,04,we,,,,0,0,201026128704we,15468201004241111443,,,2705.6597362,,,201026128704we,,0,05/04/2021
2010,12,7,5,1546820100424013,6,2,04,we,,,,0,0,201026128704we,15468201004241111443,,,2705.6597362,,,201026128704we,,0,05/04/2021
2010,12,7,5,1546820100424014,6,2,04,we,,,,0,0,201026128704we,15468201004241111443,,,2705.6597362,,,201026128704we,,0,05/04/2021
2010,12,7,5,1546820100424015,6,2,04,we,,,,0,0,201026128704we,15468201004241111443,,,2705.6597362,,,201026128704we,,0,05/04/2021
2010,12,7,5,1546820100424016,6,2,04,we,,,,0,0,201026128704we,15468201004241111443,,,2705.6597362,,,201026128704we,,0,05/04/2021
2010,12,7,5,1546820100424017,6,2,04,we,8835440901,450,0.98,0,0,201026128704we,15468201004241111443,RED DRUM,,2705.6597362,17,45,201026128704we,,0,05/04/2021
2010,12,7,5,1546820100424017,6,2,04,we,8835440102,361,0.44,1,1,201026128704we,15468201004241111443,SPOTTED SEATROUT,,2705.6597362,14,36,201026128704we,,0,05/04/2021
2010,12,7,5,1546820100424017,6,2,04,we,8835440102,419,0.58,1,1,201026128704we,15468201004241111443,SPOTTED SEATROUT,,2705.6597362,16,41,201026128704we,,0,05/04/2021
2010,12,7,5,1546820100424017,6,2,04,we,8835440102,515,1.22,1,1,201026128704we,15468201004241111443,SPOTTED SEATROUT,,2705.6597362,20,51,201026128704we,,0,05/04/2021
2010,12,7,5,1546820100424017,6,2,04,we,8835440102,467,0.88,1,1,201026128704we,15468201004241111443,SPOTTED SEATROUT,,2705.6597362,18,46,201026128704we,,0,05/04/2021
2010,12,7,5,1546820100424017,6,2,04,we,8835440102,455,0.88,0,0,201026128704we,15468201004241111443,SPOTTED SEATROUT,,2705.6597362,17,45,201026128704we,,0,05/04/2021
2010,12,7,5,1546820100424017,6,2,04,we,8835280303,280,0.42,1,1,201026128704we,15468201004241111443,CREVALLE JACK,,2705.6597362,11,28,201026128704we,,0,05/04/2021
2010,12,7,5,1546820100424017,6,2,04,we,8835280303,310,0.5,0,0,201026128704we,15468201004241111443,CREVALLE JACK,,2705.6597362,12,31,201026128704we,,0,05/04/2021
2010,12,7,5,1546820100424017,6,2,04,we,8835250101,440,0.86,0,0,201026128704we,15468201004241111443,BLUEFISH,,2705.6597362,17,44,201026128704we,,0,05/04/2021
2010,12,7,5,1546820100424018,6,2,04,we,,,,0,0,201026128704we,15468201004241111443,,,2705.6597362,,,201026128704we,,0,05/04/2021
2010,12,7,2,1546820100424019,6,2,04,we,8857030300,,,0,0,201026128704we,15468201004241111443,LEFTEYE FLOUNDER GENUS,,14243.664925,,,201026128704we,,0,05/04/2021
2010,12,7,2,1546820100424019,6,2,04,we,8835020301,309,0.4288680748,0,1,201026128704we,15468201004241111443,BLACK SEA BASS,,6053.557593,12,30,201026128704we,,0,05/04/2021
2010,12,7,2,1546820100424019,6,2,04,we,8835020301,320,0.44,0,0,201026128704we,15468201004241111443,BLACK SEA BASS,,6053.557593,12,32,201026128704we,,0,05/04/2021
2010,12,7,2,1546820100424019,6,2,04,we,8835020301,320,0.4774076007,0,1,201026128704we,15468201004241111443,BLACK SEA BASS,,6053.557593,12,32,201026128704we,,0,05/04/2021
2010,12,7,2,1546820100424019,6,2,04,we,8835020301,320,0.4774076007,0,1,201026128704we,15468201004241111443,BLACK SEA BASS,,6053.557593,12,32,201026128704we,,0,05/04/2021
2010,12,7,2,1546820100424019,6,2,04,we,8835020301,336,0.44,1,1,201026128704we,15468201004241111443,BLACK SEA BASS,,6053.557593,13,33,201026128704we,,0,05/04/2021
2010,12,7,2,1546820100424019,6,2,04,we,8835020301,331,0.5295183187,0,1,201026128704we,15468201004241111443,BLACK SEA BASS,,6053.557593,13,33,201026128704we,,0,05/04/2021
2010,12,7,2,1546820100424019,6,2,04,we,8835020301,322,0.4,0,0,201026128704we,15468201004241111443,BLACK SEA BASS,,6053.557593,12,32,201026128704we,,0,05/04/2021
2010,12,7,2,1546820100424019,6,2,04,we,8835020301,332,0.47,1,1,201026128704we,15468201004241111443,BLACK SEA BASS,,6053.557593,13,33,201026128704we,,0,05/04/2021
2010,12,7,2,1546820100424019,6,2,04,we,8835020301,320,0.4774076007,1,1,201026128704we,15468201004241111443,BLACK SEA BASS,,6053.557593,12,32,201026128704we,,0,05/04/2021
2010,12,7,2,1546820100424019,6,2,04,we,8835020301,283,0.31,1,1,201026128704we,15468201004241111443,BLACK SEA BASS,,6053.557593,11,28,201026128704we,,0,05/04/2021
2010,12,7,2,1546820100424020,6,2,04,we,,,,0,0,201026128704we,15468201004241111443,,,3560.9162312,,,201026128704we,,0,05/04/2021
2010,12,7,2,1546820100424021,6,2,04,we,,,,0,0,201026128704we,15468201004241111443,,,3560.9162312,,,201026128704we,,0,05/04/2021
2010,12,7,2,1546820100424022,6,2,04,we,,,,0,0,201026128704we,15468201004241111443,,,3560.9162312,,,201026128704we,,0,05/04/2021
2010,12,7,2,1546820100424023,6,2,04,we,,,,0,0,201026128704we,15468201004241111443,,,3560.9162312,,,201026128704we,,0,05/04/2021
2010,12,7,2,1546820100424024,6,2,04,we,,,,0,0,201026128704we,15468201004241111443,,,3560.9162312,,,201026128704we,,0,05/04/2021
2010,12,7,2,1546820100424025,6,2,04,we,8850030501,1030,9.84,1,1,201026128704we,15468201004241111443,KING MACKEREL,,3560.9162312,40,103,201026128704we,,0,05/04/2021
2010,12,7,2,1546820100424026,6,2,04,we,,,,0,0,201026128704we,15468201004241111443,,,3560.9162312,,,201026128704we,,0,05/04/2021
2010,12,7,2,1546820100424027,6,2,04,we,,,,0,0,201026128704we,15468201004241111443,,,3560.9162312,,,201026128704we,,0,05/04/2021
2010,12,7,2,1546820100424028,6,2,04,we,,,,0,0,201026128704we,15468201004241111443,,,3560.9162312,,,201026128704we,,0,05/04/2021
2010,12,7,2,1546820100424029,6,2,04,we,,,,0,0,201026128704we,15468201004241111443,,,3560.9162312,,,201026128704we,,0,05/04/2021
2010,12,7,2,1546820100424030,6,2,04,we,,,,0,0,201026128704we,15468201004241111443,,,3560.9162312,,,201026128704we,,0,05/04/2021
2010,12,7,2,1546820100424031,6,2,04,we,,,,0,0,201026128704we,15468201004241111443,,,3560.9162312,,,201026128704we,,0,05/04/2021
2010,12,7,5,1548020100307001,6,2,03,we,8835400000,,,0,0,201026128703we,154802010030725320,GRUNT FAMILY,,325.77088106,,,201026128703we,,0,05/04/2021
2010,12,7,5,1548020100307002,6,2,03,we,8835400000,,,0,0,201026128703we,154802010030725320,GRUNT FAMILY,,325.77088106,,,201026128703we,,0,05/04/2021
2010,12,7,5,1548020100307003,6,2,03,we,,,,0,0,201026128703we,154802010030725320,,,325.77088106,,,201026128703we,,0,05/04/2021
2010,12,7,5,1548020100307004,6,2,03,we,8837010104,1128,9.82,1,1,201026128703we,154802010030725320,GREAT BARRACUDA,,325.77088106,44,112,201026128703we,,0,05/04/2021
2010,12,7,5,1548020100307004,6,2,03,we,8835400000,,,0,0,201026128703we,154802010030725320,GRUNT FAMILY,,325.77088106,,,201026128703we,,0,05/04/2021
2010,12,7,5,1548020100307005,6,2,03,we,8850030502,415,0.52,1,1,201026128703we,154802010030725320,SPANISH MACKEREL,,325.77088106,16,41,201026128703we,,0,05/04/2021
2010,12,7,5,1548020100307005,6,2,03,we,8835400000,,,0,0,201026128703we,154802010030725320,GRUNT FAMILY,,325.77088106,,,201026128703we,,0,05/04/2021
2010,12,7,5,1548020100307006,6,2,03,we,8850030502,335,0.26,1,1,201026128703we,154802010030725320,SPANISH MACKEREL,,325.77088106,13,33,201026128703we,,0,05/04/2021
2010,12,7,5,1548020100307006,6,2,03,we,8837010104,1076,8.77,1,1,201026128703we,154802010030725320,GREAT BARRACUDA,,325.77088106,42,107,201026128703we,,0,05/04/2021
2010,12,7,1,1548020100307007,6,2,03,we,,,,0,0,201026128703we,154802010030725320,,,322.81780126,,,201026128703we,,0,05/04/2021
2010,12,7,1,1548020100307008,6,2,03,we,,,,0,0,201026128703we,154802010030725320,,,322.81780126,,,201026128703we,,0,05/04/2021
2010,12,7,1,1548020100307009,6,2,03,we,,,,0,0,201026128703we,154802010030725320,,,322.81780126,,,201026128703we,,0,05/04/2021
2010,12,7,1,1548020100307010,6,2,03,we,,,,0,0,201026128703we,154802010030725320,,,322.81780126,,,201026128703we,,0,05/04/2021
2010,12,7,1,1548020100307014,6,2,03,we,,,,0,0,201026128703we,154802010030725320,,,322.81780126,,,201026128703we,,0,05/04/2021
2010,12,7,1,1548020100307015,6,2,03,we,,,,0,0,201026128703we,154802010030725320,,,322.81780126,,,201026128703we,,0,05/04/2021
2010,12,7,5,1548020100307016,6,2,03,we,,,,0,0,201026128703we,154802010030725320,,,325.77088106,,,201026128703we,,0,05/04/2021
2010,12,7,5,1548020100307017,6,2,03,we,,,,0,0,201026128703we,154802010030725320,,,325.77088106,,,201026128703we,,0,05/04/2021
2010,12,7,2,1548020100307019,6,2,03,we,8850030102,495,1.914041454,1,1,201026128703we,154802010030725320,LITTLE TUNNY,,428.74674982,19,49,201026128703we,,0,05/04/2021
2010,12,7,2,1548020100307020,6,2,03,we,8850030102,723.85542187,5.6,1,1,201026128703we,154802010030725320,LITTLE TUNNY,,428.74674982,28,72,201026128703we,,0,05/04/2021
2010,12,7,1,1548020100307024,6,2,03,we,,,,0,0,201026128703we,154802010030725320,,,322.81780126,,,201026128703we,,0,05/04/2021
2010,12,7,1,1548020100307025,6,2,03,we,,,,0,0,201026128703we,154802010030725320,,,322.81780126,,,201026128703we,,0,05/04/2021
2010,12,7,1,1548020100314001,6,2,03,we,8850030301,,,0,0,201026128703we,154802010031411306,CHUB MACKEREL,,386.59208185,,,201026128703we,,0,05/04/2021
2010,12,7,1,1548020100314001,6,2,03,we,8850030102,561,3.08,1,1,201026128703we,154802010031411306,LITTLE TUNNY,,386.59208185,22,56,201026128703we,,0,05/04/2021
2010,12,7,1,1548020100314002,6,2,03,we,8850030102,443,1.2,1,1,201026128703we,154802010031411306,LITTLE TUNNY,,386.59208185,17,44,201026128703we,,0,05/04/2021
2010,12,7,1,1548020100314003,6,2,03,we,8835360103,431,1.36,1,1,201026128703we,154802010031411306,MUTTON SNAPPER,,386.59208185,16,43,201026128703we,,0,05/04/2021
2010,12,7,1,1548020100314003,6,2,03,we,8835360103,434,1.56,1,1,201026128703we,154802010031411306,MUTTON SNAPPER,,386.59208185,17,43,201026128703we,,0,05/04/2021
2010,12,7,1,1548020100314004,6,2,03,we,8835360103,638,4.75,1,1,201026128703we,154802010031411306,MUTTON SNAPPER,,386.59208185,25,63,201026128703we,,0,05/04/2021
2010,12,7,1,1548020100314015,6,2,03,we,8835290101,584.90574283,1.8,1,1,201026128703we,154802010031411306,DOLPHIN,,386.59208185,23,58,201026128703we,,0,05/04/2021
2010,12,7,1,1548020100314015,6,2,03,we,8835290101,545.23511235,1.48,1,1,201026128703we,154802010031411306,DOLPHIN,,386.59208185,21,54,201026128703we,,0,05/04/2021
2010,12,7,1,1548020100314016,6,2,03,we,8835290101,545.23511235,1.48,1,1,201026128703we,154802010031411306,DOLPHIN,,386.59208185,21,54,201026128703we,,0,05/04/2021
2010,12,7,1,1548020100314017,6,2,03,we,,,,0,0,201026128703we,154802010031411306,,,386.59208185,,,201026128703we,,0,05/04/2021
2010,12,7,1,1548020100314025,6,2,03,we,8850030404,418,1.3,1,1,201026128703we,154802010031411306,BLACKFIN TUNA,,386.59208185,16,41,201026128703we,,0,05/04/2021
2010,12,7,1,1548020100314026,6,2,03,we,8850030503,583,1.88,1,1,201026128703we,154802010031411306,CERO,,386.59208185,22,58,201026128703we,,0,05/04/2021
2010,12,7,1,1548020100314029,6,2,03,we,,,,0,0,201026128703we,154802010031411306,,,386.59208185,,,201026128703we,,0,05/04/2021
2010,12,7,1,1548020100314030,6,2,03,we,,,,0,0,201026128703we,154802010031411306,,,386.59208185,,,201026128703we,,0,05/04/2021
2010,12,7,2,1548020100316001,6,2,03,wd,8850030601,821,3.6234770174,1,1,201026128703wd,154802010031625327,WAHOO,,2787.886452,32,82,201026128703wd,,0,05/04/2021
2010,12,7,2,1548020100316002,6,2,03,wd,8835290101,794,3.86,1,1,201026128703wd,154802010031625327,DOLPHIN,,2787.886452,31,79,201026128703wd,,0,05/04/2021
2010,12,7,2,1548020100316003,6,2,03,wd,8850030404,402,1.2509362211,1,1,201026128703wd,154802010031625327,BLACKFIN TUNA,,2787.886452,15,40,201026128703wd,,0,05/04/2021
2010,12,7,1,1548020100404007,6,2,04,we,8839010901,374.55825759,1,1,1,201026128704we,154802010040425136,HOGFISH,,1038.1546738,14,37,201026128704we,,0,05/04/2021
2010,12,7,1,1548020100404007,6,2,04,we,8839010901,374.55825759,1,1,1,201026128704we,154802010040425136,HOGFISH,,1038.1546738,14,37,201026128704we,,0,05/04/2021
2010,12,7,1,1548020100404007,6,2,04,we,8839010901,356.12479659,0.86,1,1,201026128704we,154802010040425136,HOGFISH,,1038.1546738,14,35,201026128704we,,0,05/04/2021
2010,12,7,1,1548020100404008,6,2,04,we,8839010901,374.55825759,1,1,1,201026128704we,154802010040425136,HOGFISH,,1038.1546738,14,37,201026128704we,,0,05/04/2021
2010,12,7,1,1548020100404008,6,2,04,we,8839010901,356.12479659,0.86,1,1,201026128704we,154802010040425136,HOGFISH,,1038.1546738,14,35,201026128704we,,0,05/04/2021
2010,12,7,1,1548020100404008,6,2,04,we,8839010901,313,0.6165023015,1,1,201026128704we,154802010040425136,HOGFISH,,1038.1546738,12,31,201026128704we,,0,05/04/2021
2010,12,7,1,1548020100404009,6,2,04,we,8839010901,313,0.6165023015,1,1,201026128704we,154802010040425136,HOGFISH,,1038.1546738,12,31,201026128704we,,0,05/04/2021
2010,12,7,1,1548020100404009,6,2,04,we,8839010901,337.48402774,0.74,1,1,201026128704we,154802010040425136,HOGFISH,,1038.1546738,13,33,201026128704we,,0,05/04/2021
2010,12,7,1,1548020100404009,6,2,04,we,8839010901,313,0.6165023015,1,1,201026128704we,154802010040425136,HOGFISH,,1038.1546738,12,31,201026128704we,,0,05/04/2021
2010,12,7,5,1548020100404014,6,2,04,we,,,,0,0,201026128704we,154802010040425136,,,1047.651528,,,201026128704we,,0,05/04/2021
2010,12,7,1,1548020100405003,6,2,04,wd,,,,0,0,201026128704wd,154802010040511236,,,910.7901475,,,201026128704wd,,0,05/04/2021
2010,12,7,1,1548020100405004,6,2,04,wd,,,,0,0,201026128704wd,154802010040511236,,,910.7901475,,,201026128704wd,,0,05/04/2021
2010,12,7,1,1548020100405005,6,2,04,wd,,,,0,0,201026128704wd,154802010040511236,,,910.7901475,,,201026128704wd,,0,05/04/2021
2010,12,7,2,1548020100405008,6,2,04,wd,8850040101,2230,53.994538473,1,1,201026128704wd,154802010040511236,SWORDFISH,,1209.6554589,87,223,201026128704wd,,0,05/04/2021
2010,12,7,2,1548020100405008,6,2,04,wd,8835280306,227.23321391,0.24,1,1,201026128704wd,154802010040511236,BLUE RUNNER,,1209.6554589,8,22,201026128704wd,,0,05/04/2021
2010,12,7,2,1548020100405008,6,2,04,wd,8835280306,227.23321391,0.24,1,1,201026128704wd,154802010040511236,BLUE RUNNER,,1209.6554589,8,22,201026128704wd,,0,05/04/2021
2010,12,7,2,1548020100405009,6,2,04,wd,8850010301,,,0,0,201026128704wd,154802010040511236,ESCOLAR,,1209.6554589,,,201026128704wd,,0,05/04/2021
2010,12,7,2,1548020100405009,6,2,04,wd,8835280306,227.23321391,0.24,1,1,201026128704wd,154802010040511236,BLUE RUNNER,,1209.6554589,8,22,201026128704wd,,0,05/04/2021
2010,12,7,2,1548020100405010,6,2,04,wd,8835280306,227.23321391,0.24,1,1,201026128704wd,154802010040511236,BLUE RUNNER,,1209.6554589,8,22,201026128704wd,,0,05/04/2021
2010,12,7,1,1548020100405011,6,2,04,wd,8850030404,857.07834868,13.04,1,1,201026128704wd,154802010040511236,BLACKFIN TUNA,,1092.948177,33,85,201026128704wd,,0,05/04/2021
2010,12,7,1,1548020100405011,6,2,04,wd,8850030404,418,1.3,1,1,201026128704wd,154802010040511236,BLACKFIN TUNA,,1092.948177,16,41,201026128704wd,,0,05/04/2021
2010,12,7,1,1548020100405011,6,2,04,wd,8850030404,741.69574325,8.32,1,1,201026128704wd,154802010040511236,BLACKFIN TUNA,,1092.948177,29,74,201026128704wd,,0,05/04/2021
2010,12,7,1,1548020100405011,6,2,04,wd,8850030404,847.66428991,12.6,1,1,201026128704wd,154802010040511236,BLACKFIN TUNA,,1092.948177,33,84,201026128704wd,,0,05/04/2021
2010,12,7,1,1548020100405011,6,2,04,wd,8850030404,747.38650106,8.52,1,1,201026128704wd,154802010040511236,BLACKFIN TUNA,,1092.948177,29,74,201026128704wd,,0,05/04/2021
2010,12,7,1,1548020100405011,6,2,04,wd,8850030102,443,1.2,1,1,201026128704wd,154802010040511236,LITTLE TUNNY,,910.7901475,17,44,201026128704wd,,0,05/04/2021
2010,12,7,1,1548020100405011,6,2,04,wd,8850030102,443,1.2,1,1,201026128704wd,154802010040511236,LITTLE TUNNY,,910.7901475,17,44,201026128704wd,,0,05/04/2021
2010,12,7,1,1548020100405011,6,2,04,wd,8850030102,594,3.1489442005,1,1,201026128704wd,154802010040511236,LITTLE TUNNY,,910.7901475,23,59,201026128704wd,,0,05/04/2021
2010,12,7,1,1548020100405011,6,2,04,wd,8850030101,531,3.02,1,1,201026128704wd,154802010040511236,SKIPJACK TUNA,,910.7901475,20,53,201026128704wd,,0,05/04/2021
2010,12,7,1,1548020100405011,6,2,04,wd,8850030101,592,4.48,1,1,201026128704wd,154802010040511236,SKIPJACK TUNA,,910.7901475,23,59,201026128704wd,,0,05/04/2021
2010,12,7,2,1548020100409003,6,2,04,wd,8850030501,720,2.28,1,1,201026128704wd,154802010040999214,KING MACKEREL,,1670.8607956,28,72,201026128704wd,,0,05/04/2021
2010,12,7,2,1548020100409004,6,2,04,wd,,,,0,0,201026128704wd,154802010040999214,,,1670.8607956,,,201026128704wd,,0,05/04/2021
2010,12,7,1,1548020100409005,6,2,04,wd,,,,0,0,201026128704wd,154802010040999214,,,1153.0353933,,,201026128704wd,,0,05/04/2021
2010,12,7,1,1548020100409006,6,2,04,wd,,,,0,0,201026128704wd,154802010040999214,,,1258.047107,,,201026128704wd,,0,05/04/2021
2010,12,7,1,1548020100409009,6,2,04,wd,8850030501,800,3.22,1,1,201026128704wd,154802010040999214,KING MACKEREL,,1258.047107,31,80,201026128704wd,,0,05/04/2021
2010,12,7,1,1548020100409011,6,2,04,wd,,,,0,0,201026128704wd,154802010040999214,,,1258.047107,,,201026128704wd,,0,05/04/2021
2010,12,7,5,1548020100409012,6,2,04,wd,,,,0,0,201026128704wd,154802010040999214,,,1269.5554981,,,201026128704wd,,0,05/04/2021
2010,12,7,1,1548020100409013,6,2,04,wd,8835290101,825.36071435,4.7,1,1,201026128704wd,154802010040999214,DOLPHIN,,1258.047107,32,82,201026128704wd,,0,05/04/2021
2010,12,7,1,1548020100409018,6,2,04,wd,8850030502,537,1.2,1,1,201026128704wd,154802010040999214,SPANISH MACKEREL,,1258.047107,21,53,201026128704wd,,0,05/04/2021
2010,12,7,1,1548020100409018,6,2,04,wd,8850030502,537,1.2,1,1,201026128704wd,154802010040999214,SPANISH MACKEREL,,1258.047107,21,53,201026128704wd,,0,05/04/2021
2010,12,7,1,1548020100409019,6,2,04,wd,8850030502,455,0.8,1,1,201026128704wd,154802010040999214,SPANISH MACKEREL,,1258.047107,17,45,201026128704wd,,0,05/04/2021
2010,12,7,2,1548020100409021,6,2,04,wd,8850030102,723.85542187,5.6,1,1,201026128704wd,154802010040999214,LITTLE TUNNY,,1670.8607956,28,72,201026128704wd,,0,05/04/2021
2010,12,7,2,1548020100409022,6,2,04,wd,8850030501,720,2.28,1,1,201026128704wd,154802010040999214,KING MACKEREL,,1670.8607956,28,72,201026128704wd,,0,05/04/2021
2010,12,7,2,1548020100409023,6,2,04,wd,8850030501,701,2.36,1,1,201026128704wd,154802010040999214,KING MACKEREL,,1670.8607956,27,70,201026128704wd,,0,05/04/2021
2010,12,7,2,1548020100409023,6,2,04,wd,8850030501,701,2.36,1,1,201026128704wd,154802010040999214,KING MACKEREL,,1670.8607956,27,70,201026128704wd,,0,05/04/2021
2010,12,7,2,1548020100409023,6,2,04,wd,8835260101,915,8.84,1,1,201026128704wd,154802010040999214,COBIA,,1670.8607956,36,91,201026128704wd,,0,05/04/2021
2010,12,7,2,1548020100409024,6,2,04,wd,8850030501,1040,8.76,1,1,201026128704wd,154802010040999214,KING MACKEREL,,1670.8607956,40,104,201026128704wd,,0,05/04/2021
2010,12,7,2,1548020100409024,6,2,04,wd,8850030501,629,1.68,1,1,201026128704wd,154802010040999214,KING MACKEREL,,1670.8607956,24,62,201026128704wd,,0,05/04/2021
2010,12,7,1,1548020100409025,6,2,04,wd,8850030102,594,3.1489442005,1,1,201026128704wd,154802010040999214,LITTLE TUNNY,,1153.0353933,23,59,201026128704wd,,0,05/04/2021
2010,12,7,1,1548020100409025,6,2,04,wd,8850030102,594,3.1489442005,1,1,201026128704wd,154802010040999214,LITTLE TUNNY,,1153.0353933,23,59,201026128704wd,,0,05/04/2021
2010,12,7,1,1548020100418001,6,2,04,we,8835360401,282,0.4,1,1,201026128704we,154802010041811306,YELLOWTAIL SNAPPER,,597.78026493,11,28,201026128704we,,0,05/04/2021
2010,12,7,1,1548020100418002,6,2,04,we,,,,0,0,201026128704we,154802010041811306,,,597.78026493,,,201026128704we,,0,05/04/2021
2010,12,7,1,1548020100418003,6,2,04,we,8835360401,274,0.36,1,1,201026128704we,154802010041811306,YELLOWTAIL SNAPPER,,597.78026493,10,27,201026128704we,,0,05/04/2021
2010,12,7,2,1548020100418004,6,2,04,we,8850030501,825,4.04,1,1,201026128704we,154802010041811306,KING MACKEREL,,793.93498345,32,82,201026128704we,,0,05/04/2021
2010,12,7,2,1548020100418005,6,2,04,we,8850030501,825,4.04,1,1,201026128704we,154802010041811306,KING MACKEREL,,793.93498345,32,82,201026128704we,,0,05/04/2021
2010,12,7,2,1548020100418006,6,2,04,we,,,,0,0,201026128704we,154802010041811306,,,793.93498345,,,201026128704we,,0,05/04/2021
2010,12,7,2,1548020100424003,6,2,04,we,8850030102,723.85542187,5.6,1,1,201026128704we,1548020100424991499,LITTLE TUNNY,,742.63225337,28,72,201026128704we,,0,05/04/2021
2010,12,7,2,1548020100424008,6,2,04,we,8850030501,720,2.28,1,1,201026128704we,1548020100424991499,KING MACKEREL,,742.63225337,28,72,201026128704we,,0,05/04/2021
2010,12,7,2,1548020100424008,6,2,04,we,8850030501,1007,8.2232265296,1,1,201026128704we,1548020100424991499,KING MACKEREL,,742.63225337,39,100,201026128704we,,0,05/04/2021
2010,12,7,1,1548020100424009,6,2,04,we,8835360401,274,0.36,1,1,201026128704we,1548020100424991499,YELLOWTAIL SNAPPER,,559.15271958,10,27,201026128704we,,0,05/04/2021
2010,12,7,1,1548020100424010,6,2,04,we,8835360401,290,0.4340218706,1,1,201026128704we,1548020100424991499,YELLOWTAIL SNAPPER,,559.15271958,11,29,201026128704we,,0,05/04/2021
2010,12,7,1,1548020100424011,6,2,04,we,8835280306,348,0.7444441996,1,1,201026128704we,1548020100424991499,BLUE RUNNER,,559.15271958,13,34,201026128704we,,0,05/04/2021
2010,12,7,1,1548020100424012,6,2,04,we,8835280306,348,0.7444441996,1,1,201026128704we,1548020100424991499,BLUE RUNNER,,559.15271958,13,34,201026128704we,,0,05/04/2021
2010,12,7,5,1548020100424013,6,2,04,we,8835360102,227,0.18,1,1,201026128704we,1548020100424991499,GRAY SNAPPER,,564.26774916,8,22,201026128704we,,0,05/04/2021
2010,12,7,5,1548020100424013,6,2,04,we,8835360102,315.74772791,0.52,1,1,201026128704we,1548020100424991499,GRAY SNAPPER,,564.26774916,12,31,201026128704we,,0,05/04/2021
2010,12,7,5,1548020100424014,6,2,04,we,8835360102,315.74772791,0.52,1,1,201026128704we,1548020100424991499,GRAY SNAPPER,,564.26774916,12,31,201026128704we,,0,05/04/2021
2010,12,7,5,1548020100424015,6,2,04,we,,,,0,0,201026128704we,1548020100424991499,,,564.26774916,,,201026128704we,,0,05/04/2021
2010,12,7,5,1548020100424016,6,2,04,we,,,,0,0,201026128704we,1548020100424991499,,,564.26774916,,,201026128704we,,0,05/04/2021
2010,12,7,1,1548020100424017,6,2,04,we,8835280306,348,0.7444441996,1,1,201026128704we,1548020100424991499,BLUE RUNNER,,559.15271958,13,34,201026128704we,,0,05/04/2021
2010,12,7,1,1548020100424018,6,2,04,we,8835280306,348,0.7444441996,1,1,201026128704we,1548020100424991499,BLUE RUNNER,,559.15271958,13,34,201026128704we,,0,05/04/2021
2010,12,7,1,1548020100424019,6,2,04,we,8835280306,284.07363275,0.46,1,1,201026128704we,1548020100424991499,BLUE RUNNER,,559.15271958,11,28,201026128704we,,0,05/04/2021
2010,12,7,1,1548020100424020,6,2,04,we,,,,0,0,201026128704we,1548020100424991499,,,559.15271958,,,201026128704we,,0,05/04/2021
2010,12,7,2,1548020100425001,6,2,04,we,8850030501,629,1.68,1,1,201026128704we,154802010042599308,KING MACKEREL,,674.09858958,24,62,201026128704we,,0,05/04/2021
2010,12,7,2,1548020100425002,6,2,04,we,8850030501,1040,8.76,1,1,201026128704we,154802010042599308,KING MACKEREL,,674.09858958,40,104,201026128704we,,0,05/04/2021
2010,12,7,2,1548020100425003,6,2,04,we,8835290101,719,2.7,1,1,201026128704we,154802010042599308,DOLPHIN,,674.09858958,28,71,201026128704we,,0,05/04/2021
2010,12,7,2,1548020100425004,6,2,04,we,8835290101,595,1.9,1,1,201026128704we,154802010042599308,DOLPHIN,,674.09858958,23,59,201026128704we,,0,05/04/2021
2010,12,7,2,1548020100425004,6,2,04,we,8835290101,820,4.76,1,1,201026128704we,154802010042599308,DOLPHIN,,674.09858958,32,82,201026128704we,,0,05/04/2021
2010,12,7,1,1548020100425007,6,2,04,we,8835360401,266,0.3353129801,1,1,201026128704we,154802010042599308,YELLOWTAIL SNAPPER,,507.55142659,10,26,201026128704we,,0,05/04/2021
2010,12,7,1,1548020100425008,6,2,04,we,8835360401,309,0.51,1,1,201026128704we,154802010042599308,YELLOWTAIL SNAPPER,,507.55142659,12,30,201026128704we,,0,05/04/2021
2010,13,3,5,1657420100318004,6,2,03,wd,,,,0,0,201026138303wd,1657420100318127159,,,7282.5390386,,,201026138303wd,,0,05/04/2021
2010,13,3,5,1657420100327005,6,2,03,we,,,,0,0,201026138303we,165742010032712710,,,2245.5698446,,,201026138303we,,0,05/04/2021
2010,13,3,5,1657420100327007,6,2,03,we,,,,0,0,201026138303we,165742010032712710,,,3234.3912885,,,201026138303we,,0,05/04/2021
2010,13,3,5,1657420100327008,6,2,03,we,,,,0,0,201026138303we,165742010032712710,,,3234.3912885,,,201026138303we,,0,05/04/2021
2010,13,3,5,1657420100402001,6,2,04,wd,,,,0,0,201026138304wd,165742010040212716,,,3489.3659061,,,201026138304wd,,0,05/04/2021
2010,13,3,5,1657420100402002,6,2,04,wd,8835440601,263,0.2,1,1,201026138304wd,165742010040212716,SOUTHERN KINGFISH,,3489.3659061,10,26,201026138304wd,,0,05/04/2021
2010,13,3,5,1657420100402003,6,2,04,wd,,,,0,0,201026138304wd,165742010040212716,,,3489.3659061,,,201026138304wd,,0,05/04/2021
2010,13,3,5,1657420100402007,6,2,04,wd,,,,0,0,201026138304wd,1657420100402127153,,,8030.7252682,,,201026138304wd,,0,05/04/2021
2010,13,3,5,1657420100402011,6,2,04,wd,,,,0,0,201026138304wd,1657420100402127154,,,3178.6297483,,,201026138304wd,,0,05/04/2021
2010,13,3,5,1657420100402012,6,2,04,wd,8835440601,278,0.2,1,1,201026138304wd,1657420100402127154,SOUTHERN KINGFISH,,3178.6297483,10,27,201026138304wd,,0,05/04/2021
2010,13,3,5,1657420100402012,6,2,04,wd,8835440601,286,0.25,1,1,201026138304wd,1657420100402127154,SOUTHERN KINGFISH,,3178.6297483,11,28,201026138304wd,,0,05/04/2021
2010,13,3,5,1657420100402012,6,2,04,wd,8835440601,296,0.3,1,1,201026138304wd,1657420100402127154,SOUTHERN KINGFISH,,3178.6297483,11,29,201026138304wd,,0,05/04/2021
2010,13,3,5,1657420100402013,6,2,04,wd,8835440601,241,0.2,1,1,201026138304wd,1657420100402127154,SOUTHERN KINGFISH,,22250.408238,9,24,201026138304wd,,0,05/04/2021
2010,13,3,5,1657420100402013,6,2,04,wd,8835440601,263,0.2,1,1,201026138304wd,1657420100402127154,SOUTHERN KINGFISH,,22250.408238,10,26,201026138304wd,,0,05/04/2021
2010,13,3,5,1657420100402013,6,2,04,wd,8835440601,269,0.25,1,1,201026138304wd,1657420100402127154,SOUTHERN KINGFISH,,22250.408238,10,26,201026138304wd,,0,05/04/2021
2010,13,3,5,1657420100402013,6,2,04,wd,8835440601,283,0.2,1,1,201026138304wd,1657420100402127154,SOUTHERN KINGFISH,,22250.408238,11,28,201026138304wd,,0,05/04/2021
2010,13,3,5,1657420100402013,6,2,04,wd,8835440601,323,0.4,1,1,201026138304wd,1657420100402127154,SOUTHERN KINGFISH,,22250.408238,12,32,201026138304wd,,0,05/04/2021
2010,13,3,5,1657420100410001,6,2,04,we,,,,0,0,201026138304we,165742010041012710,,,3288.3316122,,,201026138304we,,0,05/04/2021
2010,13,3,5,1657420100410002,6,2,04,we,,,,0,0,201026138304we,165742010041012710,,,3288.3316122,,,201026138304we,,0,05/04/2021
2010,13,3,5,1657420100410003,6,2,04,we,,,,0,0,201026138304we,165742010041012710,,,3955.2349133,,,201026138304we,,0,05/04/2021
2010,13,3,5,1657420100410004,6,2,04,we,,,,0,0,201026138304we,165742010041012710,,,3955.2349133,,,201026138304we,,0,05/04/2021
2010,13,3,5,1657420100410005,6,2,04,we,8835440601,271,0.2,1,1,201026138304we,165742010041012710,SOUTHERN KINGFISH,,3288.3316122,10,27,201026138304we,,0,05/04/2021
2010,13,3,5,1657420100410005,6,2,04,we,8835440601,258,0.2,1,1,201026138304we,165742010041012710,SOUTHERN KINGFISH,,3288.3316122,10,25,201026138304we,,0,05/04/2021
2010,13,3,5,1657420100410006,6,2,04,we,,,,0,0,201026138304we,165742010041012710,,,3288.3316122,,,201026138304we,,0,05/04/2021
2010,13,3,5,1657420100410007,6,2,04,we,8835440601,319,0.4,0,0,201026138304we,165742010041012710,SOUTHERN KINGFISH,,3955.2349133,12,31,201026138304we,,0,05/04/2021
2010,13,3,5,1657420100410008,6,2,04,we,8835440801,208,0.1,1,1,201026138304we,165742010041012710,BLACK DRUM,,1977.6174566,8,20,201026138304we,,0,05/04/2021
2010,13,3,5,1657420100410008,6,2,04,we,8835440301,186,0.1,1,1,201026138304we,165742010041012710,SILVER PERCH,,2768.6644393,7,18,201026138304we,,0,05/04/2021
2010,13,3,5,1657420100410008,6,2,04,we,8835440301,165,0.05,1,1,201026138304we,165742010041012710,SILVER PERCH,,2768.6644393,6,16,201026138304we,,0,05/04/2021
2010,13,3,5,1657420100410008,6,2,04,we,8835440301,186,0.1,1,1,201026138304we,165742010041012710,SILVER PERCH,,2768.6644393,7,18,201026138304we,,0,05/04/2021
2010,13,3,5,1657420100410008,6,2,04,we,8835440301,165,0.05,1,1,201026138304we,165742010041012710,SILVER PERCH,,2768.6644393,6,16,201026138304we,,0,05/04/2021
2010,13,3,5,1657420100410008,6,2,04,we,8835440301,192,0.1,1,1,201026138304we,165742010041012710,SILVER PERCH,,2768.6644393,7,19,201026138304we,,0,05/04/2021
2010,13,3,5,1657420100410008,6,2,04,we,8835020301,310,0.5,1,1,201026138304we,165742010041012710,BLACK SEA BASS,,1977.6174566,12,31,201026138304we,,0,05/04/2021
2010,13,3,5,1657420100410008,6,2,04,we,8835020301,330,0.55,1,1,201026138304we,165742010041012710,BLACK SEA BASS,,1977.6174566,12,33,201026138304we,,0,05/04/2021
2010,13,3,5,1657420100410010,6,2,04,we,,,,0,0,201026138304we,165742010041012710,,,3955.2349133,,,201026138304we,,0,05/04/2021
2010,13,3,5,1657420100410015,6,2,04,we,8835440601,271,0.2,1,1,201026138304we,165742010041012710,SOUTHERN KINGFISH,,9492.5637918,10,27,201026138304we,,0,05/04/2021
2010,13,3,5,1657420100410015,6,2,04,we,8835440601,269,0.2,1,1,201026138304we,165742010041012710,SOUTHERN KINGFISH,,9492.5637918,10,26,201026138304we,,0,05/04/2021
2010,13,3,5,1657420100410015,6,2,04,we,8835440601,264,0.2,1,1,201026138304we,165742010041012710,SOUTHERN KINGFISH,,9492.5637918,10,26,201026138304we,,0,05/04/2021
2010,13,3,5,1657420100410015,6,2,04,we,8835440601,294,0.3,1,1,201026138304we,165742010041012710,SOUTHERN KINGFISH,,9492.5637918,11,29,201026138304we,,0,05/04/2021
2010,13,3,5,1657420100410015,6,2,04,we,8835440601,252,0.2,1,1,201026138304we,165742010041012710,SOUTHERN KINGFISH,,9492.5637918,9,25,201026138304we,,0,05/04/2021
2010,13,3,5,1657420100410016,6,2,04,we,,,,0,0,201026138304we,165742010041012710,,,3955.2349133,,,201026138304we,,0,05/04/2021
2010,13,3,5,1657420100410017,6,2,04,we,,,,0,0,201026138304we,165742010041012710,,,3955.2349133,,,201026138304we,,0,05/04/2021
2010,13,3,1,1657420100414001,6,2,04,wd,,,,0,0,201026138304wd,1657420100414127109,,,2971.7501726,,,201026138304wd,,0,05/04/2021
2010,13,3,1,1657420100414002,6,2,04,wd,,,,0,0,201026138304wd,1657420100414127109,,,2971.7501726,,,201026138304wd,,0,05/04/2021
2010,13,3,1,1657420100414007,6,2,04,wd,8713070301,263,0.95,0,0,201026138304wd,1657420100414127109,COWNOSE RAY,,2971.7501726,10,26,201026138304wd,,0,05/04/2021
2010,13,3,1,1657420100414007,6,2,04,wd,8713070301,263,0.95,1,1,201026138304wd,1657420100414127109,COWNOSE RAY,,2971.7501726,10,26,201026138304wd,,0,05/04/2021
2010,13,3,1,1657420100414007,6,2,04,wd,8713070301,314,1.4,0,0,201026138304wd,1657420100414127109,COWNOSE RAY,,2971.7501726,12,31,201026138304wd,,0,05/04/2021
2010,13,3,1,1657420100414007,6,2,04,wd,8713070301,314,1.4,1,1,201026138304wd,1657420100414127109,COWNOSE RAY,,2971.7501726,12,31,201026138304wd,,0,05/04/2021
2010,13,3,1,1657420100414011,6,2,04,wd,,,,0,0,201026138304wd,1657420100414127109,,,2971.7501726,,,201026138304wd,,0,05/04/2021
2010,13,3,1,1657420100414012,6,2,04,wd,,,,0,0,201026138304wd,1657420100414127109,,,2971.7501726,,,201026138304wd,,0,05/04/2021
2010,13,3,1,1657420100414013,6,2,04,wd,8835440601,272,0.2,1,1,201026138304wd,1657420100414127109,SOUTHERN KINGFISH,,2971.7501726,10,27,201026138304wd,,0,05/04/2021
2010,13,3,1,1657420100414013,6,2,04,wd,8835440601,292,0.25,1,1,201026138304wd,1657420100414127109,SOUTHERN KINGFISH,,2971.7501726,11,29,201026138304wd,,0,05/04/2021
2010,13,3,1,1657420100414013,6,2,04,wd,8835440601,290,0.25,1,1,201026138304wd,1657420100414127109,SOUTHERN KINGFISH,,2971.7501726,11,29,201026138304wd,,0,05/04/2021
2010,13,3,1,1657420100414015,6,2,04,wd,8835440601,261,0.15,1,1,201026138304wd,1657420100414127109,SOUTHERN KINGFISH,,5349.1503106,10,26,201026138304wd,,0,05/04/2021
2010,13,3,1,1657420100414015,6,2,04,wd,8835440601,266,0.2,1,1,201026138304wd,1657420100414127109,SOUTHERN KINGFISH,,5349.1503106,10,26,201026138304wd,,0,05/04/2021
2010,13,3,1,1657420100414015,6,2,04,wd,8835440601,266,0.15,1,1,201026138304wd,1657420100414127109,SOUTHERN KINGFISH,,5349.1503106,10,26,201026138304wd,,0,05/04/2021
2010,13,3,1,1657420100414015,6,2,04,wd,8835440601,272,0.2,1,1,201026138304wd,1657420100414127109,SOUTHERN KINGFISH,,5349.1503106,10,27,201026138304wd,,0,05/04/2021
2010,13,3,1,1657420100414015,6,2,04,wd,8835440601,278,0.2,1,1,201026138304wd,1657420100414127109,SOUTHERN KINGFISH,,5349.1503106,10,27,201026138304wd,,0,05/04/2021
2010,13,3,1,1657420100414016,6,2,04,wd,8835440601,293,0.25,1,1,201026138304wd,1657420100414127109,SOUTHERN KINGFISH,,2971.7501726,11,29,201026138304wd,,0,05/04/2021
2010,13,3,1,1657420100414016,6,2,04,wd,8835440601,256,0.15,1,1,201026138304wd,1657420100414127109,SOUTHERN KINGFISH,,2971.7501726,10,25,201026138304wd,,0,05/04/2021
2010,13,3,1,1657420100414016,6,2,04,wd,8835440601,291,0.25,1,1,201026138304wd,1657420100414127109,SOUTHERN KINGFISH,,2971.7501726,11,29,201026138304wd,,0,05/04/2021
2010,13,3,1,1657420100414016,6,2,04,wd,8835440601,256,0.15,1,1,201026138304wd,1657420100414127109,SOUTHERN KINGFISH,,2971.7501726,10,25,201026138304wd,,0,05/04/2021
2010,13,3,5,1657520100331001,6,2,03,wd,,,,0,0,201026138303wd,165752010033117985,,,15845.963004,,,201026138303wd,,0,05/04/2021
2010,13,3,5,1657520100331002,6,2,03,wd,,,,0,0,201026138303wd,165752010033117985,,,15845.963004,,,201026138303wd,,0,05/04/2021
2010,13,3,5,1657520100331003,6,2,03,wd,,,,0,0,201026138303wd,165752010033117985,,,15845.963004,,,201026138303wd,,0,05/04/2021
2010,13,3,5,1657520100331004,6,2,03,wd,,,,0,0,201026138303wd,165752010033117985,,,15845.963004,,,201026138303wd,,0,05/04/2021
2010,13,5,5,1604720100417001,6,2,04,we,8857030304,318,0.35,0,0,201026138504we,160472010041712724,SOUTHERN FLOUNDER,,6.527066476,12,31,201026138504we,,0,05/04/2021
2010,13,5,5,1604720100417001,6,2,04,we,8835440901,412,0.8,0,0,201026138504we,160472010041712724,RED DRUM,,6.527066476,16,41,201026138504we,,0,05/04/2021
2010,13,5,5,1604720100417001,6,2,04,we,8835440901,436,1,0,0,201026138504we,160472010041712724,RED DRUM,,6.527066476,17,43,201026138504we,,0,05/04/2021
2010,13,5,5,1604720100417001,6,2,04,we,8835440801,600,3.6,0,0,201026138504we,160472010041712724,BLACK DRUM,,6.527066476,23,60,201026138504we,,0,05/04/2021
2010,13,5,5,1604720100417001,6,2,04,we,8835440102,358,0.45,0,0,201026138504we,160472010041712724,SPOTTED SEATROUT,,6.527066476,14,35,201026138504we,,0,05/04/2021
2010,13,5,5,1604720100417002,6,2,04,we,,,,0,0,201026138504we,160472010041712724,,,6.527066476,,,201026138504we,,0,05/04/2021
2010,13,5,5,1605020100306001,6,2,03,we,8835440901,404,0.75,0,0,201026138503we,160502010030612724,RED DRUM,,4.9328912445,15,40,201026138503we,,0,05/04/2021
2010,13,5,5,1605020100306001,6,2,03,we,8835440901,450,1.080639345,0,1,201026138503we,160502010030612724,RED DRUM,,4.9328912445,17,45,201026138503we,,0,05/04/2021
2010,13,5,5,1605020100306001,6,2,03,we,8835440901,481,1.3221656953,0,1,201026138503we,160502010030612724,RED DRUM,,4.9328912445,18,48,201026138503we,,0,05/04/2021
2010,13,5,5,1605020100306001,6,2,03,we,8835440901,392,0.65,0,0,201026138503we,160502010030612724,RED DRUM,,4.9328912445,15,39,201026138503we,,0,05/04/2021
2010,13,5,5,1605020100306001,6,2,03,we,8835440901,402,0.7,0,0,201026138503we,160502010030612724,RED DRUM,,4.9328912445,15,40,201026138503we,,0,05/04/2021
2010,13,5,5,1605020100306001,6,2,03,we,8835440901,405,0.7,0,0,201026138503we,160502010030612724,RED DRUM,,4.9328912445,15,40,201026138503we,,0,05/04/2021
2010,13,5,5,1605020100306001,6,2,03,we,8835440901,407,0.75,0,0,201026138503we,160502010030612724,RED DRUM,,4.9328912445,16,40,201026138503we,,0,05/04/2021
2010,13,5,5,1605020100306001,6,2,03,we,8835440901,411,0.8,0,0,201026138503we,160502010030612724,RED DRUM,,4.9328912445,16,41,201026138503we,,0,05/04/2021
2010,13,5,5,1605020100306001,6,2,03,we,8835440901,413,0.85,0,0,201026138503we,160502010030612724,RED DRUM,,4.9328912445,16,41,201026138503we,,0,05/04/2021
2010,13,5,5,1605020100306001,6,2,03,we,8835440901,452,1.0952475378,0,1,201026138503we,160502010030612724,RED DRUM,,4.9328912445,17,45,201026138503we,,0,05/04/2021
2010,13,5,5,1605020100306001,6,2,03,we,8835440901,402,0.75,0,0,201026138503we,160502010030612724,RED DRUM,,4.9328912445,15,40,201026138503we,,0,05/04/2021
2010,13,5,5,1605020100306001,6,2,03,we,8835440901,381,0.6,0,0,201026138503we,160502010030612724,RED DRUM,,4.9328912445,14,38,201026138503we,,0,05/04/2021
2010,13,5,5,1605020100306001,6,2,03,we,8835440901,406,0.8,0,0,201026138503we,160502010030612724,RED DRUM,,4.9328912445,15,40,201026138503we,,0,05/04/2021
2010,13,5,5,1605020100306002,6,2,03,we,,,,0,0,201026138503we,160502010030612724,,,4.9328912445,,,201026138503we,,0,05/04/2021
2010,13,5,5,1605020100320001,6,2,03,we,,,,0,0,201026138503we,160502010032012724,,,2.0956696662,,,201026138503we,,0,05/04/2021
2010,13,5,5,1605020100320002,6,2,03,we,8835440901,524,1.2,0,0,201026138503we,160502010032012720,RED DRUM,,0.686276375,20,52,201026138503we,,0,05/04/2021
2010,13,5,5,1657320100319001,6,2,03,wd,,,,0,0,201026138503wd,1657320100319127125,,,2.101438172,,,201026138503wd,,0,05/04/2021
2010,13,5,5,1657320100319002,6,2,03,wd,,,,0,0,201026138503wd,1657320100319127125,,,2.101438172,,,201026138503wd,,0,05/04/2021
2010,13,5,5,1657320100319003,6,2,03,wd,,,,0,0,201026138503wd,1657320100319127125,,,2.101438172,,,201026138503wd,,0,05/04/2021
2010,13,5,5,1657320100319004,6,2,03,wd,,,,0,0,201026138503wd,1657320100319127125,,,2.101438172,,,201026138503wd,,0,05/04/2021
2010,13,5,5,1657320100319005,6,2,03,wd,,,,0,0,201026138503wd,1657320100319127125,,,2.101438172,,,201026138503wd,,0,05/04/2021
2010,13,5,5,1657320100319006,6,2,03,wd,,,,0,0,201026138503wd,1657320100319127125,,,2.101438172,,,201026138503wd,,0,05/04/2021
2010,13,5,5,1657320100319007,6,2,03,wd,,,,0,0,201026138503wd,1657320100319127125,,,2.101438172,,,201026138503wd,,0,05/04/2021
2010,13,5,5,1657320100327001,6,2,03,we,,,,0,0,201026138503we,1657320100327127125,,,3.9903503155,,,201026138503we,,0,05/04/2021
2010,13,5,5,1657320100327002,6,2,03,we,,,,0,0,201026138503we,1657320100327127125,,,15.961401262,,,201026138503we,,0,05/04/2021
2010,13,5,5,1657320100327003,6,2,03,we,,,,0,0,201026138503we,1657320100327127125,,,3.9903503155,,,201026138503we,,0,05/04/2021
2010,13,5,5,1657320100327008,6,2,03,we,,,,0,0,201026138503we,1657320100327127125,,,3.1922802524,,,201026138503we,,0,05/04/2021
2010,13,5,5,1657320100327009,6,2,03,we,,,,0,0,201026138503we,1657320100327127125,,,3.1922802524,,,201026138503we,,0,05/04/2021
2010,13,5,5,1657320100329008,6,2,03,wd,,,,0,0,201026138503wd,1657320100329127125,,,2.4071019061,,,201026138503wd,,0,05/04/2021
2010,13,5,5,1657320100329010,6,2,03,wd,,,,0,0,201026138503wd,1657320100329127125,,,2.4071019061,,,201026138503wd,,0,05/04/2021
2010,13,5,5,1657320100402001,6,2,04,wd,,,,0,0,201026138504wd,1657320100402391802,,,17.481811885,,,201026138504wd,,0,05/04/2021
2010,13,5,5,1657320100402002,6,2,04,wd,,,,0,0,201026138504wd,1657320100402391802,,,14.527085461,,,201026138504wd,,0,05/04/2021
2010,13,5,5,1657320100402003,6,2,04,wd,,,,0,0,201026138504wd,1657320100402391802,,,14.527085461,,,201026138504wd,,0,05/04/2021
2010,13,5,5,1657320100402004,6,2,04,wd,,,,0,0,201026138504wd,1657320100402391802,,,17.481811885,,,201026138504wd,,0,05/04/2021
2010,13,5,5,1657320100402005,6,2,04,wd,,,,0,0,201026138504wd,1657320100402391802,,,17.481811885,,,201026138504wd,,0,05/04/2021
2010,13,5,5,1657320100402006,6,2,04,wd,,,,0,0,201026138504wd,1657320100402391802,,,17.481811885,,,201026138504wd,,0,05/04/2021
2010,13,5,5,1657420100330002,6,2,03,wd,,,,0,0,201026138503wd,1657420100330127125,,,20.183773747,,,201026138503wd,,0,05/04/2021
2010,13,5,5,1657420100330003,6,2,03,wd,,,,0,0,201026138503wd,1657420100330127125,,,20.183773747,,,201026138503wd,,0,05/04/2021
2010,13,5,5,1657420100330005,6,2,03,wd,,,,0,0,201026138503wd,1657420100330127125,,,60.551321241,,,201026138503wd,,0,05/04/2021
2010,13,5,5,1657420100330006,6,2,03,wd,,,,0,0,201026138503wd,1657420100330127125,,,60.551321241,,,201026138503wd,,0,05/04/2021
2010,13,5,2,1657420100330007,6,2,03,wd,8835440104,425,0.75,0,0,201026138503wd,1657420100330127125,WEAKFISH,,21.175175319,16,42,201026138503wd,,0,05/04/2021
2010,13,5,2,1657420100330007,6,2,03,wd,8835440104,342,0.45,0,0,201026138503wd,1657420100330127125,WEAKFISH,,21.175175319,13,34,201026138503wd,,0,05/04/2021
2010,13,5,2,1657420100330007,6,2,03,wd,8835440104,342,0.5,0,0,201026138503wd,1657420100330127125,WEAKFISH,,21.175175319,13,34,201026138503wd,,0,05/04/2021
2010,13,5,2,1657420100330007,6,2,03,wd,8835440104,362,0.35,0,0,201026138503wd,1657420100330127125,WEAKFISH,,21.175175319,14,36,201026138503wd,,0,05/04/2021
2010,13,5,2,1657420100330007,6,2,03,wd,8835440104,364,0.5,0,0,201026138503wd,1657420100330127125,WEAKFISH,,21.175175319,14,36,201026138503wd,,0,05/04/2021
2010,13,5,2,1657420100330007,6,2,03,wd,8835440104,364,0.55,0,0,201026138503wd,1657420100330127125,WEAKFISH,,21.175175319,14,36,201026138503wd,,0,05/04/2021
2010,13,5,2,1657420100330007,6,2,03,wd,8835440104,345,0.45,0,0,201026138503wd,1657420100330127125,WEAKFISH,,21.175175319,13,34,201026138503wd,,0,05/04/2021
2010,13,5,2,1657420100330008,6,2,03,wd,,,,0,0,201026138503wd,1657420100330127125,,,21.175175319,,,201026138503wd,,0,05/04/2021
2010,13,5,2,1657420100330009,6,2,03,wd,,,,0,0,201026138503wd,1657420100330127125,,,21.175175319,,,201026138503wd,,0,05/04/2021
2010,13,5,2,1657420100330010,6,2,03,wd,,,,0,0,201026138503wd,1657420100330127125,,,21.175175319,,,201026138503wd,,0,05/04/2021
2010,13,5,2,1657420100330011,6,2,03,wd,8835440104,491,1.3,0,0,201026138503wd,1657420100330127125,WEAKFISH,,21.175175319,19,49,201026138503wd,,0,05/04/2021
2010,13,5,2,1657420100330011,6,2,03,wd,8835440104,436,0.8,0,0,201026138503wd,1657420100330127125,WEAKFISH,,21.175175319,17,43,201026138503wd,,0,05/04/2021
2010,13,5,2,1657420100330011,6,2,03,wd,8835440104,331,0.4,0,0,201026138503wd,1657420100330127125,WEAKFISH,,21.175175319,13,33,201026138503wd,,0,05/04/2021
2010,13,5,2,1657420100330011,6,2,03,wd,8835440104,359,0.55,0,0,201026138503wd,1657420100330127125,WEAKFISH,,21.175175319,14,35,201026138503wd,,0,05/04/2021
2010,13,5,2,1657420100330011,6,2,03,wd,8835440104,470,0.95,0,0,201026138503wd,1657420100330127125,WEAKFISH,,21.175175319,18,47,201026138503wd,,0,05/04/2021
2010,13,5,2,1657420100330011,6,2,03,wd,8835440104,374,0.6,0,0,201026138503wd,1657420100330127125,WEAKFISH,,21.175175319,14,37,201026138503wd,,0,05/04/2021
2010,13,5,2,1657420100330011,6,2,03,wd,8835440104,366,0.5,0,0,201026138503wd,1657420100330127125,WEAKFISH,,21.175175319,14,36,201026138503wd,,0,05/04/2021
2010,13,5,2,1657420100330011,6,2,03,wd,8835020301,301,0.4,0,0,201026138503wd,1657420100330127125,BLACK SEA BASS,,21.175175319,11,30,201026138503wd,,0,05/04/2021
2010,13,5,2,1657420100330011,6,2,03,wd,8835020301,298,0.4,0,0,201026138503wd,1657420100330127125,BLACK SEA BASS,,21.175175319,11,29,201026138503wd,,0,05/04/2021
2010,13,5,2,1657420100330012,6,2,03,wd,,,,0,0,201026138503wd,1657420100330127125,,,21.175175319,,,201026138503wd,,0,05/04/2021
2010,13,5,2,1657420100330013,6,2,03,wd,,,,0,0,201026138503wd,1657420100330127125,,,21.175175319,,,201026138503wd,,0,05/04/2021
2010,13,5,2,1657420100330014,6,2,03,wd,,,,0,0,201026138503wd,1657420100330127125,,,21.175175319,,,201026138503wd,,0,05/04/2021
2010,13,5,5,1657420100330015,6,2,03,wd,,,,0,0,201026138503wd,1657420100330127125,,,20.183773747,,,201026138503wd,,0,05/04/2021
2010,13,5,5,1657420100330016,6,2,03,wd,8835440601,283,0.3,1,1,201026138503wd,1657420100330127125,SOUTHERN KINGFISH,,20.183773747,11,28,201026138503wd,,0,05/04/2021
2010,13,5,5,1657420100420001,6,2,04,wd,,,,0,0,201026138504wd,1657420100420127125,,,18.786572578,,,201026138504wd,,0,05/04/2021
2010,13,5,5,1657420100420002,6,2,04,wd,,,,0,0,201026138504wd,1657420100420127125,,,18.786572578,,,201026138504wd,,0,05/04/2021
2010,13,5,5,1657420100420003,6,2,04,wd,,,,0,0,201026138504wd,1657420100420127125,,,18.786572578,,,201026138504wd,,0,05/04/2021
2010,13,5,5,1657420100420004,6,2,04,wd,,,,0,0,201026138504wd,1657420100420127125,,,16.119761751,,,201026138504wd,,0,05/04/2021
2010,13,5,5,1657520100319005,6,2,03,wd,,,,0,0,201026138503wd,165752010031951178,,,3.3799214035,,,201026138503wd,,0,05/04/2021
2010,13,5,2,1657520100319006,6,2,03,wd,8835430301,354,1.15,0,0,201026138503wd,165752010031951819,SHEEPSHEAD,,9.3918952497,13,35,201026138503wd,,0,05/04/2021
2010,13,5,2,1657520100319006,6,2,03,wd,8835430301,338,0.95,0,0,201026138503wd,165752010031951819,SHEEPSHEAD,,9.3918952497,13,33,201026138503wd,,0,05/04/2021
2010,13,5,2,1657520100319006,6,2,03,wd,8835430301,347,0.95,1,1,201026138503wd,165752010031951819,SHEEPSHEAD,,9.3918952497,13,34,201026138503wd,,0,05/04/2021
2010,13,5,2,1657520100319006,6,2,03,wd,8835430301,354,1.15,1,1,201026138503wd,165752010031951819,SHEEPSHEAD,,9.3918952497,13,35,201026138503wd,,0,05/04/2021
2010,13,5,2,1657520100319006,6,2,03,wd,8835430301,337,0.95,1,1,201026138503wd,165752010031951819,SHEEPSHEAD,,9.3918952497,13,33,201026138503wd,,0,05/04/2021
2010,13,5,2,1657520100319006,6,2,03,wd,8835020301,306,0.45,0,0,201026138503wd,165752010031951819,BLACK SEA BASS,,14.087842875,12,30,201026138503wd,,0,05/04/2021
2010,13,5,2,1657520100319006,6,2,03,wd,8835020301,316,0.4,1,1,201026138503wd,165752010031951819,BLACK SEA BASS,,14.087842875,12,31,201026138503wd,,0,05/04/2021
2010,13,5,2,1657520100319006,6,2,03,wd,8835020301,360,0.65,0,0,201026138503wd,165752010031951819,BLACK SEA BASS,,14.087842875,14,36,201026138503wd,,0,05/04/2021
2010,13,5,2,1657520100319006,6,2,03,wd,8835020301,308,0.4,0,0,201026138503wd,165752010031951819,BLACK SEA BASS,,14.087842875,12,30,201026138503wd,,0,05/04/2021
2010,13,5,2,1657520100319006,6,2,03,wd,8835020301,333,0.5,0,0,201026138503wd,165752010031951819,BLACK SEA BASS,,14.087842875,13,33,201026138503wd,,0,05/04/2021
2010,13,5,2,1657520100319006,6,2,03,wd,8835020301,310,0.45,0,0,201026138503wd,165752010031951819,BLACK SEA BASS,,14.087842875,12,31,201026138503wd,,0,05/04/2021
2010,13,5,2,1657520100319006,6,2,03,wd,8835020301,330,0.5,0,0,201026138503wd,165752010031951819,BLACK SEA BASS,,14.087842875,12,33,201026138503wd,,0,05/04/2021
2010,13,5,2,1657520100319006,6,2,03,wd,8835020301,317,0.45,0,0,201026138503wd,165752010031951819,BLACK SEA BASS,,14.087842875,12,31,201026138503wd,,0,05/04/2021
2010,13,5,2,1657520100319006,6,2,03,wd,8835020301,359,0.75,0,0,201026138503wd,165752010031951819,BLACK SEA BASS,,14.087842875,14,35,201026138503wd,,0,05/04/2021
2010,13,5,2,1657520100319006,6,2,03,wd,8835020301,325,0.65,1,1,201026138503wd,165752010031951819,BLACK SEA BASS,,14.087842875,12,32,201026138503wd,,0,05/04/2021
2010,13,5,2,1657520100319006,6,2,03,wd,8835020301,341,0.6,0,0,201026138503wd,165752010031951819,BLACK SEA BASS,,14.087842875,13,34,201026138503wd,,0,05/04/2021
2010,13,5,2,1657520100319006,6,2,03,wd,8835430301,404,1.7,1,1,201026138503wd,165752010031951819,SHEEPSHEAD,,9.3918952497,15,40,201026138503wd,,0,05/04/2021
2010,13,5,2,1657520100319006,6,2,03,wd,8835020301,302,0.4,0,0,201026138503wd,165752010031951819,BLACK SEA BASS,,14.087842875,11,30,201026138503wd,,0,05/04/2021
2010,13,5,2,1657520100319006,6,2,03,wd,8835020301,305,0.4,0,0,201026138503wd,165752010031951819,BLACK SEA BASS,,14.087842875,12,30,201026138503wd,,0,05/04/2021
2010,13,5,2,1657520100319006,6,2,03,wd,8835020301,304,0.45,0,0,201026138503wd,165752010031951819,BLACK SEA BASS,,14.087842875,11,30,201026138503wd,,0,05/04/2021
2010,13,5,2,1657520100319006,6,2,03,wd,8835020301,304,0.45,1,1,201026138503wd,165752010031951819,BLACK SEA BASS,,14.087842875,11,30,201026138503wd,,0,05/04/2021
2010,13,5,2,1657520100319006,6,2,03,wd,8835020301,308,0.45,0,0,201026138503wd,165752010031951819,BLACK SEA BASS,,14.087842875,12,30,201026138503wd,,0,05/04/2021
2010,13,5,2,1657520100319006,6,2,03,wd,8835020301,316,0.4,0,0,201026138503wd,165752010031951819,BLACK SEA BASS,,14.087842875,12,31,201026138503wd,,0,05/04/2021
2010,13,5,2,1657520100319006,6,2,03,wd,8835020301,310,0.5,0,0,201026138503wd,165752010031951819,BLACK SEA BASS,,14.087842875,12,31,201026138503wd,,0,05/04/2021
2010,13,5,2,1657520100319006,6,2,03,wd,8835020301,316,0.5,0,0,201026138503wd,165752010031951819,BLACK SEA BASS,,14.087842875,12,31,201026138503wd,,0,05/04/2021
2010,13,5,2,1657520100319006,6,2,03,wd,8835020301,302,0.4,1,1,201026138503wd,165752010031951819,BLACK SEA BASS,,14.087842875,11,30,201026138503wd,,0,05/04/2021
2010,13,5,2,1657520100319007,6,2,03,wd,,,,0,0,201026138503wd,165752010031951819,,,8.497169532,,,201026138503wd,,0,05/04/2021
2010,13,5,2,1657520100319008,6,2,03,wd,,,,0,0,201026138503wd,165752010031951819,,,8.497169532,,,201026138503wd,,0,05/04/2021
2010,13,5,2,1657520100319009,6,2,03,wd,,,,0,0,201026138503wd,165752010031951819,,,8.497169532,,,201026138503wd,,0,05/04/2021
2010,13,5,5,1657520100408001,6,2,04,wd,8835440601,263,0.2,1,1,201026138504wd,165752010040851178,SOUTHERN KINGFISH,,3.297475457,10,26,201026138504wd,,0,05/04/2021
2010,13,5,5,1657520100408001,6,2,04,wd,8835440601,273,0.25,1,1,201026138504wd,165752010040851178,SOUTHERN KINGFISH,,3.297475457,10,27,201026138504wd,,0,05/04/2021
2010,13,5,5,1657520100408001,6,2,04,wd,8835440601,273,0.25,1,1,201026138504wd,165752010040851178,SOUTHERN KINGFISH,,3.297475457,10,27,201026138504wd,,0,05/04/2021
2010,13,5,5,1657520100408001,6,2,04,wd,8835440601,295,0.3,1,1,201026138504wd,165752010040851178,SOUTHERN KINGFISH,,3.297475457,11,29,201026138504wd,,0,05/04/2021
2010,13,5,5,1657520100408001,6,2,04,wd,8835440601,319,0.3,1,1,201026138504wd,165752010040851178,SOUTHERN KINGFISH,,3.297475457,12,31,201026138504wd,,0,05/04/2021
2010,13,5,5,1657520100408001,6,2,04,wd,8835440102,358,0.45,1,1,201026138504wd,165752010040851178,SPOTTED SEATROUT,,2.3553396121,14,35,201026138504wd,,0,05/04/2021
2010,13,5,5,1657520100408001,6,2,04,wd,8835440102,360,0.55,1,1,201026138504wd,165752010040851178,SPOTTED SEATROUT,,2.3553396121,14,36,201026138504wd,,0,05/04/2021
2010,13,5,5,1657520100408003,6,2,04,wd,,,,0,0,201026138504wd,165752010040851178,,,1.6235666831,,,201026138504wd,,0,05/04/2021
2010,13,5,5,1657520100408004,6,2,04,wd,,,,0,0,201026138504wd,165752010040851178,,,1.6235666831,,,201026138504wd,,0,05/04/2021
2010,13,5,5,1657520100408005,6,2,04,wd,8857030304,370,0.5,0,0,201026138504wd,165752010040851178,SOUTHERN FLOUNDER,,2.7450007793,14,37,201026138504wd,,0,05/04/2021
2010,13,5,5,1657520100408005,6,2,04,wd,8835440901,556,2.1,0,0,201026138504wd,165752010040851178,RED DRUM,,2.7450007793,21,55,201026138504wd,,0,05/04/2021
2010,13,5,5,1657520100408005,6,2,04,wd,8835440901,593,2.4,0,0,201026138504wd,165752010040851178,RED DRUM,,2.7450007793,23,59,201026138504wd,,0,05/04/2021
2010,13,5,5,1657520100408008,6,2,04,wd,,,,0,0,201026138504wd,165752010040851178,,,1.4329250492,,,201026138504wd,,0,05/04/2021
2010,13,5,5,1657520100408009,6,2,04,wd,,,,0,0,201026138504wd,165752010040851178,,,1.4329250492,,,201026138504wd,,0,05/04/2021
2010,13,5,5,1657520100408010,6,2,04,wd,,,,0,0,201026138504wd,165752010040851178,,,1.4329250492,,,201026138504wd,,0,05/04/2021
2010,13,5,2,1657520100410001,6,2,04,we,8835360501,341,0.6,0,0,201026138504we,165752010041051819,VERMILION SNAPPER,,1.3352835835,13,34,201026138504we,,0,05/04/2021
2010,13,5,2,1657520100410001,6,2,04,we,8835360501,274,0.4,0,0,201026138504we,165752010041051819,VERMILION SNAPPER,,1.3352835835,10,27,201026138504we,,0,05/04/2021
2010,13,5,2,1657520100410001,6,2,04,we,8835360501,302,0.55,1,1,201026138504we,165752010041051819,VERMILION SNAPPER,,1.3352835835,11,30,201026138504we,,0,05/04/2021
2010,13,5,2,1657520100410001,6,2,04,we,8835021002,203,0.2,1,1,201026138504we,165752010041051819,SAND PERCH,,5.341134334,7,20,201026138504we,,0,05/04/2021
2010,13,5,2,1657520100410001,6,2,04,we,8835021002,240,0.2,1,1,201026138504we,165752010041051819,SAND PERCH,,5.341134334,9,24,201026138504we,,0,05/04/2021
2010,13,5,2,1657520100410001,6,2,04,we,8835021002,220,0.3,1,1,201026138504we,165752010041051819,SAND PERCH,,5.341134334,8,22,201026138504we,,0,05/04/2021
2010,13,5,2,1657520100410001,6,2,04,we,8835021002,233,0.2,1,1,201026138504we,165752010041051819,SAND PERCH,,5.341134334,9,23,201026138504we,,0,05/04/2021
2010,13,5,2,1657520100410001,6,2,04,we,8835021002,212,0.25,1,1,201026138504we,165752010041051819,SAND PERCH,,5.341134334,8,21,201026138504we,,0,05/04/2021
2010,13,5,2,1657520100410001,6,2,04,we,8835020304,241,0.25,1,1,201026138504we,165752010041051819,BANK SEA BASS,,1.6023403002,9,24,201026138504we,,0,05/04/2021
2010,13,5,2,1657520100410001,6,2,04,we,8835020304,256,0.25,1,1,201026138504we,165752010041051819,BANK SEA BASS,,1.6023403002,10,25,201026138504we,,0,05/04/2021
2010,13,5,2,1657520100410001,6,2,04,we,8835020304,274,0.3,1,1,201026138504we,165752010041051819,BANK SEA BASS,,1.6023403002,10,27,201026138504we,,0,05/04/2021
2010,13,5,2,1657520100410001,6,2,04,we,8835020304,274,0.3,1,1,201026138504we,165752010041051819,BANK SEA BASS,,1.6023403002,10,27,201026138504we,,0,05/04/2021
2010,13,5,2,1657520100410001,6,2,04,we,8835020301,365,0.75,0,0,201026138504we,165752010041051819,BLACK SEA BASS,,2.1737174615,14,36,201026138504we,,0,05/04/2021
2010,13,5,2,1657520100410001,6,2,04,we,8835020301,367,0.8,0,0,201026138504we,165752010041051819,BLACK SEA BASS,,2.1737174615,14,36,201026138504we,,0,05/04/2021
2010,13,5,2,1657520100410001,6,2,04,we,8835020301,367,0.7,0,0,201026138504we,165752010041051819,BLACK SEA BASS,,2.1737174615,14,36,201026138504we,,0,05/04/2021
2010,13,5,2,1657520100410001,6,2,04,we,8835020301,368,0.9,0,0,201026138504we,165752010041051819,BLACK SEA BASS,,2.1737174615,14,36,201026138504we,,0,05/04/2021
2010,13,5,2,1657520100410001,6,2,04,we,8835020301,381,0.95,0,0,201026138504we,165752010041051819,BLACK SEA BASS,,2.1737174615,14,38,201026138504we,,0,05/04/2021
2010,13,5,2,1657520100410001,6,2,04,we,8835020301,386,1,0,0,201026138504we,165752010041051819,BLACK SEA BASS,,2.1737174615,15,38,201026138504we,,0,05/04/2021
2010,13,5,2,1657520100410001,6,2,04,we,8835020301,391,0.9,0,0,201026138504we,165752010041051819,BLACK SEA BASS,,2.1737174615,15,39,201026138504we,,0,05/04/2021
2010,13,5,2,1657520100410001,6,2,04,we,8835020301,443,1.2,0,0,201026138504we,165752010041051819,BLACK SEA BASS,,2.1737174615,17,44,201026138504we,,0,05/04/2021
2010,13,5,2,1657520100410001,6,2,04,we,8835020301,291,0.45,0,0,201026138504we,165752010041051819,BLACK SEA BASS,,2.1737174615,11,29,201026138504we,,0,05/04/2021
2010,13,5,2,1657520100410001,6,2,04,we,8835020301,308,0.4,0,0,201026138504we,165752010041051819,BLACK SEA BASS,,2.1737174615,12,30,201026138504we,,0,05/04/2021
2010,13,5,2,1657520100410001,6,2,04,we,8835020301,308,0.45,0,0,201026138504we,165752010041051819,BLACK SEA BASS,,2.1737174615,12,30,201026138504we,,0,05/04/2021
2010,13,5,2,1657520100410001,6,2,04,we,8835020301,313,0.45,0,0,201026138504we,165752010041051819,BLACK SEA BASS,,2.1737174615,12,31,201026138504we,,0,05/04/2021
2010,13,5,2,1657520100410001,6,2,04,we,8835020301,310,0.55,1,1,201026138504we,165752010041051819,BLACK SEA BASS,,2.1737174615,12,31,201026138504we,,0,05/04/2021
2010,13,5,2,1657520100410001,6,2,04,we,8835020301,322,0.6,0,0,201026138504we,165752010041051819,BLACK SEA BASS,,2.1737174615,12,32,201026138504we,,0,05/04/2021
2010,13,5,2,1657520100410001,6,2,04,we,8835020301,325,0.65,0,0,201026138504we,165752010041051819,BLACK SEA BASS,,2.1737174615,12,32,201026138504we,,0,05/04/2021
2010,13,5,2,1657520100410001,6,2,04,we,8835020301,372,0.85,0,0,201026138504we,165752010041051819,BLACK SEA BASS,,2.1737174615,14,37,201026138504we,,0,05/04/2021
2010,13,5,2,1657520100410001,6,2,04,we,8835020301,326,0.65,0,0,201026138504we,165752010041051819,BLACK SEA BASS,,2.1737174615,12,32,201026138504we,,0,05/04/2021
2010,13,5,2,1657520100410001,6,2,04,we,8835020301,325,0.65,0,0,201026138504we,165752010041051819,BLACK SEA BASS,,2.1737174615,12,32,201026138504we,,0,05/04/2021
2010,13,5,2,1657520100410001,6,2,04,we,8835020301,318,0.6,0,0,201026138504we,165752010041051819,BLACK SEA BASS,,2.1737174615,12,31,201026138504we,,0,05/04/2021
2010,13,5,2,1657520100410001,6,2,04,we,8835020301,297,0.4,0,0,201026138504we,165752010041051819,BLACK SEA BASS,,2.1737174615,11,29,201026138504we,,0,05/04/2021
2010,13,5,2,1657520100410001,6,2,04,we,8835020301,365,0.75,1,1,201026138504we,165752010041051819,BLACK SEA BASS,,2.1737174615,14,36,201026138504we,,0,05/04/2021
2010,13,5,2,1657520100410001,6,2,04,we,8835020301,297,0.5,0,0,201026138504we,165752010041051819,BLACK SEA BASS,,2.1737174615,11,29,201026138504we,,0,05/04/2021
2010,13,5,2,1657520100410001,6,2,04,we,8835020301,308,0.6,1,1,201026138504we,165752010041051819,BLACK SEA BASS,,2.1737174615,12,30,201026138504we,,0,05/04/2021
2010,13,5,2,1657520100410001,6,2,04,we,8835020304,261,0.3,1,1,201026138504we,165752010041051819,BANK SEA BASS,,1.6023403002,10,26,201026138504we,,0,05/04/2021
2010,13,5,2,1657520100410001,6,2,04,we,8835020301,321,0.55,0,0,201026138504we,165752010041051819,BLACK SEA BASS,,2.1737174615,12,32,201026138504we,,0,05/04/2021
2010,13,5,2,1657520100410001,6,2,04,we,8835020301,312,0.5,0,0,201026138504we,165752010041051819,BLACK SEA BASS,,2.1737174615,12,31,201026138504we,,0,05/04/2021
2010,13,5,2,1657520100410001,6,2,04,we,8835020301,310,0.55,0,0,201026138504we,165752010041051819,BLACK SEA BASS,,2.1737174615,12,31,201026138504we,,0,05/04/2021
2010,13,5,2,1657520100410001,6,2,04,we,8835020301,309,0.5,0,0,201026138504we,165752010041051819,BLACK SEA BASS,,2.1737174615,12,30,201026138504we,,0,05/04/2021
2010,13,5,2,1657520100410001,6,2,04,we,8835020301,310,0.55,0,0,201026138504we,165752010041051819,BLACK SEA BASS,,2.1737174615,12,31,201026138504we,,0,05/04/2021
2010,13,5,2,1657520100410001,6,2,04,we,8835020301,308,0.6,0,0,201026138504we,165752010041051819,BLACK SEA BASS,,2.1737174615,12,30,201026138504we,,0,05/04/2021
2010,13,5,2,1657520100410001,6,2,04,we,8835360501,293,0.45,1,1,201026138504we,165752010041051819,VERMILION SNAPPER,,1.3352835835,11,29,201026138504we,,0,05/04/2021
2010,13,5,2,1657520100410001,6,2,04,we,8835020301,315,0.6,0,0,201026138504we,165752010041051819,BLACK SEA BASS,,2.1737174615,12,31,201026138504we,,0,05/04/2021
2010,13,5,2,1657520100410001,6,2,04,we,8835020301,316,0.4,0,0,201026138504we,165752010041051819,BLACK SEA BASS,,2.1737174615,12,31,201026138504we,,0,05/04/2021
2010,13,5,2,1657520100410001,6,2,04,we,8835020301,320,0.55,0,0,201026138504we,165752010041051819,BLACK SEA BASS,,2.1737174615,12,32,201026138504we,,0,05/04/2021
2010,13,5,2,1657520100410001,6,2,04,we,8835020301,294,0.45,0,0,201026138504we,165752010041051819,BLACK SEA BASS,,2.1737174615,11,29,201026138504we,,0,05/04/2021
2010,13,5,2,1657520100410001,6,2,04,we,8835360501,336,0.6,0,0,201026138504we,165752010041051819,VERMILION SNAPPER,,1.3352835835,13,33,201026138504we,,0,05/04/2021
2010,13,5,2,1657520100410001,6,2,04,we,8835020301,330,0.4,0,0,201026138504we,165752010041051819,BLACK SEA BASS,,2.1737174615,12,33,201026138504we,,0,05/04/2021
2010,13,5,2,1657520100410001,6,2,04,we,8835020301,331,0.6,0,0,201026138504we,165752010041051819,BLACK SEA BASS,,2.1737174615,13,33,201026138504we,,0,05/04/2021
2010,13,5,2,1657520100410001,6,2,04,we,8835020301,336,0.75,0,0,201026138504we,165752010041051819,BLACK SEA BASS,,2.1737174615,13,33,201026138504we,,0,05/04/2021
2010,13,5,2,1657520100410001,6,2,04,we,8835020301,337,0.65,0,0,201026138504we,165752010041051819,BLACK SEA BASS,,2.1737174615,13,33,201026138504we,,0,05/04/2021
2010,13,5,2,1657520100410001,6,2,04,we,8835020301,342,0.7,0,0,201026138504we,165752010041051819,BLACK SEA BASS,,2.1737174615,13,34,201026138504we,,0,05/04/2021
2010,13,5,2,1657520100410001,6,2,04,we,8835020301,347,0.65,0,0,201026138504we,165752010041051819,BLACK SEA BASS,,2.1737174615,13,34,201026138504we,,0,05/04/2021
2010,13,5,2,1657520100410001,6,2,04,we,8835020301,347,0.65,1,1,201026138504we,165752010041051819,BLACK SEA BASS,,2.1737174615,13,34,201026138504we,,0,05/04/2021
2010,13,5,2,1657520100410001,6,2,04,we,8835020301,348,0.8,0,0,201026138504we,165752010041051819,BLACK SEA BASS,,2.1737174615,13,34,201026138504we,,0,05/04/2021
2010,13,5,2,1657520100410001,6,2,04,we,8835020301,355,0.75,0,0,201026138504we,165752010041051819,BLACK SEA BASS,,2.1737174615,13,35,201026138504we,,0,05/04/2021
2010,13,5,2,1657520100410001,6,2,04,we,8835020301,364,0.85,0,0,201026138504we,165752010041051819,BLACK SEA BASS,,2.1737174615,14,36,201026138504we,,0,05/04/2021
2010,13,5,2,1657520100410001,6,2,04,we,8762020101,301,0.2,1,1,201026138504we,165752010041051819,INSHORE LIZARDFISH,,1.3352835835,11,30,201026138504we,,0,05/04/2021
2010,13,5,2,1657520100410002,6,2,04,we,,,,0,0,201026138504we,165752010041051819,,,1.3352835835,,,201026138504we,,0,05/04/2021
2010,13,5,2,1657520100410003,6,2,04,we,,,,0,0,201026138504we,165752010041051819,,,1.3352835835,,,201026138504we,,0,05/04/2021
2010,13,5,2,1657520100410004,6,2,04,we,,,,0,0,201026138504we,165752010041051819,,,1.3352835835,,,201026138504we,,0,05/04/2021
2010,13,5,2,1657520100410005,6,2,04,we,,,,0,0,201026138504we,165752010041051819,,,1.3352835835,,,201026138504we,,0,05/04/2021
2010,13,5,2,1657520100410006,6,2,04,we,,,,0,0,201026138504we,165752010041051819,,,1.3352835835,,,201026138504we,,0,05/04/2021
2010,13,5,2,1657520100410007,6,2,04,we,8835020301,292,0.4,1,1,201026138504we,165752010041051819,BLACK SEA BASS,,25.10333137,11,29,201026138504we,,0,05/04/2021
2010,13,5,2,1657520100410007,6,2,04,we,8835020301,293,0.4,1,1,201026138504we,165752010041051819,BLACK SEA BASS,,25.10333137,11,29,201026138504we,,0,05/04/2021
2010,13,5,2,1657520100410007,6,2,04,we,8835020301,296,0.4,1,1,201026138504we,165752010041051819,BLACK SEA BASS,,25.10333137,11,29,201026138504we,,0,05/04/2021
2010,13,5,2,1657520100410007,6,2,04,we,8835020301,306,0.5,1,1,201026138504we,165752010041051819,BLACK SEA BASS,,25.10333137,12,30,201026138504we,,0,05/04/2021
2010,13,5,2,1657520100410007,6,2,04,we,8835020301,313,0.45,1,1,201026138504we,165752010041051819,BLACK SEA BASS,,25.10333137,12,31,201026138504we,,0,05/04/2021
2010,13,5,2,1657520100410008,6,2,04,we,,,,0,0,201026138504we,165752010041051819,,,1.3352835835,,,201026138504we,,0,05/04/2021
2010,13,5,2,1657520100410009,6,2,04,we,,,,0,0,201026138504we,165752010041051819,,,1.3352835835,,,201026138504we,,0,05/04/2021
2010,13,5,2,1657520100410010,6,2,04,we,,,,0,0,201026138504we,165752010041051819,,,1.3352835835,,,201026138504we,,0,05/04/2021
2010,13,5,2,1657520100410011,6,2,04,we,,,,0,0,201026138504we,165752010041051819,,,1.3352835835,,,201026138504we,,0,05/04/2021
2010,13,5,2,1657520100410012,6,2,04,we,,,,0,0,201026138504we,165752010041051819,,,1.3352835835,,,201026138504we,,0,05/04/2021
2010,13,5,5,1657520100410013,6,2,04,we,8835440601,270,0.2,1,1,201026138504we,165752010041051819,SOUTHERN KINGFISH,,8.1457080059,10,27,201026138504we,,0,05/04/2021
2010,13,5,5,1657520100410013,6,2,04,we,8835440601,272,0.25,1,1,201026138504we,165752010041051819,SOUTHERN KINGFISH,,8.1457080059,10,27,201026138504we,,0,05/04/2021
2010,13,5,5,1657520100410013,6,2,04,we,8835440601,280,0.2,1,1,201026138504we,165752010041051819,SOUTHERN KINGFISH,,8.1457080059,11,28,201026138504we,,0,05/04/2021
2010,13,5,5,1657520100410013,6,2,04,we,8835440601,292,0.2,1,1,201026138504we,165752010041051819,SOUTHERN KINGFISH,,8.1457080059,11,29,201026138504we,,0,05/04/2021
2010,13,5,5,1657520100410013,6,2,04,we,8835440601,317,0.3,1,1,201026138504we,165752010041051819,SOUTHERN KINGFISH,,8.1457080059,12,31,201026138504we,,0,05/04/2021
2010,13,5,5,1657520100411001,6,2,04,we,8835440601,254,0.25,1,1,201026138504we,165752010041151819,SOUTHERN KINGFISH,,15.262970685,9,25,201026138504we,,0,05/04/2021
2010,13,5,5,1657520100411001,6,2,04,we,8835440601,259,0.2,1,1,201026138504we,165752010041151819,SOUTHERN KINGFISH,,15.262970685,10,25,201026138504we,,0,05/04/2021
2010,13,5,5,1657520100411001,6,2,04,we,8835440601,269,0.15,1,1,201026138504we,165752010041151819,SOUTHERN KINGFISH,,15.262970685,10,26,201026138504we,,0,05/04/2021
2010,13,5,5,1657520100411001,6,2,04,we,8835440601,279,0.25,1,1,201026138504we,165752010041151819,SOUTHERN KINGFISH,,15.262970685,10,27,201026138504we,,0,05/04/2021
2010,13,5,5,1657520100411001,6,2,04,we,8835440601,290,0.25,1,1,201026138504we,165752010041151819,SOUTHERN KINGFISH,,15.262970685,11,29,201026138504we,,0,05/04/2021
2010,13,5,2,1657520100411002,6,2,04,we,8835430301,347,0.95,0,0,201026138504we,165752010041151819,SHEEPSHEAD,,4.0031671502,13,34,201026138504we,,0,05/04/2021
2010,13,5,2,1657520100411002,6,2,04,we,8835430301,393,1.4,0,0,201026138504we,165752010041151819,SHEEPSHEAD,,4.0031671502,15,39,201026138504we,,0,05/04/2021
2010,13,5,2,1657520100411002,6,2,04,we,8835430301,442,2.4,0,0,201026138504we,165752010041151819,SHEEPSHEAD,,4.0031671502,17,44,201026138504we,,0,05/04/2021
2010,13,5,2,1657520100411002,6,2,04,we,8835430301,313,0.7,1,1,201026138504we,165752010041151819,SHEEPSHEAD,,4.0031671502,12,31,201026138504we,,0,05/04/2021
2010,13,5,2,1657520100411002,6,2,04,we,8835430301,361,1.1,0,0,201026138504we,165752010041151819,SHEEPSHEAD,,4.0031671502,14,36,201026138504we,,0,05/04/2021
2010,13,5,2,1657520100411002,6,2,04,we,8835430301,404,1.7,0,0,201026138504we,165752010041151819,SHEEPSHEAD,,4.0031671502,15,40,201026138504we,,0,05/04/2021
2010,13,5,2,1657520100411002,6,2,04,we,8835430301,337,0.95,0,0,201026138504we,165752010041151819,SHEEPSHEAD,,4.0031671502,13,33,201026138504we,,0,05/04/2021
2010,13,5,2,1657520100411002,6,2,04,we,8835430301,348,1.1,1,1,201026138504we,165752010041151819,SHEEPSHEAD,,4.0031671502,13,34,201026138504we,,0,05/04/2021
2010,13,5,2,1657520100411002,6,2,04,we,8835430301,326,0.95,0,0,201026138504we,165752010041151819,SHEEPSHEAD,,4.0031671502,12,32,201026138504we,,0,05/04/2021
2010,13,5,2,1657520100411002,6,2,04,we,8835430301,313,0.7,0,0,201026138504we,165752010041151819,SHEEPSHEAD,,4.0031671502,12,31,201026138504we,,0,05/04/2021
2010,13,5,2,1657520100411002,6,2,04,we,8835430301,253,0.4,0,0,201026138504we,165752010041151819,SHEEPSHEAD,,4.0031671502,9,25,201026138504we,,0,05/04/2021
2010,13,5,2,1657520100411002,6,2,04,we,8835430301,326,0.95,1,1,201026138504we,165752010041151819,SHEEPSHEAD,,4.0031671502,12,32,201026138504we,,0,05/04/2021
2010,13,5,2,1657520100411002,6,2,04,we,8835430301,352,0.95,0,0,201026138504we,165752010041151819,SHEEPSHEAD,,4.0031671502,13,35,201026138504we,,0,05/04/2021
2010,13,5,2,1657520100411002,6,2,04,we,8835430301,337,0.8,0,0,201026138504we,165752010041151819,SHEEPSHEAD,,4.0031671502,13,33,201026138504we,,0,05/04/2021
2010,13,5,2,1657520100411002,6,2,04,we,8835430301,356,1.1,0,0,201026138504we,165752010041151819,SHEEPSHEAD,,4.0031671502,14,35,201026138504we,,0,05/04/2021
2010,13,5,2,1657520100411002,6,2,04,we,8835430301,364,1.1,0,0,201026138504we,165752010041151819,SHEEPSHEAD,,4.0031671502,14,36,201026138504we,,0,05/04/2021
2010,13,5,2,1657520100411002,6,2,04,we,8835020304,261,0.3,1,1,201026138504we,165752010041151819,BANK SEA BASS,,2.9653090002,10,26,201026138504we,,0,05/04/2021
2010,13,5,2,1657520100411002,6,2,04,we,8835020301,286,0.45,0,0,201026138504we,165752010041151819,BLACK SEA BASS,,2.9653090002,11,28,201026138504we,,0,05/04/2021
2010,13,5,2,1657520100411002,6,2,04,we,8835020301,292,0.4,0,0,201026138504we,165752010041151819,BLACK SEA BASS,,2.9653090002,11,29,201026138504we,,0,05/04/2021
2010,13,5,2,1657520100411002,6,2,04,we,8835020301,293,0.4,0,0,201026138504we,165752010041151819,BLACK SEA BASS,,2.9653090002,11,29,201026138504we,,0,05/04/2021
2010,13,5,2,1657520100411002,6,2,04,we,8835020301,293,0.4,0,0,201026138504we,165752010041151819,BLACK SEA BASS,,2.9653090002,11,29,201026138504we,,0,05/04/2021
2010,13,5,2,1657520100411002,6,2,04,we,8835020301,293,0.4,0,0,201026138504we,165752010041151819,BLACK SEA BASS,,2.9653090002,11,29,201026138504we,,0,05/04/2021
2010,13,5,2,1657520100411002,6,2,04,we,8835020301,293,0.4,1,1,201026138504we,165752010041151819,BLACK SEA BASS,,2.9653090002,11,29,201026138504we,,0,05/04/2021
2010,13,5,2,1657520100411002,6,2,04,we,8835020301,294,0.4,0,0,201026138504we,165752010041151819,BLACK SEA BASS,,2.9653090002,11,29,201026138504we,,0,05/04/2021
2010,13,5,2,1657520100411002,6,2,04,we,8835020304,276,0.3,1,1,201026138504we,165752010041151819,BANK SEA BASS,,2.9653090002,10,27,201026138504we,,0,05/04/2021
2010,13,5,2,1657520100411002,6,2,04,we,8835430301,348,1.1,0,0,201026138504we,165752010041151819,SHEEPSHEAD,,4.0031671502,13,34,201026138504we,,0,05/04/2021
2010,13,5,2,1657520100411002,6,2,04,we,8835020301,296,0.4,0,0,201026138504we,165752010041151819,BLACK SEA BASS,,2.9653090002,11,29,201026138504we,,0,05/04/2021
2010,13,5,2,1657520100411002,6,2,04,we,8835020301,296,0.4,0,0,201026138504we,165752010041151819,BLACK SEA BASS,,2.9653090002,11,29,201026138504we,,0,05/04/2021
2010,13,5,2,1657520100411002,6,2,04,we,8835020301,297,0.4,0,0,201026138504we,165752010041151819,BLACK SEA BASS,,2.9653090002,11,29,201026138504we,,0,05/04/2021
2010,13,5,2,1657520100411002,6,2,04,we,8835020301,298,0.4,0,0,201026138504we,165752010041151819,BLACK SEA BASS,,2.9653090002,11,29,201026138504we,,0,05/04/2021
2010,13,5,2,1657520100411002,6,2,04,we,8835430301,378,1.25,0,0,201026138504we,165752010041151819,SHEEPSHEAD,,4.0031671502,14,37,201026138504we,,0,05/04/2021
2010,13,5,2,1657520100411002,6,2,04,we,8835020301,300,0.45,0,0,201026138504we,165752010041151819,BLACK SEA BASS,,2.9653090002,11,30,201026138504we,,0,05/04/2021
2010,13,5,2,1657520100411002,6,2,04,we,8835020301,301,0.4,0,0,201026138504we,165752010041151819,BLACK SEA BASS,,2.9653090002,11,30,201026138504we,,0,05/04/2021
2010,13,5,2,1657520100411002,6,2,04,we,8835020301,302,0.5,0,0,201026138504we,165752010041151819,BLACK SEA BASS,,2.9653090002,11,30,201026138504we,,0,05/04/2021
2010,13,5,2,1657520100411002,6,2,04,we,8835020301,303,0.45,0,0,201026138504we,165752010041151819,BLACK SEA BASS,,2.9653090002,11,30,201026138504we,,0,05/04/2021
2010,13,5,2,1657520100411002,6,2,04,we,8835020301,304,0.4,0,0,201026138504we,165752010041151819,BLACK SEA BASS,,2.9653090002,11,30,201026138504we,,0,05/04/2021
2010,13,5,2,1657520100411002,6,2,04,we,8835020301,306,0.5,0,0,201026138504we,165752010041151819,BLACK SEA BASS,,2.9653090002,12,30,201026138504we,,0,05/04/2021
2010,13,5,2,1657520100411002,6,2,04,we,8835020301,308,0.4,0,0,201026138504we,165752010041151819,BLACK SEA BASS,,2.9653090002,12,30,201026138504we,,0,05/04/2021
2010,13,5,2,1657520100411002,6,2,04,we,8835020301,308,0.45,0,0,201026138504we,165752010041151819,BLACK SEA BASS,,2.9653090002,12,30,201026138504we,,0,05/04/2021
2010,13,5,2,1657520100411002,6,2,04,we,8835430301,267,0.5,0,0,201026138504we,165752010041151819,SHEEPSHEAD,,4.0031671502,10,26,201026138504we,,0,05/04/2021
2010,13,5,2,1657520100411002,6,2,04,we,8835020301,310,0.4,0,0,201026138504we,165752010041151819,BLACK SEA BASS,,2.9653090002,12,31,201026138504we,,0,05/04/2021
2010,13,5,2,1657520100411002,6,2,04,we,8835020301,312,0.45,0,0,201026138504we,165752010041151819,BLACK SEA BASS,,2.9653090002,12,31,201026138504we,,0,05/04/2021
2010,13,5,2,1657520100411002,6,2,04,we,8835020301,314,0.5,0,0,201026138504we,165752010041151819,BLACK SEA BASS,,2.9653090002,12,31,201026138504we,,0,05/04/2021
2010,13,5,2,1657520100411002,6,2,04,we,8835020301,321,0.4,0,0,201026138504we,165752010041151819,BLACK SEA BASS,,2.9653090002,12,32,201026138504we,,0,05/04/2021
2010,13,5,2,1657520100411002,6,2,04,we,8835430301,352,0.95,1,1,201026138504we,165752010041151819,SHEEPSHEAD,,4.0031671502,13,35,201026138504we,,0,05/04/2021
2010,13,5,2,1657520100411002,6,2,04,we,8835020301,325,0.4,0,0,201026138504we,165752010041151819,BLACK SEA BASS,,2.9653090002,12,32,201026138504we,,0,05/04/2021
2010,13,5,2,1657520100411002,6,2,04,we,8835020301,326,0.5,0,0,201026138504we,165752010041151819,BLACK SEA BASS,,2.9653090002,12,32,201026138504we,,0,05/04/2021
2010,13,5,2,1657520100411002,6,2,04,we,8835020301,326,0.55,0,0,201026138504we,165752010041151819,BLACK SEA BASS,,2.9653090002,12,32,201026138504we,,0,05/04/2021
2010,13,5,2,1657520100411002,6,2,04,we,8835020301,330,0.5,0,0,201026138504we,165752010041151819,BLACK SEA BASS,,2.9653090002,12,33,201026138504we,,0,05/04/2021
2010,13,5,2,1657520100411002,6,2,04,we,8835020301,337,0.5,0,0,201026138504we,165752010041151819,BLACK SEA BASS,,2.9653090002,13,33,201026138504we,,0,05/04/2021
2010,13,5,2,1657520100411002,6,2,04,we,8835020301,347,0.55,0,0,201026138504we,165752010041151819,BLACK SEA BASS,,2.9653090002,13,34,201026138504we,,0,05/04/2021
2010,13,5,2,1657520100411002,6,2,04,we,8835020301,356,0.65,0,0,201026138504we,165752010041151819,BLACK SEA BASS,,2.9653090002,14,35,201026138504we,,0,05/04/2021
2010,13,5,2,1657520100411002,6,2,04,we,8835020301,365,0.7,0,0,201026138504we,165752010041151819,BLACK SEA BASS,,2.9653090002,14,36,201026138504we,,0,05/04/2021
2010,13,5,2,1657520100411002,6,2,04,we,8835020301,371,0.65,0,0,201026138504we,165752010041151819,BLACK SEA BASS,,2.9653090002,14,37,201026138504we,,0,05/04/2021
2010,13,5,2,1657520100411002,6,2,04,we,8835020301,373,0.55,0,0,201026138504we,165752010041151819,BLACK SEA BASS,,2.9653090002,14,37,201026138504we,,0,05/04/2021
2010,13,5,2,1657520100411003,6,2,04,we,,,,0,0,201026138504we,165752010041151819,,,3.7066362502,,,201026138504we,,0,05/04/2021
2010,13,5,2,1657520100411004,6,2,04,we,,,,0,0,201026138504we,165752010041151819,,,3.7066362502,,,201026138504we,,0,05/04/2021
2010,13,5,2,1657520100411005,6,2,04,we,,,,0,0,201026138504we,165752010041151819,,,3.7066362502,,,201026138504we,,0,05/04/2021
2010,13,5,2,1657520100420001,6,2,04,wd,8860020201,321,0.75,0,0,201026138504wd,165752010042051819,GRAY TRIGGERFISH,,5.4566808855,12,32,201026138504wd,,0,05/04/2021
2010,13,5,2,1657520100420001,6,2,04,wd,8835430401,250,0.4,1,1,201026138504wd,165752010042051819,SPOTTAIL PINFISH,,5.4566808855,9,25,201026138504wd,,0,05/04/2021
2010,13,5,2,1657520100420001,6,2,04,wd,8835430301,381,1.25,0,0,201026138504wd,165752010042051819,SHEEPSHEAD,,6.9448665815,14,38,201026138504wd,,0,05/04/2021
2010,13,5,2,1657520100420001,6,2,04,wd,8835430301,251,0.4,0,0,201026138504wd,165752010042051819,SHEEPSHEAD,,6.9448665815,9,25,201026138504wd,,0,05/04/2021
2010,13,5,2,1657520100420001,6,2,04,wd,8835430301,267,0.5,1,1,201026138504wd,165752010042051819,SHEEPSHEAD,,6.9448665815,10,26,201026138504wd,,0,05/04/2021
2010,13,5,2,1657520100420001,6,2,04,wd,8835430301,378,1.3,1,1,201026138504wd,165752010042051819,SHEEPSHEAD,,6.9448665815,14,37,201026138504wd,,0,05/04/2021
2010,13,5,2,1657520100420001,6,2,04,wd,8835430301,366,1.15,0,0,201026138504wd,165752010042051819,SHEEPSHEAD,,6.9448665815,14,36,201026138504wd,,0,05/04/2021
2010,13,5,2,1657520100420001,6,2,04,wd,8835430301,250,0.4,0,0,201026138504wd,165752010042051819,SHEEPSHEAD,,6.9448665815,9,25,201026138504wd,,0,05/04/2021
2010,13,5,2,1657520100420001,6,2,04,wd,8835430301,305,0.6,0,0,201026138504wd,165752010042051819,SHEEPSHEAD,,6.9448665815,12,30,201026138504wd,,0,05/04/2021
2010,13,5,2,1657520100420001,6,2,04,wd,8835430301,324,0.8,0,0,201026138504wd,165752010042051819,SHEEPSHEAD,,6.9448665815,12,32,201026138504wd,,0,05/04/2021
2010,13,5,2,1657520100420001,6,2,04,wd,8835430301,366,1.15,1,1,201026138504wd,165752010042051819,SHEEPSHEAD,,6.9448665815,14,36,201026138504wd,,0,05/04/2021
2010,13,5,2,1657520100420001,6,2,04,wd,8835430301,251,0.4,1,1,201026138504wd,165752010042051819,SHEEPSHEAD,,6.9448665815,9,25,201026138504wd,,0,05/04/2021
2010,13,5,2,1657520100420001,6,2,04,wd,8835430301,378,1.3,0,0,201026138504wd,165752010042051819,SHEEPSHEAD,,6.9448665815,14,37,201026138504wd,,0,05/04/2021
2010,13,5,2,1657520100420001,6,2,04,wd,8835250101,276,0.3,0,0,201026138504wd,165752010042051819,BLUEFISH,,5.4566808855,10,27,201026138504wd,,0,05/04/2021
2010,13,5,2,1657520100420001,6,2,04,wd,8835250101,278,0.3,0,0,201026138504wd,165752010042051819,BLUEFISH,,5.4566808855,10,27,201026138504wd,,0,05/04/2021
2010,13,5,2,1657520100420001,6,2,04,wd,8835250101,301,0.35,0,0,201026138504wd,165752010042051819,BLUEFISH,,5.4566808855,11,30,201026138504wd,,0,05/04/2021
2010,13,5,2,1657520100420001,6,2,04,wd,8835250101,302,0.35,0,0,201026138504wd,165752010042051819,BLUEFISH,,5.4566808855,11,30,201026138504wd,,0,05/04/2021
2010,13,5,2,1657520100420001,6,2,04,wd,8835250101,299,0.35,0,0,201026138504wd,165752010042051819,BLUEFISH,,5.4566808855,11,29,201026138504wd,,0,05/04/2021
2010,13,5,2,1657520100420001,6,2,04,wd,8835250101,310,0.4,0,0,201026138504wd,165752010042051819,BLUEFISH,,5.4566808855,12,31,201026138504wd,,0,05/04/2021
2010,13,5,2,1657520100420001,6,2,04,wd,8835250101,276,0.3,1,1,201026138504wd,165752010042051819,BLUEFISH,,5.4566808855,10,27,201026138504wd,,0,05/04/2021
2010,13,5,2,1657520100420001,6,2,04,wd,8835250101,299,0.35,1,1,201026138504wd,165752010042051819,BLUEFISH,,5.4566808855,11,29,201026138504wd,,0,05/04/2021
2010,13,5,2,1657520100420001,6,2,04,wd,8835250101,282,0.3,0,0,201026138504wd,165752010042051819,BLUEFISH,,5.4566808855,11,28,201026138504wd,,0,05/04/2021
2010,13,5,2,1657520100420001,6,2,04,wd,8835250101,274,0.3,0,0,201026138504wd,165752010042051819,BLUEFISH,,5.4566808855,10,27,201026138504wd,,0,05/04/2021
2010,13,5,2,1657520100420001,6,2,04,wd,8835020301,272,0.4,0,0,201026138504wd,165752010042051819,BLACK SEA BASS,,5.4566808855,10,27,201026138504wd,,0,05/04/2021
2010,13,5,2,1657520100420001,6,2,04,wd,8835020301,340,0.65,0,0,201026138504wd,165752010042051819,BLACK SEA BASS,,5.4566808855,13,34,201026138504wd,,0,05/04/2021
2010,13,5,2,1657520100420002,6,2,04,wd,8860020201,412,1.5,0,0,201026138504wd,165752010042051819,GRAY TRIGGERFISH,,4.6820885215,16,41,201026138504wd,,0,05/04/2021
2010,13,5,2,1657520100420002,6,2,04,wd,8860020201,431,1.9,0,0,201026138504wd,165752010042051819,GRAY TRIGGERFISH,,4.6820885215,16,43,201026138504wd,,0,05/04/2021
2010,13,5,2,1657520100420002,6,2,04,wd,8860020201,436,1.8,0,0,201026138504wd,165752010042051819,GRAY TRIGGERFISH,,4.6820885215,17,43,201026138504wd,,0,05/04/2021
2010,13,5,2,1657520100420002,6,2,04,wd,8835430602,370,1.05,1,1,201026138504wd,165752010042051819,RED PORGY,,4.6820885215,14,37,201026138504wd,,0,05/04/2021
2010,13,5,2,1657520100420002,6,2,04,wd,8835430602,370,1.05,0,0,201026138504wd,165752010042051819,RED PORGY,,4.6820885215,14,37,201026138504wd,,0,05/04/2021
2010,13,5,2,1657520100420002,6,2,04,wd,8835430505,315,0.8,0,0,201026138504wd,165752010042051819,WHITEBONE PORGY,,4.6820885215,12,31,201026138504wd,,0,05/04/2021
2010,13,5,2,1657520100420002,6,2,04,wd,8835430401,250,0.4,0,0,201026138504wd,165752010042051819,SPOTTAIL PINFISH,,4.6820885215,9,25,201026138504wd,,0,05/04/2021
2010,13,5,2,1657520100420002,6,2,04,wd,8835430401,231,0.3,0,0,201026138504wd,165752010042051819,SPOTTAIL PINFISH,,4.6820885215,9,23,201026138504wd,,0,05/04/2021
2010,13,5,2,1657520100420002,6,2,04,wd,8835430301,312,0.75,0,0,201026138504wd,165752010042051819,SHEEPSHEAD,,4.6820885215,12,31,201026138504wd,,0,05/04/2021
2010,13,5,2,1657520100420002,6,2,04,wd,8835430301,325,0.75,1,1,201026138504wd,165752010042051819,SHEEPSHEAD,,4.6820885215,12,32,201026138504wd,,0,05/04/2021
2010,13,5,2,1657520100420002,6,2,04,wd,8835430301,343,0.95,0,0,201026138504wd,165752010042051819,SHEEPSHEAD,,4.6820885215,13,34,201026138504wd,,0,05/04/2021
2010,13,5,2,1657520100420002,6,2,04,wd,8835430301,434,2,0,0,201026138504wd,165752010042051819,SHEEPSHEAD,,4.6820885215,17,43,201026138504wd,,0,05/04/2021
2010,13,5,2,1657520100420002,6,2,04,wd,8835430301,308,0.7,0,0,201026138504wd,165752010042051819,SHEEPSHEAD,,4.6820885215,12,30,201026138504wd,,0,05/04/2021
2010,13,5,2,1657520100420002,6,2,04,wd,8835430301,347,1.1,1,1,201026138504wd,165752010042051819,SHEEPSHEAD,,4.6820885215,13,34,201026138504wd,,0,05/04/2021
2010,13,5,2,1657520100420002,6,2,04,wd,8835430301,407,1.8,0,0,201026138504wd,165752010042051819,SHEEPSHEAD,,4.6820885215,16,40,201026138504wd,,0,05/04/2021
2010,13,5,2,1657520100420002,6,2,04,wd,8835430301,325,0.75,0,0,201026138504wd,165752010042051819,SHEEPSHEAD,,4.6820885215,12,32,201026138504wd,,0,05/04/2021
2010,13,5,2,1657520100420002,6,2,04,wd,8835430301,347,1.1,0,0,201026138504wd,165752010042051819,SHEEPSHEAD,,4.6820885215,13,34,201026138504wd,,0,05/04/2021
2010,13,5,2,1657520100420002,6,2,04,wd,8835430301,349,0.95,0,0,201026138504wd,165752010042051819,SHEEPSHEAD,,4.6820885215,13,34,201026138504wd,,0,05/04/2021
2010,13,5,2,1657520100420002,6,2,04,wd,8835360501,330,0.6,0,0,201026138504wd,165752010042051819,VERMILION SNAPPER,,4.6820885215,12,33,201026138504wd,,0,05/04/2021
2010,13,5,2,1657520100420002,6,2,04,wd,8835360301,271,0.45,0,0,201026138504wd,165752010042051819,QUEEN SNAPPER,,4.6820885215,10,27,201026138504wd,,0,05/04/2021
2010,13,5,2,1657520100420002,6,2,04,wd,8835250101,302,0.35,0,0,201026138504wd,165752010042051819,BLUEFISH,,4.6820885215,11,30,201026138504wd,,0,05/04/2021
2010,13,5,2,1657520100420002,6,2,04,wd,8835020301,312,0.6,0,0,201026138504wd,165752010042051819,BLACK SEA BASS,,7.5197179284,12,31,201026138504wd,,0,05/04/2021
2010,13,5,2,1657520100420002,6,2,04,wd,8835020301,319,0.55,0,0,201026138504wd,165752010042051819,BLACK SEA BASS,,7.5197179284,12,31,201026138504wd,,0,05/04/2021
2010,13,5,2,1657520100420002,6,2,04,wd,8835020301,330,0.65,0,0,201026138504wd,165752010042051819,BLACK SEA BASS,,7.5197179284,12,33,201026138504wd,,0,05/04/2021
2010,13,5,2,1657520100420002,6,2,04,wd,8835020301,332,0.6,0,0,201026138504wd,165752010042051819,BLACK SEA BASS,,7.5197179284,13,33,201026138504wd,,0,05/04/2021
2010,13,5,2,1657520100420002,6,2,04,wd,8835430301,407,1.8,1,1,201026138504wd,165752010042051819,SHEEPSHEAD,,4.6820885215,16,40,201026138504wd,,0,05/04/2021
2010,13,5,2,1657520100420002,6,2,04,wd,8835020301,332,0.6,0,0,201026138504wd,165752010042051819,BLACK SEA BASS,,7.5197179284,13,33,201026138504wd,,0,05/04/2021
2010,13,5,2,1657520100420002,6,2,04,wd,8835020301,340,0.5,0,0,201026138504wd,165752010042051819,BLACK SEA BASS,,7.5197179284,13,34,201026138504wd,,0,05/04/2021
2010,13,5,2,1657520100420002,6,2,04,wd,8835020301,341,0.6,0,0,201026138504wd,165752010042051819,BLACK SEA BASS,,7.5197179284,13,34,201026138504wd,,0,05/04/2021
2010,13,5,2,1657520100420002,6,2,04,wd,8835020301,341,0.6,1,1,201026138504wd,165752010042051819,BLACK SEA BASS,,7.5197179284,13,34,201026138504wd,,0,05/04/2021
2010,13,5,2,1657520100420002,6,2,04,wd,8835020301,342,0.75,0,0,201026138504wd,165752010042051819,BLACK SEA BASS,,7.5197179284,13,34,201026138504wd,,0,05/04/2021
2010,13,5,2,1657520100420002,6,2,04,wd,8835020301,346,0.65,0,0,201026138504wd,165752010042051819,BLACK SEA BASS,,7.5197179284,13,34,201026138504wd,,0,05/04/2021
2010,13,5,2,1657520100420002,6,2,04,wd,8835020301,347,0.7,0,0,201026138504wd,165752010042051819,BLACK SEA BASS,,7.5197179284,13,34,201026138504wd,,0,05/04/2021
2010,13,5,2,1657520100420002,6,2,04,wd,8835020301,349,0.75,0,0,201026138504wd,165752010042051819,BLACK SEA BASS,,7.5197179284,13,34,201026138504wd,,0,05/04/2021
2010,13,5,2,1657520100420002,6,2,04,wd,8835430301,343,0.95,1,1,201026138504wd,165752010042051819,SHEEPSHEAD,,4.6820885215,13,34,201026138504wd,,0,05/04/2021
2010,13,5,2,1657520100420002,6,2,04,wd,8835020301,349,0.55,0,0,201026138504wd,165752010042051819,BLACK SEA BASS,,7.5197179284,13,34,201026138504wd,,0,05/04/2021
2010,13,5,2,1657520100420002,6,2,04,wd,8835020301,353,0.6,0,0,201026138504wd,165752010042051819,BLACK SEA BASS,,7.5197179284,13,35,201026138504wd,,0,05/04/2021
2010,13,5,2,1657520100420002,6,2,04,wd,8835430401,240,0.35,0,0,201026138504wd,165752010042051819,SPOTTAIL PINFISH,,4.6820885215,9,24,201026138504wd,,0,05/04/2021
2010,13,5,2,1657520100420002,6,2,04,wd,8835020301,355,0.5,0,0,201026138504wd,165752010042051819,BLACK SEA BASS,,7.5197179284,13,35,201026138504wd,,0,05/04/2021
2010,13,5,2,1657520100420002,6,2,04,wd,8835020301,367,0.75,0,0,201026138504wd,165752010042051819,BLACK SEA BASS,,7.5197179284,14,36,201026138504wd,,0,05/04/2021
2010,13,5,2,1657520100420002,6,2,04,wd,8835430602,364,0.85,0,0,201026138504wd,165752010042051819,RED PORGY,,4.6820885215,14,36,201026138504wd,,0,05/04/2021
2010,13,5,2,1657520100420002,6,2,04,wd,8835020301,367,0.75,1,1,201026138504wd,165752010042051819,BLACK SEA BASS,,7.5197179284,14,36,201026138504wd,,0,05/04/2021
2010,13,5,2,1657520100420002,6,2,04,wd,8835020301,368,0.9,0,0,201026138504wd,165752010042051819,BLACK SEA BASS,,7.5197179284,14,36,201026138504wd,,0,05/04/2021
2010,13,5,2,1657520100420002,6,2,04,wd,8835020301,371,0.9,0,0,201026138504wd,165752010042051819,BLACK SEA BASS,,7.5197179284,14,37,201026138504wd,,0,05/04/2021
2010,13,5,2,1657520100420002,6,2,04,wd,8835020301,371,0.9,1,1,201026138504wd,165752010042051819,BLACK SEA BASS,,7.5197179284,14,37,201026138504wd,,0,05/04/2021
2010,13,5,2,1657520100420002,6,2,04,wd,8835020301,373,0.65,0,0,201026138504wd,165752010042051819,BLACK SEA BASS,,7.5197179284,14,37,201026138504wd,,0,05/04/2021
2010,13,5,2,1657520100420002,6,2,04,wd,8835020301,376,0.7,0,0,201026138504wd,165752010042051819,BLACK SEA BASS,,7.5197179284,14,37,201026138504wd,,0,05/04/2021
2010,13,5,2,1657520100420002,6,2,04,wd,8835020301,379,1,0,0,201026138504wd,165752010042051819,BLACK SEA BASS,,7.5197179284,14,37,201026138504wd,,0,05/04/2021
2010,13,5,2,1657520100420002,6,2,04,wd,8835020301,379,1,1,1,201026138504wd,165752010042051819,BLACK SEA BASS,,7.5197179284,14,37,201026138504wd,,0,05/04/2021
2010,13,5,2,1657520100420002,6,2,04,wd,8835020301,382,0.85,0,0,201026138504wd,165752010042051819,BLACK SEA BASS,,7.5197179284,15,38,201026138504wd,,0,05/04/2021
2010,13,5,2,1657520100420002,6,2,04,wd,8835020301,394,1,0,0,201026138504wd,165752010042051819,BLACK SEA BASS,,7.5197179284,15,39,201026138504wd,,0,05/04/2021
2010,13,5,2,1657520100420002,6,2,04,wd,8835020301,400,1,0,0,201026138504wd,165752010042051819,BLACK SEA BASS,,7.5197179284,15,40,201026138504wd,,0,05/04/2021
2010,13,5,2,1657520100420002,6,2,04,wd,8835020301,409,0.95,0,0,201026138504wd,165752010042051819,BLACK SEA BASS,,7.5197179284,16,40,201026138504wd,,0,05/04/2021
2010,13,5,2,1657520100420002,6,2,04,wd,8835020301,432,1.6,0,0,201026138504wd,165752010042051819,BLACK SEA BASS,,7.5197179284,17,43,201026138504wd,,0,05/04/2021
2010,13,5,2,1657520100420002,6,2,04,wd,8835020301,446,1.4,0,0,201026138504wd,165752010042051819,BLACK SEA BASS,,7.5197179284,17,44,201026138504wd,,0,05/04/2021
2010,13,5,2,1657520100420002,6,2,04,wd,8835020301,448,1.3,0,0,201026138504wd,165752010042051819,BLACK SEA BASS,,7.5197179284,17,44,201026138504wd,,0,05/04/2021
2010,13,5,2,1657520100420002,6,2,04,wd,8835020301,470,1.5,0,0,201026138504wd,165752010042051819,BLACK SEA BASS,,7.5197179284,18,47,201026138504wd,,0,05/04/2021
2010,13,5,2,1657520100420002,6,2,04,wd,8835020301,476,1.5,0,0,201026138504wd,165752010042051819,BLACK SEA BASS,,7.5197179284,18,47,201026138504wd,,0,05/04/2021
2010,13,5,5,2657420100318004,6,2,03,wd,,,,0,0,201026138503wd,2657420100318391802,,,7.2657364915,,,201026138503wd,,0,05/04/2021
2010,13,5,5,2657520100324001,6,2,03,wd,8857030304,323,0.35,1,1,201026138503wd,265752010032451819,SOUTHERN FLOUNDER,,8.9521756454,12,32,201026138503wd,,0,05/04/2021
2010,13,5,5,2657520100324002,6,2,03,wd,,,,0,0,201026138503wd,265752010032451819,,,8.099340135,,,201026138503wd,,0,05/04/2021
2010,13,7,5,1604720100320002,6,2,03,we,8835440601,249,0.15,0,0,201026138703we,1604720100320393148,SOUTHERN KINGFISH,,1635.4736609,9,24,201026138703we,,0,05/04/2021
2010,13,7,5,1604720100320002,6,2,03,we,8835440601,266,0.2,0,0,201026138703we,1604720100320393148,SOUTHERN KINGFISH,,1635.4736609,10,26,201026138703we,,0,05/04/2021
2010,13,7,5,1604720100320002,6,2,03,we,8835440601,276,0.2,0,0,201026138703we,1604720100320393148,SOUTHERN KINGFISH,,1635.4736609,10,27,201026138703we,,0,05/04/2021
2010,13,7,5,1604720100320002,6,2,03,we,8835440601,286,0.25,0,0,201026138703we,1604720100320393148,SOUTHERN KINGFISH,,1635.4736609,11,28,201026138703we,,0,05/04/2021
2010,13,7,5,1604720100320002,6,2,03,we,8835440601,256,0.15,0,0,201026138703we,1604720100320393148,SOUTHERN KINGFISH,,1635.4736609,10,25,201026138703we,,0,05/04/2021
2010,13,7,5,1604720100320002,6,2,03,we,8835440601,225,0.15,0,0,201026138703we,1604720100320393148,SOUTHERN KINGFISH,,1635.4736609,8,22,201026138703we,,0,05/04/2021
2010,13,7,5,1604720100320002,6,2,03,we,8835440601,238,0.15,0,0,201026138703we,1604720100320393148,SOUTHERN KINGFISH,,1635.4736609,9,23,201026138703we,,0,05/04/2021
2010,13,7,5,1604720100320002,6,2,03,we,8835440601,260,0.2,0,0,201026138703we,1604720100320393148,SOUTHERN KINGFISH,,1635.4736609,10,26,201026138703we,,0,05/04/2021
2010,13,7,5,1604720100320002,6,2,03,we,8835440601,304,0.25,0,0,201026138703we,1604720100320393148,SOUTHERN KINGFISH,,1635.4736609,11,30,201026138703we,,0,05/04/2021
2010,13,7,5,1604720100320002,6,2,03,we,8835440601,286,0.25,0,0,201026138703we,1604720100320393148,SOUTHERN KINGFISH,,1635.4736609,11,28,201026138703we,,0,05/04/2021
2010,13,7,5,1604720100320002,6,2,03,we,8835440601,261,0.15,0,0,201026138703we,1604720100320393148,SOUTHERN KINGFISH,,1635.4736609,10,26,201026138703we,,0,05/04/2021
2010,13,7,5,1604720100320002,6,2,03,we,8835440601,286,0.25,1,1,201026138703we,1604720100320393148,SOUTHERN KINGFISH,,1635.4736609,11,28,201026138703we,,0,05/04/2021
2010,13,7,5,1604720100320002,6,2,03,we,8835440601,241,0.15,0,0,201026138703we,1604720100320393148,SOUTHERN KINGFISH,,1635.4736609,9,24,201026138703we,,0,05/04/2021
2010,13,7,5,1604720100320002,6,2,03,we,8835440601,264,0.2,0,0,201026138703we,1604720100320393148,SOUTHERN KINGFISH,,1635.4736609,10,26,201026138703we,,0,05/04/2021
2010,13,7,5,1604720100320002,6,2,03,we,8835440601,307,0.3,0,0,201026138703we,1604720100320393148,SOUTHERN KINGFISH,,1635.4736609,12,30,201026138703we,,0,05/04/2021
2010,13,7,5,1604720100320002,6,2,03,we,8835440601,336,0.4,0,0,201026138703we,1604720100320393148,SOUTHERN KINGFISH,,1635.4736609,13,33,201026138703we,,0,05/04/2021
2010,13,7,5,1604720100320002,6,2,03,we,8835440601,318,0.35,0,0,201026138703we,1604720100320393148,SOUTHERN KINGFISH,,1635.4736609,12,31,201026138703we,,0,05/04/2021
2010,13,7,5,1604720100320002,6,2,03,we,8835440601,336,0.4,1,1,201026138703we,1604720100320393148,SOUTHERN KINGFISH,,1635.4736609,13,33,201026138703we,,0,05/04/2021
2010,13,7,5,1604720100320002,6,2,03,we,8835440601,275,0.2,0,0,201026138703we,1604720100320393148,SOUTHERN KINGFISH,,1635.4736609,10,27,201026138703we,,0,05/04/2021
2010,13,7,5,1604720100320002,6,2,03,we,8835440601,291,0.25,0,0,201026138703we,1604720100320393148,SOUTHERN KINGFISH,,1635.4736609,11,29,201026138703we,,0,05/04/2021
2010,13,7,5,1604720100320002,6,2,03,we,8835440601,250,0.15,0,0,201026138703we,1604720100320393148,SOUTHERN KINGFISH,,1635.4736609,9,25,201026138703we,,0,05/04/2021
2010,13,7,5,1604720100320002,6,2,03,we,8835440601,261,0.2,0,0,201026138703we,1604720100320393148,SOUTHERN KINGFISH,,1635.4736609,10,26,201026138703we,,0,05/04/2021
2010,13,7,5,1604720100320002,6,2,03,we,8835440601,256,0.15,0,0,201026138703we,1604720100320393148,SOUTHERN KINGFISH,,1635.4736609,10,25,201026138703we,,0,05/04/2021
2010,13,7,5,1604720100320002,6,2,03,we,8835440601,250,0.15,1,1,201026138703we,1604720100320393148,SOUTHERN KINGFISH,,1635.4736609,9,25,201026138703we,,0,05/04/2021
2010,13,7,5,1604720100320002,6,2,03,we,8835440601,286,0.25,0,0,201026138703we,1604720100320393148,SOUTHERN KINGFISH,,1635.4736609,11,28,201026138703we,,0,05/04/2021
2010,13,7,5,1604720100320002,6,2,03,we,8835440601,255,0.2,0,0,201026138703we,1604720100320393148,SOUTHERN KINGFISH,,1635.4736609,10,25,201026138703we,,0,05/04/2021
2010,13,7,5,1604720100320002,6,2,03,we,8835440601,256,0.15,1,1,201026138703we,1604720100320393148,SOUTHERN KINGFISH,,1635.4736609,10,25,201026138703we,,0,05/04/2021
2010,13,7,5,1604720100320003,6,2,03,we,8835440601,268,0.15,0,0,201026138703we,1604720100320393148,SOUTHERN KINGFISH,,1784.6747376,10,26,201026138703we,,0,05/04/2021
2010,13,7,5,1604720100320003,6,2,03,we,8835440601,252,0.2,0,0,201026138703we,1604720100320393148,SOUTHERN KINGFISH,,1784.6747376,9,25,201026138703we,,0,05/04/2021
2010,13,7,5,1604720100320003,6,2,03,we,8835440601,271,0.2,0,0,201026138703we,1604720100320393148,SOUTHERN KINGFISH,,1784.6747376,10,27,201026138703we,,0,05/04/2021
2010,13,7,5,1604720100320003,6,2,03,we,8835440601,260,0.15,1,1,201026138703we,1604720100320393148,SOUTHERN KINGFISH,,1784.6747376,10,26,201026138703we,,0,05/04/2021
2010,13,7,5,1604720100320003,6,2,03,we,8835440601,286,0.25,0,0,201026138703we,1604720100320393148,SOUTHERN KINGFISH,,1784.6747376,11,28,201026138703we,,0,05/04/2021
2010,13,7,5,1604720100320003,6,2,03,we,8835440601,335,0.4,0,0,201026138703we,1604720100320393148,SOUTHERN KINGFISH,,1784.6747376,13,33,201026138703we,,0,05/04/2021
2010,13,7,5,1604720100320003,6,2,03,we,8835440601,288,0.25,0,0,201026138703we,1604720100320393148,SOUTHERN KINGFISH,,1784.6747376,11,28,201026138703we,,0,05/04/2021
2010,13,7,5,1604720100320003,6,2,03,we,8835440601,249,0.15,1,1,201026138703we,1604720100320393148,SOUTHERN KINGFISH,,1784.6747376,9,24,201026138703we,,0,05/04/2021
2010,13,7,5,1604720100320003,6,2,03,we,8835440601,270,0.2,0,0,201026138703we,1604720100320393148,SOUTHERN KINGFISH,,1784.6747376,10,27,201026138703we,,0,05/04/2021
2010,13,7,5,1604720100320003,6,2,03,we,8835440601,238,0.15,1,1,201026138703we,1604720100320393148,SOUTHERN KINGFISH,,1784.6747376,9,23,201026138703we,,0,05/04/2021
2010,13,7,5,1604720100320003,6,2,03,we,8835440601,260,0.15,0,0,201026138703we,1604720100320393148,SOUTHERN KINGFISH,,1784.6747376,10,26,201026138703we,,0,05/04/2021
2010,13,7,5,1604720100320003,6,2,03,we,8835440601,256,0.15,1,1,201026138703we,1604720100320393148,SOUTHERN KINGFISH,,1784.6747376,10,25,201026138703we,,0,05/04/2021
2010,13,7,5,1604720100320003,6,2,03,we,8835440601,297,0.25,0,0,201026138703we,1604720100320393148,SOUTHERN KINGFISH,,1784.6747376,11,29,201026138703we,,0,05/04/2021
2010,13,7,5,1604720100320003,6,2,03,we,8835440601,286,0.25,0,0,201026138703we,1604720100320393148,SOUTHERN KINGFISH,,1784.6747376,11,28,201026138703we,,0,05/04/2021
2010,13,7,5,1604720100320003,6,2,03,we,8835440601,291,0.25,0,0,201026138703we,1604720100320393148,SOUTHERN KINGFISH,,1784.6747376,11,29,201026138703we,,0,05/04/2021
2010,13,7,5,1604720100320003,6,2,03,we,8835440601,295,0.25,0,0,201026138703we,1604720100320393148,SOUTHERN KINGFISH,,1784.6747376,11,29,201026138703we,,0,05/04/2021
2010,13,7,5,1604720100320004,6,2,03,we,8835440601,293,0.2,0,0,201026138703we,1604720100320393148,SOUTHERN KINGFISH,,1517.9239915,11,29,201026138703we,,0,05/04/2021
2010,13,7,5,1604720100320004,6,2,03,we,8835440601,270,0.2,1,1,201026138703we,1604720100320393148,SOUTHERN KINGFISH,,1517.9239915,10,27,201026138703we,,0,05/04/2021
2010,13,7,5,1604720100320004,6,2,03,we,8835440601,246,0.1,0,0,201026138703we,1604720100320393148,SOUTHERN KINGFISH,,1517.9239915,9,24,201026138703we,,0,05/04/2021
2010,13,7,5,1604720100320004,6,2,03,we,8835440601,246,0.15,0,0,201026138703we,1604720100320393148,SOUTHERN KINGFISH,,1517.9239915,9,24,201026138703we,,0,05/04/2021
2010,13,7,5,1604720100320004,6,2,03,we,8835440601,292,0.25,0,0,201026138703we,1604720100320393148,SOUTHERN KINGFISH,,1517.9239915,11,29,201026138703we,,0,05/04/2021
2010,13,7,5,1604720100320004,6,2,03,we,8835440601,297,0.25,0,0,201026138703we,1604720100320393148,SOUTHERN KINGFISH,,1517.9239915,11,29,201026138703we,,0,05/04/2021
2010,13,7,5,1604720100320004,6,2,03,we,8835440601,286,0.25,1,1,201026138703we,1604720100320393148,SOUTHERN KINGFISH,,1517.9239915,11,28,201026138703we,,0,05/04/2021
2010,13,7,5,1604720100320004,6,2,03,we,8835440601,284,0.2,0,0,201026138703we,1604720100320393148,SOUTHERN KINGFISH,,1517.9239915,11,28,201026138703we,,0,05/04/2021
2010,13,7,5,1604720100320004,6,2,03,we,8835440601,284,0.25,0,0,201026138703we,1604720100320393148,SOUTHERN KINGFISH,,1517.9239915,11,28,201026138703we,,0,05/04/2021
2010,13,7,5,1604720100320004,6,2,03,we,8835440601,303,0.25,0,0,201026138703we,1604720100320393148,SOUTHERN KINGFISH,,1517.9239915,11,30,201026138703we,,0,05/04/2021
2010,13,7,5,1604720100320004,6,2,03,we,8835440601,251,0.15,0,0,201026138703we,1604720100320393148,SOUTHERN KINGFISH,,1517.9239915,9,25,201026138703we,,0,05/04/2021
2010,13,7,5,1604720100320004,6,2,03,we,8835440601,271,0.2,1,1,201026138703we,1604720100320393148,SOUTHERN KINGFISH,,1517.9239915,10,27,201026138703we,,0,05/04/2021
2010,13,7,5,1604720100320004,6,2,03,we,8835440601,288,0.25,1,1,201026138703we,1604720100320393148,SOUTHERN KINGFISH,,1517.9239915,11,28,201026138703we,,0,05/04/2021
2010,13,7,5,1604720100320004,6,2,03,we,8835440601,328,0.35,0,0,201026138703we,1604720100320393148,SOUTHERN KINGFISH,,1517.9239915,12,32,201026138703we,,0,05/04/2021
2010,13,7,5,1604720100320004,6,2,03,we,8835440601,320,0.35,0,0,201026138703we,1604720100320393148,SOUTHERN KINGFISH,,1517.9239915,12,32,201026138703we,,0,05/04/2021
2010,13,7,5,1604720100320004,6,2,03,we,8835440601,331,0.4,0,0,201026138703we,1604720100320393148,SOUTHERN KINGFISH,,1517.9239915,13,33,201026138703we,,0,05/04/2021
2010,13,7,5,1604720100320005,6,2,03,we,8835440601,332,0.4,0,0,201026138703we,1604720100320393148,SOUTHERN KINGFISH,,5577.8259591,13,33,201026138703we,,0,05/04/2021
2010,13,7,5,1604720100320005,6,2,03,we,8835440601,277,0.2,0,0,201026138703we,1604720100320393148,SOUTHERN KINGFISH,,5577.8259591,10,27,201026138703we,,0,05/04/2021
2010,13,7,5,1604720100320005,6,2,03,we,8835440601,298,0.25,0,0,201026138703we,1604720100320393148,SOUTHERN KINGFISH,,5577.8259591,11,29,201026138703we,,0,05/04/2021
2010,13,7,5,1604720100320005,6,2,03,we,8835440601,296,0.25,0,0,201026138703we,1604720100320393148,SOUTHERN KINGFISH,,5577.8259591,11,29,201026138703we,,0,05/04/2021
2010,13,7,5,1604720100320005,6,2,03,we,8835440601,284,0.25,1,1,201026138703we,1604720100320393148,SOUTHERN KINGFISH,,5577.8259591,11,28,201026138703we,,0,05/04/2021
2010,13,7,5,1604720100320005,6,2,03,we,8835440601,297,0.3,0,0,201026138703we,1604720100320393148,SOUTHERN KINGFISH,,5577.8259591,11,29,201026138703we,,0,05/04/2021
2010,13,7,5,1604720100320005,6,2,03,we,8835440601,319,0.3,0,0,201026138703we,1604720100320393148,SOUTHERN KINGFISH,,5577.8259591,12,31,201026138703we,,0,05/04/2021
2010,13,7,5,1604720100320005,6,2,03,we,8835440601,270,0.2,0,0,201026138703we,1604720100320393148,SOUTHERN KINGFISH,,5577.8259591,10,27,201026138703we,,0,05/04/2021
2010,13,7,5,1604720100320005,6,2,03,we,8835440601,246,0.2,0,0,201026138703we,1604720100320393148,SOUTHERN KINGFISH,,5577.8259591,9,24,201026138703we,,0,05/04/2021
2010,13,7,5,1604720100320005,6,2,03,we,8835440601,331,0.4,1,1,201026138703we,1604720100320393148,SOUTHERN KINGFISH,,5577.8259591,13,33,201026138703we,,0,05/04/2021
2010,13,7,5,1604720100320005,6,2,03,we,8835440601,246,0.1,1,1,201026138703we,1604720100320393148,SOUTHERN KINGFISH,,5577.8259591,9,24,201026138703we,,0,05/04/2021
2010,13,7,5,1604720100320005,6,2,03,we,8835440601,255,0.15,0,0,201026138703we,1604720100320393148,SOUTHERN KINGFISH,,5577.8259591,10,25,201026138703we,,0,05/04/2021
2010,13,7,5,1604720100320005,6,2,03,we,8835440601,272,0.2,0,0,201026138703we,1604720100320393148,SOUTHERN KINGFISH,,5577.8259591,10,27,201026138703we,,0,05/04/2021
2010,13,7,5,1604720100320005,6,2,03,we,8835440601,266,0.2,0,0,201026138703we,1604720100320393148,SOUTHERN KINGFISH,,5577.8259591,10,26,201026138703we,,0,05/04/2021
2010,13,7,5,1604720100320005,6,2,03,we,8835440601,300,0.25,0,0,201026138703we,1604720100320393148,SOUTHERN KINGFISH,,5577.8259591,11,30,201026138703we,,0,05/04/2021
2010,13,7,5,1604720100320005,6,2,03,we,8835440601,291,0.25,0,0,201026138703we,1604720100320393148,SOUTHERN KINGFISH,,5577.8259591,11,29,201026138703we,,0,05/04/2021
2010,13,7,5,1604720100320005,6,2,03,we,8835440601,284,0.2,1,1,201026138703we,1604720100320393148,SOUTHERN KINGFISH,,5577.8259591,11,28,201026138703we,,0,05/04/2021
2010,13,7,5,1604720100320005,6,2,03,we,8835440601,274,0.25,0,0,201026138703we,1604720100320393148,SOUTHERN KINGFISH,,5577.8259591,10,27,201026138703we,,0,05/04/2021
2010,13,7,5,1604720100320005,6,2,03,we,8835440601,260,0.2,0,0,201026138703we,1604720100320393148,SOUTHERN KINGFISH,,5577.8259591,10,26,201026138703we,,0,05/04/2021
2010,13,7,5,1604720100320006,6,2,03,we,8835440102,339,0.35,0,0,201026138703we,1604720100320393148,SPOTTED SEATROUT,,1057.5850297,13,33,201026138703we,,0,05/04/2021
2010,13,7,5,1604720100320006,6,2,03,we,8835440102,364,0.45,0,0,201026138703we,1604720100320393148,SPOTTED SEATROUT,,1057.5850297,14,36,201026138703we,,0,05/04/2021
2010,13,7,5,1604720100320006,6,2,03,we,8835440102,388,0.55,0,0,201026138703we,1604720100320393148,SPOTTED SEATROUT,,1057.5850297,15,38,201026138703we,,0,05/04/2021
2010,13,7,5,1604720100320006,6,2,03,we,8835440102,342,0.35,0,0,201026138703we,1604720100320393148,SPOTTED SEATROUT,,1057.5850297,13,34,201026138703we,,0,05/04/2021
2010,13,7,5,1604720100320006,6,2,03,we,8835440102,342,0.35,0,0,201026138703we,1604720100320393148,SPOTTED SEATROUT,,1057.5850297,13,34,201026138703we,,0,05/04/2021
2010,13,7,5,1604720100320007,6,2,03,we,8835440601,291,0.25,1,1,201026138703we,1604720100320393148,SOUTHERN KINGFISH,,1600.7198456,11,29,201026138703we,,0,05/04/2021
2010,13,7,5,1604720100320007,6,2,03,we,8835440601,283,0.2,0,0,201026138703we,1604720100320393148,SOUTHERN KINGFISH,,1600.7198456,11,28,201026138703we,,0,05/04/2021
2010,13,7,5,1604720100320007,6,2,03,we,8835440601,280,0.2,0,0,201026138703we,1604720100320393148,SOUTHERN KINGFISH,,1600.7198456,11,28,201026138703we,,0,05/04/2021
2010,13,7,5,1604720100320007,6,2,03,we,8835440601,293,0.2,0,0,201026138703we,1604720100320393148,SOUTHERN KINGFISH,,1600.7198456,11,29,201026138703we,,0,05/04/2021
2010,13,7,5,1604720100320007,6,2,03,we,8835440601,270,0.2,0,0,201026138703we,1604720100320393148,SOUTHERN KINGFISH,,1600.7198456,10,27,201026138703we,,0,05/04/2021
2010,13,7,5,1604720100320007,6,2,03,we,8835440601,315,0.35,0,0,201026138703we,1604720100320393148,SOUTHERN KINGFISH,,1600.7198456,12,31,201026138703we,,0,05/04/2021
2010,13,7,5,1604720100320007,6,2,03,we,8835440601,301,0.25,0,0,201026138703we,1604720100320393148,SOUTHERN KINGFISH,,1600.7198456,11,30,201026138703we,,0,05/04/2021
2010,13,7,5,1604720100320007,6,2,03,we,8835440601,302,0.3,0,0,201026138703we,1604720100320393148,SOUTHERN KINGFISH,,1600.7198456,11,30,201026138703we,,0,05/04/2021
2010,13,7,5,1604720100320007,6,2,03,we,8835440601,297,0.25,0,0,201026138703we,1604720100320393148,SOUTHERN KINGFISH,,1600.7198456,11,29,201026138703we,,0,05/04/2021
2010,13,7,5,1604720100320007,6,2,03,we,8835440601,295,0.25,0,0,201026138703we,1604720100320393148,SOUTHERN KINGFISH,,1600.7198456,11,29,201026138703we,,0,05/04/2021
2010,13,7,5,1604720100320007,6,2,03,we,8835440601,249,0.15,0,0,201026138703we,1604720100320393148,SOUTHERN KINGFISH,,1600.7198456,9,24,201026138703we,,0,05/04/2021
2010,13,7,5,1604720100320007,6,2,03,we,8835440601,270,0.2,0,0,201026138703we,1604720100320393148,SOUTHERN KINGFISH,,1600.7198456,10,27,201026138703we,,0,05/04/2021
2010,13,7,5,1604720100320007,6,2,03,we,8835440601,279,0.25,0,0,201026138703we,1604720100320393148,SOUTHERN KINGFISH,,1600.7198456,10,27,201026138703we,,0,05/04/2021
2010,13,7,5,1604720100320007,6,2,03,we,8835440601,255,0.15,1,1,201026138703we,1604720100320393148,SOUTHERN KINGFISH,,1600.7198456,10,25,201026138703we,,0,05/04/2021
2010,13,7,5,1604720100320007,6,2,03,we,8835440601,256,0.15,0,0,201026138703we,1604720100320393148,SOUTHERN KINGFISH,,1600.7198456,10,25,201026138703we,,0,05/04/2021
2010,13,7,5,1604720100320007,6,2,03,we,8835440601,274,0.25,1,1,201026138703we,1604720100320393148,SOUTHERN KINGFISH,,1600.7198456,10,27,201026138703we,,0,05/04/2021
2010,13,7,5,1604720100320007,6,2,03,we,8835440601,280,0.2,0,0,201026138703we,1604720100320393148,SOUTHERN KINGFISH,,1600.7198456,11,28,201026138703we,,0,05/04/2021
2010,13,7,5,1604720100320007,6,2,03,we,8835440601,276,0.2,0,0,201026138703we,1604720100320393148,SOUTHERN KINGFISH,,1600.7198456,10,27,201026138703we,,0,05/04/2021
2010,13,7,5,1604720100320007,6,2,03,we,8835440601,276,0.2,0,0,201026138703we,1604720100320393148,SOUTHERN KINGFISH,,1600.7198456,10,27,201026138703we,,0,05/04/2021
2010,13,7,5,1604720100320007,6,2,03,we,8835440601,272,0.2,1,1,201026138703we,1604720100320393148,SOUTHERN KINGFISH,,1600.7198456,10,27,201026138703we,,0,05/04/2021
2010,13,7,5,1604720100320009,6,2,03,we,8835440601,315,0.35,1,1,201026138703we,1604720100320393148,SOUTHERN KINGFISH,,1168.8826459,12,31,201026138703we,,0,05/04/2021
2010,13,7,5,1604720100320009,6,2,03,we,8835440601,277,0.2,0,0,201026138703we,1604720100320393148,SOUTHERN KINGFISH,,1168.8826459,10,27,201026138703we,,0,05/04/2021
2010,13,7,5,1604720100320009,6,2,03,we,8835440601,257,0.2,0,0,201026138703we,1604720100320393148,SOUTHERN KINGFISH,,1168.8826459,10,25,201026138703we,,0,05/04/2021
2010,13,7,5,1604720100320009,6,2,03,we,8835440601,272,0.15,0,0,201026138703we,1604720100320393148,SOUTHERN KINGFISH,,1168.8826459,10,27,201026138703we,,0,05/04/2021
2010,13,7,5,1604720100320009,6,2,03,we,8835440601,276,0.2,1,1,201026138703we,1604720100320393148,SOUTHERN KINGFISH,,1168.8826459,10,27,201026138703we,,0,05/04/2021
2010,13,7,5,1604720100320009,6,2,03,we,8835440601,286,0.25,0,0,201026138703we,1604720100320393148,SOUTHERN KINGFISH,,1168.8826459,11,28,201026138703we,,0,05/04/2021
2010,13,7,5,1604720100320009,6,2,03,we,8835440601,286,0.25,0,0,201026138703we,1604720100320393148,SOUTHERN KINGFISH,,1168.8826459,11,28,201026138703we,,0,05/04/2021
2010,13,7,5,1604720100320009,6,2,03,we,8835440601,305,0.25,0,0,201026138703we,1604720100320393148,SOUTHERN KINGFISH,,1168.8826459,12,30,201026138703we,,0,05/04/2021
2010,13,7,5,1604720100320009,6,2,03,we,8835440601,271,0.15,0,0,201026138703we,1604720100320393148,SOUTHERN KINGFISH,,1168.8826459,10,27,201026138703we,,0,05/04/2021
2010,13,7,5,1604720100320009,6,2,03,we,8835440601,333,0.4,0,0,201026138703we,1604720100320393148,SOUTHERN KINGFISH,,1168.8826459,13,33,201026138703we,,0,05/04/2021
2010,13,7,5,1604720100320009,6,2,03,we,8835440601,302,0.3,1,1,201026138703we,1604720100320393148,SOUTHERN KINGFISH,,1168.8826459,11,30,201026138703we,,0,05/04/2021
2010,13,7,5,1604720100320009,6,2,03,we,8835440601,296,0.25,1,1,201026138703we,1604720100320393148,SOUTHERN KINGFISH,,1168.8826459,11,29,201026138703we,,0,05/04/2021
2010,13,7,5,1604720100320009,6,2,03,we,8835440601,278,0.2,0,0,201026138703we,1604720100320393148,SOUTHERN KINGFISH,,1168.8826459,10,27,201026138703we,,0,05/04/2021
2010,13,7,5,1604720100320009,6,2,03,we,8835440601,279,0.2,0,0,201026138703we,1604720100320393148,SOUTHERN KINGFISH,,1168.8826459,10,27,201026138703we,,0,05/04/2021
2010,13,7,5,1604720100320009,6,2,03,we,8835440601,281,0.2,0,0,201026138703we,1604720100320393148,SOUTHERN KINGFISH,,1168.8826459,11,28,201026138703we,,0,05/04/2021
2010,13,7,5,1604720100320009,6,2,03,we,8835440601,284,0.2,0,0,201026138703we,1604720100320393148,SOUTHERN KINGFISH,,1168.8826459,11,28,201026138703we,,0,05/04/2021
2010,13,7,5,1604720100320009,6,2,03,we,8835440601,267,0.15,0,0,201026138703we,1604720100320393148,SOUTHERN KINGFISH,,1168.8826459,10,26,201026138703we,,0,05/04/2021
2010,13,7,5,1604720100320009,6,2,03,we,8835430301,396,1.8,0,0,201026138703we,1604720100320393148,SHEEPSHEAD,,1103.9447211,15,39,201026138703we,,0,05/04/2021
2010,13,7,5,1604720100320009,6,2,03,we,8835430301,336,1.05,0,0,201026138703we,1604720100320393148,SHEEPSHEAD,,1103.9447211,13,33,201026138703we,,0,05/04/2021
2010,13,7,5,1604720100320010,6,2,03,we,8835440901,451,1.15,0,0,201026138703we,1604720100320393148,RED DRUM,,1832.4596921,17,45,201026138703we,,0,05/04/2021
2010,13,7,5,1604720100320013,6,2,03,we,8835440601,243,0.15,0,0,201026138703we,1604720100320393148,SOUTHERN KINGFISH,,1103.9447211,9,24,201026138703we,,0,05/04/2021
2010,13,7,5,1604720100320013,6,2,03,we,8835440601,246,0.15,0,0,201026138703we,1604720100320393148,SOUTHERN KINGFISH,,1103.9447211,9,24,201026138703we,,0,05/04/2021
2010,13,7,5,1604720100320013,6,2,03,we,8835440601,270,0.2,0,0,201026138703we,1604720100320393148,SOUTHERN KINGFISH,,1103.9447211,10,27,201026138703we,,0,05/04/2021
2010,13,7,5,1604720100320013,6,2,03,we,8835440601,297,0.25,0,0,201026138703we,1604720100320393148,SOUTHERN KINGFISH,,1103.9447211,11,29,201026138703we,,0,05/04/2021
2010,13,7,5,1604720100320013,6,2,03,we,8835440601,286,0.25,0,0,201026138703we,1604720100320393148,SOUTHERN KINGFISH,,1103.9447211,11,28,201026138703we,,0,05/04/2021
2010,13,7,5,1604720100320013,6,2,03,we,8835440601,261,0.15,0,0,201026138703we,1604720100320393148,SOUTHERN KINGFISH,,1103.9447211,10,26,201026138703we,,0,05/04/2021
2010,13,7,5,1604720100320013,6,2,03,we,8835440601,242,0.1,0,0,201026138703we,1604720100320393148,SOUTHERN KINGFISH,,1103.9447211,9,24,201026138703we,,0,05/04/2021
2010,13,7,5,1604720100320013,6,2,03,we,8835440601,270,0.2,0,0,201026138703we,1604720100320393148,SOUTHERN KINGFISH,,1103.9447211,10,27,201026138703we,,0,05/04/2021
2010,13,7,5,1604720100320013,6,2,03,we,8835440601,260,0.15,0,0,201026138703we,1604720100320393148,SOUTHERN KINGFISH,,1103.9447211,10,26,201026138703we,,0,05/04/2021
2010,13,7,5,1604720100320013,6,2,03,we,8835440601,256,0.15,0,0,201026138703we,1604720100320393148,SOUTHERN KINGFISH,,1103.9447211,10,25,201026138703we,,0,05/04/2021
2010,13,7,5,1604720100320013,6,2,03,we,8835440601,257,0.15,0,0,201026138703we,1604720100320393148,SOUTHERN KINGFISH,,1103.9447211,10,25,201026138703we,,0,05/04/2021
2010,13,7,5,1604720100320013,6,2,03,we,8835440601,254,0.15,0,0,201026138703we,1604720100320393148,SOUTHERN KINGFISH,,1103.9447211,9,25,201026138703we,,0,05/04/2021
2010,13,7,5,1604720100320013,6,2,03,we,8835440601,275,0.15,0,0,201026138703we,1604720100320393148,SOUTHERN KINGFISH,,1103.9447211,10,27,201026138703we,,0,05/04/2021
2010,13,7,5,1604720100320013,6,2,03,we,8835440601,254,0.15,0,0,201026138703we,1604720100320393148,SOUTHERN KINGFISH,,1103.9447211,9,25,201026138703we,,0,05/04/2021
2010,13,7,5,1604720100320013,6,2,03,we,8835440601,283,0.25,0,0,201026138703we,1604720100320393148,SOUTHERN KINGFISH,,1103.9447211,11,28,201026138703we,,0,05/04/2021
2010,13,7,5,1604720100320013,6,2,03,we,8835440601,256,0.15,0,0,201026138703we,1604720100320393148,SOUTHERN KINGFISH,,1103.9447211,10,25,201026138703we,,0,05/04/2021
2010,13,7,5,1604720100320013,6,2,03,we,8835440601,267,0.15,0,0,201026138703we,1604720100320393148,SOUTHERN KINGFISH,,1103.9447211,10,26,201026138703we,,0,05/04/2021
2010,13,7,5,1604720100320013,6,2,03,we,8835440601,262,0.15,0,0,201026138703we,1604720100320393148,SOUTHERN KINGFISH,,1103.9447211,10,26,201026138703we,,0,05/04/2021
2010,13,7,5,1604720100320013,6,2,03,we,8835440601,299,0.3,0,0,201026138703we,1604720100320393148,SOUTHERN KINGFISH,,1103.9447211,11,29,201026138703we,,0,05/04/2021
2010,13,7,5,1604720100320013,6,2,03,we,8835440601,282,0.25,0,0,201026138703we,1604720100320393148,SOUTHERN KINGFISH,,1103.9447211,11,28,201026138703we,,0,05/04/2021
2010,13,7,5,1604720100320013,6,2,03,we,8835440601,257,0.15,0,0,201026138703we,1604720100320393148,SOUTHERN KINGFISH,,1103.9447211,10,25,201026138703we,,0,05/04/2021
2010,13,7,5,1604720100320013,6,2,03,we,8835440601,283,0.25,0,0,201026138703we,1604720100320393148,SOUTHERN KINGFISH,,1103.9447211,11,28,201026138703we,,0,05/04/2021
2010,13,7,5,1604720100320014,6,2,03,we,,,,0,0,201026138703we,1604720100320393148,,,1793.4565742,,,201026138703we,,0,05/04/2021
2010,13,7,5,1604720100320015,6,2,03,we,8835440102,348,0.45,0,0,201026138703we,1604720100320393148,SPOTTED SEATROUT,,1057.5850297,13,34,201026138703we,,0,05/04/2021
2010,13,7,5,1604720100320015,6,2,03,we,8835440102,380,0.55,0,0,201026138703we,1604720100320393148,SPOTTED SEATROUT,,1057.5850297,14,38,201026138703we,,0,05/04/2021
2010,13,7,5,1604720100320015,6,2,03,we,8835440102,352,0.4,0,0,201026138703we,1604720100320393148,SPOTTED SEATROUT,,1057.5850297,13,35,201026138703we,,0,05/04/2021
2010,13,7,5,1604720100320016,6,2,03,we,,,,0,0,201026138703we,1604720100320393148,,,2680.9151331,,,201026138703we,,0,05/04/2021
2010,13,7,5,1604720100320017,6,2,03,we,,,,0,0,201026138703we,1604720100320393148,,,1872.073509,,,201026138703we,,0,05/04/2021
2010,13,7,5,1604720100320018,6,2,03,we,,,,0,0,201026138703we,1604720100320393148,,,1872.073509,,,201026138703we,,0,05/04/2021
2010,13,7,5,1604720100320019,6,2,03,we,8835440601,281,0.2,1,1,201026138703we,1604720100320393148,SOUTHERN KINGFISH,,4289.464213,11,28,201026138703we,,0,05/04/2021
2010,13,7,5,1604720100320019,6,2,03,we,8835440601,284,0.2,1,1,201026138703we,1604720100320393148,SOUTHERN KINGFISH,,4289.464213,11,28,201026138703we,,0,05/04/2021
2010,13,7,5,1604720100320019,6,2,03,we,8835440601,249,0.15,1,1,201026138703we,1604720100320393148,SOUTHERN KINGFISH,,4289.464213,9,24,201026138703we,,0,05/04/2021
2010,13,7,5,1604720100320019,6,2,03,we,8835440601,270,0.2,1,1,201026138703we,1604720100320393148,SOUTHERN KINGFISH,,4289.464213,10,27,201026138703we,,0,05/04/2021
2010,13,7,5,1604720100320019,6,2,03,we,8835440601,286,0.25,1,1,201026138703we,1604720100320393148,SOUTHERN KINGFISH,,4289.464213,11,28,201026138703we,,0,05/04/2021
2010,13,7,2,1604720100320020,6,2,03,we,8850030601,1110,8.6078683292,1,1,201026138703we,1604720100320393148,WAHOO,,1668.1586355,43,111,201026138703we,,0,05/04/2021
2010,13,7,2,1604720100320020,6,2,03,we,8850030601,1169,9.92,1,1,201026138703we,1604720100320393148,WAHOO,,1668.1586355,46,116,201026138703we,,0,05/04/2021
2010,13,7,2,1604720100320020,6,2,03,we,8850030601,1295,15.034207812,0,1,201026138703we,1604720100320393148,WAHOO,,1668.1586355,50,129,201026138703we,,0,05/04/2021
2010,13,7,2,1604720100320020,6,2,03,we,8850030601,1198,11.12,1,1,201026138703we,1604720100320393148,WAHOO,,1668.1586355,47,119,201026138703we,,0,05/04/2021
2010,13,7,2,1604720100320020,6,2,03,we,8850030601,1440,20.558581063,0,1,201026138703we,1604720100320393148,WAHOO,,1668.1586355,56,144,201026138703we,,0,05/04/2021
2010,13,7,2,1604720100320020,6,2,03,we,8850030404,727,8.0090073891,0,1,201026138703we,1604720100320393148,BLACKFIN TUNA,,1668.1586355,28,72,201026138703we,,0,05/04/2021
2010,13,7,5,1604720100418001,6,2,04,we,8835440601,257,0.15,1,1,201026138704we,160472010041812720,SOUTHERN KINGFISH,,1461.3553238,10,25,201026138704we,,0,05/04/2021
2010,13,7,5,1604720100418001,6,2,04,we,8835440601,274,0.2,0,0,201026138704we,160472010041812720,SOUTHERN KINGFISH,,1461.3553238,10,27,201026138704we,,0,05/04/2021
2010,13,7,5,1604720100418001,6,2,04,we,8835440601,256,0.15,1,1,201026138704we,160472010041812720,SOUTHERN KINGFISH,,1461.3553238,10,25,201026138704we,,0,05/04/2021
2010,13,7,5,1604720100418001,6,2,04,we,8835440601,292,0.25,0,0,201026138704we,160472010041812720,SOUTHERN KINGFISH,,1461.3553238,11,29,201026138704we,,0,05/04/2021
2010,13,7,5,1604720100418001,6,2,04,we,8835440601,272,0.2,0,0,201026138704we,160472010041812720,SOUTHERN KINGFISH,,1461.3553238,10,27,201026138704we,,0,05/04/2021
2010,13,7,5,1604720100418001,6,2,04,we,8835440601,291,0.25,0,0,201026138704we,160472010041812720,SOUTHERN KINGFISH,,1461.3553238,11,29,201026138704we,,0,05/04/2021
2010,13,7,5,1604720100418001,6,2,04,we,8835440601,254,0.15,1,1,201026138704we,160472010041812720,SOUTHERN KINGFISH,,1461.3553238,9,25,201026138704we,,0,05/04/2021
2010,13,7,5,1604720100418001,6,2,04,we,8835440601,286,0.25,1,1,201026138704we,160472010041812720,SOUTHERN KINGFISH,,1461.3553238,11,28,201026138704we,,0,05/04/2021
2010,13,7,5,1604720100418001,6,2,04,we,8835440601,270,0.2,0,0,201026138704we,160472010041812720,SOUTHERN KINGFISH,,1461.3553238,10,27,201026138704we,,0,05/04/2021
2010,13,7,5,1604720100418002,6,2,04,we,8835440601,268,0.25,0,0,201026138704we,160472010041812720,SOUTHERN KINGFISH,,1461.3553238,10,26,201026138704we,,0,05/04/2021
2010,13,7,5,1604720100418002,6,2,04,we,8835440601,252,0.2,0,0,201026138704we,160472010041812720,SOUTHERN KINGFISH,,1461.3553238,9,25,201026138704we,,0,05/04/2021
2010,13,7,5,1604720100418002,6,2,04,we,8835440601,276,0.25,0,0,201026138704we,160472010041812720,SOUTHERN KINGFISH,,1461.3553238,10,27,201026138704we,,0,05/04/2021
2010,13,7,5,1604720100418002,6,2,04,we,8835440601,267,0.2,0,0,201026138704we,160472010041812720,SOUTHERN KINGFISH,,1461.3553238,10,26,201026138704we,,0,05/04/2021
2010,13,7,5,1604720100418003,6,2,04,we,,,,0,0,201026138704we,160472010041812720,,,3753.1469413,,,201026138704we,,0,05/04/2021
2010,13,7,5,1604720100418004,6,2,04,we,8835440601,283,0.25,1,1,201026138704we,160472010041812720,SOUTHERN KINGFISH,,3753.1469413,11,28,201026138704we,,0,05/04/2021
2010,13,7,5,1604720100418005,6,2,04,we,8835440601,293,0.3,0,0,201026138704we,160472010041812720,SOUTHERN KINGFISH,,1461.3553238,11,29,201026138704we,,0,05/04/2021
2010,13,7,5,1604720100418005,6,2,04,we,8835440601,336,0.45,0,0,201026138704we,160472010041812720,SOUTHERN KINGFISH,,1461.3553238,13,33,201026138704we,,0,05/04/2021
2010,13,7,5,1604720100418005,6,2,04,we,8835440601,265,0.2,0,0,201026138704we,160472010041812720,SOUTHERN KINGFISH,,1461.3553238,10,26,201026138704we,,0,05/04/2021
2010,13,7,5,1604720100418005,6,2,04,we,8835440601,260,0.2,0,0,201026138704we,160472010041812720,SOUTHERN KINGFISH,,1461.3553238,10,26,201026138704we,,0,05/04/2021
2010,13,7,5,1657320100325004,6,2,03,wd,,,,0,0,201026138703wd,165732010032517985,,,4168.4870036,,,201026138703wd,,0,05/04/2021
2010,13,7,5,1657320100325005,6,2,03,wd,,,,0,0,201026138703wd,165732010032517985,,,4168.4870036,,,201026138703wd,,0,05/04/2021
2010,13,7,5,1657320100408003,6,2,04,wd,,,,0,0,201026138704wd,165732010040812716,,,1450.4415595,,,201026138704wd,,0,05/04/2021
2010,13,7,5,1657320100408004,6,2,04,wd,,,,0,0,201026138704wd,165732010040812716,,,1450.4415595,,,201026138704wd,,0,05/04/2021
2010,13,7,5,1657320100408005,6,2,04,wd,,,,0,0,201026138704wd,165732010040812716,,,1450.4415595,,,201026138704wd,,0,05/04/2021
2010,13,7,5,1657320100408006,6,2,04,wd,,,,0,0,201026138704wd,165732010040812716,,,1450.4415595,,,201026138704wd,,0,05/04/2021
2010,13,7,5,1657320100408007,6,2,04,wd,,,,0,0,201026138704wd,165732010040812716,,,1450.4415595,,,201026138704wd,,0,05/04/2021
2010,13,7,5,1657320100408008,6,2,04,wd,,,,0,0,201026138704wd,165732010040812716,,,1389.53088,,,201026138704wd,,0,05/04/2021
2010,13,7,5,1657320100408009,6,2,04,wd,8835440601,300,0.3,0,0,201026138704wd,165732010040812716,SOUTHERN KINGFISH,,3751.733376,11,30,201026138704wd,,0,05/04/2021
2010,13,7,5,1657320100408009,6,2,04,wd,8835440601,288,0.2,0,0,201026138704wd,165732010040812716,SOUTHERN KINGFISH,,3751.733376,11,28,201026138704wd,,0,05/04/2021
2010,13,7,5,1657320100408009,6,2,04,wd,8835440601,313,0.35,0,0,201026138704wd,165732010040812716,SOUTHERN KINGFISH,,3751.733376,12,31,201026138704wd,,0,05/04/2021
2010,13,7,5,1657320100408009,6,2,04,wd,8835440601,348,0.4,0,0,201026138704wd,165732010040812716,SOUTHERN KINGFISH,,3751.733376,13,34,201026138704wd,,0,05/04/2021
2010,13,7,5,1657320100408009,6,2,04,wd,8835440601,297,0.25,0,0,201026138704wd,165732010040812716,SOUTHERN KINGFISH,,3751.733376,11,29,201026138704wd,,0,05/04/2021
2010,13,7,5,1657320100408009,6,2,04,wd,8835440601,287,0.3,0,0,201026138704wd,165732010040812716,SOUTHERN KINGFISH,,3751.733376,11,28,201026138704wd,,0,05/04/2021
2010,13,7,5,1657320100408009,6,2,04,wd,8835440601,262,0.15,1,1,201026138704wd,165732010040812716,SOUTHERN KINGFISH,,3751.733376,10,26,201026138704wd,,0,05/04/2021
2010,13,7,5,1657320100408009,6,2,04,wd,8835440601,270,0.2,1,1,201026138704wd,165732010040812716,SOUTHERN KINGFISH,,3751.733376,10,27,201026138704wd,,0,05/04/2021
2010,13,7,5,1657320100408009,6,2,04,wd,8835440601,261,0.15,1,1,201026138704wd,165732010040812716,SOUTHERN KINGFISH,,3751.733376,10,26,201026138704wd,,0,05/04/2021
2010,13,7,5,1657320100408009,6,2,04,wd,8835440601,274,0.2,1,1,201026138704wd,165732010040812716,SOUTHERN KINGFISH,,3751.733376,10,27,201026138704wd,,0,05/04/2021
2010,13,7,5,1657320100408010,6,2,04,wd,,,,0,0,201026138704wd,165732010040812716,,,1389.53088,,,201026138704wd,,0,05/04/2021
2010,13,7,5,1657320100408011,6,2,04,wd,8835440601,260,0.2,1,1,201026138704wd,165732010040812716,SOUTHERN KINGFISH,,2779.06176,10,26,201026138704wd,,0,05/04/2021
2010,13,7,5,1657320100408011,6,2,04,wd,8835440601,276,0.25,1,1,201026138704wd,165732010040812716,SOUTHERN KINGFISH,,2779.06176,10,27,201026138704wd,,0,05/04/2021
2010,13,7,5,1657320100408011,6,2,04,wd,8835440601,286,0.25,0,0,201026138704wd,165732010040812716,SOUTHERN KINGFISH,,2779.06176,11,28,201026138704wd,,0,05/04/2021
2010,13,7,5,1657320100408011,6,2,04,wd,8835440601,252,0.2,1,1,201026138704wd,165732010040812716,SOUTHERN KINGFISH,,2779.06176,9,25,201026138704wd,,0,05/04/2021
2010,13,7,5,1657320100408011,6,2,04,wd,8835440601,290,0.3,0,0,201026138704wd,165732010040812716,SOUTHERN KINGFISH,,2779.06176,11,29,201026138704wd,,0,05/04/2021
2010,13,7,5,1657320100408011,6,2,04,wd,8835440601,270,0.2,0,0,201026138704wd,165732010040812716,SOUTHERN KINGFISH,,2779.06176,10,27,201026138704wd,,0,05/04/2021
2010,13,7,5,1657320100408011,6,2,04,wd,8835440601,315,0.25,0,0,201026138704wd,165732010040812716,SOUTHERN KINGFISH,,2779.06176,12,31,201026138704wd,,0,05/04/2021
2010,13,7,5,1657320100408011,6,2,04,wd,8835440601,263,0.2,0,0,201026138704wd,165732010040812716,SOUTHERN KINGFISH,,2779.06176,10,26,201026138704wd,,0,05/04/2021
2010,13,7,5,1657320100408011,6,2,04,wd,8835440601,294,0.3,0,0,201026138704wd,165732010040812716,SOUTHERN KINGFISH,,2779.06176,11,29,201026138704wd,,0,05/04/2021
2010,13,7,5,1657320100408011,6,2,04,wd,8835440601,297,0.3,0,0,201026138704wd,165732010040812716,SOUTHERN KINGFISH,,2779.06176,11,29,201026138704wd,,0,05/04/2021
2010,13,7,5,1657320100408011,6,2,04,wd,8835440601,281,0.25,0,0,201026138704wd,165732010040812716,SOUTHERN KINGFISH,,2779.06176,11,28,201026138704wd,,0,05/04/2021
2010,13,7,5,1657320100408011,6,2,04,wd,8835440601,297,0.25,1,1,201026138704wd,165732010040812716,SOUTHERN KINGFISH,,2779.06176,11,29,201026138704wd,,0,05/04/2021
2010,13,7,5,1657320100408012,6,2,04,wd,,,,0,0,201026138704wd,165732010040812716,,,1389.53088,,,201026138704wd,,0,05/04/2021
2010,13,7,5,1657320100408013,6,2,04,wd,,,,0,0,201026138704wd,165732010040812716,,,1389.53088,,,201026138704wd,,0,05/04/2021
2010,13,7,5,1657320100408014,6,2,04,wd,8835440901,395,0.7,0,0,201026138704wd,165732010040812716,RED DRUM,,1389.53088,15,39,201026138704wd,,0,05/04/2021
2010,13,7,5,1657320100408014,6,2,04,wd,8835440901,415,0.8,0,0,201026138704wd,165732010040812716,RED DRUM,,1389.53088,16,41,201026138704wd,,0,05/04/2021
2010,13,7,5,1657320100408014,6,2,04,wd,8835440601,287,0.25,0,0,201026138704wd,165732010040812716,SOUTHERN KINGFISH,,1389.53088,11,28,201026138704wd,,0,05/04/2021
2010,13,7,5,1657320100408014,6,2,04,wd,8835440601,286,0.25,0,0,201026138704wd,165732010040812716,SOUTHERN KINGFISH,,1389.53088,11,28,201026138704wd,,0,05/04/2021
2010,13,7,5,1657320100408014,6,2,04,wd,8835440601,290,0.25,0,0,201026138704wd,165732010040812716,SOUTHERN KINGFISH,,1389.53088,11,29,201026138704wd,,0,05/04/2021
2010,13,7,5,1657320100408014,6,2,04,wd,8835440601,297,0.3,0,0,201026138704wd,165732010040812716,SOUTHERN KINGFISH,,1389.53088,11,29,201026138704wd,,0,05/04/2021
2010,13,7,5,1657320100408014,6,2,04,wd,8835440601,359,0.5,0,0,201026138704wd,165732010040812716,SOUTHERN KINGFISH,,1389.53088,14,35,201026138704wd,,0,05/04/2021
2010,13,7,5,1657320100408015,6,2,04,wd,,,,0,0,201026138704wd,165732010040812716,,,1389.53088,,,201026138704wd,,0,05/04/2021
2010,13,7,5,1657320100410001,6,2,04,we,,,,0,0,201026138704we,165732010041012720,,,1125.7281314,,,201026138704we,,0,05/04/2021
2010,13,7,5,1657320100410002,6,2,04,we,,,,0,0,201026138704we,165732010041012720,,,1125.7281314,,,201026138704we,,0,05/04/2021
2010,13,7,5,1657320100410003,6,2,04,we,,,,0,0,201026138704we,165732010041012720,,,1125.7281314,,,201026138704we,,0,05/04/2021
2010,13,7,5,1657320100410004,6,2,04,we,,,,0,0,201026138704we,165732010041012720,,,1125.7281314,,,201026138704we,,0,05/04/2021
2010,13,7,5,1657320100410005,6,2,04,we,,,,0,0,201026138704we,165732010041012720,,,1125.7281314,,,201026138704we,,0,05/04/2021
2010,13,7,5,1657320100410006,6,2,04,we,,,,0,0,201026138704we,165732010041012720,,,1078.4536549,,,201026138704we,,0,05/04/2021
2010,13,7,5,1657320100410008,6,2,04,we,8835430301,272,0.5,1,1,201026138704we,165732010041012720,SHEEPSHEAD,,5587.2838638,10,27,201026138704we,,0,05/04/2021
2010,13,7,5,1657320100410008,6,2,04,we,8835430301,396,1.8,1,1,201026138704we,165732010041012720,SHEEPSHEAD,,5587.2838638,15,39,201026138704we,,0,05/04/2021
2010,13,7,5,1657320100410008,6,2,04,we,8835430301,246,0.35,1,1,201026138704we,165732010041012720,SHEEPSHEAD,,5587.2838638,9,24,201026138704we,,0,05/04/2021
2010,13,7,5,1657320100410008,6,2,04,we,8835430301,336,1.05,1,1,201026138704we,165732010041012720,SHEEPSHEAD,,5587.2838638,13,33,201026138704we,,0,05/04/2021
2010,13,7,5,1657320100410008,6,2,04,we,8835430301,252,0.4,1,1,201026138704we,165732010041012720,SHEEPSHEAD,,5587.2838638,9,25,201026138704we,,0,05/04/2021
2010,13,7,5,1657320100410009,6,2,04,we,,,,0,0,201026138704we,165732010041012720,,,1078.4536549,,,201026138704we,,0,05/04/2021
2010,13,7,5,1657420100307001,6,2,03,we,,,,0,0,201026138703we,165742010030712717,,,1135.6016879,,,201026138703we,,0,05/04/2021
2010,13,7,5,1657420100320001,6,2,03,we,8835440102,381,0.5,0,0,201026138703we,16574201003201911593,SPOTTED SEATROUT,,938.83661539,14,38,201026138703we,,0,05/04/2021
2010,13,7,5,1657420100320001,6,2,03,we,8835440102,342,0.35,1,1,201026138703we,16574201003201911593,SPOTTED SEATROUT,,938.83661539,13,34,201026138703we,,0,05/04/2021
2010,13,7,5,1657420100320001,6,2,03,we,8777020102,335,0.6,0,0,201026138703we,16574201003201911593,BLUE CATFISH,,938.83661539,13,33,201026138703we,,0,05/04/2021
2010,13,7,5,1657420100320001,6,2,03,we,8777020102,527,2.2,1,1,201026138703we,16574201003201911593,BLUE CATFISH,,938.83661539,20,52,201026138703we,,0,05/04/2021
2010,13,7,2,1657420100320003,6,2,03,we,,,,0,0,201026138703we,16574201003201911593,,,2079.5463041,,,201026138703we,,0,05/04/2021
2010,13,7,2,1657420100320004,6,2,03,we,,,,0,0,201026138703we,16574201003201911593,,,1843.5141843,,,201026138703we,,0,05/04/2021
2010,13,7,5,1657420100320008,6,2,03,we,8835440102,453,1,0,0,201026138703we,16574201003201911593,SPOTTED SEATROUT,,1207.7606699,17,45,201026138703we,,0,05/04/2021
2010,13,7,2,1657420100320012,6,2,03,we,8835440801,271,0.3,1,1,201026138703we,16574201003201911593,BLACK DRUM,,1418.6656065,10,27,201026138703we,,0,05/04/2021
2010,13,7,2,1657420100320012,6,2,03,we,8835440801,485,1.7,0,0,201026138703we,16574201003201911593,BLACK DRUM,,1418.6656065,19,48,201026138703we,,0,05/04/2021
2010,13,7,2,1657420100320012,6,2,03,we,8835440801,487,1.6,0,0,201026138703we,16574201003201911593,BLACK DRUM,,1418.6656065,19,48,201026138703we,,0,05/04/2021
2010,13,7,2,1657420100320012,6,2,03,we,8835430201,246,0.35,0,0,201026138703we,16574201003201911593,PINFISH,,1418.6656065,9,24,201026138703we,,0,05/04/2021
2010,13,7,2,1657420100320012,6,2,03,we,8835430201,135,0.05,1,1,201026138703we,16574201003201911593,PINFISH,,1418.6656065,5,13,201026138703we,,0,05/04/2021
2010,13,7,2,1657420100320012,6,2,03,we,8835430201,253,0.35,0,0,201026138703we,16574201003201911593,PINFISH,,1418.6656065,9,25,201026138703we,,0,05/04/2021
2010,13,7,2,1657420100320012,6,2,03,we,8835430505,280,0.55,0,0,201026138703we,16574201003201911593,WHITEBONE PORGY,,1418.6656065,11,28,201026138703we,,0,05/04/2021
2010,13,7,2,1657420100320012,6,2,03,we,8835430201,162,0.1,1,1,201026138703we,16574201003201911593,PINFISH,,1418.6656065,6,16,201026138703we,,0,05/04/2021
2010,13,7,2,1657420100320012,6,2,03,we,8835430201,206,0.2,1,1,201026138703we,16574201003201911593,PINFISH,,1418.6656065,8,20,201026138703we,,0,05/04/2021
2010,13,7,2,1657420100320012,6,2,03,we,8835400201,246,0.3,0,0,201026138703we,16574201003201911593,PIGFISH,,1418.6656065,9,24,201026138703we,,0,05/04/2021
2010,13,7,2,1657420100320012,6,2,03,we,8835400201,203,0.15,1,1,201026138703we,16574201003201911593,PIGFISH,,1418.6656065,7,20,201026138703we,,0,05/04/2021
2010,13,7,2,1657420100320012,6,2,03,we,8835020301,246,0.35,1,1,201026138703we,16574201003201911593,BLACK SEA BASS,,1418.6656065,9,24,201026138703we,,0,05/04/2021
2010,13,7,2,1657420100320012,6,2,03,we,8835020301,246,0.35,0,0,201026138703we,16574201003201911593,BLACK SEA BASS,,1418.6656065,9,24,201026138703we,,0,05/04/2021
2010,13,7,2,1657420100320012,6,2,03,we,8835020301,287,0.4,0,0,201026138703we,16574201003201911593,BLACK SEA BASS,,1418.6656065,11,28,201026138703we,,0,05/04/2021
2010,13,7,2,1657420100320012,6,2,03,we,8835020301,287,0.4,1,1,201026138703we,16574201003201911593,BLACK SEA BASS,,1418.6656065,11,28,201026138703we,,0,05/04/2021
2010,13,7,2,1657420100320012,6,2,03,we,8835020301,294,0.35,0,0,201026138703we,16574201003201911593,BLACK SEA BASS,,1418.6656065,11,29,201026138703we,,0,05/04/2021
2010,13,7,2,1657420100320012,6,2,03,we,8835020301,294,0.35,1,1,201026138703we,16574201003201911593,BLACK SEA BASS,,1418.6656065,11,29,201026138703we,,0,05/04/2021
2010,13,7,2,1657420100320012,6,2,03,we,8835020301,294,0.35,1,1,201026138703we,16574201003201911593,BLACK SEA BASS,,1418.6656065,11,29,201026138703we,,0,05/04/2021
2010,13,7,2,1657420100320012,6,2,03,we,8835020301,303,0.4,0,0,201026138703we,16574201003201911593,BLACK SEA BASS,,1418.6656065,11,30,201026138703we,,0,05/04/2021
2010,13,7,2,1657420100320012,6,2,03,we,8835020301,317,0.45,0,0,201026138703we,16574201003201911593,BLACK SEA BASS,,1418.6656065,12,31,201026138703we,,0,05/04/2021
2010,13,7,2,1657420100320013,6,2,03,we,,,,0,0,201026138703we,16574201003201911593,,,1600.3295376,,,201026138703we,,0,05/04/2021
2010,13,7,2,1657420100320014,6,2,03,we,,,,0,0,201026138703we,16574201003201911593,,,1600.3295376,,,201026138703we,,0,05/04/2021
2010,13,7,2,1657420100320015,6,2,03,we,,,,0,0,201026138703we,16574201003201911593,,,1533.1243759,,,201026138703we,,0,05/04/2021
2010,13,7,5,1657420100326001,6,2,03,wd,8835440601,246,0.2,0,0,201026138703wd,1657420100326393148,SOUTHERN KINGFISH,,850.49193561,9,24,201026138703wd,,0,05/04/2021
2010,13,7,5,1657420100326001,6,2,03,wd,8835440601,263,0.2,0,0,201026138703wd,1657420100326393148,SOUTHERN KINGFISH,,850.49193561,10,26,201026138703wd,,0,05/04/2021
2010,13,7,5,1657420100326001,6,2,03,wd,8835440601,288,0.2,1,1,201026138703wd,1657420100326393148,SOUTHERN KINGFISH,,850.49193561,11,28,201026138703wd,,0,05/04/2021
2010,13,7,5,1657420100326001,6,2,03,wd,8835440601,255,0.15,0,0,201026138703wd,1657420100326393148,SOUTHERN KINGFISH,,850.49193561,10,25,201026138703wd,,0,05/04/2021
2010,13,7,5,1657420100326001,6,2,03,wd,8835440601,261,0.2,0,0,201026138703wd,1657420100326393148,SOUTHERN KINGFISH,,850.49193561,10,26,201026138703wd,,0,05/04/2021
2010,13,7,5,1657420100326001,6,2,03,wd,8835440601,266,0.2,0,0,201026138703wd,1657420100326393148,SOUTHERN KINGFISH,,850.49193561,10,26,201026138703wd,,0,05/04/2021
2010,13,7,5,1657420100326001,6,2,03,wd,8835440601,269,0.2,0,0,201026138703wd,1657420100326393148,SOUTHERN KINGFISH,,850.49193561,10,26,201026138703wd,,0,05/04/2021
2010,13,7,5,1657420100326001,6,2,03,wd,8835440601,257,0.2,0,0,201026138703wd,1657420100326393148,SOUTHERN KINGFISH,,850.49193561,10,25,201026138703wd,,0,05/04/2021
2010,13,7,5,1657420100326001,6,2,03,wd,8835440601,270,0.2,1,1,201026138703wd,1657420100326393148,SOUTHERN KINGFISH,,850.49193561,10,27,201026138703wd,,0,05/04/2021
2010,13,7,5,1657420100326001,6,2,03,wd,8835440601,259,0.2,0,0,201026138703wd,1657420100326393148,SOUTHERN KINGFISH,,850.49193561,10,25,201026138703wd,,0,05/04/2021
2010,13,7,5,1657420100326001,6,2,03,wd,8835440601,271,0.2,0,0,201026138703wd,1657420100326393148,SOUTHERN KINGFISH,,850.49193561,10,27,201026138703wd,,0,05/04/2021
2010,13,7,5,1657420100326001,6,2,03,wd,8835440601,275,0.3,0,0,201026138703wd,1657420100326393148,SOUTHERN KINGFISH,,850.49193561,10,27,201026138703wd,,0,05/04/2021
2010,13,7,5,1657420100326001,6,2,03,wd,8835440601,275,0.2,0,0,201026138703wd,1657420100326393148,SOUTHERN KINGFISH,,850.49193561,10,27,201026138703wd,,0,05/04/2021
2010,13,7,5,1657420100326001,6,2,03,wd,8835440601,280,0.25,0,0,201026138703wd,1657420100326393148,SOUTHERN KINGFISH,,850.49193561,11,28,201026138703wd,,0,05/04/2021
2010,13,7,5,1657420100326001,6,2,03,wd,8835440601,281,0.25,0,0,201026138703wd,1657420100326393148,SOUTHERN KINGFISH,,850.49193561,11,28,201026138703wd,,0,05/04/2021
2010,13,7,5,1657420100326001,6,2,03,wd,8835440601,282,0.2,0,0,201026138703wd,1657420100326393148,SOUTHERN KINGFISH,,850.49193561,11,28,201026138703wd,,0,05/04/2021
2010,13,7,5,1657420100326001,6,2,03,wd,8835440601,263,0.2,1,1,201026138703wd,1657420100326393148,SOUTHERN KINGFISH,,850.49193561,10,26,201026138703wd,,0,05/04/2021
2010,13,7,5,1657420100326001,6,2,03,wd,8835440601,258,0.2,0,0,201026138703wd,1657420100326393148,SOUTHERN KINGFISH,,850.49193561,10,25,201026138703wd,,0,05/04/2021
2010,13,7,5,1657420100326001,6,2,03,wd,8835440601,259,0.2,0,0,201026138703wd,1657420100326393148,SOUTHERN KINGFISH,,850.49193561,10,25,201026138703wd,,0,05/04/2021
2010,13,7,5,1657420100326001,6,2,03,wd,8835440601,298,0.3,0,0,201026138703wd,1657420100326393148,SOUTHERN KINGFISH,,850.49193561,11,29,201026138703wd,,0,05/04/2021
2010,13,7,5,1657420100326001,6,2,03,wd,8835440601,313,0.3,0,0,201026138703wd,1657420100326393148,SOUTHERN KINGFISH,,850.49193561,12,31,201026138703wd,,0,05/04/2021
2010,13,7,5,1657420100326001,6,2,03,wd,8835440601,348,0.4,1,1,201026138703wd,1657420100326393148,SOUTHERN KINGFISH,,850.49193561,13,34,201026138703wd,,0,05/04/2021
2010,13,7,5,1657420100326001,6,2,03,wd,8835440601,290,0.25,0,0,201026138703wd,1657420100326393148,SOUTHERN KINGFISH,,850.49193561,11,29,201026138703wd,,0,05/04/2021
2010,13,7,5,1657420100326001,6,2,03,wd,8835440601,272,0.2,0,0,201026138703wd,1657420100326393148,SOUTHERN KINGFISH,,850.49193561,10,27,201026138703wd,,0,05/04/2021
2010,13,7,5,1657420100326002,6,2,03,wd,,,,0,0,201026138703wd,1657420100326393148,,,816.47225819,,,201026138703wd,,0,05/04/2021
2010,13,7,5,1657420100326003,6,2,03,wd,8835440601,282,0.25,0,0,201026138703wd,1657420100326393148,SOUTHERN KINGFISH,,1477.425991,11,28,201026138703wd,,0,05/04/2021
2010,13,7,5,1657420100326003,6,2,03,wd,8835440601,284,0.25,0,0,201026138703wd,1657420100326393148,SOUTHERN KINGFISH,,1477.425991,11,28,201026138703wd,,0,05/04/2021
2010,13,7,5,1657420100326003,6,2,03,wd,8835440601,285,0.25,0,0,201026138703wd,1657420100326393148,SOUTHERN KINGFISH,,1477.425991,11,28,201026138703wd,,0,05/04/2021
2010,13,7,5,1657420100326003,6,2,03,wd,8835440601,329,0.4,0,0,201026138703wd,1657420100326393148,SOUTHERN KINGFISH,,1477.425991,12,32,201026138703wd,,0,05/04/2021
2010,13,7,5,1657420100326003,6,2,03,wd,8835440601,281,0.25,1,1,201026138703wd,1657420100326393148,SOUTHERN KINGFISH,,1477.425991,11,28,201026138703wd,,0,05/04/2021
2010,13,7,5,1657420100326003,6,2,03,wd,8835440601,284,0.25,0,0,201026138703wd,1657420100326393148,SOUTHERN KINGFISH,,1477.425991,11,28,201026138703wd,,0,05/04/2021
2010,13,7,5,1657420100326003,6,2,03,wd,8835440601,286,0.25,1,1,201026138703wd,1657420100326393148,SOUTHERN KINGFISH,,1477.425991,11,28,201026138703wd,,0,05/04/2021
2010,13,7,5,1657420100326003,6,2,03,wd,8835440601,299,0.3,0,0,201026138703wd,1657420100326393148,SOUTHERN KINGFISH,,1477.425991,11,29,201026138703wd,,0,05/04/2021
2010,13,7,5,1657420100326003,6,2,03,wd,8835440601,282,0.2,0,0,201026138703wd,1657420100326393148,SOUTHERN KINGFISH,,1477.425991,11,28,201026138703wd,,0,05/04/2021
2010,13,7,5,1657420100326003,6,2,03,wd,8835440601,287,0.25,1,1,201026138703wd,1657420100326393148,SOUTHERN KINGFISH,,1477.425991,11,28,201026138703wd,,0,05/04/2021
2010,13,7,5,1657420100326003,6,2,03,wd,8835440601,289,0.2,0,0,201026138703wd,1657420100326393148,SOUTHERN KINGFISH,,1477.425991,11,28,201026138703wd,,0,05/04/2021
2010,13,7,5,1657420100326003,6,2,03,wd,8835440601,295,0.25,0,0,201026138703wd,1657420100326393148,SOUTHERN KINGFISH,,1477.425991,11,29,201026138703wd,,0,05/04/2021
2010,13,7,5,1657420100326003,6,2,03,wd,8835440601,298,0.3,1,1,201026138703wd,1657420100326393148,SOUTHERN KINGFISH,,1477.425991,11,29,201026138703wd,,0,05/04/2021
2010,13,7,5,1657420100326003,6,2,03,wd,8835440601,270,0.2,0,0,201026138703wd,1657420100326393148,SOUTHERN KINGFISH,,1477.425991,10,27,201026138703wd,,0,05/04/2021
2010,13,7,5,1657420100326003,6,2,03,wd,8835440601,272,0.25,0,0,201026138703wd,1657420100326393148,SOUTHERN KINGFISH,,1477.425991,10,27,201026138703wd,,0,05/04/2021
2010,13,7,5,1657420100326003,6,2,03,wd,8835440601,272,0.2,0,0,201026138703wd,1657420100326393148,SOUTHERN KINGFISH,,1477.425991,10,27,201026138703wd,,0,05/04/2021
2010,13,7,5,1657420100326003,6,2,03,wd,8835440601,260,0.2,0,0,201026138703wd,1657420100326393148,SOUTHERN KINGFISH,,1477.425991,10,26,201026138703wd,,0,05/04/2021
2010,13,7,5,1657420100326003,6,2,03,wd,8835440601,290,0.25,0,0,201026138703wd,1657420100326393148,SOUTHERN KINGFISH,,1477.425991,11,29,201026138703wd,,0,05/04/2021
2010,13,7,5,1657420100326003,6,2,03,wd,8835440601,261,0.2,0,0,201026138703wd,1657420100326393148,SOUTHERN KINGFISH,,1477.425991,10,26,201026138703wd,,0,05/04/2021
2010,13,7,5,1657420100326003,6,2,03,wd,8835440601,301,0.3,0,0,201026138703wd,1657420100326393148,SOUTHERN KINGFISH,,1477.425991,11,30,201026138703wd,,0,05/04/2021
2010,13,7,5,1657420100326003,6,2,03,wd,8835440601,265,0.15,0,0,201026138703wd,1657420100326393148,SOUTHERN KINGFISH,,1477.425991,10,26,201026138703wd,,0,05/04/2021
2010,13,7,5,1657420100326004,6,2,03,wd,,,,0,0,201026138703wd,1657420100326393148,,,816.47225819,,,201026138703wd,,0,05/04/2021
2010,13,7,5,1657420100326005,6,2,03,wd,8835440601,285,0.25,0,0,201026138703wd,1657420100326393148,SOUTHERN KINGFISH,,979.76670983,11,28,201026138703wd,,0,05/04/2021
2010,13,7,5,1657420100326005,6,2,03,wd,8835440601,292,0.3,0,0,201026138703wd,1657420100326393148,SOUTHERN KINGFISH,,979.76670983,11,29,201026138703wd,,0,05/04/2021
2010,13,7,5,1657420100326005,6,2,03,wd,8835440601,259,0.2,1,1,201026138703wd,1657420100326393148,SOUTHERN KINGFISH,,979.76670983,10,25,201026138703wd,,0,05/04/2021
2010,13,7,5,1657420100326005,6,2,03,wd,8835440601,298,0.3,0,0,201026138703wd,1657420100326393148,SOUTHERN KINGFISH,,979.76670983,11,29,201026138703wd,,0,05/04/2021
2010,13,7,5,1657420100326005,6,2,03,wd,8835440601,264,0.2,0,0,201026138703wd,1657420100326393148,SOUTHERN KINGFISH,,979.76670983,10,26,201026138703wd,,0,05/04/2021
2010,13,7,5,1657420100326005,6,2,03,wd,8835440601,271,0.2,0,0,201026138703wd,1657420100326393148,SOUTHERN KINGFISH,,979.76670983,10,27,201026138703wd,,0,05/04/2021
2010,13,7,5,1657420100326005,6,2,03,wd,8835440601,272,0.2,1,1,201026138703wd,1657420100326393148,SOUTHERN KINGFISH,,979.76670983,10,27,201026138703wd,,0,05/04/2021
2010,13,7,5,1657420100326005,6,2,03,wd,8835440601,273,0.2,0,0,201026138703wd,1657420100326393148,SOUTHERN KINGFISH,,979.76670983,10,27,201026138703wd,,0,05/04/2021
2010,13,7,5,1657420100326005,6,2,03,wd,8835440601,257,0.2,1,1,201026138703wd,1657420100326393148,SOUTHERN KINGFISH,,979.76670983,10,25,201026138703wd,,0,05/04/2021
2010,13,7,5,1657420100326005,6,2,03,wd,8835440601,257,0.2,0,0,201026138703wd,1657420100326393148,SOUTHERN KINGFISH,,979.76670983,10,25,201026138703wd,,0,05/04/2021
2010,13,7,5,1657420100326005,6,2,03,wd,8835440601,278,0.25,0,0,201026138703wd,1657420100326393148,SOUTHERN KINGFISH,,979.76670983,10,27,201026138703wd,,0,05/04/2021
2010,13,7,5,1657420100326005,6,2,03,wd,8835440601,278,0.2,0,0,201026138703wd,1657420100326393148,SOUTHERN KINGFISH,,979.76670983,10,27,201026138703wd,,0,05/04/2021
2010,13,7,5,1657420100326005,6,2,03,wd,8835440601,278,0.2,0,0,201026138703wd,1657420100326393148,SOUTHERN KINGFISH,,979.76670983,10,27,201026138703wd,,0,05/04/2021
2010,13,7,5,1657420100326005,6,2,03,wd,8835440601,282,0.25,0,0,201026138703wd,1657420100326393148,SOUTHERN KINGFISH,,979.76670983,11,28,201026138703wd,,0,05/04/2021
2010,13,7,5,1657420100326005,6,2,03,wd,8835440601,284,0.35,0,0,201026138703wd,1657420100326393148,SOUTHERN KINGFISH,,979.76670983,11,28,201026138703wd,,0,05/04/2021
2010,13,7,5,1657420100326005,6,2,03,wd,8835440601,287,0.3,0,0,201026138703wd,1657420100326393148,SOUTHERN KINGFISH,,979.76670983,11,28,201026138703wd,,0,05/04/2021
2010,13,7,5,1657420100326005,6,2,03,wd,8835440601,302,0.3,0,0,201026138703wd,1657420100326393148,SOUTHERN KINGFISH,,979.76670983,11,30,201026138703wd,,0,05/04/2021
2010,13,7,5,1657420100326005,6,2,03,wd,8835440601,313,0.3,1,1,201026138703wd,1657420100326393148,SOUTHERN KINGFISH,,979.76670983,12,31,201026138703wd,,0,05/04/2021
2010,13,7,5,1657420100326005,6,2,03,wd,8835440601,339,0.4,0,0,201026138703wd,1657420100326393148,SOUTHERN KINGFISH,,979.76670983,13,33,201026138703wd,,0,05/04/2021
2010,13,7,5,1657420100326005,6,2,03,wd,8835440601,256,0.2,0,0,201026138703wd,1657420100326393148,SOUTHERN KINGFISH,,979.76670983,10,25,201026138703wd,,0,05/04/2021
2010,13,7,5,1657420100326006,6,2,03,wd,,,,0,0,201026138703wd,1657420100326393148,,,782.18485121,,,201026138703wd,,0,05/04/2021
2010,13,7,5,1657420100411002,6,2,04,we,8835440601,282,0.2,0,0,201026138704we,1657420100411191150,SOUTHERN KINGFISH,,3094.1755503,11,28,201026138704we,,0,05/04/2021
2010,13,7,5,1657420100411003,6,2,04,we,8835440601,245,0.2,0,0,201026138704we,1657420100411191151,SOUTHERN KINGFISH,,4022.4282153,9,24,201026138704we,,0,05/04/2021
2010,13,7,5,1657420100411003,6,2,04,we,8835440601,250,0.15,0,0,201026138704we,1657420100411191151,SOUTHERN KINGFISH,,4022.4282153,9,25,201026138704we,,0,05/04/2021
2010,13,7,5,1657420100411003,6,2,04,we,8835440601,256,0.2,0,0,201026138704we,1657420100411191151,SOUTHERN KINGFISH,,4022.4282153,10,25,201026138704we,,0,05/04/2021
2010,13,7,5,1657420100411003,6,2,04,we,8835440601,265,0.15,1,1,201026138704we,1657420100411191151,SOUTHERN KINGFISH,,4022.4282153,10,26,201026138704we,,0,05/04/2021
2010,13,7,5,1657420100411003,6,2,04,we,8835440601,295,0.25,1,1,201026138704we,1657420100411191151,SOUTHERN KINGFISH,,4022.4282153,11,29,201026138704we,,0,05/04/2021
2010,13,7,5,1657420100411003,6,2,04,we,8835440601,275,0.2,0,0,201026138704we,1657420100411191151,SOUTHERN KINGFISH,,4022.4282153,10,27,201026138704we,,0,05/04/2021
2010,13,7,5,1657420100411003,6,2,04,we,8835440601,272,0.2,0,0,201026138704we,1657420100411191151,SOUTHERN KINGFISH,,4022.4282153,10,27,201026138704we,,0,05/04/2021
2010,13,7,5,1657420100411003,6,2,04,we,8835440601,286,0.3,0,0,201026138704we,1657420100411191151,SOUTHERN KINGFISH,,4022.4282153,11,28,201026138704we,,0,05/04/2021
2010,13,7,5,1657420100411003,6,2,04,we,8835440601,284,0.25,1,1,201026138704we,1657420100411191151,SOUTHERN KINGFISH,,4022.4282153,11,28,201026138704we,,0,05/04/2021
2010,13,7,5,1657420100411003,6,2,04,we,8835440601,301,0.3,1,1,201026138704we,1657420100411191151,SOUTHERN KINGFISH,,4022.4282153,11,30,201026138704we,,0,05/04/2021
2010,13,7,5,1657420100411004,6,2,04,we,,,,0,0,201026138704we,1657420100411191151,,,4641.2633254,,,201026138704we,,0,05/04/2021
2010,13,7,5,1657420100411005,6,2,04,we,8835440601,260,0.2,0,0,201026138704we,1657420100411191151,SOUTHERN KINGFISH,,9089.1406789,10,26,201026138704we,,0,05/04/2021
2010,13,7,5,1657420100411005,6,2,04,we,8835440601,253,0.2,0,0,201026138704we,1657420100411191151,SOUTHERN KINGFISH,,9089.1406789,9,25,201026138704we,,0,05/04/2021
2010,13,7,5,1657420100411005,6,2,04,we,8835440601,264,0.2,1,1,201026138704we,1657420100411191151,SOUTHERN KINGFISH,,9089.1406789,10,26,201026138704we,,0,05/04/2021
2010,13,7,5,1657420100411005,6,2,04,we,8835440601,269,0.25,0,0,201026138704we,1657420100411191151,SOUTHERN KINGFISH,,9089.1406789,10,26,201026138704we,,0,05/04/2021
2010,13,7,5,1657420100411005,6,2,04,we,8835440601,260,0.2,0,0,201026138704we,1657420100411191151,SOUTHERN KINGFISH,,9089.1406789,10,26,201026138704we,,0,05/04/2021
2010,13,7,5,1657420100411005,6,2,04,we,8835440601,260,0.2,0,0,201026138704we,1657420100411191151,SOUTHERN KINGFISH,,9089.1406789,10,26,201026138704we,,0,05/04/2021
2010,13,7,5,1657420100411005,6,2,04,we,8835440601,278,0.25,1,1,201026138704we,1657420100411191151,SOUTHERN KINGFISH,,9089.1406789,10,27,201026138704we,,0,05/04/2021
2010,13,7,5,1657420100411005,6,2,04,we,8835440601,287,0.3,1,1,201026138704we,1657420100411191151,SOUTHERN KINGFISH,,9089.1406789,11,28,201026138704we,,0,05/04/2021
2010,13,7,5,1657420100411005,6,2,04,we,8835440601,258,0.2,0,0,201026138704we,1657420100411191151,SOUTHERN KINGFISH,,9089.1406789,10,25,201026138704we,,0,05/04/2021
2010,13,7,5,1657420100411005,6,2,04,we,8835440601,295,0.35,0,0,201026138704we,1657420100411191151,SOUTHERN KINGFISH,,9089.1406789,11,29,201026138704we,,0,05/04/2021
2010,13,7,5,1657420100411005,6,2,04,we,8835440601,285,0.25,1,1,201026138704we,1657420100411191151,SOUTHERN KINGFISH,,9089.1406789,11,28,201026138704we,,0,05/04/2021
2010,13,7,5,1657420100411005,6,2,04,we,8835440601,267,0.2,0,0,201026138704we,1657420100411191151,SOUTHERN KINGFISH,,9089.1406789,10,26,201026138704we,,0,05/04/2021
2010,13,7,5,1657420100411005,6,2,04,we,8835440601,275,0.25,0,0,201026138704we,1657420100411191151,SOUTHERN KINGFISH,,9089.1406789,10,27,201026138704we,,0,05/04/2021
2010,13,7,5,1657420100411005,6,2,04,we,8835440601,287,0.3,0,0,201026138704we,1657420100411191151,SOUTHERN KINGFISH,,9089.1406789,11,28,201026138704we,,0,05/04/2021
2010,13,7,5,1657420100411005,6,2,04,we,8835440601,264,0.25,0,0,201026138704we,1657420100411191151,SOUTHERN KINGFISH,,9089.1406789,10,26,201026138704we,,0,05/04/2021
2010,13,7,5,1657420100411005,6,2,04,we,8835440601,276,0.25,0,0,201026138704we,1657420100411191151,SOUTHERN KINGFISH,,9089.1406789,10,27,201026138704we,,0,05/04/2021
2010,13,7,5,1657420100411005,6,2,04,we,8835440104,375,0.5,0,0,201026138704we,1657420100411191151,WEAKFISH,,3094.1755503,14,37,201026138704we,,0,05/04/2021
2010,13,7,5,1657420100411005,6,2,04,we,8835250101,295,0.3,0,0,201026138704we,1657420100411191151,BLUEFISH,,3094.1755503,11,29,201026138704we,,0,05/04/2021
2010,13,7,5,1657420100411006,6,2,04,we,8835440601,250,0.25,0,0,201026138704we,1657420100411191151,SOUTHERN KINGFISH,,7116.6037656,9,25,201026138704we,,0,05/04/2021
2010,13,7,5,1657420100411006,6,2,04,we,8835440601,257,0.25,0,0,201026138704we,1657420100411191151,SOUTHERN KINGFISH,,7116.6037656,10,25,201026138704we,,0,05/04/2021
2010,13,7,5,1657420100411006,6,2,04,we,8835440601,261,0.2,0,0,201026138704we,1657420100411191151,SOUTHERN KINGFISH,,7116.6037656,10,26,201026138704we,,0,05/04/2021
2010,13,7,5,1657420100411006,6,2,04,we,8835440601,256,0.2,0,0,201026138704we,1657420100411191151,SOUTHERN KINGFISH,,7116.6037656,10,25,201026138704we,,0,05/04/2021
2010,13,7,5,1657420100411006,6,2,04,we,8835440601,256,0.2,1,1,201026138704we,1657420100411191151,SOUTHERN KINGFISH,,7116.6037656,10,25,201026138704we,,0,05/04/2021
2010,13,7,5,1657420100411006,6,2,04,we,8835440601,260,0.2,0,0,201026138704we,1657420100411191151,SOUTHERN KINGFISH,,7116.6037656,10,26,201026138704we,,0,05/04/2021
2010,13,7,5,1657420100411006,6,2,04,we,8835440601,251,0.2,0,0,201026138704we,1657420100411191151,SOUTHERN KINGFISH,,7116.6037656,9,25,201026138704we,,0,05/04/2021
2010,13,7,5,1657420100411006,6,2,04,we,8835440601,261,0.2,0,0,201026138704we,1657420100411191151,SOUTHERN KINGFISH,,7116.6037656,10,26,201026138704we,,0,05/04/2021
2010,13,7,5,1657420100411006,6,2,04,we,8835440601,265,0.25,0,0,201026138704we,1657420100411191151,SOUTHERN KINGFISH,,7116.6037656,10,26,201026138704we,,0,05/04/2021
2010,13,7,5,1657420100411006,6,2,04,we,8835440601,268,0.25,0,0,201026138704we,1657420100411191151,SOUTHERN KINGFISH,,7116.6037656,10,26,201026138704we,,0,05/04/2021
2010,13,7,5,1657420100411006,6,2,04,we,8835440601,245,0.15,0,0,201026138704we,1657420100411191151,SOUTHERN KINGFISH,,7116.6037656,9,24,201026138704we,,0,05/04/2021
2010,13,7,5,1657420100411006,6,2,04,we,8835440601,269,0.25,0,0,201026138704we,1657420100411191151,SOUTHERN KINGFISH,,7116.6037656,10,26,201026138704we,,0,05/04/2021
2010,13,7,5,1657420100411006,6,2,04,we,8835440601,275,0.25,0,0,201026138704we,1657420100411191151,SOUTHERN KINGFISH,,7116.6037656,10,27,201026138704we,,0,05/04/2021
2010,13,7,5,1657420100411006,6,2,04,we,8835440601,282,0.25,1,1,201026138704we,1657420100411191151,SOUTHERN KINGFISH,,7116.6037656,11,28,201026138704we,,0,05/04/2021
2010,13,7,5,1657420100411006,6,2,04,we,8835440601,302,0.3,1,1,201026138704we,1657420100411191151,SOUTHERN KINGFISH,,7116.6037656,11,30,201026138704we,,0,05/04/2021
2010,13,7,5,1657420100411006,6,2,04,we,8835440601,310,0.35,0,0,201026138704we,1657420100411191151,SOUTHERN KINGFISH,,7116.6037656,12,31,201026138704we,,0,05/04/2021
2010,13,7,5,1657420100411006,6,2,04,we,8835440601,314,0.35,0,0,201026138704we,1657420100411191151,SOUTHERN KINGFISH,,7116.6037656,12,31,201026138704we,,0,05/04/2021
2010,13,7,5,1657420100411006,6,2,04,we,8835440601,292,0.25,0,0,201026138704we,1657420100411191151,SOUTHERN KINGFISH,,7116.6037656,11,29,201026138704we,,0,05/04/2021
2010,13,7,5,1657420100411006,6,2,04,we,8835440601,272,0.2,1,1,201026138704we,1657420100411191151,SOUTHERN KINGFISH,,7116.6037656,10,27,201026138704we,,0,05/04/2021
2010,13,7,5,1657420100411006,6,2,04,we,8835440601,266,0.25,0,0,201026138704we,1657420100411191151,SOUTHERN KINGFISH,,7116.6037656,10,26,201026138704we,,0,05/04/2021
2010,13,7,5,1657420100411006,6,2,04,we,8835250101,301,0.35,1,1,201026138704we,1657420100411191151,BLUEFISH,,3094.1755503,11,30,201026138704we,,0,05/04/2021
2010,13,7,5,1657420100411007,6,2,04,we,,,,0,0,201026138704we,1657420100411191151,,,3348.565811,,,201026138704we,,0,05/04/2021
2010,13,7,5,1657420100411008,6,2,04,we,,,,0,0,201026138704we,1657420100411191151,,,3348.565811,,,201026138704we,,0,05/04/2021
2010,13,7,5,1657420100411009,6,2,04,we,8835440601,286,0.3,1,1,201026138704we,1657420100411191151,SOUTHERN KINGFISH,,3437.9728336,11,28,201026138704we,,0,05/04/2021
2010,13,7,5,1657420100411009,6,2,04,we,8835440601,245,0.2,1,1,201026138704we,1657420100411191151,SOUTHERN KINGFISH,,3437.9728336,9,24,201026138704we,,0,05/04/2021
2010,13,7,5,1657420100411009,6,2,04,we,8835440601,253,0.2,1,1,201026138704we,1657420100411191151,SOUTHERN KINGFISH,,3437.9728336,9,25,201026138704we,,0,05/04/2021
2010,13,7,5,1657420100411009,6,2,04,we,8835440601,257,0.2,0,0,201026138704we,1657420100411191151,SOUTHERN KINGFISH,,3437.9728336,10,25,201026138704we,,0,05/04/2021
2010,13,7,5,1657420100411009,6,2,04,we,8835440601,259,0.2,0,0,201026138704we,1657420100411191151,SOUTHERN KINGFISH,,3437.9728336,10,25,201026138704we,,0,05/04/2021
2010,13,7,5,1657420100411009,6,2,04,we,8835440601,265,0.2,0,0,201026138704we,1657420100411191151,SOUTHERN KINGFISH,,3437.9728336,10,26,201026138704we,,0,05/04/2021
2010,13,7,5,1657420100411009,6,2,04,we,8835440601,267,0.25,0,0,201026138704we,1657420100411191151,SOUTHERN KINGFISH,,3437.9728336,10,26,201026138704we,,0,05/04/2021
2010,13,7,5,1657420100411009,6,2,04,we,8835440601,275,0.25,1,1,201026138704we,1657420100411191151,SOUTHERN KINGFISH,,3437.9728336,10,27,201026138704we,,0,05/04/2021
2010,13,7,5,1657420100411009,6,2,04,we,8835440601,323,0.35,0,0,201026138704we,1657420100411191151,SOUTHERN KINGFISH,,3437.9728336,12,32,201026138704we,,0,05/04/2021
2010,13,7,5,1657420100411009,6,2,04,we,8835250101,265,0.2443079058,0,1,201026138704we,1657420100411191151,BLUEFISH,,3094.1755503,10,26,201026138704we,,0,05/04/2021
2010,13,7,5,1657420100411010,6,2,04,we,,,,0,0,201026138704we,1657420100411191151,,,6188.3511005,,,201026138704we,,0,05/04/2021
2010,13,7,5,1657420100421001,6,2,04,wd,8835430301,255,0.45,1,1,201026138704wd,1657420100421127101,SHEEPSHEAD,,1612.7954663,10,25,201026138704wd,,0,05/04/2021
2010,13,7,5,1657420100421001,6,2,04,wd,8835430301,272,0.5,0,0,201026138704wd,1657420100421127101,SHEEPSHEAD,,1612.7954663,10,27,201026138704wd,,0,05/04/2021
2010,13,7,5,1657420100421001,6,2,04,wd,8835430301,264,0.45,0,0,201026138704wd,1657420100421127101,SHEEPSHEAD,,1612.7954663,10,26,201026138704wd,,0,05/04/2021
2010,13,7,5,1657420100421001,6,2,04,wd,8835430301,412,1.65,0,0,201026138704wd,1657420100421127101,SHEEPSHEAD,,1612.7954663,16,41,201026138704wd,,0,05/04/2021
2010,13,7,5,1657420100421001,6,2,04,wd,8835430301,255,0.45,0,0,201026138704wd,1657420100421127101,SHEEPSHEAD,,1612.7954663,10,25,201026138704wd,,0,05/04/2021
2010,13,7,5,1657420100421001,6,2,04,wd,8835430301,255,0.45,0,0,201026138704wd,1657420100421127101,SHEEPSHEAD,,1612.7954663,10,25,201026138704wd,,0,05/04/2021
2010,13,7,5,1657420100421001,6,2,04,wd,8835430301,246,0.35,0,0,201026138704wd,1657420100421127101,SHEEPSHEAD,,1612.7954663,9,24,201026138704wd,,0,05/04/2021
2010,13,7,5,1657420100421001,6,2,04,wd,8835430301,252,0.4,0,0,201026138704wd,1657420100421127101,SHEEPSHEAD,,1612.7954663,9,25,201026138704wd,,0,05/04/2021
2010,13,7,5,1657420100421001,6,2,04,wd,8835430301,395,1.45,0,0,201026138704wd,1657420100421127101,SHEEPSHEAD,,1612.7954663,15,39,201026138704wd,,0,05/04/2021
2010,13,7,5,1657420100421002,6,2,04,wd,8835440601,310,0.35,1,1,201026138704wd,1657420100421127101,SOUTHERN KINGFISH,,21939.948605,12,31,201026138704wd,,0,05/04/2021
2010,13,7,5,1657420100421002,6,2,04,wd,8835440601,292,0.25,1,1,201026138704wd,1657420100421127101,SOUTHERN KINGFISH,,21939.948605,11,29,201026138704wd,,0,05/04/2021
2010,13,7,5,1657420100421002,6,2,04,wd,8835440601,266,0.25,1,1,201026138704wd,1657420100421127101,SOUTHERN KINGFISH,,21939.948605,10,26,201026138704wd,,0,05/04/2021
2010,13,7,5,1657420100421002,6,2,04,wd,8835440601,269,0.25,1,1,201026138704wd,1657420100421127101,SOUTHERN KINGFISH,,21939.948605,10,26,201026138704wd,,0,05/04/2021
2010,13,7,5,1657420100421002,6,2,04,wd,8835440601,269,0.25,1,1,201026138704wd,1657420100421127101,SOUTHERN KINGFISH,,21939.948605,10,26,201026138704wd,,0,05/04/2021
2010,13,7,5,1657420100421003,6,2,04,wd,,,,0,0,201026138704wd,1657420100421127101,,,3090.1336063,,,201026138704wd,,0,05/04/2021
2010,13,7,5,1657420100421004,6,2,04,wd,,,,0,0,201026138704wd,1657420100421127101,,,7277.1511712,,,201026138704wd,,0,05/04/2021
2010,13,7,5,1657520100324002,6,2,03,wd,,,,0,0,201026138703wd,16575201003245144,,,846.44318086,,,201026138703wd,,0,05/04/2021
2010,13,7,5,1657520100418001,6,2,04,we,,,,0,0,201026138704we,1657520100418511585,,,786.26498306,,,201026138704we,,0,05/04/2021
2010,13,7,5,1657520100418002,6,2,04,we,,,,0,0,201026138704we,1657520100418511585,,,786.26498306,,,201026138704we,,0,05/04/2021
2010,13,7,5,1657520100418003,6,2,04,we,,,,0,0,201026138704we,1657520100418511585,,,697.02254092,,,201026138704we,,0,05/04/2021
2010,13,7,5,1657520100418005,6,2,04,we,8857030304,381,0.6,1,1,201026138704we,1657520100418511585,SOUTHERN FLOUNDER,,737.73537711,14,38,201026138704we,,0,05/04/2021
2010,13,7,5,1657520100418006,6,2,04,we,8835440901,490,1.15,1,1,201026138704we,1657520100418511585,RED DRUM,,737.73537711,19,49,201026138704we,,0,05/04/2021
2010,13,7,5,1657520100418007,6,2,04,we,8835430301,412,1.65,1,1,201026138704we,1657520100418511585,SHEEPSHEAD,,737.73537711,16,41,201026138704we,,0,05/04/2021
2010,13,7,5,1657520100418007,6,2,04,we,8835430301,255,0.45,1,1,201026138704we,1657520100418511585,SHEEPSHEAD,,737.73537711,10,25,201026138704we,,0,05/04/2021
2010,13,7,5,1657520100418007,6,2,04,we,8835430301,395,1.45,1,1,201026138704we,1657520100418511585,SHEEPSHEAD,,737.73537711,15,39,201026138704we,,0,05/04/2021
2010,13,7,5,1657520100418007,6,2,04,we,8835430301,264,0.45,1,1,201026138704we,1657520100418511585,SHEEPSHEAD,,737.73537711,10,26,201026138704we,,0,05/04/2021
2010,13,7,5,1657520100418007,6,2,04,we,8835430301,395,1.45,1,1,201026138704we,1657520100418511585,SHEEPSHEAD,,737.73537711,15,39,201026138704we,,0,05/04/2021
2010,13,7,5,1657520100418008,6,2,04,we,,,,0,0,201026138704we,1657520100418511585,,,697.02254092,,,201026138704we,,0,05/04/2021
2010,13,7,5,1657520100418010,6,2,04,we,,,,0,0,201026138704we,1657520100418511585,,,697.02254092,,,201026138704we,,0,05/04/2021
2010,13,7,5,1657520100418011,6,2,04,we,8835440601,245,0.15,1,1,201026138704we,1657520100418511585,SOUTHERN KINGFISH,,706.75449213,9,24,201026138704we,,0,05/04/2021
2010,13,7,5,1657520100418011,6,2,04,we,8835440601,260,0.2,1,1,201026138704we,1657520100418511585,SOUTHERN KINGFISH,,706.75449213,10,26,201026138704we,,0,05/04/2021
2010,13,7,5,1657520100418011,6,2,04,we,8835440601,267,0.25,1,1,201026138704we,1657520100418511585,SOUTHERN KINGFISH,,706.75449213,10,26,201026138704we,,0,05/04/2021
2010,37,3,5,1104320100403014,6,2,04,we,,,,0,0,201026378104we,110432010040331813,,,1118.7776961,,,201026378104we,,0,05/04/2021
2010,37,3,5,1104320100403020,6,2,04,we,,,,0,0,201026378104we,110432010040331813,,,800.98202514,,,201026378104we,,0,05/04/2021
2010,37,3,1,1104320100405001,6,2,04,wd,,,,0,0,201026378104wd,110432010040531650,,,1681.8299076,,,201026378104wd,,0,05/04/2021
2010,37,3,1,1104320100405002,6,2,04,wd,,,,0,0,201026378104wd,110432010040531650,,,1681.8299076,,,201026378104wd,,0,05/04/2021
2010,37,3,1,1104320100405003,6,2,04,wd,,,,0,0,201026378104wd,110432010040531650,,,1681.8299076,,,201026378104wd,,0,05/04/2021
2010,37,3,1,1104320100405005,6,2,04,wd,,,,0,0,201026378104wd,110432010040531650,,,1204.0958002,,,201026378104wd,,0,05/04/2021
2010,37,3,1,1104320100405006,6,2,04,wd,8861010201,229,0.35,1,1,201026378104wd,110432010040531650,NORTHERN PUFFER,,1244.517918,9,22,201026378104wd,,0,05/04/2021
2010,37,3,1,1104320100405006,6,2,04,wd,8861010201,179,0.15,1,1,201026378104wd,110432010040531650,NORTHERN PUFFER,,1244.517918,7,17,201026378104wd,,0,05/04/2021
2010,37,3,1,1104320100405006,6,2,04,wd,8861010201,148,0.1,1,1,201026378104wd,110432010040531650,NORTHERN PUFFER,,1244.517918,5,14,201026378104wd,,0,05/04/2021
2010,37,3,1,1104320100405007,6,2,04,wd,8861010201,248,0.45,1,1,201026378104wd,110432010040531650,NORTHERN PUFFER,,2240.1322525,9,24,201026378104wd,,0,05/04/2021
2010,37,3,1,1104320100405007,6,2,04,wd,8861010201,263,0.5,1,1,201026378104wd,110432010040531650,NORTHERN PUFFER,,2240.1322525,10,26,201026378104wd,,0,05/04/2021
2010,37,3,1,1104320100405007,6,2,04,wd,8861010201,242,0.3,1,1,201026378104wd,110432010040531650,NORTHERN PUFFER,,2240.1322525,9,24,201026378104wd,,0,05/04/2021
2010,37,3,1,1104320100405007,6,2,04,wd,8861010201,253,0.45,1,1,201026378104wd,110432010040531650,NORTHERN PUFFER,,2240.1322525,9,25,201026378104wd,,0,05/04/2021
2010,37,3,1,1104320100405007,6,2,04,wd,8861010201,268,0.5,1,1,201026378104wd,110432010040531650,NORTHERN PUFFER,,2240.1322525,10,26,201026378104wd,,0,05/04/2021
2010,37,3,1,1104320100405008,6,2,04,wd,8861010201,148,0.1,0,0,201026378104wd,110432010040531650,NORTHERN PUFFER,,1204.0958002,5,14,201026378104wd,,0,05/04/2021
2010,37,3,1,1104320100405008,6,2,04,wd,8861010201,229,0.35,0,0,201026378104wd,110432010040531650,NORTHERN PUFFER,,1204.0958002,9,22,201026378104wd,,0,05/04/2021
2010,37,3,1,1104320100405008,6,2,04,wd,8861010201,179,0.15,0,0,201026378104wd,110432010040531650,NORTHERN PUFFER,,1204.0958002,7,17,201026378104wd,,0,05/04/2021
2010,37,3,1,1104320100405008,6,2,04,wd,8861010201,255,0.5,0,0,201026378104wd,110432010040531650,NORTHERN PUFFER,,1204.0958002,10,25,201026378104wd,,0,05/04/2021
2010,37,3,1,1104320100405008,6,2,04,wd,8861010201,165,0.15,0,0,201026378104wd,110432010040531650,NORTHERN PUFFER,,1204.0958002,6,16,201026378104wd,,0,05/04/2021
2010,37,3,5,1104320100408001,6,2,04,wd,,,,0,0,201026378204wd,110432010040831468,,,2524.6185841,,,201026378204wd,,0,05/04/2021
2010,37,3,5,1104320100408002,6,2,04,wd,,,,0,0,201026378204wd,110432010040831468,,,2524.6185841,,,201026378204wd,,0,05/04/2021
2010,37,3,5,1104320100408003,6,2,04,wd,,,,0,0,201026378204wd,110432010040831468,,,2524.6185841,,,201026378204wd,,0,05/04/2021
2010,37,3,5,1104320100408004,6,2,04,wd,,,,0,0,201026378204wd,110432010040831468,,,2524.6185841,,,201026378204wd,,0,05/04/2021
2010,37,3,5,1104320100408005,6,2,04,wd,,,,0,0,201026378204wd,110432010040831468,,,2524.6185841,,,201026378204wd,,0,05/04/2021
2010,37,3,5,1104320100408006,6,2,04,wd,8861010201,238,0.35,0,0,201026378204wd,110432010040831468,NORTHERN PUFFER,,3046.1643866,9,23,201026378204wd,,0,05/04/2021
2010,37,3,5,1104320100408006,6,2,04,wd,8861010201,194,0.2,0,0,201026378204wd,110432010040831468,NORTHERN PUFFER,,3046.1643866,7,19,201026378204wd,,0,05/04/2021
2010,37,3,5,1104320100408006,6,2,04,wd,8861010201,225,0.3,0,0,201026378204wd,110432010040831468,NORTHERN PUFFER,,3046.1643866,8,22,201026378204wd,,0,05/04/2021
2010,37,3,5,1104320100408008,6,2,04,wd,,,,0,0,201026378204wd,110432010040831468,,,2524.6185841,,,201026378204wd,,0,05/04/2021
2010,37,3,5,1104320100408009,6,2,04,wd,8861010201,254,0.45,0,0,201026378204wd,110432010040831468,NORTHERN PUFFER,,3073.607309,9,25,201026378204wd,,0,05/04/2021
2010,37,3,5,1104320100408010,6,2,04,wd,,,,0,0,201026378204wd,110432010040831468,,,2245.5566473,,,201026378204wd,,0,05/04/2021
2010,37,3,5,1104320100408011,6,2,04,wd,,,,0,0,201026378204wd,110432010040831468,,,2245.5566473,,,201026378204wd,,0,05/04/2021
2010,37,3,5,1104320100408012,6,2,04,wd,,,,0,0,201026378204wd,110432010040831468,,,2245.5566473,,,201026378204wd,,0,05/04/2021
2010,37,3,1,1104320100408013,6,2,04,wd,8835440801,467,1.6,0,0,201026378204wd,110432010040831468,BLACK DRUM,,1940.3660374,18,46,201026378204wd,,0,05/04/2021
2010,37,3,5,1104320100409002,6,2,04,wd,1000000002,,,0,0,201026378104wd,110432010040931813,UNIDENTIFIED (SHARKS),,2520.0468765,,,201026378104wd,,0,05/04/2021
2010,37,3,5,1104320100409003,6,2,04,wd,,,,0,0,201026378104wd,110432010040931813,,,3519.8945171,,,201026378104wd,,0,05/04/2021
2010,37,3,5,1104320100409004,6,2,04,wd,,,,0,0,201026378104wd,110432010040931813,,,3519.8945171,,,201026378104wd,,0,05/04/2021
2010,37,3,5,1104320100409005,6,2,04,wd,,,,0,0,201026378104wd,110432010040931813,,,3519.8945171,,,201026378104wd,,0,05/04/2021
2010,37,3,1,1104320100414001,6,2,04,wd,8835440801,253,0.2,0,0,201026378104wd,110432010041431434,BLACK DRUM,,2531.7211215,9,25,201026378104wd,,0,05/04/2021
2010,37,3,1,1104320100414001,6,2,04,wd,8835440603,339,0.4,0,0,201026378104wd,110432010041431434,NORTHERN KINGFISH,,2531.7211215,13,33,201026378104wd,,0,05/04/2021
2010,37,3,1,1104320100414001,6,2,04,wd,8835440601,302,0.25,0,0,201026378104wd,110432010041431434,SOUTHERN KINGFISH,,2531.7211215,11,30,201026378104wd,,0,05/04/2021
2010,37,3,1,1104320100414001,6,2,04,wd,8835440601,268,0.2,0,0,201026378104wd,110432010041431434,SOUTHERN KINGFISH,,2531.7211215,10,26,201026378104wd,,0,05/04/2021
2010,37,3,1,1104320100414001,6,2,04,wd,8835440601,289,0.2,0,0,201026378104wd,110432010041431434,SOUTHERN KINGFISH,,2531.7211215,11,28,201026378104wd,,0,05/04/2021
2010,37,3,1,1104320100414001,6,2,04,wd,8835440601,230,0.1,0,0,201026378104wd,110432010041431434,SOUTHERN KINGFISH,,2531.7211215,9,23,201026378104wd,,0,05/04/2021
2010,37,3,1,1104320100414001,6,2,04,wd,8835440601,278,0.2,0,0,201026378104wd,110432010041431434,SOUTHERN KINGFISH,,2531.7211215,10,27,201026378104wd,,0,05/04/2021
2010,37,3,1,1104320100414001,6,2,04,wd,8835400201,193,0.15,0,0,201026378104wd,110432010041431434,PIGFISH,,2531.7211215,7,19,201026378104wd,,0,05/04/2021
2010,37,3,1,1104320100414001,6,2,04,wd,8835400201,159,0.05,0,0,201026378104wd,110432010041431434,PIGFISH,,2531.7211215,6,15,201026378104wd,,0,05/04/2021
2010,37,3,1,1104320100414001,6,2,04,wd,8835400201,186,0.1,0,0,201026378104wd,110432010041431434,PIGFISH,,2531.7211215,7,18,201026378104wd,,0,05/04/2021
2010,37,3,1,1104320100414001,6,2,04,wd,8835400201,202,0.15,0,0,201026378104wd,110432010041431434,PIGFISH,,2531.7211215,7,20,201026378104wd,,0,05/04/2021
2010,37,3,1,1104320100414002,6,2,04,wd,,,,0,0,201026378104wd,110432010041431434,,,2531.7211215,,,201026378104wd,,0,05/04/2021
2010,37,3,1,1104320100414003,6,2,04,wd,,,,0,0,201026378104wd,110432010041431434,,,2531.7211215,,,201026378104wd,,0,05/04/2021
2010,37,3,1,1104320100414004,6,2,04,wd,,,,0,0,201026378104wd,110432010041431434,,,2531.7211215,,,201026378104wd,,0,05/04/2021
2010,37,3,1,1104320100414005,6,2,04,wd,,,,0,0,201026378104wd,110432010041431434,,,2531.7211215,,,201026378104wd,,0,05/04/2021
2010,37,3,1,1104320100414006,6,2,04,wd,,,,0,0,201026378104wd,110432010041431434,,,2531.7211215,,,201026378104wd,,0,05/04/2021
2010,37,3,1,1104320100414007,6,2,04,wd,,,,0,0,201026378104wd,110432010041431434,,,2531.7211215,,,201026378104wd,,0,05/04/2021
2010,37,3,1,1104320100414008,6,2,04,wd,8835440600,,,0,0,201026378104wd,110432010041431434,KINGFISH GENUS,,9367.0955812,,,201026378104wd,,0,05/04/2021
2010,37,3,1,1104320100414009,6,2,04,wd,8835440600,,,0,0,201026378104wd,110432010041431434,KINGFISH GENUS,,9367.0955812,,,201026378104wd,,0,05/04/2021
2010,37,3,1,1104320100414010,6,2,04,wd,,,,0,0,201026378104wd,110432010041431434,,,2531.7211215,,,201026378104wd,,0,05/04/2021
2010,37,3,5,1104320100417001,6,2,04,we,8835440702,265,0.3,1,1,201026378104we,110432010041731813,ATLANTIC CROAKER,,760.51762278,10,26,201026378104we,,0,05/04/2021
2010,37,3,5,1104320100417002,6,2,04,we,8835440702,241,0.25,1,1,201026378104we,110432010041731813,ATLANTIC CROAKER,,760.51762278,9,24,201026378104we,,0,05/04/2021
2010,37,3,5,1104320100417003,6,2,04,we,,,,0,0,201026378104we,110432010041731813,,,1062.2587364,,,201026378104we,,0,05/04/2021
2010,37,3,5,1104320100417005,6,2,04,we,,,,0,0,201026378104we,110432010041731813,,,1062.2587364,,,201026378104we,,0,05/04/2021
2010,37,3,5,1104320100417006,6,2,04,we,,,,0,0,201026378104we,110432010041731813,,,1062.2587364,,,201026378104we,,0,05/04/2021
2010,37,3,5,1104320100417007,6,2,04,we,,,,0,0,201026378104we,110432010041731813,,,1062.2587364,,,201026378104we,,0,05/04/2021
2010,37,3,5,1104320100417013,6,2,04,we,8835440401,190,0.05,1,1,201026378104we,110432010041731813,SPOT,,1062.2587364,7,19,201026378104we,,0,05/04/2021
2010,37,3,5,1104320100417014,6,2,04,we,8835440702,243,0.25,1,1,201026378104we,110432010041731813,ATLANTIC CROAKER,,1062.2587364,9,24,201026378104we,,0,05/04/2021
2010,37,3,5,1104320100417014,6,2,04,we,8835400201,159,0.05,1,1,201026378104we,110432010041731813,PIGFISH,,1062.2587364,6,15,201026378104we,,0,05/04/2021
2010,37,3,5,1104320100417016,6,2,04,we,,,,0,0,201026378104we,110432010041731813,,,1062.2587364,,,201026378104we,,0,05/04/2021
2010,37,3,5,1104320100417017,6,2,04,we,,,,0,0,201026378104we,110432010041731813,,,1062.2587364,,,201026378104we,,0,05/04/2021
2010,37,3,5,1104320100417018,6,2,04,we,8861010201,239,0.4,1,1,201026378104we,110432010041731813,NORTHERN PUFFER,,760.51762278,9,23,201026378104we,,0,05/04/2021
2010,37,3,5,1104320100417018,6,2,04,we,8835440401,195,0.1,1,1,201026378104we,110432010041731813,SPOT,,760.51762278,7,19,201026378104we,,0,05/04/2021
2010,37,3,5,1104320100417018,6,2,04,we,8835400201,186,0.1,1,1,201026378104we,110432010041731813,PIGFISH,,760.51762278,7,18,201026378104we,,0,05/04/2021
2010,37,3,5,1104320100417018,6,2,04,we,8835400201,193,0.15,1,1,201026378104we,110432010041731813,PIGFISH,,760.51762278,7,19,201026378104we,,0,05/04/2021
2010,37,3,5,1104320100417018,6,2,04,we,8835400201,193,0.15,1,1,201026378104we,110432010041731813,PIGFISH,,760.51762278,7,19,201026378104we,,0,05/04/2021
2010,37,3,5,1104320100417018,6,2,04,we,8835400201,159,0.05,1,1,201026378104we,110432010041731813,PIGFISH,,760.51762278,6,15,201026378104we,,0,05/04/2021
2010,37,3,5,1104320100417019,6,2,04,we,8835440600,,,0,0,201026378104we,110432010041731813,KINGFISH GENUS,,760.51762278,,,201026378104we,,0,05/04/2021
2010,37,3,5,1104320100417019,6,2,04,we,8835440401,190,0.1,1,1,201026378104we,110432010041731813,SPOT,,760.51762278,7,19,201026378104we,,0,05/04/2021
2010,37,3,5,1104320100417019,6,2,04,we,8835440401,203,0.1360545863,1,1,201026378104we,110432010041731813,SPOT,,760.51762278,7,20,201026378104we,,0,05/04/2021
2010,37,3,5,1104320100417019,6,2,04,we,8835400201,202,0.15,1,1,201026378104we,110432010041731813,PIGFISH,,760.51762278,7,20,201026378104we,,0,05/04/2021
2010,37,3,5,1104320100417019,6,2,04,we,8835400201,199,0.2,1,1,201026378104we,110432010041731813,PIGFISH,,760.51762278,7,19,201026378104we,,0,05/04/2021
2010,37,3,5,1104320100417019,6,2,04,we,8835400201,186,0.1,1,1,201026378104we,110432010041731813,PIGFISH,,760.51762278,7,18,201026378104we,,0,05/04/2021
2010,37,3,5,1104320100417019,6,2,04,we,8835400201,202,0.15,1,1,201026378104we,110432010041731813,PIGFISH,,760.51762278,7,20,201026378104we,,0,05/04/2021
2010,37,3,5,1104320100417019,6,2,04,we,8835250101,466,1,1,1,201026378104we,110432010041731813,BLUEFISH,,760.51762278,18,46,201026378104we,,0,05/04/2021
2010,37,3,1,1104320100420001,6,2,04,wd,,,,0,0,201026378104wd,110432010042031650,,,1569.2073691,,,201026378104wd,,0,05/04/2021
2010,37,3,1,1104320100420004,6,2,04,wd,,,,0,0,201026378104wd,110432010042031650,,,1123.4643851,,,201026378104wd,,0,05/04/2021
2010,37,3,1,1104320100420005,6,2,04,wd,,,,0,0,201026378104wd,110432010042031650,,,1123.4643851,,,201026378104wd,,0,05/04/2021
2010,37,3,1,1104320100429002,6,2,04,wd,8835250101,184,0.05,1,1,201026378104wd,110432010042931434,BLUEFISH,,12020.20237,7,18,201026378104wd,,0,05/04/2021
2010,37,3,1,1104320100429002,6,2,04,wd,8835250101,220,0.2,1,1,201026378104wd,110432010042931434,BLUEFISH,,12020.20237,8,22,201026378104wd,,0,05/04/2021
2010,37,3,1,1104320100429002,6,2,04,wd,8835250101,308,0.35,1,1,201026378104wd,110432010042931434,BLUEFISH,,12020.20237,12,30,201026378104wd,,0,05/04/2021
2010,37,3,1,1104320100429002,6,2,04,wd,8835250101,382,0.6,1,1,201026378104wd,110432010042931434,BLUEFISH,,12020.20237,15,38,201026378104wd,,0,05/04/2021
2010,37,3,1,1104320100429002,6,2,04,wd,8835250101,273,0.25,1,1,201026378104wd,110432010042931434,BLUEFISH,,12020.20237,10,27,201026378104wd,,0,05/04/2021
2010,37,3,1,1104320100429003,6,2,04,wd,8835440601,364,0.45,0,0,201026378104wd,110432010042931434,SOUTHERN KINGFISH,,4141.2422569,14,36,201026378104wd,,0,05/04/2021
2010,37,3,1,1104320100429003,6,2,04,wd,8835440601,309,0.3,0,0,201026378104wd,110432010042931434,SOUTHERN KINGFISH,,4141.2422569,12,30,201026378104wd,,0,05/04/2021
2010,37,3,1,1104320100429004,6,2,04,wd,8835440702,202,0.1,1,1,201026378104wd,110432010042931434,ATLANTIC CROAKER,,16789.30849,7,20,201026378104wd,,0,05/04/2021
2010,37,3,1,1104320100429004,6,2,04,wd,8835440702,229.38211823,0.15,1,1,201026378104wd,110432010042931434,ATLANTIC CROAKER,,16789.30849,9,22,201026378104wd,,0,05/04/2021
2010,37,3,1,1104320100429004,6,2,04,wd,8835440702,308,0.35,1,1,201026378104wd,110432010042931434,ATLANTIC CROAKER,,16789.30849,12,30,201026378104wd,,0,05/04/2021
2010,37,3,1,1104320100429004,6,2,04,wd,8835440702,345,0.5,1,1,201026378104wd,110432010042931434,ATLANTIC CROAKER,,16789.30849,13,34,201026378104wd,,0,05/04/2021
2010,37,3,1,1104320100429004,6,2,04,wd,8835440702,276,0.3,1,1,201026378104wd,110432010042931434,ATLANTIC CROAKER,,16789.30849,10,27,201026378104wd,,0,05/04/2021
2010,37,3,1,1104320100429004,6,2,04,wd,8835440600,,,0,0,201026378104wd,110432010042931434,KINGFISH GENUS,,39175.053143,,,201026378104wd,,0,05/04/2021
2010,37,3,1,1104320100429005,6,2,04,wd,8835440600,,,0,0,201026378104wd,110432010042931434,KINGFISH GENUS,,20033.670617,,,201026378104wd,,0,05/04/2021
2010,37,3,1,1104320100429005,6,2,04,wd,8835250101,442,0.8,1,1,201026378104wd,110432010042931434,BLUEFISH,,4006.7341234,17,44,201026378104wd,,0,05/04/2021
2010,37,3,1,1104320100429005,6,2,04,wd,8835250101,371,0.5,1,1,201026378104wd,110432010042931434,BLUEFISH,,4006.7341234,14,37,201026378104wd,,0,05/04/2021
2010,37,3,1,1104920100422001,6,2,04,wd,8861010201,249,0.35,1,1,201026378104wd,110492010042231417,NORTHERN PUFFER,,2422.2147072,9,24,201026378104wd,,0,05/04/2021
2010,37,3,1,1104920100422001,6,2,04,wd,8861010201,250,0.55,0,0,201026378104wd,110492010042231417,NORTHERN PUFFER,,2422.2147072,9,25,201026378104wd,,0,05/04/2021
2010,37,3,1,1104920100422001,6,2,04,wd,8861010201,236,0.25,1,1,201026378104wd,110492010042231417,NORTHERN PUFFER,,2422.2147072,9,23,201026378104wd,,0,05/04/2021
2010,37,3,1,1104920100422001,6,2,04,wd,8861010201,251,0.4,1,1,201026378104wd,110492010042231417,NORTHERN PUFFER,,2422.2147072,9,25,201026378104wd,,0,05/04/2021
2010,37,3,1,1104920100422001,6,2,04,wd,8861010201,208,0.15,1,1,201026378104wd,110492010042231417,NORTHERN PUFFER,,2422.2147072,8,20,201026378104wd,,0,05/04/2021
2010,37,3,1,1104920100422001,6,2,04,wd,8835440601,275,0.3,0,0,201026378104wd,110492010042231417,SOUTHERN KINGFISH,,1211.1073536,10,27,201026378104wd,,0,05/04/2021
2010,37,3,1,1104920100422001,6,2,04,wd,8835440601,302,0.25,1,1,201026378104wd,110492010042231417,SOUTHERN KINGFISH,,1211.1073536,11,30,201026378104wd,,0,05/04/2021
2010,37,3,1,1104920100422001,6,2,04,wd,8835440601,206,0.1,1,1,201026378104wd,110492010042231417,SOUTHERN KINGFISH,,1211.1073536,8,20,201026378104wd,,0,05/04/2021
2010,37,3,1,1104920100422003,6,2,04,wd,,,,0,0,201026378104wd,110492010042231417,,,2422.2147072,,,201026378104wd,,0,05/04/2021
2010,37,3,1,1105420100319002,6,2,03,wd,,,,0,0,201026378103wd,110542010031931417,,,1534.497749,,,201026378103wd,,0,05/04/2021
2010,37,3,1,1105420100319003,6,2,03,wd,,,,0,0,201026378103wd,110542010031931417,,,1534.497749,,,201026378103wd,,0,05/04/2021
2010,37,3,1,1105420100319008,6,2,03,wd,,,,0,0,201026378103wd,110542010031931417,,,1098.6142455,,,201026378103wd,,0,05/04/2021
2010,37,3,1,1105420100319009,6,2,03,wd,,,,0,0,201026378103wd,110542010031931417,,,1098.6142455,,,201026378103wd,,0,05/04/2021
2010,37,3,1,1105420100319012,6,2,03,wd,,,,0,0,201026378103wd,110542010031931417,,,1098.6142455,,,201026378103wd,,0,05/04/2021
2010,37,3,1,1105420100319017,6,2,03,wd,,,,0,0,201026378103wd,110542010031931417,,,1135.4952931,,,201026378103wd,,0,05/04/2021
2010,37,3,1,1105420100319018,6,2,03,wd,,,,0,0,201026378103wd,110542010031931417,,,1534.497749,,,201026378103wd,,0,05/04/2021
2010,37,3,1,1105420100319019,6,2,03,wd,,,,0,0,201026378103wd,110542010031931417,,,1534.497749,,,201026378103wd,,0,05/04/2021
2010,37,3,1,1105420100319020,6,2,03,wd,,,,0,0,201026378103wd,110542010031931417,,,1135.4952931,,,201026378103wd,,0,05/04/2021
2010,37,3,1,1105420100320001,6,2,03,we,,,,0,0,201026378103we,110542010032031417,,,1023.0490656,,,201026378103we,,0,05/04/2021
2010,37,3,1,1105420100320002,6,2,03,we,,,,0,0,201026378103we,110542010032031417,,,1023.0490656,,,201026378103we,,0,05/04/2021
2010,37,3,1,1105420100320003,6,2,03,we,,,,0,0,201026378103we,110542010032031417,,,1023.0490656,,,201026378103we,,0,05/04/2021
2010,37,3,1,1105420100320005,6,2,03,we,8861010201,198,0.15,1,1,201026378103we,110542010032031417,NORTHERN PUFFER,,1026.8733569,7,19,201026378103we,,0,05/04/2021
2010,37,3,1,1105420100320011,6,2,03,we,,,,0,0,201026378103we,110542010032031417,,,1023.0490656,,,201026378103we,,0,05/04/2021
2010,37,3,1,1105420100320012,6,2,03,we,,,,0,0,201026378103we,110542010032031417,,,1023.0490656,,,201026378103we,,0,05/04/2021
2010,37,3,1,1105420100320013,6,2,03,we,,,,0,0,201026378103we,110542010032031417,,,732.44569964,,,201026378103we,,0,05/04/2021
2010,37,3,1,1105420100320016,6,2,03,we,,,,0,0,201026378103we,110542010032031417,,,732.44569964,,,201026378103we,,0,05/04/2021
2010,37,3,1,1105420100320019,6,2,03,we,,,,0,0,201026378103we,110542010032031417,,,732.44569964,,,201026378103we,,0,05/04/2021
2010,37,3,1,1105820100321004,6,2,03,we,,,,0,0,201026378203we,110582010032131494,,,1065.7655156,,,201026378203we,,0,05/04/2021
2010,37,3,1,1105920100401002,6,2,04,wd,,,,0,0,201026378104wd,110592010040119523,,,791.7839514,,,201026378104wd,,0,05/04/2021
2010,37,3,1,1105920100401003,6,2,04,wd,,,,0,0,201026378104wd,110592010040119523,,,566.8728605,,,201026378104wd,,0,05/04/2021
2010,37,3,1,1105920100401007,6,2,04,wd,,,,0,0,201026378104wd,110592010040119523,,,585.90307515,,,201026378104wd,,0,05/04/2021
2010,37,3,1,1105920100401009,6,2,04,wd,,,,0,0,201026378104wd,110592010040119523,,,566.8728605,,,201026378104wd,,0,05/04/2021
2010,37,3,1,1105920100401010,6,2,04,wd,,,,0,0,201026378104wd,110592010040119282,,,1110.0568345,,,201026378104wd,,0,05/04/2021
2010,37,3,1,1105920100401012,6,2,04,wd,,,,0,0,201026378104wd,110592010040119282,,,1110.0568345,,,201026378104wd,,0,05/04/2021
2010,37,3,1,1105920100401013,6,2,04,wd,,,,0,0,201026378104wd,110592010040119282,,,1110.0568345,,,201026378104wd,,0,05/04/2021
2010,37,3,1,1105920100418005,6,2,04,we,,,,0,0,201026378204we,1105920100418129406,,,4427.8593732,,,201026378204we,,0,05/04/2021
2010,37,3,1,1105920100424007,6,2,04,we,8835250101,257,0.25,1,1,201026378104we,1105920100424129430,BLUEFISH,,1724.5322449,10,25,201026378104we,,0,05/04/2021
2010,37,3,1,1105920100424007,6,2,04,we,8835250101,368,0.5,1,1,201026378104we,1105920100424129430,BLUEFISH,,1724.5322449,14,36,201026378104we,,0,05/04/2021
2010,37,3,1,1105920100424007,6,2,04,we,8835250101,389,0.6,1,1,201026378104we,1105920100424129430,BLUEFISH,,1724.5322449,15,38,201026378104we,,0,05/04/2021
2010,37,3,1,1105920100424007,6,2,04,we,8835250101,343,0.5,1,1,201026378104we,1105920100424129430,BLUEFISH,,1724.5322449,13,34,201026378104we,,0,05/04/2021
2010,37,3,1,1105920100424010,6,2,04,we,,,,0,0,201026378104we,1105920100424129430,,,1234.6682766,,,201026378104we,,0,05/04/2021
2010,37,3,1,1105920100426001,6,2,04,wd,,,,0,0,201026378104wd,110592010042619523,,,470.8149711,,,201026378104wd,,0,05/04/2021
2010,37,3,1,1105920100426005,6,2,04,wd,,,,0,0,201026378104wd,110592010042619523,,,455.52283433,,,201026378104wd,,0,05/04/2021
2010,37,3,1,1105920100426006,6,2,04,wd,,,,0,0,201026378104wd,110592010042619523,,,470.8149711,,,201026378104wd,,0,05/04/2021
2010,37,3,1,1105920100426007,6,2,04,wd,,,,0,0,201026378104wd,110592010042619523,,,455.52283433,,,201026378104wd,,0,05/04/2021
2010,37,3,1,1106120100409001,6,2,04,wd,,,,0,0,201026378204wd,110612010040955500,,,1629.4947121,,,201026378204wd,,0,05/04/2021
2010,37,3,1,1106120100410001,6,2,04,we,,,,0,0,201026378104we,110612010041055433,,,1840.70668,,,201026378104we,,0,05/04/2021
2010,37,3,1,1106120100410002,6,2,04,we,,,,0,0,201026378104we,110612010041055433,,,1840.70668,,,201026378104we,,0,05/04/2021
2010,37,3,1,1106120100413003,6,2,04,wd,,,,0,0,201026378104wd,110612010041355415,,,913.00192683,,,201026378104wd,,0,05/04/2021
2010,37,3,1,1106120100413008,6,2,04,wd,,,,0,0,201026378104wd,110612010041355415,,,1233.8222889,,,201026378104wd,,0,05/04/2021
2010,37,3,1,1106120100426002,6,2,04,wd,,,,0,0,201026378104wd,110612010042655670,,,1663.0517972,,,201026378104wd,,0,05/04/2021
2010,37,3,1,1106120100426003,6,2,04,wd,,,,0,0,201026378104wd,110612010042655670,,,1609.0356399,,,201026378104wd,,0,05/04/2021
2010,37,3,1,1106120100426004,6,2,04,wd,,,,0,0,201026378104wd,110612010042655670,,,2247.4326885,,,201026378104wd,,0,05/04/2021
2010,37,3,1,1106120100426005,6,2,04,wd,,,,0,0,201026378104wd,110612010042655670,,,2247.4326885,,,201026378104wd,,0,05/04/2021
2010,37,3,1,1106120100426008,6,2,04,wd,,,,0,0,201026378104wd,110612010042655670,,,1609.0356399,,,201026378104wd,,0,05/04/2021
2010,37,3,1,1106220100406001,6,2,04,wd,,,,0,0,201026378104wd,11062201004061331,,,4719.3427738,,,201026378104wd,,0,05/04/2021
2010,37,3,1,1106220100406002,6,2,04,wd,,,,0,0,201026378104wd,11062201004061331,,,3378.7844943,,,201026378104wd,,0,05/04/2021
2010,37,3,1,1106220100406003,6,2,04,wd,,,,0,0,201026378104wd,11062201004061331,,,3378.7844943,,,201026378104wd,,0,05/04/2021
2010,37,3,1,1106220100406004,6,2,04,wd,8835440601,263,0.15,0,0,201026378104wd,11062201004061331,SOUTHERN KINGFISH,,4719.3427738,10,26,201026378104wd,,0,05/04/2021
2010,37,3,1,1106220100406005,6,2,04,wd,,,,0,0,201026378104wd,11062201004061331,,,4719.3427738,,,201026378104wd,,0,05/04/2021
2010,37,3,1,1106220100406006,6,2,04,wd,,,,0,0,201026378104wd,11062201004061331,,,4719.3427738,,,201026378104wd,,0,05/04/2021
2010,37,3,1,1106220100406007,6,2,04,wd,8861010201,268,0.5,0,0,201026378104wd,11062201004061331,NORTHERN PUFFER,,4719.3427738,10,26,201026378104wd,,0,05/04/2021
2010,37,3,1,1106220100406008,6,2,04,wd,,,,0,0,201026378104wd,11062201004061331,,,4719.3427738,,,201026378104wd,,0,05/04/2021
2010,37,3,1,1106220100427001,6,2,04,wd,,,,0,0,201026378104wd,1106220100427141448,,,5712.1963126,,,201026378104wd,,0,05/04/2021
2010,37,3,1,1106220100427002,6,2,04,wd,,,,0,0,201026378104wd,1106220100427141448,,,4089.6118919,,,201026378104wd,,0,05/04/2021
2010,37,3,1,1106220100427003,6,2,04,wd,,,,0,0,201026378104wd,1106220100427141448,,,4089.6118919,,,201026378104wd,,0,05/04/2021
2010,37,3,1,1106220100427005,6,2,04,wd,8835440601,202,0.1,0,0,201026378104wd,1106220100427141448,SOUTHERN KINGFISH,,4089.6118919,7,20,201026378104wd,,0,05/04/2021
2010,37,3,1,1106220100427005,6,2,04,wd,8835440601,206,0.1,0,0,201026378104wd,1106220100427141448,SOUTHERN KINGFISH,,4089.6118919,8,20,201026378104wd,,0,05/04/2021
2010,37,3,1,1106220100427005,6,2,04,wd,8835440601,210,0.2,0,0,201026378104wd,1106220100427141448,SOUTHERN KINGFISH,,4089.6118919,8,21,201026378104wd,,0,05/04/2021
2010,37,3,1,1106220100427005,6,2,04,wd,8835440601,221,0.15,0,0,201026378104wd,1106220100427141448,SOUTHERN KINGFISH,,4089.6118919,8,22,201026378104wd,,0,05/04/2021
2010,37,3,1,1106220100427005,6,2,04,wd,8835440601,268,0.25,0,0,201026378104wd,1106220100427141448,SOUTHERN KINGFISH,,4089.6118919,10,26,201026378104wd,,0,05/04/2021
2010,37,3,1,1106220100427005,6,2,04,wd,8835440601,271,0.25,0,0,201026378104wd,1106220100427141448,SOUTHERN KINGFISH,,4089.6118919,10,27,201026378104wd,,0,05/04/2021
2010,37,3,1,1106220100427005,6,2,04,wd,8835250101,220,0.2,0,0,201026378104wd,1106220100427141448,BLUEFISH,,4089.6118919,8,22,201026378104wd,,0,05/04/2021
2010,37,3,1,1106220100427005,6,2,04,wd,8835250101,184,0.05,0,0,201026378104wd,1106220100427141448,BLUEFISH,,4089.6118919,7,18,201026378104wd,,0,05/04/2021
2010,37,3,1,1106220100427005,6,2,04,wd,8835250101,308,0.35,0,0,201026378104wd,1106220100427141448,BLUEFISH,,4089.6118919,12,30,201026378104wd,,0,05/04/2021
2010,37,3,1,1106220100427005,6,2,04,wd,8835250101,273,0.25,0,0,201026378104wd,1106220100427141448,BLUEFISH,,4089.6118919,10,27,201026378104wd,,0,05/04/2021
2010,37,3,1,1106220100427005,6,2,04,wd,8835250101,203,0.1,0,0,201026378104wd,1106220100427141448,BLUEFISH,,4089.6118919,7,20,201026378104wd,,0,05/04/2021
2010,37,3,1,1106220100427006,6,2,04,wd,,,,0,0,201026378104wd,1106220100427141448,,,4226.9022749,,,201026378104wd,,0,05/04/2021
2010,37,3,1,1106220100427007,6,2,04,wd,,,,0,0,201026378104wd,1106220100427141448,,,4226.9022749,,,201026378104wd,,0,05/04/2021
2010,37,3,1,1106220100427008,6,2,04,wd,,,,0,0,201026378104wd,1106220100427141445,,,7110.2880363,,,201026378104wd,,0,05/04/2021
2010,37,3,1,1106220100427009,6,2,04,wd,,,,0,0,201026378104wd,1106220100427141445,,,7110.2880363,,,201026378104wd,,0,05/04/2021
2010,37,3,1,1106420100330001,6,2,03,wd,,,,0,0,201026378203wd,110642010033055264,,,1587.7171128,,,201026378203wd,,0,05/04/2021
2010,37,3,1,1106420100330003,6,2,03,wd,,,,0,0,201026378203wd,110642010033055264,,,1175.3822187,,,201026378203wd,,0,05/04/2021
2010,37,3,1,1106420100330005,6,2,03,wd,,,,0,0,201026378203wd,110642010033055264,,,1175.3822187,,,201026378203wd,,0,05/04/2021
2010,37,3,1,1106420100330006,6,2,03,wd,,,,0,0,201026378203wd,110642010033055264,,,1175.3822187,,,201026378203wd,,0,05/04/2021
2010,37,3,1,1106420100330007,6,2,03,wd,,,,0,0,201026378203wd,110642010033055264,,,1321.450428,,,201026378203wd,,0,05/04/2021
2010,37,3,1,1106420100330008,6,2,03,wd,,,,0,0,201026378203wd,110642010033055264,,,1321.450428,,,201026378203wd,,0,05/04/2021
2010,37,3,1,1106420100330009,6,2,03,wd,,,,0,0,201026378203wd,110642010033055264,,,1175.3822187,,,201026378203wd,,0,05/04/2021
2010,37,3,1,1106420100330010,6,2,03,wd,,,,0,0,201026378203wd,110642010033055264,,,1175.3822187,,,201026378203wd,,0,05/04/2021
2010,37,3,1,1106420100330011,6,2,03,wd,,,,0,0,201026378203wd,110642010033055264,,,1175.3822187,,,201026378203wd,,0,05/04/2021
2010,37,3,1,1106420100330012,6,2,03,wd,,,,0,0,201026378203wd,110642010033055264,,,1175.3822187,,,201026378203wd,,0,05/04/2021
2010,37,3,1,1106420100330015,6,2,03,wd,,,,0,0,201026378203wd,110642010033055264,,,1587.7171128,,,201026378203wd,,0,05/04/2021
2010,37,3,1,1106420100330016,6,2,03,wd,,,,0,0,201026378203wd,110642010033055264,,,1587.7171128,,,201026378203wd,,0,05/04/2021
2010,37,3,1,1106420100330017,6,2,03,wd,,,,0,0,201026378203wd,110642010033055264,,,1175.3822187,,,201026378203wd,,0,05/04/2021
2010,37,3,1,1106420100330018,6,2,03,wd,,,,0,0,201026378203wd,110642010033055264,,,1175.3822187,,,201026378203wd,,0,05/04/2021
2010,37,3,1,1106420100408001,6,2,04,wd,,,,0,0,201026378104wd,110642010040855394,,,889.4278967,,,201026378104wd,,0,05/04/2021
2010,37,3,1,1106420100408002,6,2,04,wd,,,,0,0,201026378104wd,110642010040855394,,,889.4278967,,,201026378104wd,,0,05/04/2021
2010,37,3,1,1106420100408007,6,2,04,wd,,,,0,0,201026378104wd,110642010040855394,,,919.28645048,,,201026378104wd,,0,05/04/2021
2010,37,3,1,1106420100408008,6,2,04,wd,,,,0,0,201026378104wd,110642010040855394,,,919.28645048,,,201026378104wd,,0,05/04/2021
2010,37,3,1,1106420100408012,6,2,04,wd,,,,0,0,201026378104wd,110642010040855394,,,919.28645048,,,201026378104wd,,0,05/04/2021
2010,37,3,1,1106420100408013,6,2,04,wd,,,,0,0,201026378104wd,110642010040855394,,,919.28645048,,,201026378104wd,,0,05/04/2021
2010,37,3,1,1106420100408023,6,2,04,wd,,,,0,0,201026378104wd,110642010040855394,,,919.28645048,,,201026378104wd,,0,05/04/2021
2010,37,3,1,1106420100408024,6,2,04,wd,,,,0,0,201026378104wd,110642010040855394,,,919.28645048,,,201026378104wd,,0,05/04/2021
2010,37,3,1,1106420100408025,6,2,04,wd,,,,0,0,201026378104wd,110642010040855394,,,919.28645048,,,201026378104wd,,0,05/04/2021
2010,37,3,1,1106420100408026,6,2,04,wd,,,,0,0,201026378104wd,110642010040855394,,,919.28645048,,,201026378104wd,,0,05/04/2021
2010,37,3,1,1106420100408027,6,2,04,wd,,,,0,0,201026378104wd,110642010040855394,,,889.4278967,,,201026378104wd,,0,05/04/2021
2010,37,3,1,1106420100408028,6,2,04,wd,,,,0,0,201026378104wd,110642010040855394,,,889.4278967,,,201026378104wd,,0,05/04/2021
2010,37,3,1,1106420100408029,6,2,04,wd,,,,0,0,201026378104wd,110642010040855394,,,889.4278967,,,201026378104wd,,0,05/04/2021
2010,37,3,1,1106420100408030,6,2,04,wd,,,,0,0,201026378104wd,110642010040855394,,,889.4278967,,,201026378104wd,,0,05/04/2021
2010,37,3,1,1106420100409001,6,2,04,wd,,,,0,0,201026378104wd,110642010040955670,,,836.22378504,,,201026378104wd,,0,05/04/2021
2010,37,3,1,1106420100409002,6,2,04,wd,,,,0,0,201026378104wd,110642010040955670,,,836.22378504,,,201026378104wd,,0,05/04/2021
2010,37,3,1,1106420100409003,6,2,04,wd,,,,0,0,201026378104wd,110642010040955670,,,836.22378504,,,201026378104wd,,0,05/04/2021
2010,37,3,1,1106420100409004,6,2,04,wd,,,,0,0,201026378104wd,110642010040955670,,,836.22378504,,,201026378104wd,,0,05/04/2021
2010,37,3,1,1106420100409010,6,2,04,wd,8835440702,236,0.2,0,0,201026378104wd,110642010040955670,ATLANTIC CROAKER,,836.22378504,9,23,201026378104wd,,0,05/04/2021
2010,37,3,1,1106420100409010,6,2,04,wd,8835440702,276,0.3,0,0,201026378104wd,110642010040955670,ATLANTIC CROAKER,,836.22378504,10,27,201026378104wd,,0,05/04/2021
2010,37,3,1,1106420100409010,6,2,04,wd,8835440702,308,0.35,0,0,201026378104wd,110642010040955670,ATLANTIC CROAKER,,836.22378504,12,30,201026378104wd,,0,05/04/2021
2010,37,3,1,1106420100409016,6,2,04,wd,,,,0,0,201026378104wd,110642010040955670,,,836.22378504,,,201026378104wd,,0,05/04/2021
2010,37,3,1,1106420100409017,6,2,04,wd,,,,0,0,201026378104wd,110642010040955670,,,836.22378504,,,201026378104wd,,0,05/04/2021
2010,37,3,1,1106420100409018,6,2,04,wd,,,,0,0,201026378104wd,110642010040955670,,,836.22378504,,,201026378104wd,,0,05/04/2021
2010,37,3,1,1106420100409019,6,2,04,wd,,,,0,0,201026378104wd,110642010040955670,,,836.22378504,,,201026378104wd,,0,05/04/2021
2010,37,3,1,1106420100409020,6,2,04,wd,,,,0,0,201026378104wd,110642010040955670,,,1130.0650242,,,201026378104wd,,0,05/04/2021
2010,37,3,1,1106420100409025,6,2,04,wd,,,,0,0,201026378104wd,110642010040955670,,,1130.0650242,,,201026378104wd,,0,05/04/2021
2010,37,3,1,1106420100409027,6,2,04,wd,,,,0,0,201026378104wd,110642010040955670,,,1130.0650242,,,201026378104wd,,0,05/04/2021
2010,37,3,1,1106420100409028,6,2,04,wd,,,,0,0,201026378104wd,110642010040955670,,,1130.0650242,,,201026378104wd,,0,05/04/2021
2010,37,3,1,1106420100416001,6,2,04,wd,,,,0,0,201026378104wd,110642010041655433,,,571.82651578,,,201026378104wd,,0,05/04/2021
2010,37,3,1,1106420100416002,6,2,04,wd,8861010201,253,0.45,0,0,201026378104wd,110642010041655433,NORTHERN PUFFER,,772.76102035,9,25,201026378104wd,,0,05/04/2021
2010,37,3,1,1106420100416002,6,2,04,wd,8861010201,239,0.4,0,0,201026378104wd,110642010041655433,NORTHERN PUFFER,,772.76102035,9,23,201026378104wd,,0,05/04/2021
2010,37,3,1,1106420100416002,6,2,04,wd,8861010201,248,0.45,0,0,201026378104wd,110642010041655433,NORTHERN PUFFER,,772.76102035,9,24,201026378104wd,,0,05/04/2021
2010,37,3,1,1106420100416002,6,2,04,wd,8861010201,262,0.5,0,0,201026378104wd,110642010041655433,NORTHERN PUFFER,,772.76102035,10,26,201026378104wd,,0,05/04/2021
2010,37,3,1,1106420100416002,6,2,04,wd,8835250101,382,0.6,0,0,201026378104wd,110642010041655433,BLUEFISH,,772.76102035,15,38,201026378104wd,,0,05/04/2021
2010,37,3,1,1106420100416002,6,2,04,wd,8835250101,442,0.8,0,0,201026378104wd,110642010041655433,BLUEFISH,,772.76102035,17,44,201026378104wd,,0,05/04/2021
2010,37,3,1,1106420100416002,6,2,04,wd,8835250101,466,1,0,0,201026378104wd,110642010041655433,BLUEFISH,,772.76102035,18,46,201026378104wd,,0,05/04/2021
2010,37,3,1,1106420100416002,6,2,04,wd,8835250101,398,0.65,0,0,201026378104wd,110642010041655433,BLUEFISH,,772.76102035,15,39,201026378104wd,,0,05/04/2021
2010,37,3,1,1106420100416002,6,2,04,wd,8835250101,378,0.55,0,0,201026378104wd,110642010041655433,BLUEFISH,,772.76102035,14,37,201026378104wd,,0,05/04/2021
2010,37,3,1,1106420100416002,6,2,04,wd,8835250101,371,0.5,0,0,201026378104wd,110642010041655433,BLUEFISH,,772.76102035,14,37,201026378104wd,,0,05/04/2021
2010,37,3,1,1106420100416003,6,2,04,wd,8861010201,263,0.5,0,0,201026378104wd,110642010041655433,NORTHERN PUFFER,,571.82651578,10,26,201026378104wd,,0,05/04/2021
2010,37,3,1,1106420100416003,6,2,04,wd,8861010201,247,0.45,0,0,201026378104wd,110642010041655433,NORTHERN PUFFER,,571.82651578,9,24,201026378104wd,,0,05/04/2021
2010,37,3,1,1106420100416003,6,2,04,wd,8835250101,368,0.5,0,0,201026378104wd,110642010041655433,BLUEFISH,,571.82651578,14,36,201026378104wd,,0,05/04/2021
2010,37,3,1,1106420100416003,6,2,04,wd,8835250101,389,0.6,0,0,201026378104wd,110642010041655433,BLUEFISH,,571.82651578,15,38,201026378104wd,,0,05/04/2021
2010,37,3,1,1106420100416003,6,2,04,wd,8835250101,394,0.65,0,0,201026378104wd,110642010041655433,BLUEFISH,,571.82651578,15,39,201026378104wd,,0,05/04/2021
2010,37,3,1,1106420100416003,6,2,04,wd,8835250101,471,1.1,0,0,201026378104wd,110642010041655433,BLUEFISH,,571.82651578,18,47,201026378104wd,,0,05/04/2021
2010,37,3,1,1106420100416003,6,2,04,wd,8835250101,478,1.1,0,0,201026378104wd,110642010041655433,BLUEFISH,,571.82651578,18,47,201026378104wd,,0,05/04/2021
2010,37,3,1,1106420100416004,6,2,04,wd,,,,0,0,201026378104wd,110642010041655433,,,571.82651578,,,201026378104wd,,0,05/04/2021
2010,37,3,1,1106420100416006,6,2,04,wd,,,,0,0,201026378104wd,110642010041655433,,,571.82651578,,,201026378104wd,,0,05/04/2021
2010,37,3,1,1106420100416007,6,2,04,wd,,,,0,0,201026378104wd,110642010041655433,,,571.82651578,,,201026378104wd,,0,05/04/2021
2010,37,3,1,1106420100416008,6,2,04,wd,,,,0,0,201026378104wd,110642010041655433,,,571.82651578,,,201026378104wd,,0,05/04/2021
2010,37,3,1,1106420100416009,6,2,04,wd,,,,0,0,201026378104wd,110642010041655433,,,571.82651578,,,201026378104wd,,0,05/04/2021
2010,37,3,1,1106420100416010,6,2,04,wd,,,,0,0,201026378104wd,110642010041655433,,,571.82651578,,,201026378104wd,,0,05/04/2021
2010,37,3,1,1106420100416011,6,2,04,wd,,,,0,0,201026378104wd,110642010041655433,,,571.82651578,,,201026378104wd,,0,05/04/2021
2010,37,3,1,1106420100416012,6,2,04,wd,,,,0,0,201026378104wd,110642010041655433,,,571.82651578,,,201026378104wd,,0,05/04/2021
2010,37,3,1,1106420100416024,6,2,04,wd,,,,0,0,201026378104wd,110642010041655433,,,571.82651578,,,201026378104wd,,0,05/04/2021
2010,37,3,1,1106420100416025,6,2,04,wd,,,,0,0,201026378104wd,110642010041655433,,,571.82651578,,,201026378104wd,,0,05/04/2021
2010,37,3,1,1106420100416030,6,2,04,wd,,,,0,0,201026378104wd,110642010041655433,,,571.82651578,,,201026378104wd,,0,05/04/2021
2010,37,3,1,1106420100422001,6,2,04,wd,,,,0,0,201026378204wd,110642010042255500,,,2901.7271985,,,201026378204wd,,0,05/04/2021
2010,37,3,1,1106420100422002,6,2,04,wd,,,,0,0,201026378204wd,110642010042255500,,,2901.7271985,,,201026378204wd,,0,05/04/2021
2010,37,3,1,1106420100422003,6,2,04,wd,,,,0,0,201026378204wd,110642010042255500,,,2901.7271985,,,201026378204wd,,0,05/04/2021
2010,37,3,1,1106420100422006,6,2,04,wd,,,,0,0,201026378204wd,110642010042255500,,,3919.6797914,,,201026378204wd,,0,05/04/2021
2010,37,3,1,1106420100422007,6,2,04,wd,,,,0,0,201026378204wd,110642010042255801,,,5377.4858434,,,201026378204wd,,0,05/04/2021
2010,37,3,1,1106420100422008,6,2,04,wd,,,,0,0,201026378204wd,110642010042255801,,,5377.4858434,,,201026378204wd,,0,05/04/2021
2010,37,3,1,1106420100422009,6,2,04,wd,,,,0,0,201026378204wd,110642010042255801,,,4475.6593678,,,201026378204wd,,0,05/04/2021
2010,37,3,1,1106420100422010,6,2,04,wd,,,,0,0,201026378204wd,110642010042255801,,,4475.6593678,,,201026378204wd,,0,05/04/2021
2010,37,3,1,1106420100422011,6,2,04,wd,8861010201,247,0.35,1,1,201026378204wd,110642010042255801,NORTHERN PUFFER,,6806.0393316,9,24,201026378204wd,,0,05/04/2021
2010,37,3,1,1106420100422011,6,2,04,wd,8861010201,221,0.2,0,0,201026378204wd,110642010042255801,NORTHERN PUFFER,,6806.0393316,8,22,201026378204wd,,0,05/04/2021
2010,37,3,1,1106420100422011,6,2,04,wd,8861010201,233,0.3,0,0,201026378204wd,110642010042255801,NORTHERN PUFFER,,6806.0393316,9,23,201026378204wd,,0,05/04/2021
2010,37,3,1,1106420100422011,6,2,04,wd,8861010201,236,0.35,1,1,201026378204wd,110642010042255801,NORTHERN PUFFER,,6806.0393316,9,23,201026378204wd,,0,05/04/2021
2010,37,3,1,1106420100422011,6,2,04,wd,8861010201,229,0.3,0,0,201026378204wd,110642010042255801,NORTHERN PUFFER,,6806.0393316,9,22,201026378204wd,,0,05/04/2021
2010,37,3,1,1106420100422011,6,2,04,wd,8861010201,233,0.25,0,0,201026378204wd,110642010042255801,NORTHERN PUFFER,,6806.0393316,9,23,201026378204wd,,0,05/04/2021
2010,37,3,1,1106420100422011,6,2,04,wd,8861010201,233,0.25,1,1,201026378204wd,110642010042255801,NORTHERN PUFFER,,6806.0393316,9,23,201026378204wd,,0,05/04/2021
2010,37,3,1,1106420100422011,6,2,04,wd,8861010201,241,0.35,0,0,201026378204wd,110642010042255801,NORTHERN PUFFER,,6806.0393316,9,24,201026378204wd,,0,05/04/2021
2010,37,3,1,1106420100422011,6,2,04,wd,8861010201,248,0.35,0,0,201026378204wd,110642010042255801,NORTHERN PUFFER,,6806.0393316,9,24,201026378204wd,,0,05/04/2021
2010,37,3,1,1106420100422011,6,2,04,wd,8861010201,247,0.35,0,0,201026378204wd,110642010042255801,NORTHERN PUFFER,,6806.0393316,9,24,201026378204wd,,0,05/04/2021
2010,37,3,1,1106420100422011,6,2,04,wd,8861010201,233,0.3,0,0,201026378204wd,110642010042255801,NORTHERN PUFFER,,6806.0393316,9,23,201026378204wd,,0,05/04/2021
2010,37,3,1,1106420100422011,6,2,04,wd,8861010201,271,0.4,0,0,201026378204wd,110642010042255801,NORTHERN PUFFER,,6806.0393316,10,27,201026378204wd,,0,05/04/2021
2010,37,3,1,1106420100422011,6,2,04,wd,8861010201,271,0.4,1,1,201026378204wd,110642010042255801,NORTHERN PUFFER,,6806.0393316,10,27,201026378204wd,,0,05/04/2021
2010,37,3,1,1106420100422011,6,2,04,wd,8861010201,262,0.4,0,0,201026378204wd,110642010042255801,NORTHERN PUFFER,,6806.0393316,10,26,201026378204wd,,0,05/04/2021
2010,37,3,1,1106420100422011,6,2,04,wd,8861010201,244,0.35,0,0,201026378204wd,110642010042255801,NORTHERN PUFFER,,6806.0393316,9,24,201026378204wd,,0,05/04/2021
2010,37,3,1,1106420100422011,6,2,04,wd,8861010201,236,0.35,0,0,201026378204wd,110642010042255801,NORTHERN PUFFER,,6806.0393316,9,23,201026378204wd,,0,05/04/2021
2010,37,3,1,1106420100422011,6,2,04,wd,8861010201,233,0.35,0,0,201026378204wd,110642010042255801,NORTHERN PUFFER,,6806.0393316,9,23,201026378204wd,,0,05/04/2021
2010,37,3,1,1106420100422011,6,2,04,wd,8861010201,216,0.2,0,0,201026378204wd,110642010042255801,NORTHERN PUFFER,,6806.0393316,8,21,201026378204wd,,0,05/04/2021
2010,37,3,1,1106420100422011,6,2,04,wd,8861010201,228,0.25,0,0,201026378204wd,110642010042255801,NORTHERN PUFFER,,6806.0393316,8,22,201026378204wd,,0,05/04/2021
2010,37,3,1,1106420100422014,6,2,04,wd,,,,0,0,201026378204wd,110642010042255801,,,3980.9366483,,,201026378204wd,,0,05/04/2021
2010,37,3,1,1106420100422015,6,2,04,wd,,,,0,0,201026378204wd,110642010042255801,,,3980.9366483,,,201026378204wd,,0,05/04/2021
2010,37,3,1,1106420100422017,6,2,04,wd,,,,0,0,201026378204wd,110642010042255801,,,3980.9366483,,,201026378204wd,,0,05/04/2021
2010,37,3,1,1106420100422018,6,2,04,wd,,,,0,0,201026378204wd,110642010042255801,,,3980.9366483,,,201026378204wd,,0,05/04/2021
2010,37,3,1,1106420100422019,6,2,04,wd,,,,0,0,201026378204wd,110642010042255801,,,3980.9366483,,,201026378204wd,,0,05/04/2021
2010,37,3,1,1106420100422020,6,2,04,wd,,,,0,0,201026378204wd,110642010042255801,,,3980.9366483,,,201026378204wd,,0,05/04/2021
2010,37,3,1,1106420100422021,6,2,04,wd,,,,0,0,201026378204wd,110642010042255803,,,3876.3465496,,,201026378204wd,,0,05/04/2021
2010,37,3,1,1106420100422022,6,2,04,wd,,,,0,0,201026378204wd,110642010042255803,,,3876.3465496,,,201026378204wd,,0,05/04/2021
2010,37,3,1,1106420100422023,6,2,04,wd,,,,0,0,201026378204wd,110642010042255803,,,3876.3465496,,,201026378204wd,,0,05/04/2021
2010,37,3,1,1106420100422024,6,2,04,wd,,,,0,0,201026378204wd,110642010042255803,,,3876.3465496,,,201026378204wd,,0,05/04/2021
2010,37,3,1,1106420100422025,6,2,04,wd,,,,0,0,201026378204wd,110642010042255803,,,3876.3465496,,,201026378204wd,,0,05/04/2021
2010,37,3,1,1106420100422026,6,2,04,wd,,,,0,0,201026378204wd,110642010042255803,,,3876.3465496,,,201026378204wd,,0,05/04/2021
2010,37,3,1,1106420100422027,6,2,04,wd,,,,0,0,201026378204wd,110642010042255803,,,3876.3465496,,,201026378204wd,,0,05/04/2021
2010,37,3,1,1106420100422028,6,2,04,wd,8861010201,258,0.4,0,0,201026378204wd,110642010042255803,NORTHERN PUFFER,,9812.8531339,10,25,201026378204wd,,0,05/04/2021
2010,37,3,1,1106420100422028,6,2,04,wd,8861010201,227,0.25,0,0,201026378204wd,110642010042255803,NORTHERN PUFFER,,9812.8531339,8,22,201026378204wd,,0,05/04/2021
2010,37,3,1,1106420100422028,6,2,04,wd,8861010201,242,0.3,1,1,201026378204wd,110642010042255803,NORTHERN PUFFER,,9812.8531339,9,24,201026378204wd,,0,05/04/2021
2010,37,3,1,1106420100422028,6,2,04,wd,8861010201,262,0.4,1,1,201026378204wd,110642010042255803,NORTHERN PUFFER,,9812.8531339,10,26,201026378204wd,,0,05/04/2021
2010,37,3,1,1106420100422028,6,2,04,wd,8861010201,239,0.3,0,0,201026378204wd,110642010042255803,NORTHERN PUFFER,,9812.8531339,9,23,201026378204wd,,0,05/04/2021
2010,37,3,1,1106420100422028,6,2,04,wd,8861010201,229,0.25,0,0,201026378204wd,110642010042255803,NORTHERN PUFFER,,9812.8531339,9,22,201026378204wd,,0,05/04/2021
2010,37,3,1,1106420100422028,6,2,04,wd,8861010201,216,0.15,0,0,201026378204wd,110642010042255803,NORTHERN PUFFER,,9812.8531339,8,21,201026378204wd,,0,05/04/2021
2010,37,3,1,1106420100422028,6,2,04,wd,8861010201,219,0.2,0,0,201026378204wd,110642010042255803,NORTHERN PUFFER,,9812.8531339,8,21,201026378204wd,,0,05/04/2021
2010,37,3,1,1106420100422028,6,2,04,wd,8861010201,226,0.2,0,0,201026378204wd,110642010042255803,NORTHERN PUFFER,,9812.8531339,8,22,201026378204wd,,0,05/04/2021
2010,37,3,1,1106420100422028,6,2,04,wd,8861010201,233,0.3,1,1,201026378204wd,110642010042255803,NORTHERN PUFFER,,9812.8531339,9,23,201026378204wd,,0,05/04/2021
2010,37,3,1,1106420100422028,6,2,04,wd,8861010201,242,0.3,0,0,201026378204wd,110642010042255803,NORTHERN PUFFER,,9812.8531339,9,24,201026378204wd,,0,05/04/2021
2010,37,3,1,1106420100422028,6,2,04,wd,8861010201,247,0.35,1,1,201026378204wd,110642010042255803,NORTHERN PUFFER,,9812.8531339,9,24,201026378204wd,,0,05/04/2021
2010,37,3,1,1106420100422028,6,2,04,wd,8861010201,221,0.2,0,0,201026378204wd,110642010042255803,NORTHERN PUFFER,,9812.8531339,8,22,201026378204wd,,0,05/04/2021
2010,37,3,1,1106420100422028,6,2,04,wd,8861010201,247,0.35,0,0,201026378204wd,110642010042255803,NORTHERN PUFFER,,9812.8531339,9,24,201026378204wd,,0,05/04/2021
2010,37,3,1,1106420100422028,6,2,04,wd,8861010201,236,0.3,0,0,201026378204wd,110642010042255803,NORTHERN PUFFER,,9812.8531339,9,23,201026378204wd,,0,05/04/2021
2010,37,3,1,1106420100422028,6,2,04,wd,8861010201,236,0.25,0,0,201026378204wd,110642010042255803,NORTHERN PUFFER,,9812.8531339,9,23,201026378204wd,,0,05/04/2021
2010,37,3,1,1106420100422028,6,2,04,wd,8861010201,261,0.4,0,0,201026378204wd,110642010042255803,NORTHERN PUFFER,,9812.8531339,10,26,201026378204wd,,0,05/04/2021
2010,37,3,1,1106420100422028,6,2,04,wd,8861010201,246,0.35,0,0,201026378204wd,110642010042255803,NORTHERN PUFFER,,9812.8531339,9,24,201026378204wd,,0,05/04/2021
2010,37,3,1,1106420100422028,6,2,04,wd,8861010201,231,0.25,0,0,201026378204wd,110642010042255803,NORTHERN PUFFER,,9812.8531339,9,23,201026378204wd,,0,05/04/2021
2010,37,3,1,1106420100422029,6,2,04,wd,,,,0,0,201026378204wd,110642010042255803,,,3876.3465496,,,201026378204wd,,0,05/04/2021
2010,37,3,1,1106420100422030,6,2,04,wd,,,,0,0,201026378204wd,110642010042255803,,,3876.3465496,,,201026378204wd,,0,05/04/2021
2010,37,3,1,1106420100425002,6,2,04,we,8861010201,221,0.2,1,1,201026378104we,110642010042555415,NORTHERN PUFFER,,905.45331351,8,22,201026378104we,,0,05/04/2021
2010,37,3,1,1106420100425002,6,2,04,we,8861010201,229,0.25,0,0,201026378104we,110642010042555415,NORTHERN PUFFER,,905.45331351,9,22,201026378104we,,0,05/04/2021
2010,37,3,1,1106420100425002,6,2,04,we,8861010201,219,0.2,1,1,201026378104we,110642010042555415,NORTHERN PUFFER,,905.45331351,8,21,201026378104we,,0,05/04/2021
2010,37,3,1,1106420100425002,6,2,04,we,8861010201,219,0.2,0,0,201026378104we,110642010042555415,NORTHERN PUFFER,,905.45331351,8,21,201026378104we,,0,05/04/2021
2010,37,3,1,1106420100425002,6,2,04,we,8861010201,221,0.2,0,0,201026378104we,110642010042555415,NORTHERN PUFFER,,905.45331351,8,22,201026378104we,,0,05/04/2021
2010,37,3,1,1106420100425002,6,2,04,we,8861010201,236,0.25,0,0,201026378104we,110642010042555415,NORTHERN PUFFER,,905.45331351,9,23,201026378104we,,0,05/04/2021
2010,37,3,1,1106420100425002,6,2,04,we,8861010201,243,0.35,0,0,201026378104we,110642010042555415,NORTHERN PUFFER,,905.45331351,9,24,201026378104we,,0,05/04/2021
2010,37,3,1,1106420100425002,6,2,04,we,8861010201,248,0.35,0,0,201026378104we,110642010042555415,NORTHERN PUFFER,,905.45331351,9,24,201026378104we,,0,05/04/2021
2010,37,3,1,1106420100425002,6,2,04,we,8861010201,238,0.25,1,1,201026378104we,110642010042555415,NORTHERN PUFFER,,905.45331351,9,23,201026378104we,,0,05/04/2021
2010,37,3,1,1106420100425002,6,2,04,we,8861010201,198,0.15,0,0,201026378104we,110642010042555415,NORTHERN PUFFER,,905.45331351,7,19,201026378104we,,0,05/04/2021
2010,37,3,1,1106420100425002,6,2,04,we,8861010201,237,0.3,0,0,201026378104we,110642010042555415,NORTHERN PUFFER,,905.45331351,9,23,201026378104we,,0,05/04/2021
2010,37,3,1,1106420100425002,6,2,04,we,8861010201,208,0.15,0,0,201026378104we,110642010042555415,NORTHERN PUFFER,,905.45331351,8,20,201026378104we,,0,05/04/2021
2010,37,3,1,1106420100425002,6,2,04,we,8861010201,237,0.3,1,1,201026378104we,110642010042555415,NORTHERN PUFFER,,905.45331351,9,23,201026378104we,,0,05/04/2021
2010,37,3,1,1106420100425002,6,2,04,we,8861010201,242,0.3,0,0,201026378104we,110642010042555415,NORTHERN PUFFER,,905.45331351,9,24,201026378104we,,0,05/04/2021
2010,37,3,1,1106420100425002,6,2,04,we,8861010201,246,0.35,0,0,201026378104we,110642010042555415,NORTHERN PUFFER,,905.45331351,9,24,201026378104we,,0,05/04/2021
2010,37,3,1,1106420100425002,6,2,04,we,8861010201,228,0.25,0,0,201026378104we,110642010042555415,NORTHERN PUFFER,,905.45331351,8,22,201026378104we,,0,05/04/2021
2010,37,3,1,1106420100425002,6,2,04,we,8861010201,239,0.3,0,0,201026378104we,110642010042555415,NORTHERN PUFFER,,905.45331351,9,23,201026378104we,,0,05/04/2021
2010,37,3,1,1106420100425002,6,2,04,we,8861010201,249,0.35,0,0,201026378104we,110642010042555415,NORTHERN PUFFER,,905.45331351,9,24,201026378104we,,0,05/04/2021
2010,37,3,1,1106420100425002,6,2,04,we,8861010201,251,0.4,0,0,201026378104we,110642010042555415,NORTHERN PUFFER,,905.45331351,9,25,201026378104we,,0,05/04/2021
2010,37,3,1,1106420100425003,6,2,04,we,,,,0,0,201026378104we,110642010042555415,,,899.12190888,,,201026378104we,,0,05/04/2021
2010,37,3,1,1106420100425005,6,2,04,we,,,,0,0,201026378104we,110642010042555415,,,665.33085245,,,201026378104we,,0,05/04/2021
2010,37,3,1,1106420100425012,6,2,04,we,,,,0,0,201026378104we,110642010042555415,,,665.33085245,,,201026378104we,,0,05/04/2021
2010,37,3,1,1106420100425015,6,2,04,we,8861010201,206,0.15,0,0,201026378104we,110642010042555415,NORTHERN PUFFER,,397.82197361,8,20,201026378104we,,0,05/04/2021
2010,37,3,1,1106420100425015,6,2,04,we,8861010201,231,0.25,0,0,201026378104we,110642010042555415,NORTHERN PUFFER,,397.82197361,9,23,201026378104we,,0,05/04/2021
2010,37,3,1,1106420100425015,6,2,04,we,8861010201,241,0.3,0,0,201026378104we,110642010042555415,NORTHERN PUFFER,,397.82197361,9,24,201026378104we,,0,05/04/2021
2010,37,3,1,1106420100425015,6,2,04,we,8861010201,221,0.2,0,0,201026378104we,110642010042555415,NORTHERN PUFFER,,397.82197361,8,22,201026378104we,,0,05/04/2021
2010,37,3,1,1106420100425015,6,2,04,we,8861010201,238,0.25,0,0,201026378104we,110642010042555415,NORTHERN PUFFER,,397.82197361,9,23,201026378104we,,0,05/04/2021
2010,37,3,1,1106420100425015,6,2,04,we,8861010201,229,0.2,0,0,201026378104we,110642010042555415,NORTHERN PUFFER,,397.82197361,9,22,201026378104we,,0,05/04/2021
2010,37,3,1,1106420100425015,6,2,04,we,8861010201,247,0.35,0,0,201026378104we,110642010042555415,NORTHERN PUFFER,,397.82197361,9,24,201026378104we,,0,05/04/2021
2010,37,3,1,1106420100425015,6,2,04,we,8861010201,246,0.35,0,0,201026378104we,110642010042555415,NORTHERN PUFFER,,397.82197361,9,24,201026378104we,,0,05/04/2021
2010,37,3,1,1106420100425015,6,2,04,we,8861010201,244,0.35,0,0,201026378104we,110642010042555415,NORTHERN PUFFER,,397.82197361,9,24,201026378104we,,0,05/04/2021
2010,37,3,1,1106420100425015,6,2,04,we,8861010201,242,0.3,0,0,201026378104we,110642010042555415,NORTHERN PUFFER,,397.82197361,9,24,201026378104we,,0,05/04/2021
2010,37,3,1,1106420100425016,6,2,04,we,,,,0,0,201026378104we,110642010042555415,,,665.33085245,,,201026378104we,,0,05/04/2021
2010,37,3,1,1106420100425017,6,2,04,we,8861010201,209,0.15,0,0,201026378104we,110642010042555415,NORTHERN PUFFER,,1075.2258098,8,20,201026378104we,,0,05/04/2021
2010,37,3,1,1106420100425017,6,2,04,we,8861010201,246,0.35,1,1,201026378104we,110642010042555415,NORTHERN PUFFER,,1075.2258098,9,24,201026378104we,,0,05/04/2021
2010,37,3,1,1106420100425017,6,2,04,we,8861010201,243,0.3,0,0,201026378104we,110642010042555415,NORTHERN PUFFER,,1075.2258098,9,24,201026378104we,,0,05/04/2021
2010,37,3,1,1106420100425017,6,2,04,we,8861010201,224,0.2,0,0,201026378104we,110642010042555415,NORTHERN PUFFER,,1075.2258098,8,22,201026378104we,,0,05/04/2021
2010,37,3,1,1106420100425017,6,2,04,we,8861010201,236,0.3,0,0,201026378104we,110642010042555415,NORTHERN PUFFER,,1075.2258098,9,23,201026378104we,,0,05/04/2021
2010,37,3,1,1106420100425017,6,2,04,we,8861010201,207,0.15,0,0,201026378104we,110642010042555415,NORTHERN PUFFER,,1075.2258098,8,20,201026378104we,,0,05/04/2021
2010,37,3,1,1106420100425017,6,2,04,we,8861010201,209,0.15,0,0,201026378104we,110642010042555415,NORTHERN PUFFER,,1075.2258098,8,20,201026378104we,,0,05/04/2021
2010,37,3,1,1106420100425017,6,2,04,we,8861010201,219,0.2,0,0,201026378104we,110642010042555415,NORTHERN PUFFER,,1075.2258098,8,21,201026378104we,,0,05/04/2021
2010,37,3,1,1106420100425017,6,2,04,we,8861010201,223,0.2,0,0,201026378104we,110642010042555415,NORTHERN PUFFER,,1075.2258098,8,22,201026378104we,,0,05/04/2021
2010,37,3,1,1106420100425017,6,2,04,we,8861010201,247,0.35,0,0,201026378104we,110642010042555415,NORTHERN PUFFER,,1075.2258098,9,24,201026378104we,,0,05/04/2021
2010,37,3,1,1106420100425017,6,2,04,we,8861010201,237,0.3,0,0,201026378104we,110642010042555415,NORTHERN PUFFER,,1075.2258098,9,23,201026378104we,,0,05/04/2021
2010,37,3,1,1106420100425017,6,2,04,we,8861010201,244,0.35,1,1,201026378104we,110642010042555415,NORTHERN PUFFER,,1075.2258098,9,24,201026378104we,,0,05/04/2021
2010,37,3,1,1106420100425017,6,2,04,we,8861010201,203,0.15,0,0,201026378104we,110642010042555415,NORTHERN PUFFER,,1075.2258098,7,20,201026378104we,,0,05/04/2021
2010,37,3,1,1106420100425017,6,2,04,we,8861010201,213,0.15,0,0,201026378104we,110642010042555415,NORTHERN PUFFER,,1075.2258098,8,21,201026378104we,,0,05/04/2021
2010,37,3,1,1106420100425017,6,2,04,we,8861010201,238,0.3,0,0,201026378104we,110642010042555415,NORTHERN PUFFER,,1075.2258098,9,23,201026378104we,,0,05/04/2021
2010,37,3,1,1106420100425017,6,2,04,we,8861010201,229,0.2,1,1,201026378104we,110642010042555415,NORTHERN PUFFER,,1075.2258098,9,22,201026378104we,,0,05/04/2021
2010,37,3,1,1106420100425017,6,2,04,we,8861010201,239,0.3,0,0,201026378104we,110642010042555415,NORTHERN PUFFER,,1075.2258098,9,23,201026378104we,,0,05/04/2021
2010,37,3,1,1106420100425017,6,2,04,we,8861010201,247,0.35,1,1,201026378104we,110642010042555415,NORTHERN PUFFER,,1075.2258098,9,24,201026378104we,,0,05/04/2021
2010,37,3,1,1106420100425017,6,2,04,we,8861010201,223,0.2,0,0,201026378104we,110642010042555415,NORTHERN PUFFER,,1075.2258098,8,22,201026378104we,,0,05/04/2021
2010,37,3,1,1106420100425018,6,2,04,we,,,,0,0,201026378104we,110642010042555415,,,665.33085245,,,201026378104we,,0,05/04/2021
2010,37,3,1,1106420100425019,6,2,04,we,,,,0,0,201026378104we,110642010042555415,,,899.12190888,,,201026378104we,,0,05/04/2021
2010,37,3,1,1106420100425022,6,2,04,we,,,,0,0,201026378104we,110642010042555415,,,665.33085245,,,201026378104we,,0,05/04/2021
2010,37,3,1,1106420100425023,6,2,04,we,,,,0,0,201026378104we,110642010042555415,,,665.33085245,,,201026378104we,,0,05/04/2021
2010,37,3,1,1106420100425024,6,2,04,we,,,,0,0,201026378104we,110642010042555415,,,665.33085245,,,201026378104we,,0,05/04/2021
2010,37,3,1,1106420100425025,6,2,04,we,,,,0,0,201026378104we,110642010042555415,,,665.33085245,,,201026378104we,,0,05/04/2021
2010,37,3,1,1106420100425026,6,2,04,we,,,,0,0,201026378104we,110642010042555415,,,665.33085245,,,201026378104we,,0,05/04/2021
2010,37,3,1,1106420100425027,6,2,04,we,,,,0,0,201026378104we,110642010042555415,,,665.33085245,,,201026378104we,,0,05/04/2021
2010,37,3,1,1106420100425028,6,2,04,we,,,,0,0,201026378104we,110642010042555415,,,665.33085245,,,201026378104we,,0,05/04/2021
2010,37,3,1,1106420100425029,6,2,04,we,,,,0,0,201026378104we,110642010042555415,,,665.33085245,,,201026378104we,,0,05/04/2021
2010,37,3,1,1106420100425030,6,2,04,we,,,,0,0,201026378104we,110642010042555415,,,665.33085245,,,201026378104we,,0,05/04/2021
2010,37,3,1,1106620100326001,6,2,03,wd,8835440600,,,0,0,201026378103wd,1106620100326141448,KINGFISH GENUS,,6384.8793047,,,201026378103wd,,0,05/04/2021
2010,37,3,1,1106620100326002,6,2,03,wd,,,,0,0,201026378103wd,1106620100326141448,,,2972.7094718,,,201026378103wd,,0,05/04/2021
2010,37,3,1,1106620100326004,6,2,03,wd,8835440601,251,0.15,0,0,201026378103wd,1106620100326141448,SOUTHERN KINGFISH,,2972.7094718,9,25,201026378103wd,,0,05/04/2021
2010,37,3,1,1106620100328001,6,2,03,we,8861010000,,,0,0,201026378103we,1106620100328141448,PUFFER FAMILY,,681.98647554,,,201026378103we,,0,05/04/2021
2010,37,3,1,1106620100328003,6,2,03,we,,,,0,0,201026378103we,1106620100328141448,,,681.98647554,,,201026378103we,,0,05/04/2021
2010,37,3,1,1106620100328004,6,2,03,we,8861010201,241,0.4,0,0,201026378103we,1106620100328141448,NORTHERN PUFFER,,683.62200098,9,24,201026378103we,,0,05/04/2021
2010,37,3,1,1106620100328006,6,2,03,we,,,,0,0,201026378103we,1106620100328141448,,,681.98647554,,,201026378103we,,0,05/04/2021
2010,37,3,1,1106620100328007,6,2,03,we,8861010201,203,0.15,1,1,201026378103we,1106620100328141448,NORTHERN PUFFER,,683.62200098,7,20,201026378103we,,0,05/04/2021
2010,37,3,1,1106620100328007,6,2,03,we,8861010201,238,0.3,1,1,201026378103we,1106620100328141448,NORTHERN PUFFER,,683.62200098,9,23,201026378103we,,0,05/04/2021
2010,37,3,1,1106620100328007,6,2,03,we,8861010201,229,0.25,0,0,201026378103we,1106620100328141448,NORTHERN PUFFER,,683.62200098,9,22,201026378103we,,0,05/04/2021
2010,37,3,1,1106620100328007,6,2,03,we,8861010201,239,0.4,0,0,201026378103we,1106620100328141448,NORTHERN PUFFER,,683.62200098,9,23,201026378103we,,0,05/04/2021
2010,37,3,1,1106620100328007,6,2,03,we,8835440601,289,0.35,0,0,201026378103we,1106620100328141448,SOUTHERN KINGFISH,,683.62200098,11,28,201026378103we,,0,05/04/2021
2010,37,3,1,1106620100328009,6,2,03,we,,,,0,0,201026378103we,1106620100328141448,,,681.98647554,,,201026378103we,,0,05/04/2021
2010,37,3,1,1106620100404001,6,2,04,we,,,,0,0,201026378104we,1106620100404129452,,,886.8336972,,,201026378104we,,0,05/04/2021
2010,37,3,1,1106620100407003,6,2,04,wd,,,,0,0,201026378104wd,1106620100407129452,,,1988.2928606,,,201026378104wd,,0,05/04/2021
2010,37,3,1,1106620100407005,6,2,04,wd,,,,0,0,201026378104wd,1106620100407129452,,,2055.0408787,,,201026378104wd,,0,05/04/2021
2010,37,3,1,1106620100407008,6,2,04,wd,,,,0,0,201026378104wd,1106620100407129452,,,1988.2928606,,,201026378104wd,,0,05/04/2021
2010,37,3,1,1106620100411005,6,2,04,we,8861010000,,,0,0,201026378104we,1106620100411141448,PUFFER FAMILY,,4001.3754933,,,201026378104we,,0,05/04/2021
2010,37,3,1,1106620100411006,6,2,04,we,,,,0,0,201026378104we,1106620100411141448,,,1397.237864,,,201026378104we,,0,05/04/2021
2010,37,3,1,1106620100411007,6,2,04,we,,,,0,0,201026378104we,1106620100411141448,,,1397.237864,,,201026378104we,,0,05/04/2021
2010,37,3,1,1106620100411008,6,2,04,we,8861010201,249,0.35,0,0,201026378104we,1106620100411141448,NORTHERN PUFFER,,1398.8733895,9,24,201026378104we,,0,05/04/2021
2010,37,3,1,1106620100412004,6,2,04,wd,,,,0,0,201026378204wd,1106620100412129689,,,1812.4626403,,,201026378204wd,,0,05/04/2021
2010,37,3,1,1106620100417002,6,2,04,we,,,,0,0,201026378204we,1106620100417133672,,,5420.3287799,,,201026378204we,,0,05/04/2021
2010,37,3,5,1106620100418004,6,2,04,we,,,,0,0,201026378104we,110662010041819526,,,1429.3813642,,,201026378104we,,0,05/04/2021
2010,37,3,1,1106620100428001,6,2,04,wd,,,,0,0,201026378104wd,11066201004281331,,,3470.1029942,,,201026378104wd,,0,05/04/2021
2010,37,3,1,1106620100428002,6,2,04,wd,8835440601,235,0.2,0,0,201026378104wd,11066201004281331,SOUTHERN KINGFISH,,1195.5320479,9,23,201026378104wd,,0,05/04/2021
2010,37,3,1,1106620100428002,6,2,04,wd,8835440601,242,0.2,0,0,201026378104wd,11066201004281331,SOUTHERN KINGFISH,,1195.5320479,9,24,201026378104wd,,0,05/04/2021
2010,37,3,1,1106620100428002,6,2,04,wd,8835440601,252,0.1886572071,1,1,201026378104wd,11066201004281331,SOUTHERN KINGFISH,,1195.5320479,9,25,201026378104wd,,0,05/04/2021
2010,37,3,1,1106620100428002,6,2,04,wd,8835440601,261,0.25,0,0,201026378104wd,11066201004281331,SOUTHERN KINGFISH,,1195.5320479,10,26,201026378104wd,,0,05/04/2021
2010,37,3,1,1106620100428002,6,2,04,wd,8835440601,239,0.15,0,0,201026378104wd,11066201004281331,SOUTHERN KINGFISH,,1195.5320479,9,23,201026378104wd,,0,05/04/2021
2010,37,3,1,1106620100428002,6,2,04,wd,8835440601,262,0.25,0,0,201026378104wd,11066201004281331,SOUTHERN KINGFISH,,1195.5320479,10,26,201026378104wd,,0,05/04/2021
2010,37,3,1,1106620100428002,6,2,04,wd,8835440601,269,0.25,0,0,201026378104wd,11066201004281331,SOUTHERN KINGFISH,,1195.5320479,10,26,201026378104wd,,0,05/04/2021
2010,37,3,1,1106620100428002,6,2,04,wd,8835440601,279,0.25,0,0,201026378104wd,11066201004281331,SOUTHERN KINGFISH,,1195.5320479,10,27,201026378104wd,,0,05/04/2021
2010,37,3,1,1106620100428002,6,2,04,wd,8835440601,281,0.25,0,0,201026378104wd,11066201004281331,SOUTHERN KINGFISH,,1195.5320479,11,28,201026378104wd,,0,05/04/2021
2010,37,3,1,1106620100428002,6,2,04,wd,8835440601,284,0.25,0,0,201026378104wd,11066201004281331,SOUTHERN KINGFISH,,1195.5320479,11,28,201026378104wd,,0,05/04/2021
2010,37,3,1,1106620100428002,6,2,04,wd,8835440601,318,0.4,1,1,201026378104wd,11066201004281331,SOUTHERN KINGFISH,,1195.5320479,12,31,201026378104wd,,0,05/04/2021
2010,37,3,1,1106620100428002,6,2,04,wd,8835440601,320,0.45,0,0,201026378104wd,11066201004281331,SOUTHERN KINGFISH,,1195.5320479,12,32,201026378104wd,,0,05/04/2021
2010,37,3,1,1106620100428002,6,2,04,wd,8835440601,320,0.45,1,1,201026378104wd,11066201004281331,SOUTHERN KINGFISH,,1195.5320479,12,32,201026378104wd,,0,05/04/2021
2010,37,3,1,1106620100428002,6,2,04,wd,8835440601,322,0.45,0,0,201026378104wd,11066201004281331,SOUTHERN KINGFISH,,1195.5320479,12,32,201026378104wd,,0,05/04/2021
2010,37,3,1,1106620100428003,6,2,04,wd,8835440601,245,0.15,0,0,201026378104wd,11066201004281331,SOUTHERN KINGFISH,,1735.0514971,9,24,201026378104wd,,0,05/04/2021
2010,37,3,1,1106620100428003,6,2,04,wd,8835440601,254,0.2,0,0,201026378104wd,11066201004281331,SOUTHERN KINGFISH,,1735.0514971,9,25,201026378104wd,,0,05/04/2021
2010,37,3,1,1106620100428003,6,2,04,wd,8835440601,254,0.2,0,0,201026378104wd,11066201004281331,SOUTHERN KINGFISH,,1735.0514971,9,25,201026378104wd,,0,05/04/2021
2010,37,3,1,1106620100428003,6,2,04,wd,8835440601,257,0.2,0,0,201026378104wd,11066201004281331,SOUTHERN KINGFISH,,1735.0514971,10,25,201026378104wd,,0,05/04/2021
2010,37,3,1,1106620100428003,6,2,04,wd,8835440601,259,0.2,0,0,201026378104wd,11066201004281331,SOUTHERN KINGFISH,,1735.0514971,10,25,201026378104wd,,0,05/04/2021
2010,37,3,1,1106620100428003,6,2,04,wd,8835440601,262,0.25,0,0,201026378104wd,11066201004281331,SOUTHERN KINGFISH,,1735.0514971,10,26,201026378104wd,,0,05/04/2021
2010,37,3,1,1106620100428003,6,2,04,wd,8835440601,265,0.2,0,0,201026378104wd,11066201004281331,SOUTHERN KINGFISH,,1735.0514971,10,26,201026378104wd,,0,05/04/2021
2010,37,3,1,1106620100428003,6,2,04,wd,8835440601,269,0.25,0,0,201026378104wd,11066201004281331,SOUTHERN KINGFISH,,1735.0514971,10,26,201026378104wd,,0,05/04/2021
2010,37,3,1,1106620100428003,6,2,04,wd,8835440601,277,0.25,0,0,201026378104wd,11066201004281331,SOUTHERN KINGFISH,,1735.0514971,10,27,201026378104wd,,0,05/04/2021
2010,37,3,1,1106620100428003,6,2,04,wd,8835440601,291,0.3,0,0,201026378104wd,11066201004281331,SOUTHERN KINGFISH,,1735.0514971,11,29,201026378104wd,,0,05/04/2021
2010,37,3,1,1106620100428003,6,2,04,wd,8835250101,257,0.25,0,0,201026378104wd,11066201004281331,BLUEFISH,,1735.0514971,10,25,201026378104wd,,0,05/04/2021
2010,37,3,1,1106620100428004,6,2,04,wd,,,,0,0,201026378104wd,11066201004281331,,,3470.1029942,,,201026378104wd,,0,05/04/2021
2010,37,3,1,1106620100428005,6,2,04,wd,8835440601,236,0.2,0,0,201026378104wd,11066201004281331,SOUTHERN KINGFISH,,4846.8925785,9,23,201026378104wd,,0,05/04/2021
2010,37,3,1,1106620100428005,6,2,04,wd,8835440601,246,0.2,0,0,201026378104wd,11066201004281331,SOUTHERN KINGFISH,,4846.8925785,9,24,201026378104wd,,0,05/04/2021
2010,37,3,1,1106620100428005,6,2,04,wd,8835440601,272,0.25,0,0,201026378104wd,11066201004281331,SOUTHERN KINGFISH,,4846.8925785,10,27,201026378104wd,,0,05/04/2021
2010,37,3,1,1106620100428005,6,2,04,wd,8835440601,283,0.25,0,0,201026378104wd,11066201004281331,SOUTHERN KINGFISH,,4846.8925785,11,28,201026378104wd,,0,05/04/2021
2010,37,3,1,1106620100428005,6,2,04,wd,8835440601,318,0.4,0,0,201026378104wd,11066201004281331,SOUTHERN KINGFISH,,4846.8925785,12,31,201026378104wd,,0,05/04/2021
2010,37,3,1,1106620100428006,6,2,04,wd,,,,0,0,201026378104wd,11066201004281331,,,4846.8925785,,,201026378104wd,,0,05/04/2021
2010,37,3,1,1106620100428007,6,2,04,wd,,,,0,0,201026378104wd,11066201004281331,,,4846.8925785,,,201026378104wd,,0,05/04/2021
2010,37,3,1,1106620100428008,6,2,04,wd,8835440601,306,0.3,1,1,201026378104wd,11066201004281331,SOUTHERN KINGFISH,,3586.5961436,12,30,201026378104wd,,0,05/04/2021
2010,37,3,1,1106620100428008,6,2,04,wd,8835250101,367,0.6,1,1,201026378104wd,11066201004281331,BLUEFISH,,3586.5961436,14,36,201026378104wd,,0,05/04/2021
2010,37,3,1,1106620100428008,6,2,04,wd,8835250101,404,0.7,1,1,201026378104wd,11066201004281331,BLUEFISH,,3586.5961436,15,40,201026378104wd,,0,05/04/2021
2010,37,3,1,1107020100417001,6,2,04,we,,,,0,0,201026378104we,110702010041731434,,,3205.4224698,,,201026378104we,,0,05/04/2021
2010,37,3,1,1107020100417003,6,2,04,we,8836010100,,,0,0,201026378104we,110702010041731434,MULLET GENUS,,6410.8449397,,,201026378104we,,0,05/04/2021
2010,37,3,1,1107020100417005,6,2,04,we,,,,0,0,201026378104we,110702010041731434,,,2294.9025443,,,201026378104we,,0,05/04/2021
2010,37,3,1,1107020100417008,6,2,04,we,8835440801,514,2.1736860603,0,1,201026378104we,110702010041731434,BLACK DRUM,,2297.6405222,20,51,201026378104we,,0,05/04/2021
2010,37,3,1,1107020100417008,6,2,04,we,8835440702,205,0.1041839231,0,1,201026378104we,110702010041731434,ATLANTIC CROAKER,,2297.6405222,8,20,201026378104we,,0,05/04/2021
2010,37,3,1,1107020100417008,6,2,04,we,8835440601,271,0.2255977466,0,1,201026378104we,110702010041731434,SOUTHERN KINGFISH,,2297.6405222,10,27,201026378104we,,0,05/04/2021
2010,37,3,1,1107020100417008,6,2,04,we,8835440601,271,0.2255977466,0,1,201026378104we,110702010041731434,SOUTHERN KINGFISH,,2297.6405222,10,27,201026378104we,,0,05/04/2021
2010,37,3,1,1107020100417008,6,2,04,we,8835440601,306,0.3041646504,0,1,201026378104we,110702010041731434,SOUTHERN KINGFISH,,2297.6405222,12,30,201026378104we,,0,05/04/2021
2010,37,3,1,1107020100417008,6,2,04,we,8835440401,186,0.1169861612,0,1,201026378104we,110702010041731434,SPOT,,2297.6405222,7,18,201026378104we,,0,05/04/2021
2010,37,3,1,1107020100417008,6,2,04,we,8835440401,178,0.104482352,0,1,201026378104we,110702010041731434,SPOT,,2297.6405222,7,17,201026378104we,,0,05/04/2021
2010,37,3,1,1107020100417008,6,2,04,we,8835440401,187,0.1186101676,0,1,201026378104we,110702010041731434,SPOT,,2297.6405222,7,18,201026378104we,,0,05/04/2021
2010,37,3,1,1109220100313006,6,2,03,we,,,,0,0,201026378103we,110922010031355450,,,1041.2530732,,,201026378103we,,0,05/04/2021
2010,37,3,1,1109220100313009,6,2,03,we,,,,0,0,201026378103we,110922010031355450,,,770.50485365,,,201026378103we,,0,05/04/2021
2010,37,3,5,1109220100327004,6,2,03,we,,,,0,0,201026378103we,110922010032755450,,,994.2610911,,,201026378103we,,0,05/04/2021
2010,37,3,1,1109220100331001,6,2,03,wd,,,,0,0,201026378203wd,110922010033155264,,,1318.520787,,,201026378203wd,,0,05/04/2021
2010,37,3,1,1109220100407001,6,2,04,wd,8835440702,202,0.1,1,1,201026378104wd,110922010040755433,ATLANTIC CROAKER,,2589.4030903,7,20,201026378104wd,,0,05/04/2021
2010,37,3,1,1109220100407001,6,2,04,wd,8835440702,208,0.1,1,1,201026378104wd,110922010040755433,ATLANTIC CROAKER,,2589.4030903,8,20,201026378104wd,,0,05/04/2021
2010,37,3,1,1109220100407001,6,2,04,wd,8835440702,228,0.15,1,1,201026378104wd,110922010040755433,ATLANTIC CROAKER,,2589.4030903,8,22,201026378104wd,,0,05/04/2021
2010,37,3,1,1109220100407001,6,2,04,wd,8835440702,236,0.2,1,1,201026378104wd,110922010040755433,ATLANTIC CROAKER,,2589.4030903,9,23,201026378104wd,,0,05/04/2021
2010,37,3,1,1109220100407001,6,2,04,wd,8835440702,208,0.1,1,1,201026378104wd,110922010040755433,ATLANTIC CROAKER,,2589.4030903,8,20,201026378104wd,,0,05/04/2021
2010,37,3,1,1109220100407004,6,2,04,wd,,,,0,0,201026378104wd,110922010040755433,,,1294.7015452,,,201026378104wd,,0,05/04/2021
2010,37,3,1,1109220100407011,6,2,04,wd,8835440702,228,0.15,1,1,201026378104wd,110922010040755433,ATLANTIC CROAKER,,1252.6494561,8,22,201026378104wd,,0,05/04/2021
2010,37,3,1,1109220100407012,6,2,04,wd,8835440702,243,0.25,1,1,201026378104wd,110922010040755433,ATLANTIC CROAKER,,1252.6494561,9,24,201026378104wd,,0,05/04/2021
2010,37,3,1,1109220100407012,6,2,04,wd,8835440702,301,0.35,1,1,201026378104wd,110922010040755433,ATLANTIC CROAKER,,1252.6494561,11,30,201026378104wd,,0,05/04/2021
2010,37,3,1,1109220100407013,6,2,04,wd,,,,0,0,201026378104wd,110922010040755433,,,1294.7015452,,,201026378104wd,,0,05/04/2021
2010,37,3,1,1109220100407014,6,2,04,wd,,,,0,0,201026378104wd,110922010040755433,,,1294.7015452,,,201026378104wd,,0,05/04/2021
2010,37,3,1,1109220100407015,6,2,04,wd,,,,0,0,201026378104wd,110922010040755433,,,1749.6475933,,,201026378104wd,,0,05/04/2021
2010,37,3,1,1109220100411007,6,2,04,we,,,,0,0,201026378204we,110922010041155264,,,1203.7313797,,,201026378204we,,0,05/04/2021
2010,37,3,1,1109220100411009,6,2,04,we,,,,0,0,201026378204we,110922010041155264,,,1203.7313797,,,201026378204we,,0,05/04/2021
2010,37,3,1,1109220100411011,6,2,04,we,,,,0,0,201026378204we,110922010041155264,,,1353.3226228,,,201026378204we,,0,05/04/2021
2010,37,3,1,1109220100411012,6,2,04,we,,,,0,0,201026378204we,110922010041155264,,,1353.3226228,,,201026378204we,,0,05/04/2021
2010,37,3,1,1109220100411013,6,2,04,we,,,,0,0,201026378204we,110922010041155264,,,1626.0114203,,,201026378204we,,0,05/04/2021
2010,37,3,1,1109220100411014,6,2,04,we,8835440801,596,3,0,0,201026378204we,110922010041155264,BLACK DRUM,,1358.357559,23,59,201026378204we,,0,05/04/2021
2010,37,3,1,1109220100411014,6,2,04,we,8835440801,622,3.5,0,0,201026378204we,110922010041155264,BLACK DRUM,,1358.357559,24,62,201026378204we,,0,05/04/2021
2010,37,3,1,1109220100411020,6,2,04,we,,,,0,0,201026378204we,110922010041155808,,,2558.6738814,,,201026378204we,,0,05/04/2021
2010,37,3,1,1109220100414002,6,2,04,wd,,,,0,0,201026378204wd,110922010041455808,,,2806.9076158,,,201026378204wd,,0,05/04/2021
2010,37,3,1,1109220100416007,6,2,04,wd,8835250101,392,0.7,0,0,201026378204wd,110922010041655262,BLUEFISH,,1948.2366153,15,39,201026378204wd,,0,05/04/2021
2010,37,3,1,1109220100417001,6,2,04,we,,,,0,0,201026378204we,110922010041795521,,,6497.3735761,,,201026378204we,,0,05/04/2021
2010,37,3,1,1109220100417003,6,2,04,we,,,,0,0,201026378204we,110922010041795400,,,1353.2193186,,,201026378204we,,0,05/04/2021
2010,37,3,1,1109220100417009,6,2,04,we,8835440901,643,3.05,0,0,201026378204we,110922010041795400,RED DRUM,,1357.6977117,25,64,201026378204we,,0,05/04/2021
2010,37,3,1,1109220100417011,6,2,04,we,8835440901,614,2.2,0,0,201026378204we,110922010041795400,RED DRUM,,1526.4228042,24,61,201026378204we,,0,05/04/2021
2010,37,3,1,1109220100417012,6,2,04,we,8835440901,606,2.1,0,0,201026378204we,110922010041795400,RED DRUM,,1833.9905578,23,60,201026378204we,,0,05/04/2021
2010,37,3,1,1109220100417014,6,2,04,we,,,,0,0,201026378204we,110922010041795400,,,1353.2193186,,,201026378204we,,0,05/04/2021
2010,37,3,1,1109220100417015,6,2,04,we,,,,0,0,201026378204we,110922010041795400,,,1521.387868,,,201026378204we,,0,05/04/2021
2010,37,3,1,1109220100418004,6,2,04,we,,,,0,0,201026378104we,110922010041855394,,,2071.9567294,,,201026378104we,,0,05/04/2021
2010,37,3,1,1109220100422003,6,2,04,wd,,,,0,0,201026378204wd,110922010042255808,,,2115.7895315,,,201026378204wd,,0,05/04/2021
2010,37,3,1,1109220100422004,6,2,04,wd,,,,0,0,201026378204wd,110922010042255808,,,2115.7895315,,,201026378204wd,,0,05/04/2021
2010,37,3,1,1109220100422007,6,2,04,wd,,,,0,0,201026378204wd,110922010042255808,,,2115.7895315,,,201026378204wd,,0,05/04/2021
2010,37,3,1,1109220100422008,6,2,04,wd,8835440901,573,2.05,0,0,201026378204wd,110922010042255808,RED DRUM,,2123.6973475,22,57,201026378204wd,,0,05/04/2021
2010,37,3,1,1109220100422008,6,2,04,wd,8835440801,585,2.9,0,0,201026378204wd,110922010042255808,BLACK DRUM,,2123.6973475,23,58,201026378204wd,,0,05/04/2021
2010,37,3,1,1109220100422010,6,2,04,wd,8835440901,621,2.7,0,0,201026378204wd,110922010042255808,RED DRUM,,2123.6973475,24,62,201026378204wd,,0,05/04/2021
2010,37,3,1,1109220100422011,6,2,04,wd,,,,0,0,201026378204wd,110922010042255808,,,2115.7895315,,,201026378204wd,,0,05/04/2021
2010,37,3,1,1109220100422015,6,2,04,wd,,,,0,0,201026378204wd,110922010042255808,,,2115.7895315,,,201026378204wd,,0,05/04/2021
2010,37,3,1,1109220100422018,6,2,04,wd,8835440601,330.48339565,0.4,1,0,201026378204wd,110922010042255808,SOUTHERN KINGFISH,,3167.0254048,13,33,201026378204wd,,0,05/04/2021
2010,37,3,1,1109220100422019,6,2,04,wd,,,,0,0,201026378204wd,110922010042255808,,,2115.7895315,,,201026378204wd,,0,05/04/2021
2010,37,3,1,1109220100422023,6,2,04,wd,,,,0,0,201026378204wd,110922010042255579,,,1970.1084201,,,201026378204wd,,0,05/04/2021
2010,37,3,1,1109220100422024,6,2,04,wd,,,,0,0,201026378204wd,110922010042255579,,,1970.1084201,,,201026378204wd,,0,05/04/2021
2010,37,3,1,1109220100422025,6,2,04,wd,,,,0,0,201026378204wd,110922010042255579,,,1970.1084201,,,201026378204wd,,0,05/04/2021
2010,37,3,1,1109220100422026,6,2,04,wd,8835440601,372,0.55,0,0,201026378204wd,110922010042255579,SOUTHERN KINGFISH,,1179.909685,14,37,201026378204wd,,0,05/04/2021
2010,37,3,1,1109220100422026,6,2,04,wd,8835440601,315,0.35,0,0,201026378204wd,110922010042255579,SOUTHERN KINGFISH,,1179.909685,12,31,201026378204wd,,0,05/04/2021
2010,37,3,1,1109220100422026,6,2,04,wd,8835440601,312,0.3,0,0,201026378204wd,110922010042255579,SOUTHERN KINGFISH,,1179.909685,12,31,201026378204wd,,0,05/04/2021
2010,37,3,1,1109220100422027,6,2,04,wd,8835440601,325,0.4,0,0,201026378204wd,110922010042255579,SOUTHERN KINGFISH,,1179.909685,12,32,201026378204wd,,0,05/04/2021
2010,37,3,1,1109220100422027,6,2,04,wd,8835440601,309,0.3,0,0,201026378204wd,110922010042255579,SOUTHERN KINGFISH,,1179.909685,12,30,201026378204wd,,0,05/04/2021
2010,37,3,1,1109220100422028,6,2,04,wd,,,,0,0,201026378204wd,110922010042255579,,,1970.1084201,,,201026378204wd,,0,05/04/2021
2010,37,3,1,1109220100424001,6,2,04,we,,,,0,0,201026378104we,110922010042455670,,,6358.8925182,,,201026378104we,,0,05/04/2021
2010,37,3,1,1109220100424002,6,2,04,we,,,,0,0,201026378104we,110922010042455670,,,6358.8925182,,,201026378104we,,0,05/04/2021
2010,37,3,1,1109220100424003,6,2,04,we,,,,0,0,201026378104we,110922010042455670,,,6358.8925182,,,201026378104we,,0,05/04/2021
2010,37,3,1,1109220100424006,6,2,04,we,,,,0,0,201026378104we,110922010042455423,,,2468.8008784,,,201026378104we,,0,05/04/2021
2010,37,3,1,1109220100424008,6,2,04,we,,,,0,0,201026378104we,110922010042455423,,,2468.8008784,,,201026378104we,,0,05/04/2021
2010,37,3,1,1109220100424009,6,2,04,we,,,,0,0,201026378104we,110922010042455423,,,2468.8008784,,,201026378104we,,0,05/04/2021
2010,37,3,1,1109220100425001,6,2,04,we,,,,0,0,201026378204we,110922010042555500,,,1326.9975534,,,201026378204we,,0,05/04/2021
2010,37,3,5,1109220100425004,6,2,04,we,,,,0,0,201026378204we,110922010042555804,,,5089.1058046,,,201026378204we,,0,05/04/2021
2010,37,3,1,1109220100429008,6,2,04,wd,,,,0,0,201026378204wd,110922010042955264,,,2987.2696953,,,201026378204wd,,0,05/04/2021
2010,37,3,1,1109220100429014,6,2,04,wd,,,,0,0,201026378204wd,110922010042955419,,,5525.0208867,,,201026378204wd,,0,05/04/2021
2010,37,3,1,1109220100429016,6,2,04,wd,,,,0,0,201026378204wd,110922010042955808,,,2007.0024257,,,201026378204wd,,0,05/04/2021
2010,37,3,1,1109220100429019,6,2,04,wd,,,,0,0,201026378204wd,110922010042955808,,,2007.0024257,,,201026378204wd,,0,05/04/2021
2010,37,3,1,1109220100429023,6,2,04,wd,8835250101,395,0.7,0,0,201026378204wd,110922010042955808,BLUEFISH,,2014.9102416,15,39,201026378204wd,,0,05/04/2021
2010,37,3,1,1109620100406002,6,2,04,wd,,,,0,0,201026378204wd,110962010040655808,,,2397.3561584,,,201026378204wd,,0,05/04/2021
2010,37,3,1,1109620100406003,6,2,04,wd,,,,0,0,201026378204wd,110962010040655808,,,2397.3561584,,,201026378204wd,,0,05/04/2021
2010,37,3,1,1109620100406004,6,2,04,wd,,,,0,0,201026378204wd,110962010040655808,,,2397.3561584,,,201026378204wd,,0,05/04/2021
2010,37,3,1,1109620100406005,6,2,04,wd,8835440901,638,3.2,0,0,201026378204wd,110962010040655808,RED DRUM,,3586.9198223,25,63,201026378204wd,,0,05/04/2021
2010,37,3,1,1109620100406007,6,2,04,wd,8835440401,306.16021463,0.5,1,0,201026378204wd,110962010040655419,SPOT,,10505.995699,12,30,201026378204wd,,0,05/04/2021
2010,37,3,1,1109620100406010,6,2,04,wd,8835250101,365,0.5929658586,0,1,201026378204wd,110962010040655265,BLUEFISH,,1920.8792542,14,36,201026378204wd,,0,05/04/2021
2010,37,3,1,1109620100417001,6,2,04,we,,,,0,0,201026378204we,110962010041755579,,,1298.5571308,,,201026378204we,,0,05/04/2021
2010,37,3,1,1109620100417002,6,2,04,we,,,,0,0,201026378204we,110962010041755579,,,1298.5571308,,,201026378204we,,0,05/04/2021
2010,37,3,1,1109620100417003,6,2,04,we,,,,0,0,201026378204we,110962010041755579,,,1298.5571308,,,201026378204we,,0,05/04/2021
2010,37,3,1,1109620100417004,6,2,04,we,,,,0,0,201026378204we,110962010041755264,,,1098.1895938,,,201026378204we,,0,05/04/2021
2010,37,3,1,1109620100417005,6,2,04,we,8835400201,150,0.0617592721,1,1,201026378204we,110962010041755264,PIGFISH,,548.12856324,5,15,201026378204we,,0,05/04/2021
2010,37,3,1,1109620100417005,6,2,04,we,8835400201,150,0.0617592721,1,1,201026378204we,110962010041755264,PIGFISH,,548.12856324,5,15,201026378204we,,0,05/04/2021
2010,37,3,1,1109620100417005,6,2,04,we,8835400201,150,0.0617592721,0,1,201026378204we,110962010041755264,PIGFISH,,548.12856324,5,15,201026378204we,,0,05/04/2021
2010,37,3,1,1109620100417006,6,2,04,we,,,,0,0,201026378204we,110962010041755264,,,1098.1895938,,,201026378204we,,0,05/04/2021
2010,37,3,1,1109620100417007,6,2,04,we,,,,0,0,201026378204we,110962010041755264,,,1098.1895938,,,201026378204we,,0,05/04/2021
2010,37,3,1,1109620100417008,6,2,04,we,,,,0,0,201026378204we,110962010041755264,,,1098.1895938,,,201026378204we,,0,05/04/2021
2010,37,3,1,1109620100417009,6,2,04,we,8835440600,,,0,0,201026378204we,110962010041755264,KINGFISH GENUS,,13178.275125,,,201026378204we,,0,05/04/2021
2010,37,3,1,1109620100417010,6,2,04,we,8835440600,,,0,0,201026378204we,110962010041755264,KINGFISH GENUS,,10981.895938,,,201026378204we,,0,05/04/2021
2010,37,3,1,1109620100417011,6,2,04,we,8835440600,,,0,0,201026378204we,110962010041755264,KINGFISH GENUS,,11111.983635,,,201026378204we,,0,05/04/2021
2010,37,3,1,1109620100417012,6,2,04,we,8835440600,,,0,0,201026378204we,110962010041755264,KINGFISH GENUS,,3703.9945449,,,201026378204we,,0,05/04/2021
2010,37,3,1,1109620100417013,6,2,04,we,8861010201,246,0.35,1,1,201026378204we,110962010041755264,NORTHERN PUFFER,,1239.6997845,9,24,201026378204we,,0,05/04/2021
2010,37,3,1,1109620100417013,6,2,04,we,8861010201,258,0.4,1,1,201026378204we,110962010041755264,NORTHERN PUFFER,,1239.6997845,10,25,201026378204we,,0,05/04/2021
2010,37,3,1,1109620100417013,6,2,04,we,8861010201,236,0.3,1,1,201026378204we,110962010041755264,NORTHERN PUFFER,,1239.6997845,9,23,201026378204we,,0,05/04/2021
2010,37,3,1,1109620100417013,6,2,04,we,8835440601,317,0.3493167939,1,1,201026378204we,110962010041755264,SOUTHERN KINGFISH,,3719.0993535,12,31,201026378204we,,0,05/04/2021
2010,37,3,1,1109620100417013,6,2,04,we,8835440601,245,0.15,1,1,201026378204we,110962010041755264,SOUTHERN KINGFISH,,3719.0993535,9,24,201026378204we,,0,05/04/2021
2010,37,3,1,1109620100417013,6,2,04,we,8835440601,310,0.3270581795,1,1,201026378204we,110962010041755264,SOUTHERN KINGFISH,,3719.0993535,12,31,201026378204we,,0,05/04/2021
2010,37,3,1,1109620100417013,6,2,04,we,8835440601,237,0.1,1,1,201026378204we,110962010041755264,SOUTHERN KINGFISH,,3719.0993535,9,23,201026378204we,,0,05/04/2021
2010,37,3,1,1109620100417013,6,2,04,we,8835440601,331,0.35,1,1,201026378204we,110962010041755264,SOUTHERN KINGFISH,,3719.0993535,13,33,201026378204we,,0,05/04/2021
2010,37,3,1,1109620100417013,6,2,04,we,8835250101,365,0.5929658586,1,1,201026378204we,110962010041755264,BLUEFISH,,1239.6997845,14,36,201026378204we,,0,05/04/2021
2010,37,3,1,1109620100417014,6,2,04,we,8835440601,281,0.25,1,1,201026378204we,110962010041755264,SOUTHERN KINGFISH,,1489.4940596,11,28,201026378204we,,0,05/04/2021
2010,37,3,1,1109620100417014,6,2,04,we,8835440601,293,0.3,1,1,201026378204we,110962010041755264,SOUTHERN KINGFISH,,1489.4940596,11,29,201026378204we,,0,05/04/2021
2010,37,3,1,1109620100417014,6,2,04,we,8835440601,321,0.3,1,1,201026378204we,110962010041755264,SOUTHERN KINGFISH,,1489.4940596,12,32,201026378204we,,0,05/04/2021
2010,37,3,1,1109620100417014,6,2,04,we,8835440601,265,0.15,1,1,201026378204we,110962010041755264,SOUTHERN KINGFISH,,1489.4940596,10,26,201026378204we,,0,05/04/2021
2010,37,3,1,1109620100417015,6,2,04,we,8835440601,321,0.3,1,1,201026378204we,110962010041755264,SOUTHERN KINGFISH,,1102.6679869,12,32,201026378204we,,0,05/04/2021
2010,37,3,1,1109620100417016,6,2,04,we,8835250101,368.64851772,0.6,1,0,201026378204we,110962010041755264,BLUEFISH,,1102.6679869,14,36,201026378204we,,0,05/04/2021
2010,37,3,1,1109620100417019,6,2,04,we,8835440901,607,2.5,0,0,201026378204we,110962010041755264,RED DRUM,,1239.6997845,23,60,201026378204we,,0,05/04/2021
2010,37,3,1,1109620100417020,6,2,04,we,,,,0,0,201026378204we,110962010041755264,,,1234.6648483,,,201026378204we,,0,05/04/2021
2010,37,3,1,1109620100417021,6,2,04,we,,,,0,0,201026378204we,110962010041755264,,,1098.1895938,,,201026378204we,,0,05/04/2021
2010,37,3,1,1109620100417022,6,2,04,we,,,,0,0,201026378204we,110962010041755264,,,1098.1895938,,,201026378204we,,0,05/04/2021
2010,37,3,1,1109620100417023,6,2,04,we,,,,0,0,201026378204we,110962010041755264,,,1098.1895938,,,201026378204we,,0,05/04/2021
2010,37,3,1,1109620100417025,6,2,04,we,,,,0,0,201026378204we,110962010041755579,,,1754.1029171,,,201026378204we,,0,05/04/2021
2010,37,3,1,1109620100417026,6,2,04,we,,,,0,0,201026378204we,110962010041755579,,,1754.1029171,,,201026378204we,,0,05/04/2021
2010,37,3,1,1109620100417027,6,2,04,we,8835440601,314,0.3,1,1,201026378204we,110962010041755579,SOUTHERN KINGFISH,,1382.8743572,12,31,201026378204we,,0,05/04/2021
2010,37,3,1,1109620100417027,6,2,04,we,8835440601,316.1825083,0.35,1,0,201026378204we,110962010041755579,SOUTHERN KINGFISH,,1382.8743572,12,31,201026378204we,,0,05/04/2021
2010,37,3,1,1109620100417027,6,2,04,we,8835440601,243,0.15,1,1,201026378204we,110962010041755579,SOUTHERN KINGFISH,,1382.8743572,9,24,201026378204we,,0,05/04/2021
2010,37,3,1,1109620100417027,6,2,04,we,8835440601,300.4411672,0.3,1,0,201026378204we,110962010041755579,SOUTHERN KINGFISH,,1382.8743572,11,30,201026378204we,,0,05/04/2021
2010,37,3,1,1109620100417027,6,2,04,we,8835440601,271,0.25,1,1,201026378204we,110962010041755579,SOUTHERN KINGFISH,,1382.8743572,10,27,201026378204we,,0,05/04/2021
2010,37,3,1,1109620100417027,6,2,04,we,8835440601,290,0.3,1,1,201026378204we,110962010041755579,SOUTHERN KINGFISH,,1382.8743572,11,29,201026378204we,,0,05/04/2021
2010,37,3,1,1109620100422001,6,2,04,wd,8861010201,180,0.1519972105,0,1,201026378104wd,110962010042255433,NORTHERN PUFFER,,764.91003756,7,18,201026378104wd,,0,05/04/2021
2010,37,3,1,1109620100422001,6,2,04,wd,8861010201,194,0.1860192698,0,1,201026378104wd,110962010042255433,NORTHERN PUFFER,,764.91003756,7,19,201026378104wd,,0,05/04/2021
2010,37,3,1,1109620100422001,6,2,04,wd,8861010201,209,0.15,1,1,201026378104wd,110962010042255433,NORTHERN PUFFER,,764.91003756,8,20,201026378104wd,,0,05/04/2021
2010,37,3,1,1109620100422001,6,2,04,wd,8861010201,210,0.3,0,0,201026378104wd,110962010042255433,NORTHERN PUFFER,,764.91003756,8,21,201026378104wd,,0,05/04/2021
2010,37,3,1,1109620100422001,6,2,04,wd,8861010201,158,0.106944758,0,1,201026378104wd,110962010042255433,NORTHERN PUFFER,,764.91003756,6,15,201026378104wd,,0,05/04/2021
2010,37,3,1,1109620100422001,6,2,04,wd,8861010201,183,0.1589257515,0,1,201026378104wd,110962010042255433,NORTHERN PUFFER,,764.91003756,7,18,201026378104wd,,0,05/04/2021
2010,37,3,1,1109620100422001,6,2,04,wd,8861010201,213,0.15,1,1,201026378104wd,110962010042255433,NORTHERN PUFFER,,764.91003756,8,21,201026378104wd,,0,05/04/2021
2010,37,3,1,1109620100422001,6,2,04,wd,8861010201,179,0.1497307381,0,1,201026378104wd,110962010042255433,NORTHERN PUFFER,,764.91003756,7,17,201026378104wd,,0,05/04/2021
2010,37,3,1,1109620100422001,6,2,04,wd,8861010201,237,0.3,1,1,201026378104wd,110962010042255433,NORTHERN PUFFER,,764.91003756,9,23,201026378104wd,,0,05/04/2021
2010,37,3,1,1109620100422001,6,2,04,wd,8861010201,247,0.35,1,1,201026378104wd,110962010042255433,NORTHERN PUFFER,,764.91003756,9,24,201026378104wd,,0,05/04/2021
2010,37,3,1,1109620100422002,6,2,04,wd,,,,0,0,201026378104wd,110962010042255433,,,1043.0591421,,,201026378104wd,,0,05/04/2021
2010,37,3,1,1109620100422003,6,2,04,wd,,,,0,0,201026378104wd,110962010042255433,,,1043.0591421,,,201026378104wd,,0,05/04/2021
2010,37,3,5,1109620100422004,6,2,04,wd,,,,0,0,201026378104wd,110962010042255326,,,766.31537326,,,201026378104wd,,0,05/04/2021
2010,37,3,5,1109620100422005,6,2,04,wd,,,,0,0,201026378104wd,110962010042255326,,,766.31537326,,,201026378104wd,,0,05/04/2021
2010,37,3,1,1109620100422007,6,2,04,wd,8861010201,241,0.4,1,1,201026378104wd,110962010042255433,NORTHERN PUFFER,,1852.4191339,9,24,201026378104wd,,0,05/04/2021
2010,37,3,1,1109620100422007,6,2,04,wd,8861010201,229,0.25,1,1,201026378104wd,110962010042255433,NORTHERN PUFFER,,1852.4191339,9,22,201026378104wd,,0,05/04/2021
2010,37,3,1,1109620100422007,6,2,04,wd,8861010201,223,0.2,1,1,201026378104wd,110962010042255433,NORTHERN PUFFER,,1852.4191339,8,22,201026378104wd,,0,05/04/2021
2010,37,3,1,1109620100422007,6,2,04,wd,8861010201,243,0.3,1,1,201026378104wd,110962010042255433,NORTHERN PUFFER,,1852.4191339,9,24,201026378104wd,,0,05/04/2021
2010,37,3,1,1109620100422007,6,2,04,wd,8861010201,249,0.35,1,1,201026378104wd,110962010042255433,NORTHERN PUFFER,,1852.4191339,9,24,201026378104wd,,0,05/04/2021
2010,37,3,1,1109620100422008,6,2,04,wd,8861010201,158,0.106944758,1,1,201026378104wd,110962010042255433,NORTHERN PUFFER,,3129.1774264,6,15,201026378104wd,,0,05/04/2021
2010,37,3,1,1109620100422008,6,2,04,wd,8861010201,192,0.2,1,1,201026378104wd,110962010042255433,NORTHERN PUFFER,,3129.1774264,7,19,201026378104wd,,0,05/04/2021
2010,37,3,1,1109620100422008,6,2,04,wd,8861010201,179,0.1497307381,1,1,201026378104wd,110962010042255433,NORTHERN PUFFER,,3129.1774264,7,17,201026378104wd,,0,05/04/2021
2010,37,3,1,1109620100422008,6,2,04,wd,8861010201,210,0.3,1,1,201026378104wd,110962010042255433,NORTHERN PUFFER,,3129.1774264,8,21,201026378104wd,,0,05/04/2021
2010,37,3,1,1109620100422008,6,2,04,wd,8861010201,240,0.4,1,1,201026378104wd,110962010042255433,NORTHERN PUFFER,,3129.1774264,9,24,201026378104wd,,0,05/04/2021
2010,37,3,1,1109620100422009,6,2,04,wd,8861010201,166,0.15,1,1,201026378104wd,110962010042255433,NORTHERN PUFFER,,1043.0591421,6,16,201026378104wd,,0,05/04/2021
2010,37,3,1,1109620100422009,6,2,04,wd,8861010201,177,0.2,1,1,201026378104wd,110962010042255433,NORTHERN PUFFER,,1043.0591421,6,17,201026378104wd,,0,05/04/2021
2010,37,3,1,1109620100422009,6,2,04,wd,8861010201,224,0.3,0,0,201026378104wd,110962010042255433,NORTHERN PUFFER,,1043.0591421,8,22,201026378104wd,,0,05/04/2021
2010,37,3,1,1109620100422009,6,2,04,wd,8861010201,192,0.2,0,0,201026378104wd,110962010042255433,NORTHERN PUFFER,,1043.0591421,7,19,201026378104wd,,0,05/04/2021
2010,37,3,1,1109620100422009,6,2,04,wd,8861010201,240,0.4,0,0,201026378104wd,110962010042255433,NORTHERN PUFFER,,1043.0591421,9,24,201026378104wd,,0,05/04/2021
2010,37,3,1,1109620100422010,6,2,04,wd,,,,0,0,201026378104wd,110962010042255433,,,1043.0591421,,,201026378104wd,,0,05/04/2021
2010,37,3,1,1109620100422011,6,2,04,wd,8861010201,184,0.2,0,0,201026378104wd,110962010042255433,NORTHERN PUFFER,,521.52957107,7,18,201026378104wd,,0,05/04/2021
2010,37,3,1,1109620100422011,6,2,04,wd,8861010201,179,0.15,0,0,201026378104wd,110962010042255433,NORTHERN PUFFER,,521.52957107,7,17,201026378104wd,,0,05/04/2021
2010,37,3,1,1109620100422011,6,2,04,wd,8861010201,166,0.15,0,0,201026378104wd,110962010042255433,NORTHERN PUFFER,,521.52957107,6,16,201026378104wd,,0,05/04/2021
2010,37,3,1,1109620100422011,6,2,04,wd,8861010201,179,0.2,0,0,201026378104wd,110962010042255433,NORTHERN PUFFER,,521.52957107,7,17,201026378104wd,,0,05/04/2021
2010,37,3,1,1109620100422011,6,2,04,wd,8861010201,193,0.2,0,0,201026378104wd,110962010042255433,NORTHERN PUFFER,,521.52957107,7,19,201026378104wd,,0,05/04/2021
2010,37,3,1,1109620100422011,6,2,04,wd,8861010201,177,0.2,0,0,201026378104wd,110962010042255433,NORTHERN PUFFER,,521.52957107,6,17,201026378104wd,,0,05/04/2021
2010,37,3,1,1109620100422011,6,2,04,wd,8861010201,214,0.2,0,0,201026378104wd,110962010042255433,NORTHERN PUFFER,,521.52957107,8,21,201026378104wd,,0,05/04/2021
2010,37,3,1,1109620100422011,6,2,04,wd,8861010201,177,0.15,0,0,201026378104wd,110962010042255433,NORTHERN PUFFER,,521.52957107,6,17,201026378104wd,,0,05/04/2021
2010,37,3,1,1109620100422011,6,2,04,wd,8861010201,195,0.2,0,0,201026378104wd,110962010042255433,NORTHERN PUFFER,,521.52957107,7,19,201026378104wd,,0,05/04/2021
2010,37,3,1,1109620100422011,6,2,04,wd,8861010201,193,0.2,0,0,201026378104wd,110962010042255433,NORTHERN PUFFER,,521.52957107,7,19,201026378104wd,,0,05/04/2021
2010,37,3,1,1109620100422011,6,2,04,wd,8861010201,190,0.15,0,0,201026378104wd,110962010042255433,NORTHERN PUFFER,,521.52957107,7,19,201026378104wd,,0,05/04/2021
2010,37,3,1,1109620100422012,6,2,04,wd,8861010201,214,0.2,1,1,201026378104wd,110962010042255433,NORTHERN PUFFER,,771.84130577,8,21,201026378104wd,,0,05/04/2021
2010,37,3,1,1109620100422012,6,2,04,wd,8861010201,177,0.15,1,1,201026378104wd,110962010042255433,NORTHERN PUFFER,,771.84130577,6,17,201026378104wd,,0,05/04/2021
2010,37,3,1,1109620100422012,6,2,04,wd,8861010201,203,0.2,0,0,201026378104wd,110962010042255433,NORTHERN PUFFER,,771.84130577,7,20,201026378104wd,,0,05/04/2021
2010,37,3,1,1109620100422012,6,2,04,wd,8861010201,194,0.2,0,0,201026378104wd,110962010042255433,NORTHERN PUFFER,,771.84130577,7,19,201026378104wd,,0,05/04/2021
2010,37,3,1,1109620100422012,6,2,04,wd,8861010201,164,0.15,0,0,201026378104wd,110962010042255433,NORTHERN PUFFER,,771.84130577,6,16,201026378104wd,,0,05/04/2021
2010,37,3,1,1109620100422012,6,2,04,wd,8861010201,176,0.15,0,0,201026378104wd,110962010042255433,NORTHERN PUFFER,,771.84130577,6,17,201026378104wd,,0,05/04/2021
2010,37,3,1,1109620100422012,6,2,04,wd,8861010201,190,0.15,1,1,201026378104wd,110962010042255433,NORTHERN PUFFER,,771.84130577,7,19,201026378104wd,,0,05/04/2021
2010,37,3,1,1109620100422012,6,2,04,wd,8861010201,173,0.15,0,0,201026378104wd,110962010042255433,NORTHERN PUFFER,,771.84130577,6,17,201026378104wd,,0,05/04/2021
2010,37,3,1,1109620100422012,6,2,04,wd,8861010201,168,0.15,0,0,201026378104wd,110962010042255433,NORTHERN PUFFER,,771.84130577,6,16,201026378104wd,,0,05/04/2021
2010,37,3,1,1109620100422012,6,2,04,wd,8861010201,179,0.15,1,1,201026378104wd,110962010042255433,NORTHERN PUFFER,,771.84130577,7,17,201026378104wd,,0,05/04/2021
2010,37,3,1,1109620100422012,6,2,04,wd,8861010201,185,0.2,0,0,201026378104wd,110962010042255433,NORTHERN PUFFER,,771.84130577,7,18,201026378104wd,,0,05/04/2021
2010,37,3,1,1109620100422012,6,2,04,wd,8861010201,173,0.15,0,0,201026378104wd,110962010042255433,NORTHERN PUFFER,,771.84130577,6,17,201026378104wd,,0,05/04/2021
2010,37,3,1,1109620100422013,6,2,04,wd,,,,0,0,201026378104wd,110962010042255433,,,771.84130577,,,201026378104wd,,0,05/04/2021
2010,37,3,1,1109620100422014,6,2,04,wd,8861010201,203,0.3,0,0,201026378104wd,110962010042255433,NORTHERN PUFFER,,764.91003756,7,20,201026378104wd,,0,05/04/2021
2010,37,3,1,1109620100422014,6,2,04,wd,8861010201,179,0.15,0,0,201026378104wd,110962010042255433,NORTHERN PUFFER,,764.91003756,7,17,201026378104wd,,0,05/04/2021
2010,37,3,1,1109620100422014,6,2,04,wd,8861010201,164,0.15,1,1,201026378104wd,110962010042255433,NORTHERN PUFFER,,764.91003756,6,16,201026378104wd,,0,05/04/2021
2010,37,3,1,1109620100422014,6,2,04,wd,8861010201,176,0.15,1,1,201026378104wd,110962010042255433,NORTHERN PUFFER,,764.91003756,6,17,201026378104wd,,0,05/04/2021
2010,37,3,1,1109620100422014,6,2,04,wd,8861010201,183,0.15,0,0,201026378104wd,110962010042255433,NORTHERN PUFFER,,764.91003756,7,18,201026378104wd,,0,05/04/2021
2010,37,3,1,1109620100422014,6,2,04,wd,8861010201,194,0.2,1,1,201026378104wd,110962010042255433,NORTHERN PUFFER,,764.91003756,7,19,201026378104wd,,0,05/04/2021
2010,37,3,1,1109620100422014,6,2,04,wd,8861010201,203,0.25,0,0,201026378104wd,110962010042255433,NORTHERN PUFFER,,764.91003756,7,20,201026378104wd,,0,05/04/2021
2010,37,3,1,1109620100422014,6,2,04,wd,8861010201,213,0.25,0,0,201026378104wd,110962010042255433,NORTHERN PUFFER,,764.91003756,8,21,201026378104wd,,0,05/04/2021
2010,37,3,1,1109620100422014,6,2,04,wd,8861010201,170,0.15,0,0,201026378104wd,110962010042255433,NORTHERN PUFFER,,764.91003756,6,17,201026378104wd,,0,05/04/2021
2010,37,3,1,1109620100422014,6,2,04,wd,8861010201,173,0.15,0,0,201026378104wd,110962010042255433,NORTHERN PUFFER,,764.91003756,6,17,201026378104wd,,0,05/04/2021
2010,37,3,1,1109620100422014,6,2,04,wd,8861010201,203,0.2,1,1,201026378104wd,110962010042255433,NORTHERN PUFFER,,764.91003756,7,20,201026378104wd,,0,05/04/2021
2010,37,3,1,1109620100422014,6,2,04,wd,8861010201,183,0.2,0,0,201026378104wd,110962010042255433,NORTHERN PUFFER,,764.91003756,7,18,201026378104wd,,0,05/04/2021
2010,37,3,1,1109620100422014,6,2,04,wd,8861010201,191,0.2,0,0,201026378104wd,110962010042255433,NORTHERN PUFFER,,764.91003756,7,19,201026378104wd,,0,05/04/2021
2010,37,3,1,1109620100422014,6,2,04,wd,8861010201,223,0.3,0,0,201026378104wd,110962010042255433,NORTHERN PUFFER,,764.91003756,8,22,201026378104wd,,0,05/04/2021
2010,37,3,1,1109620100422014,6,2,04,wd,8861010201,178,0.15,0,0,201026378104wd,110962010042255433,NORTHERN PUFFER,,764.91003756,7,17,201026378104wd,,0,05/04/2021
2010,37,3,1,1109620100422016,6,2,04,wd,8861010201,193,0.2,0,0,201026378104wd,110962010042255433,NORTHERN PUFFER,,1460.282799,7,19,201026378104wd,,0,05/04/2021
2010,37,3,1,1109620100422016,6,2,04,wd,8861010201,175,0.15,0,0,201026378104wd,110962010042255433,NORTHERN PUFFER,,1460.282799,6,17,201026378104wd,,0,05/04/2021
2010,37,3,1,1109620100422016,6,2,04,wd,8861010201,173,0.15,1,1,201026378104wd,110962010042255433,NORTHERN PUFFER,,1460.282799,6,17,201026378104wd,,0,05/04/2021
2010,37,3,1,1109620100422016,6,2,04,wd,8861010201,203,0.25,0,0,201026378104wd,110962010042255433,NORTHERN PUFFER,,1460.282799,7,20,201026378104wd,,0,05/04/2021
2010,37,3,1,1109620100422016,6,2,04,wd,8861010201,168,0.15,1,1,201026378104wd,110962010042255433,NORTHERN PUFFER,,1460.282799,6,16,201026378104wd,,0,05/04/2021
2010,37,3,1,1109620100422016,6,2,04,wd,8861010201,190,0.2,0,0,201026378104wd,110962010042255433,NORTHERN PUFFER,,1460.282799,7,19,201026378104wd,,0,05/04/2021
2010,37,3,1,1109620100422016,6,2,04,wd,8861010201,167,0.15,0,0,201026378104wd,110962010042255433,NORTHERN PUFFER,,1460.282799,6,16,201026378104wd,,0,05/04/2021
2010,37,3,1,1109620100422016,6,2,04,wd,8861010201,179,0.15,0,0,201026378104wd,110962010042255433,NORTHERN PUFFER,,1460.282799,7,17,201026378104wd,,0,05/04/2021
2010,37,3,1,1109620100422016,6,2,04,wd,8861010201,234,0.3,0,0,201026378104wd,110962010042255433,NORTHERN PUFFER,,1460.282799,9,23,201026378104wd,,0,05/04/2021
2010,37,3,1,1109620100422016,6,2,04,wd,8861010201,178,0.15,1,1,201026378104wd,110962010042255433,NORTHERN PUFFER,,1460.282799,7,17,201026378104wd,,0,05/04/2021
2010,37,3,1,1109620100422016,6,2,04,wd,8861010201,158,0.15,0,0,201026378104wd,110962010042255433,NORTHERN PUFFER,,1460.282799,6,15,201026378104wd,,0,05/04/2021
2010,37,3,1,1109620100422016,6,2,04,wd,8861010201,174,0.1387174409,0,1,201026378104wd,110962010042255433,NORTHERN PUFFER,,1460.282799,6,17,201026378104wd,,0,05/04/2021
2010,37,3,1,1109620100422016,6,2,04,wd,8861010201,183,0.2,1,1,201026378104wd,110962010042255433,NORTHERN PUFFER,,1460.282799,7,18,201026378104wd,,0,05/04/2021
2010,37,3,1,1109620100422016,6,2,04,wd,8861010201,195,0.25,0,0,201026378104wd,110962010042255433,NORTHERN PUFFER,,1460.282799,7,19,201026378104wd,,0,05/04/2021
2010,37,3,1,1109620100422016,6,2,04,wd,8861010201,185,0.2,0,0,201026378104wd,110962010042255433,NORTHERN PUFFER,,1460.282799,7,18,201026378104wd,,0,05/04/2021
2010,37,3,1,1109620100423001,6,2,04,wd,,,,0,0,201026378104wd,110962010042355433,,,280.51866812,,,201026378104wd,,0,05/04/2021
2010,37,3,1,1109620100423002,6,2,04,wd,8861010201,213,0.25,1,1,201026378104wd,110962010042355433,NORTHERN PUFFER,,280.51866812,8,21,201026378104wd,,0,05/04/2021
2010,37,3,1,1109620100423002,6,2,04,wd,8861010201,179,0.15,1,1,201026378104wd,110962010042355433,NORTHERN PUFFER,,280.51866812,7,17,201026378104wd,,0,05/04/2021
2010,37,3,1,1109620100423002,6,2,04,wd,8861010201,232,0.3,0,0,201026378104wd,110962010042355433,NORTHERN PUFFER,,280.51866812,9,23,201026378104wd,,0,05/04/2021
2010,37,3,1,1109620100423002,6,2,04,wd,8861010201,158,0.15,1,1,201026378104wd,110962010042355433,NORTHERN PUFFER,,280.51866812,6,15,201026378104wd,,0,05/04/2021
2010,37,3,1,1109620100423002,6,2,04,wd,8861010201,170,0.15,1,1,201026378104wd,110962010042355433,NORTHERN PUFFER,,280.51866812,6,17,201026378104wd,,0,05/04/2021
2010,37,3,1,1109620100423002,6,2,04,wd,8861010201,188,0.2,0,0,201026378104wd,110962010042355433,NORTHERN PUFFER,,280.51866812,7,18,201026378104wd,,0,05/04/2021
2010,37,3,1,1109620100423002,6,2,04,wd,8861010201,183,0.2,0,0,201026378104wd,110962010042355433,NORTHERN PUFFER,,280.51866812,7,18,201026378104wd,,0,05/04/2021
2010,37,3,1,1109620100423002,6,2,04,wd,8861010201,193,0.2,0,0,201026378104wd,110962010042355433,NORTHERN PUFFER,,280.51866812,7,19,201026378104wd,,0,05/04/2021
2010,37,3,1,1109620100423003,6,2,04,wd,8861010201,179,0.15,1,1,201026378104wd,110962010042355433,NORTHERN PUFFER,,280.51866812,7,17,201026378104wd,,0,05/04/2021
2010,37,3,1,1109620100423004,6,2,04,wd,8861010201,163,0.15,0,0,201026378104wd,110962010042355433,NORTHERN PUFFER,,280.51866812,6,16,201026378104wd,,0,05/04/2021
2010,37,3,1,1109620100423005,6,2,04,wd,8861010201,174,0.1387174409,1,1,201026378104wd,110962010042355433,NORTHERN PUFFER,,561.03733624,6,17,201026378104wd,,0,05/04/2021
2010,37,3,1,1109620100423005,6,2,04,wd,8861010201,175,0.15,1,1,201026378104wd,110962010042355433,NORTHERN PUFFER,,561.03733624,6,17,201026378104wd,,0,05/04/2021
2010,37,3,1,1109620100423005,6,2,04,wd,8861010201,185,0.2,1,1,201026378104wd,110962010042355433,NORTHERN PUFFER,,561.03733624,7,18,201026378104wd,,0,05/04/2021
2010,37,3,1,1109620100423005,6,2,04,wd,8861010201,183,0.2,1,1,201026378104wd,110962010042355433,NORTHERN PUFFER,,561.03733624,7,18,201026378104wd,,0,05/04/2021
2010,37,3,1,1109620100423005,6,2,04,wd,8861010201,193,0.2,1,1,201026378104wd,110962010042355433,NORTHERN PUFFER,,561.03733624,7,19,201026378104wd,,0,05/04/2021
2010,37,3,1,1109620100423006,6,2,04,wd,8861010201,166,0.15,1,1,201026378104wd,110962010042355433,NORTHERN PUFFER,,280.51866812,6,16,201026378104wd,,0,05/04/2021
2010,37,3,1,1109620100423006,6,2,04,wd,8861010201,163,0.15,1,1,201026378104wd,110962010042355433,NORTHERN PUFFER,,280.51866812,6,16,201026378104wd,,0,05/04/2021
2010,37,3,1,1109620100423006,6,2,04,wd,8861010201,203,0.2,1,1,201026378104wd,110962010042355433,NORTHERN PUFFER,,280.51866812,7,20,201026378104wd,,0,05/04/2021
2010,37,3,1,1109620100423006,6,2,04,wd,8861010201,193,0.2,1,1,201026378104wd,110962010042355433,NORTHERN PUFFER,,280.51866812,7,19,201026378104wd,,0,05/04/2021
2010,37,3,1,1109620100423006,6,2,04,wd,8861010201,176,0.15,1,1,201026378104wd,110962010042355433,NORTHERN PUFFER,,280.51866812,6,17,201026378104wd,,0,05/04/2021
2010,37,3,1,1109620100423007,6,2,04,wd,8861010201,191,0.2,1,1,201026378104wd,110962010042355433,NORTHERN PUFFER,,379.09031187,7,19,201026378104wd,,0,05/04/2021
2010,37,3,1,1109620100423007,6,2,04,wd,8861010201,213,0.2,1,1,201026378104wd,110962010042355433,NORTHERN PUFFER,,379.09031187,8,21,201026378104wd,,0,05/04/2021
2010,37,3,1,1109620100423007,6,2,04,wd,8861010201,197,0.2,1,1,201026378104wd,110962010042355433,NORTHERN PUFFER,,379.09031187,7,19,201026378104wd,,0,05/04/2021
2010,37,3,1,1109620100423007,6,2,04,wd,8861010201,214,0.25,1,1,201026378104wd,110962010042355433,NORTHERN PUFFER,,379.09031187,8,21,201026378104wd,,0,05/04/2021
2010,37,3,1,1109620100423007,6,2,04,wd,8861010201,197,0.25,1,1,201026378104wd,110962010042355433,NORTHERN PUFFER,,379.09031187,7,19,201026378104wd,,0,05/04/2021
2010,37,3,1,1109620100423008,6,2,04,wd,8861010201,203,0.2,0,0,201026378104wd,110962010042355433,NORTHERN PUFFER,,878.95849344,7,20,201026378104wd,,0,05/04/2021
2010,37,3,1,1109620100423008,6,2,04,wd,8861010201,186,0.2,0,0,201026378104wd,110962010042355433,NORTHERN PUFFER,,878.95849344,7,18,201026378104wd,,0,05/04/2021
2010,37,3,1,1109620100423008,6,2,04,wd,8861010201,183,0.15,1,1,201026378104wd,110962010042355433,NORTHERN PUFFER,,878.95849344,7,18,201026378104wd,,0,05/04/2021
2010,37,3,1,1109620100423008,6,2,04,wd,8861010201,163,0.15,0,0,201026378104wd,110962010042355433,NORTHERN PUFFER,,878.95849344,6,16,201026378104wd,,0,05/04/2021
2010,37,3,1,1109620100423008,6,2,04,wd,8861010201,166,0.15,0,0,201026378104wd,110962010042355433,NORTHERN PUFFER,,878.95849344,6,16,201026378104wd,,0,05/04/2021
2010,37,3,1,1109620100423008,6,2,04,wd,8861010201,193,0.2,1,1,201026378104wd,110962010042355433,NORTHERN PUFFER,,878.95849344,7,19,201026378104wd,,0,05/04/2021
2010,37,3,1,1109620100423008,6,2,04,wd,8861010201,176,0.15,0,0,201026378104wd,110962010042355433,NORTHERN PUFFER,,878.95849344,6,17,201026378104wd,,0,05/04/2021
2010,37,3,1,1109620100423008,6,2,04,wd,8861010201,197,0.2,0,0,201026378104wd,110962010042355433,NORTHERN PUFFER,,878.95849344,7,19,201026378104wd,,0,05/04/2021
2010,37,3,1,1109620100423008,6,2,04,wd,8861010201,213,0.25,0,0,201026378104wd,110962010042355433,NORTHERN PUFFER,,878.95849344,8,21,201026378104wd,,0,05/04/2021
2010,37,3,1,1109620100423008,6,2,04,wd,8861010201,238,0.3,1,1,201026378104wd,110962010042355433,NORTHERN PUFFER,,878.95849344,9,23,201026378104wd,,0,05/04/2021
2010,37,3,1,1109620100423008,6,2,04,wd,8861010201,197,0.2,0,0,201026378104wd,110962010042355433,NORTHERN PUFFER,,878.95849344,7,19,201026378104wd,,0,05/04/2021
2010,37,3,1,1109620100423008,6,2,04,wd,8861010201,174,0.15,1,1,201026378104wd,110962010042355433,NORTHERN PUFFER,,878.95849344,6,17,201026378104wd,,0,05/04/2021
2010,37,3,1,1109620100423008,6,2,04,wd,8861010201,191,0.2,0,0,201026378104wd,110962010042355433,NORTHERN PUFFER,,878.95849344,7,19,201026378104wd,,0,05/04/2021
2010,37,3,1,1109620100423008,6,2,04,wd,8861010201,197,0.25,0,0,201026378104wd,110962010042355433,NORTHERN PUFFER,,878.95849344,7,19,201026378104wd,,0,05/04/2021
2010,37,3,1,1109620100423008,6,2,04,wd,8861010201,206,0.25,0,0,201026378104wd,110962010042355433,NORTHERN PUFFER,,878.95849344,8,20,201026378104wd,,0,05/04/2021
2010,37,3,1,1109620100423009,6,2,04,wd,,,,0,0,201026378104wd,110962010042355433,,,280.51866812,,,201026378104wd,,0,05/04/2021
2010,37,3,1,1109620100423010,6,2,04,wd,8861010201,238,0.3,0,0,201026378104wd,110962010042355433,NORTHERN PUFFER,,126.36343729,9,23,201026378104wd,,0,05/04/2021
2010,37,3,1,1109620100423010,6,2,04,wd,8861010201,183,0.15,0,0,201026378104wd,110962010042355433,NORTHERN PUFFER,,126.36343729,7,18,201026378104wd,,0,05/04/2021
2010,37,3,1,1109620100423010,6,2,04,wd,8861010201,213,0.25,0,0,201026378104wd,110962010042355433,NORTHERN PUFFER,,126.36343729,8,21,201026378104wd,,0,05/04/2021
2010,37,3,1,1109620100423010,6,2,04,wd,8861010201,193,0.2,0,0,201026378104wd,110962010042355433,NORTHERN PUFFER,,126.36343729,7,19,201026378104wd,,0,05/04/2021
2010,37,3,1,1109620100423010,6,2,04,wd,8861010201,219,0.3,0,0,201026378104wd,110962010042355433,NORTHERN PUFFER,,126.36343729,8,21,201026378104wd,,0,05/04/2021
2010,37,3,1,1109620100423010,6,2,04,wd,8861010201,205,0.25,0,0,201026378104wd,110962010042355433,NORTHERN PUFFER,,126.36343729,8,20,201026378104wd,,0,05/04/2021
2010,37,3,1,1109620100423010,6,2,04,wd,8861010201,174,0.15,0,0,201026378104wd,110962010042355433,NORTHERN PUFFER,,126.36343729,6,17,201026378104wd,,0,05/04/2021
2010,37,3,1,1109620100423010,6,2,04,wd,8861010201,185,0.15,0,0,201026378104wd,110962010042355433,NORTHERN PUFFER,,126.36343729,7,18,201026378104wd,,0,05/04/2021
2010,37,3,1,1109620100423010,6,2,04,wd,8861010201,194,0.2,0,0,201026378104wd,110962010042355433,NORTHERN PUFFER,,126.36343729,7,19,201026378104wd,,0,05/04/2021
2010,37,3,1,1109620100423010,6,2,04,wd,8861010201,214,0.25,0,0,201026378104wd,110962010042355433,NORTHERN PUFFER,,126.36343729,8,21,201026378104wd,,0,05/04/2021
2010,37,3,1,1109620100423010,6,2,04,wd,8861010201,213,0.2,0,0,201026378104wd,110962010042355433,NORTHERN PUFFER,,126.36343729,8,21,201026378104wd,,0,05/04/2021
2010,37,3,1,1109620100423011,6,2,04,wd,,,,0,0,201026378104wd,110962010042355433,,,379.09031187,,,201026378104wd,,0,05/04/2021
2010,37,3,1,1109620100423012,6,2,04,wd,,,,0,0,201026378104wd,110962010042355433,,,280.51866812,,,201026378104wd,,0,05/04/2021
2010,37,3,1,1109620100423013,6,2,04,wd,8861010201,173,0.15,0,0,201026378104wd,110962010042355433,NORTHERN PUFFER,,1432.118956,6,17,201026378104wd,,0,05/04/2021
2010,37,3,1,1109620100423013,6,2,04,wd,8861010201,174,0.15,0,0,201026378104wd,110962010042355433,NORTHERN PUFFER,,1432.118956,6,17,201026378104wd,,0,05/04/2021
2010,37,3,1,1109620100423013,6,2,04,wd,8861010201,188,0.15,1,1,201026378104wd,110962010042355433,NORTHERN PUFFER,,1432.118956,7,18,201026378104wd,,0,05/04/2021
2010,37,3,1,1109620100423013,6,2,04,wd,8861010201,213,0.2393234369,1,1,201026378104wd,110962010042355433,NORTHERN PUFFER,,1432.118956,8,21,201026378104wd,,0,05/04/2021
2010,37,3,1,1109620100423013,6,2,04,wd,8861010201,220,0.2,0,0,201026378104wd,110962010042355433,NORTHERN PUFFER,,1432.118956,8,22,201026378104wd,,0,05/04/2021
2010,37,3,1,1109620100423013,6,2,04,wd,8861010201,174,0.15,1,1,201026378104wd,110962010042355433,NORTHERN PUFFER,,1432.118956,6,17,201026378104wd,,0,05/04/2021
2010,37,3,1,1109620100423013,6,2,04,wd,8861010201,220,0.2,1,1,201026378104wd,110962010042355433,NORTHERN PUFFER,,1432.118956,8,22,201026378104wd,,0,05/04/2021
2010,37,3,1,1109620100423013,6,2,04,wd,8861010201,188,0.15,0,0,201026378104wd,110962010042355433,NORTHERN PUFFER,,1432.118956,7,18,201026378104wd,,0,05/04/2021
2010,37,3,1,1109620100423013,6,2,04,wd,8861010201,183,0.2,0,0,201026378104wd,110962010042355433,NORTHERN PUFFER,,1432.118956,7,18,201026378104wd,,0,05/04/2021
2010,37,3,1,1109620100423014,6,2,04,wd,8861010201,193,0.1834447778,0,1,201026378104wd,110962010042355433,NORTHERN PUFFER,,271.16804585,7,19,201026378104wd,,0,05/04/2021
2010,37,3,1,1109620100423014,6,2,04,wd,8861010201,183,0.1589257515,1,1,201026378104wd,110962010042355433,NORTHERN PUFFER,,271.16804585,7,18,201026378104wd,,0,05/04/2021
2010,37,3,1,1109620100423014,6,2,04,wd,8861010201,246,0.3529231229,0,1,201026378104wd,110962010042355433,NORTHERN PUFFER,,271.16804585,9,24,201026378104wd,,0,05/04/2021
2010,37,3,1,1109620100423014,6,2,04,wd,8861010201,213,0.2393234369,0,1,201026378104wd,110962010042355433,NORTHERN PUFFER,,271.16804585,8,21,201026378104wd,,0,05/04/2021
2010,37,3,1,1109620100423014,6,2,04,wd,8861010201,220,0.2611292519,0,1,201026378104wd,110962010042355433,NORTHERN PUFFER,,271.16804585,8,22,201026378104wd,,0,05/04/2021
2010,37,3,1,1109620100423014,6,2,04,wd,8861010201,194,0.1860192698,1,1,201026378104wd,110962010042355433,NORTHERN PUFFER,,271.16804585,7,19,201026378104wd,,0,05/04/2021
2010,37,3,1,1109620100423014,6,2,04,wd,8861010201,183,0.1589257515,0,1,201026378104wd,110962010042355433,NORTHERN PUFFER,,271.16804585,7,18,201026378104wd,,0,05/04/2021
2010,37,3,1,1109620100423014,6,2,04,wd,8861010201,183,0.1589257515,0,1,201026378104wd,110962010042355433,NORTHERN PUFFER,,271.16804585,7,18,201026378104wd,,0,05/04/2021
2010,37,3,1,1109620100423014,6,2,04,wd,8861010201,193,0.1834447778,1,1,201026378104wd,110962010042355433,NORTHERN PUFFER,,271.16804585,7,19,201026378104wd,,0,05/04/2021
2010,37,3,1,1109620100423014,6,2,04,wd,8861010201,173,0.1365780093,0,1,201026378104wd,110962010042355433,NORTHERN PUFFER,,271.16804585,6,17,201026378104wd,,0,05/04/2021
2010,37,3,1,1109620100423014,6,2,04,wd,8861010201,194,0.1860192698,0,1,201026378104wd,110962010042355433,NORTHERN PUFFER,,271.16804585,7,19,201026378104wd,,0,05/04/2021
2010,37,3,1,1109620100423014,6,2,04,wd,8861010201,196,0.1912361806,0,1,201026378104wd,110962010042355433,NORTHERN PUFFER,,271.16804585,7,19,201026378104wd,,0,05/04/2021
2010,37,3,1,1109620100423014,6,2,04,wd,8861010201,196,0.1912361806,1,1,201026378104wd,110962010042355433,NORTHERN PUFFER,,271.16804585,7,19,201026378104wd,,0,05/04/2021
2010,37,3,1,1109620100423014,6,2,04,wd,8861010201,193,0.1834447778,0,1,201026378104wd,110962010042355433,NORTHERN PUFFER,,271.16804585,7,19,201026378104wd,,0,05/04/2021
2010,37,3,1,1109620100423014,6,2,04,wd,8861010201,192,0.1808928198,0,1,201026378104wd,110962010042355433,NORTHERN PUFFER,,271.16804585,7,19,201026378104wd,,0,05/04/2021
2010,37,3,1,1109620100423015,6,2,04,wd,,,,0,0,201026378104wd,110962010042355433,,,280.51866812,,,201026378104wd,,0,05/04/2021
2010,37,3,1,2104320100328001,6,2,03,we,,,,0,0,201026378103we,210432010032831417,,,680.35544282,,,201026378103we,,0,05/04/2021
2010,37,3,1,2104320100328002,6,2,03,we,,,,0,0,201026378103we,210432010032831417,,,680.35544282,,,201026378103we,,0,05/04/2021
2010,37,3,1,2104320100328004,6,2,03,we,,,,0,0,201026378103we,210432010032831417,,,680.35544282,,,201026378103we,,0,05/04/2021
2010,37,3,1,2104320100328005,6,2,03,we,,,,0,0,201026378103we,210432010032831417,,,950.29160577,,,201026378103we,,0,05/04/2021
2010,37,3,1,2104320100328006,6,2,03,we,,,,0,0,201026378103we,210432010032831417,,,950.29160577,,,201026378103we,,0,05/04/2021
2010,37,3,5,2109620100408006,6,2,04,wd,,,,0,0,201026378104wd,210962010040855326,,,1226.1045972,,,201026378104wd,,0,05/04/2021
2010,37,3,1,2109620100408007,6,2,04,wd,,,,0,0,201026378104wd,210962010040855450,,,515.86386129,,,201026378104wd,,0,05/04/2021
2010,37,3,1,2109620100408008,6,2,04,wd,8835250101,343,0.5,0,0,201026378104wd,210962010040855450,BLUEFISH,,697.13361101,13,34,201026378104wd,,0,05/04/2021
2010,37,3,1,2109620100408008,6,2,04,wd,8835440702,345,0.5,0,0,201026378104wd,210962010040855450,ATLANTIC CROAKER,,697.13361101,13,34,201026378104wd,,0,05/04/2021
2010,37,3,1,2109620100408009,6,2,04,wd,8835250101,368,0.6,0,0,201026378104wd,210962010040855450,BLUEFISH,,697.13361101,14,36,201026378104wd,,0,05/04/2021
2010,37,3,1,2109620100408009,6,2,04,wd,8835440702,251,0.2,0,0,201026378104wd,210962010040855450,ATLANTIC CROAKER,,697.13361101,9,25,201026378104wd,,0,05/04/2021
2010,37,3,1,2109620100408010,6,2,04,wd,,,,0,0,201026378104wd,210962010040855450,,,697.13361101,,,201026378104wd,,0,05/04/2021
2010,37,3,1,2109620100408011,6,2,04,wd,,,,0,0,201026378104wd,210962010040855450,,,515.86386129,,,201026378104wd,,0,05/04/2021
2010,37,3,1,2109620100408012,6,2,04,wd,,,,0,0,201026378104wd,210962010040855450,,,515.86386129,,,201026378104wd,,0,05/04/2021
2010,37,3,1,2109620100408013,6,2,04,wd,,,,0,0,201026378104wd,210962010040855450,,,515.86386129,,,201026378104wd,,0,05/04/2021
2010,37,3,1,2109620100408014,6,2,04,wd,,,,0,0,201026378104wd,210962010040855450,,,515.86386129,,,201026378104wd,,0,05/04/2021
2010,37,3,1,2109620100408015,6,2,04,wd,8835250101,367,0.6,0,0,201026378104wd,210962010040855450,BLUEFISH,,697.13361101,14,36,201026378104wd,,0,05/04/2021
2010,37,3,1,2109620100408015,6,2,04,wd,8835250101,404,0.7,0,0,201026378104wd,210962010040855450,BLUEFISH,,697.13361101,15,40,201026378104wd,,0,05/04/2021
2010,37,3,1,2109620100408016,6,2,04,wd,,,,0,0,201026378104wd,210962010040855450,,,697.13361101,,,201026378104wd,,0,05/04/2021
2010,37,3,1,2109620100408017,6,2,04,wd,,,,0,0,201026378104wd,210962010040855450,,,697.13361101,,,201026378104wd,,0,05/04/2021
2010,37,3,1,2109620100408022,6,2,04,wd,,,,0,0,201026378104wd,210962010040855433,,,938.65862025,,,201026378104wd,,0,05/04/2021
2010,37,3,1,2109620100425001,6,2,04,we,,,,0,0,201026378104we,210962010042555394,,,1115.1233843,,,201026378104we,,0,05/04/2021
2010,37,3,1,2109620100425002,6,2,04,we,8835440600,,,0,0,201026378104we,210962010042555394,KINGFISH GENUS,,798.36574302,,,201026378104we,,0,05/04/2021
2010,37,3,1,2109620100425002,6,2,04,we,8835440702,229.38211823,0.15,1,0,201026378104we,210962010042555394,ATLANTIC CROAKER,,800.17334886,9,22,201026378104we,,0,05/04/2021
2010,37,3,1,2109620100425002,6,2,04,we,8835440601,282.83161997,0.25,1,0,201026378104we,210962010042555394,SOUTHERN KINGFISH,,800.17334886,11,28,201026378104we,,0,05/04/2021
2010,37,3,1,2109620100425002,6,2,04,we,8835440603,239.81356,0.15,1,0,201026378104we,210962010042555394,NORTHERN KINGFISH,,800.17334886,9,23,201026378104we,,0,05/04/2021
2010,37,3,1,2109620100425004,6,2,04,we,,,,0,0,201026378104we,210962010042555433,,,420.9951579,,,201026378104we,,0,05/04/2021
2010,37,3,1,2109620100425005,6,2,04,we,8835440601,234,0.15,0,0,201026378104we,210962010042555433,SOUTHERN KINGFISH,,422.863446,9,23,201026378104we,,0,05/04/2021
2010,37,3,1,2109620100425005,6,2,04,we,8835440601,253,0.1905042523,0,1,201026378104we,210962010042555433,SOUTHERN KINGFISH,,422.863446,9,25,201026378104we,,0,05/04/2021
2010,37,3,1,2109620100425005,6,2,04,we,8835440601,263,0.25,0,0,201026378104we,210962010042555433,SOUTHERN KINGFISH,,422.863446,10,26,201026378104we,,0,05/04/2021
2010,37,3,1,2109620100425005,6,2,04,we,8835440601,261,0.2,0,0,201026378104we,210962010042555433,SOUTHERN KINGFISH,,422.863446,10,26,201026378104we,,0,05/04/2021
2010,37,3,1,2109620100425005,6,2,04,we,8835440601,280,0.25,0,0,201026378104we,210962010042555433,SOUTHERN KINGFISH,,422.863446,11,28,201026378104we,,0,05/04/2021
2010,37,3,1,2109620100425005,6,2,04,we,8835440601,261,0.2,0,0,201026378104we,210962010042555433,SOUTHERN KINGFISH,,422.863446,10,26,201026378104we,,0,05/04/2021
2010,37,3,1,2109620100425005,6,2,04,we,8835440601,306,0.3,0,0,201026378104we,210962010042555433,SOUTHERN KINGFISH,,422.863446,12,30,201026378104we,,0,05/04/2021
2010,37,3,1,2109620100425005,6,2,04,we,8835440601,252,0.1886572071,0,1,201026378104we,210962010042555433,SOUTHERN KINGFISH,,422.863446,9,25,201026378104we,,0,05/04/2021
2010,37,3,1,2109620100425005,6,2,04,we,8835440601,268,0.2,0,0,201026378104we,210962010042555433,SOUTHERN KINGFISH,,422.863446,10,26,201026378104we,,0,05/04/2021
2010,37,3,1,2109620100425006,6,2,04,we,8835440601,255,0.2,0,0,201026378104we,210962010042555433,SOUTHERN KINGFISH,,275.65412633,10,25,201026378104we,,0,05/04/2021
2010,37,3,1,2109620100425006,6,2,04,we,8835440601,199,0.1,0,0,201026378104we,210962010042555433,SOUTHERN KINGFISH,,275.65412633,7,19,201026378104we,,0,05/04/2021
2010,37,3,1,2109620100425006,6,2,04,we,8835440601,208,0.2,0,0,201026378104we,210962010042555433,SOUTHERN KINGFISH,,275.65412633,8,20,201026378104we,,0,05/04/2021
2010,37,3,1,2109620100425006,6,2,04,we,8835440601,273,0.25,0,0,201026378104we,210962010042555433,SOUTHERN KINGFISH,,275.65412633,10,27,201026378104we,,0,05/04/2021
2010,37,3,1,2109620100425006,6,2,04,we,8861010201,193,0.1834447778,1,1,201026378104we,210962010042555433,NORTHERN PUFFER,,420.9951579,7,19,201026378104we,,0,05/04/2021
2010,37,3,1,2109620100425006,6,2,04,we,8835440600,,,0,0,201026378104we,210962010042555433,KINGFISH GENUS,,7577.9128422,,,201026378104we,,0,05/04/2021
2010,37,3,1,2109620100425006,6,2,04,we,8835440601,261,0.2,0,0,201026378104we,210962010042555433,SOUTHERN KINGFISH,,275.65412633,10,26,201026378104we,,0,05/04/2021
2010,37,3,1,2109620100425007,6,2,04,we,8835440600,,,0,0,201026378104we,210962010042555433,KINGFISH GENUS,,841.9903158,,,201026378104we,,0,05/04/2021
2010,37,3,1,2109620100425008,6,2,04,we,,,,0,0,201026378104we,210962010042555394,,,825.16729328,,,201026378104we,,0,05/04/2021
2010,37,3,1,2109620100425009,6,2,04,we,,,,0,0,201026378104we,210962010042555394,,,825.16729328,,,201026378104we,,0,05/04/2021
2010,37,3,1,2109620100425010,6,2,04,we,,,,0,0,201026378104we,210962010042555394,,,825.16729328,,,201026378104we,,0,05/04/2021
2010,37,3,1,2109620100425011,6,2,04,we,,,,0,0,201026378104we,210962010042555394,,,825.16729328,,,201026378104we,,0,05/04/2021
2010,37,3,1,2109620100425012,6,2,04,we,,,,0,0,201026378104we,210962010042555394,,,825.16729328,,,201026378104we,,0,05/04/2021
2010,37,3,1,2109620100425013,6,2,04,we,,,,0,0,201026378104we,210962010042555394,,,825.16729328,,,201026378104we,,0,05/04/2021
2010,37,3,1,2109620100425014,6,2,04,we,,,,0,0,201026378104we,210962010042555394,,,825.16729328,,,201026378104we,,0,05/04/2021
2010,37,3,1,2109620100425015,6,2,04,we,,,,0,0,201026378104we,210962010042555394,,,798.36574302,,,201026378104we,,0,05/04/2021
2010,37,5,2,1104320100411001,6,2,04,we,8835290101,681,2.8,1,1,201026378504we,110432010041131390,DOLPHIN,,20.301098469,26,68,201026378504we,,0,05/04/2021
2010,37,5,2,1104920100320001,6,2,03,we,8850030102,721,6.8,1,1,201026378503we,110492010032031548,LITTLE TUNNY,,10.102877471,28,72,201026378503we,,0,05/04/2021
2010,37,5,2,1104920100320001,6,2,03,we,8850030102,550,2.75,1,1,201026378503we,110492010032031548,LITTLE TUNNY,,10.102877471,21,55,201026378503we,,0,05/04/2021
2010,37,5,2,1104920100320001,6,2,03,we,8850030102,824,9.9,1,1,201026378503we,110492010032031548,LITTLE TUNNY,,10.102877471,32,82,201026378503we,,0,05/04/2021
2010,37,5,2,1104920100320001,6,2,03,we,8850030404,722.32278372,7.7,1,0,201026378503we,110492010032031548,BLACKFIN TUNA,,6.3142984196,28,72,201026378503we,,0,05/04/2021
2010,37,5,2,1104920100320001,6,2,03,we,8835280801,787.09905398,6.8,1,1,201026378503we,110492010032031548,GREATER AMBERJACK,,6.3142984196,30,78,201026378503we,,0,05/04/2021
2010,37,5,2,1104920100320001,6,2,03,we,8850030102,783,8.6,1,1,201026378503we,110492010032031548,LITTLE TUNNY,,10.102877471,30,78,201026378503we,,0,05/04/2021
2010,37,5,2,1104920100320001,6,2,03,we,8835280801,827.69369824,7.8,1,0,201026378503we,110492010032031548,GREATER AMBERJACK,,6.3142984196,32,82,201026378503we,,0,05/04/2021
2010,37,5,2,1104920100320001,6,2,03,we,8835280801,787.09905398,6.8,1,0,201026378503we,110492010032031548,GREATER AMBERJACK,,6.3142984196,30,78,201026378503we,,0,05/04/2021
2010,37,5,2,1104920100320001,6,2,03,we,8850030102,832,10,1,1,201026378503we,110492010032031548,LITTLE TUNNY,,10.102877471,32,83,201026378503we,,0,05/04/2021
2010,37,5,2,1105920100410001,6,2,04,we,8835020301,330,0.5,0,0,201026378504we,110592010041019677,BLACK SEA BASS,,0.5494737538,12,33,201026378504we,,0,05/04/2021
2010,37,5,2,1105920100410001,6,2,04,we,8835020301,310,0.5,0,0,201026378504we,110592010041019677,BLACK SEA BASS,,0.5494737538,12,31,201026378504we,,0,05/04/2021
2010,37,5,2,1105920100410001,6,2,04,we,8835400102,305,1,0,0,201026378504we,110592010041019677,WHITE GRUNT,,0.5494737538,12,30,201026378504we,,0,05/04/2021
2010,37,5,2,1105920100410001,6,2,04,we,8835430602,310,1,0,0,201026378504we,110592010041019677,RED PORGY,,0.5494737538,12,31,201026378504we,,0,05/04/2021
2010,37,5,2,1105920100410001,6,2,04,we,8835020301,325,0.5,0,0,201026378504we,110592010041019677,BLACK SEA BASS,,0.5494737538,12,32,201026378504we,,0,05/04/2021
2010,37,5,2,1105920100410001,6,2,04,we,8835020301,330,0.75,0,0,201026378504we,110592010041019677,BLACK SEA BASS,,0.5494737538,12,33,201026378504we,,0,05/04/2021
2010,37,5,2,1105920100410001,6,2,04,we,8835020301,310,0.5,0,0,201026378504we,110592010041019677,BLACK SEA BASS,,0.5494737538,12,31,201026378504we,,0,05/04/2021
2010,37,5,2,1105920100410001,6,2,04,we,8835020304,250,0.5,0,0,201026378504we,110592010041019677,BANK SEA BASS,,0.5494737538,9,25,201026378504we,,0,05/04/2021
2010,37,5,2,1105920100410001,6,2,04,we,8835020301,344,0.75,0,0,201026378504we,110592010041019677,BLACK SEA BASS,,0.5494737538,13,34,201026378504we,,0,05/04/2021
2010,37,5,2,1105920100410001,6,2,04,we,8835020301,325,0.5,0,0,201026378504we,110592010041019677,BLACK SEA BASS,,0.5494737538,12,32,201026378504we,,0,05/04/2021
2010,37,5,2,1105920100410001,6,2,04,we,8835020301,362,0.75,0,0,201026378504we,110592010041019677,BLACK SEA BASS,,0.5494737538,14,36,201026378504we,,0,05/04/2021
2010,37,5,2,1105920100410001,6,2,04,we,8835430602,280,0.75,0,0,201026378504we,110592010041019677,RED PORGY,,0.5494737538,11,28,201026378504we,,0,05/04/2021
2010,37,5,2,1105920100410001,6,2,04,we,8835020301,360,1,0,0,201026378504we,110592010041019677,BLACK SEA BASS,,0.5494737538,14,36,201026378504we,,0,05/04/2021
2010,37,5,2,1105920100410001,6,2,04,we,8835020301,351,0.5,0,0,201026378504we,110592010041019677,BLACK SEA BASS,,0.5494737538,13,35,201026378504we,,0,05/04/2021
2010,37,5,2,1105920100410002,6,2,04,we,,,,0,0,201026378504we,110592010041019677,,,0.5494737538,,,201026378504we,,0,05/04/2021
2010,37,5,2,1105920100410003,6,2,04,we,,,,0,0,201026378504we,110592010041019677,,,0.5494737538,,,201026378504we,,0,05/04/2021
2010,37,5,2,1105920100410004,6,2,04,we,,,,0,0,201026378504we,110592010041019677,,,0.5494737538,,,201026378504we,,0,05/04/2021
2010,37,5,2,1105920100410005,6,2,04,we,,,,0,0,201026378504we,110592010041019677,,,0.5494737538,,,201026378504we,,0,05/04/2021
2010,37,5,2,1105920100411001,6,2,04,we,8850030102,559,2.5,0,0,201026378504we,110592010041112935,LITTLE TUNNY,,13.455700447,22,55,201026378504we,,0,05/04/2021
2010,37,5,2,1105920100411001,6,2,04,we,8850030102,550,2.75,0,0,201026378504we,110592010041112935,LITTLE TUNNY,,13.455700447,21,55,201026378504we,,0,05/04/2021
2010,37,5,2,1105920100411001,6,2,04,we,8850030102,619,3.75,0,0,201026378504we,110592010041112935,LITTLE TUNNY,,13.455700447,24,61,201026378504we,,0,05/04/2021
2010,37,5,2,1105920100411001,6,2,04,we,8850030102,675,4.75,0,0,201026378504we,110592010041112935,LITTLE TUNNY,,13.455700447,26,67,201026378504we,,0,05/04/2021
2010,37,5,2,1105920100411001,6,2,04,we,8850030102,560,2.75,0,0,201026378504we,110592010041112935,LITTLE TUNNY,,13.455700447,22,56,201026378504we,,0,05/04/2021
2010,37,5,2,1105920100411001,6,2,04,we,8850030102,550,2.75,0,0,201026378504we,110592010041112935,LITTLE TUNNY,,13.455700447,21,55,201026378504we,,0,05/04/2021
2010,37,5,2,1105920100411002,6,2,04,we,,,,0,0,201026378504we,110592010041112935,,,13.455700447,,,201026378504we,,0,05/04/2021
2010,37,5,2,1105920100411003,6,2,04,we,,,,0,0,201026378504we,110592010041112935,,,13.455700447,,,201026378504we,,0,05/04/2021
2010,37,5,2,1105920100411004,6,2,04,we,,,,0,0,201026378504we,110592010041112935,,,13.455700447,,,201026378504we,,0,05/04/2021
2010,37,5,2,1106120100309001,6,2,03,wd,,,,0,0,201026378503wd,110612010030955474,,,12.727582634,,,201026378503wd,,0,05/04/2021
2010,37,5,2,1106120100309002,6,2,03,wd,,,,0,0,201026378503wd,110612010030955474,,,12.727582634,,,201026378503wd,,0,05/04/2021
2010,37,5,2,1106120100309003,6,2,03,wd,,,,0,0,201026378503wd,110612010030955474,,,12.727582634,,,201026378503wd,,0,05/04/2021
2010,37,5,2,1106120100309004,6,2,03,wd,8850030402,1729,79,0,0,201026378503wd,110612010030955474,BLUEFIN TUNA,,12.268766045,68,172,201026378503wd,,0,05/04/2021
2010,37,5,2,1106120100309005,6,2,03,wd,,,,0,0,201026378503wd,110612010030955474,,,12.727582634,,,201026378503wd,,0,05/04/2021
2010,37,5,2,1106120100309006,6,2,03,wd,8850030402,1546,57.978212009,0,1,201026378503wd,110612010030955474,BLUEFIN TUNA,,24.481325541,60,154,201026378503wd,,0,05/04/2021
2010,37,5,2,1106120100309007,6,2,03,wd,,,,0,0,201026378503wd,110612010030955474,,,24.94014213,,,201026378503wd,,0,05/04/2021
2010,37,5,2,1106120100309008,6,2,03,wd,,,,0,0,201026378503wd,110612010030955474,,,11.370631579,,,201026378503wd,,0,05/04/2021
2010,37,5,2,1106120100309009,6,2,03,wd,,,,0,0,201026378503wd,110612010030955474,,,11.370631579,,,201026378503wd,,0,05/04/2021
2010,37,5,2,1106120100309010,6,2,03,wd,,,,0,0,201026378503wd,110612010030955474,,,11.370631579,,,201026378503wd,,0,05/04/2021
2010,37,5,2,1106120100309011,6,2,03,wd,,,,0,0,201026378503wd,110612010030955474,,,11.090783787,,,201026378503wd,,0,05/04/2021
2010,37,5,2,1106120100309012,6,2,03,wd,,,,0,0,201026378503wd,110612010030955206,,,2.8266453157,,,201026378503wd,,0,05/04/2021
2010,37,5,2,1106120100309013,6,2,03,wd,8850030402,1690,74.449530761,0,1,201026378503wd,110612010030955206,BLUEFIN TUNA,,2.8266453157,66,169,201026378503wd,,0,05/04/2021
2010,37,5,2,1106120100309014,6,2,03,wd,,,,0,0,201026378503wd,110612010030955206,,,2.8266453157,,,201026378503wd,,0,05/04/2021
2010,37,5,2,1106120100320001,6,2,03,we,8850030403,982,13.5,1,1,201026378503we,110612010032055150,YELLOWFIN TUNA,,8.7138339702,38,98,201026378503we,,0,05/04/2021
2010,37,5,2,1106120100320001,6,2,03,we,8850030601,1176,9.4,1,1,201026378503we,110612010032055150,WAHOO,,3.5880492818,46,117,201026378503we,,0,05/04/2021
2010,37,5,2,1106120100320001,6,2,03,we,8850030403,940,13,0,0,201026378503we,110612010032055150,YELLOWFIN TUNA,,8.7138339702,37,94,201026378503we,,0,05/04/2021
2010,37,5,2,1106120100320001,6,2,03,we,8850030403,940,13,1,1,201026378503we,110612010032055150,YELLOWFIN TUNA,,8.7138339702,37,94,201026378503we,,0,05/04/2021
2010,37,5,2,1106120100320001,6,2,03,we,8850030403,1042,14.5,1,1,201026378503we,110612010032055150,YELLOWFIN TUNA,,8.7138339702,41,104,201026378503we,,0,05/04/2021
2010,37,5,2,1106120100320001,6,2,03,we,8850030402,961,14.25,0,0,201026378503we,110612010032055150,BLUEFIN TUNA,,3.5880492818,37,96,201026378503we,,0,05/04/2021
2010,37,5,2,1106120100320001,6,2,03,we,8850030403,914,12.75,0,0,201026378503we,110612010032055150,YELLOWFIN TUNA,,8.7138339702,35,91,201026378503we,,0,05/04/2021
2010,37,5,2,1106120100320001,6,2,03,we,8850030403,837,9.5,0,0,201026378503we,110612010032055150,YELLOWFIN TUNA,,8.7138339702,32,83,201026378503we,,0,05/04/2021
2010,37,5,2,1106120100320001,6,2,03,we,8850030403,1108,16.25,1,1,201026378503we,110612010032055150,YELLOWFIN TUNA,,8.7138339702,43,110,201026378503we,,0,05/04/2021
2010,37,5,2,1106120100320004,6,2,03,we,,,,0,0,201026378503we,110612010032055150,,,3.5880492818,,,201026378503we,,0,05/04/2021
2010,37,5,2,1106120100320005,6,2,03,we,,,,0,0,201026378503we,110612010032055150,,,3.5880492818,,,201026378503we,,0,05/04/2021
2010,37,5,2,1106120100320006,6,2,03,we,,,,0,0,201026378503we,110612010032055150,,,3.5880492818,,,201026378503we,,0,05/04/2021
2010,37,5,2,1106120100320007,6,2,03,we,8850030402,2214,151,0,0,201026378503we,110612010032055150,BLUEFIN TUNA,,3.5880492818,87,221,201026378503we,,0,05/04/2021
2010,37,5,2,1106120100320008,6,2,03,we,,,,0,0,201026378503we,110612010032055150,,,3.5880492818,,,201026378503we,,0,05/04/2021
2010,37,5,2,1106120100320009,6,2,03,we,,,,0,0,201026378503we,110612010032055150,,,4.5726556496,,,201026378503we,,0,05/04/2021
2010,37,5,2,1106120100320010,6,2,03,we,,,,0,0,201026378503we,110612010032055150,,,4.5726556496,,,201026378503we,,0,05/04/2021
2010,37,5,2,1106120100320011,6,2,03,we,8850030402,1612,65.199102752,0,1,201026378503we,110612010032055150,BLUEFIN TUNA,,4.5726556496,63,161,201026378503we,,0,05/04/2021
2010,37,5,2,1106120100320012,6,2,03,we,,,,0,0,201026378503we,110612010032055150,,,4.5726556496,,,201026378503we,,0,05/04/2021
2010,37,5,2,1106120100320013,6,2,03,we,8850030402,1703,76.068718637,0,1,201026378503we,110612010032055150,BLUEFIN TUNA,,7.7753173074,67,170,201026378503we,,0,05/04/2021
2010,37,5,2,1106120100320014,6,2,03,we,8850030601,1440,21,1,1,201026378503we,110612010032055150,WAHOO,,6.3808634827,56,144,201026378503we,,0,05/04/2021
2010,37,5,2,1106120100320014,6,2,03,we,8850030402,1731,79.632799614,0,1,201026378503we,110612010032055150,BLUEFIN TUNA,,6.3808634827,68,173,201026378503we,,0,05/04/2021
2010,37,5,2,1106120100320015,6,2,03,we,,,,0,0,201026378503we,110612010032055150,,,6.3808634827,,,201026378503we,,0,05/04/2021
2010,37,5,2,1106120100320016,6,2,03,we,8850030402,1479,51.196399464,0,1,201026378503we,110612010032055150,BLUEFIN TUNA,,11.464900224,58,147,201026378503we,,0,05/04/2021
2010,37,5,2,1106120100403001,6,2,04,we,8850030403,816,11,1,1,201026378504we,110612010040355150,YELLOWFIN TUNA,,4.2462829535,32,81,201026378504we,,0,05/04/2021
2010,37,5,2,1106120100403001,6,2,04,we,8850030402,1617,65.768514886,0,1,201026378504we,110612010040355150,BLUEFIN TUNA,,4.2462829535,63,161,201026378504we,,0,05/04/2021
2010,37,5,2,1106120100403001,6,2,04,we,8850030403,1068,15.75,1,1,201026378504we,110612010040355150,YELLOWFIN TUNA,,4.2462829535,42,106,201026378504we,,0,05/04/2021
2010,37,5,2,1106120100403001,6,2,04,we,8850030403,982,13.5,0,0,201026378504we,110612010040355150,YELLOWFIN TUNA,,4.2462829535,38,98,201026378504we,,0,05/04/2021
2010,37,5,2,1106120100403001,6,2,04,we,8850030403,941,12.75,1,1,201026378504we,110612010040355150,YELLOWFIN TUNA,,4.2462829535,37,94,201026378504we,,0,05/04/2021
2010,37,5,2,1106120100403001,6,2,04,we,8835290101,681,2.8,1,1,201026378504we,110612010040355150,DOLPHIN,,4.2462829535,26,68,201026378504we,,0,05/04/2021
2010,37,5,2,1106120100403001,6,2,04,we,8835290101,681,2.8,1,1,201026378504we,110612010040355150,DOLPHIN,,4.2462829535,26,68,201026378504we,,0,05/04/2021
2010,37,5,2,1106120100403003,6,2,04,we,8850030403,961,15.5,1,1,201026378504we,110612010040355150,YELLOWFIN TUNA,,8.492565907,37,96,201026378504we,,0,05/04/2021
2010,37,5,2,1106120100403003,6,2,04,we,8850030403,918,13.5,0,0,201026378504we,110612010040355150,YELLOWFIN TUNA,,8.492565907,36,91,201026378504we,,0,05/04/2021
2010,37,5,2,1106120100403003,6,2,04,we,8850030403,905,13.25,0,0,201026378504we,110612010040355150,YELLOWFIN TUNA,,8.492565907,35,90,201026378504we,,0,05/04/2021
2010,37,5,2,1106120100403003,6,2,04,we,8850030403,1067,15,0,0,201026378504we,110612010040355150,YELLOWFIN TUNA,,8.492565907,42,106,201026378504we,,0,05/04/2021
2010,37,5,2,1106120100403003,6,2,04,we,8850030403,929,14,1,1,201026378504we,110612010040355150,YELLOWFIN TUNA,,8.492565907,36,92,201026378504we,,0,05/04/2021
2010,37,5,2,1106120100403003,6,2,04,we,8850030403,843,10.25,1,1,201026378504we,110612010040355150,YELLOWFIN TUNA,,8.492565907,33,84,201026378504we,,0,05/04/2021
2010,37,5,2,1106120100403003,6,2,04,we,8850030403,894,12.5,0,0,201026378504we,110612010040355150,YELLOWFIN TUNA,,8.492565907,35,89,201026378504we,,0,05/04/2021
2010,37,5,2,1106120100403003,6,2,04,we,8850030402,1820,91.670479935,0,1,201026378504we,110612010040355150,BLUEFIN TUNA,,4.2462829535,71,182,201026378504we,,0,05/04/2021
2010,37,5,2,1106120100403003,6,2,04,we,8850030403,832,10.25,1,1,201026378504we,110612010040355150,YELLOWFIN TUNA,,8.492565907,32,83,201026378504we,,0,05/04/2021
2010,37,5,2,1106120100403009,6,2,04,we,8850030403,958,15.25,1,1,201026378504we,110612010040355150,YELLOWFIN TUNA,,5.4638061631,37,95,201026378504we,,0,05/04/2021
2010,37,5,2,1106120100403009,6,2,04,we,8850030403,914,12.75,1,1,201026378504we,110612010040355150,YELLOWFIN TUNA,,5.4638061631,35,91,201026378504we,,0,05/04/2021
2010,37,5,2,1106120100403009,6,2,04,we,8850030403,893,13,0,0,201026378504we,110612010040355150,YELLOWFIN TUNA,,5.4638061631,35,89,201026378504we,,0,05/04/2021
2010,37,5,2,1106120100403009,6,2,04,we,8850030403,943,14.5,1,1,201026378504we,110612010040355150,YELLOWFIN TUNA,,5.4638061631,37,94,201026378504we,,0,05/04/2021
2010,37,5,2,1106120100403009,6,2,04,we,8850030403,957,14.25,0,0,201026378504we,110612010040355150,YELLOWFIN TUNA,,5.4638061631,37,95,201026378504we,,0,05/04/2021
2010,37,5,2,1106120100403009,6,2,04,we,8850030403,1042,14.5,0,0,201026378504we,110612010040355150,YELLOWFIN TUNA,,5.4638061631,41,104,201026378504we,,0,05/04/2021
2010,37,5,2,1106120100403009,6,2,04,we,8850030403,861,11.25,1,1,201026378504we,110612010040355150,YELLOWFIN TUNA,,5.4638061631,33,86,201026378504we,,0,05/04/2021
2010,37,5,2,1106120100406001,6,2,04,wd,8850030403,811,9.5,1,1,201026378504wd,110612010040655150,YELLOWFIN TUNA,,9.7580645464,31,81,201026378504wd,,0,05/04/2021
2010,37,5,2,1106120100406001,6,2,04,wd,8850030405,1573,66.817700083,1,1,201026378504wd,110612010040655150,BIGEYE TUNA,,9.7580645464,61,157,201026378504wd,,0,05/04/2021
2010,37,5,2,1106120100406001,6,2,04,wd,8850030403,816,11,0,0,201026378504wd,110612010040655150,YELLOWFIN TUNA,,9.7580645464,32,81,201026378504wd,,0,05/04/2021
2010,37,5,2,1106120100406001,6,2,04,wd,8850030403,1108,16.25,0,0,201026378504wd,110612010040655150,YELLOWFIN TUNA,,9.7580645464,43,110,201026378504wd,,0,05/04/2021
2010,37,5,2,1106120100406001,6,2,04,wd,8835290101,701,3.2,1,1,201026378504wd,110612010040655150,DOLPHIN,,9.7580645464,27,70,201026378504wd,,0,05/04/2021
2010,37,5,2,1106120100406001,6,2,04,wd,8850030403,873,11.75,1,1,201026378504wd,110612010040655150,YELLOWFIN TUNA,,9.7580645464,34,87,201026378504wd,,0,05/04/2021
2010,37,5,2,1106120100406001,6,2,04,wd,8850030403,865,11.75,0,0,201026378504wd,110612010040655150,YELLOWFIN TUNA,,9.7580645464,34,86,201026378504wd,,0,05/04/2021
2010,37,5,2,1106120100406001,6,2,04,wd,8850030403,982,16.25,1,1,201026378504wd,110612010040655150,YELLOWFIN TUNA,,9.7580645464,38,98,201026378504wd,,0,05/04/2021
2010,37,5,2,1106120100406004,6,2,04,wd,8850030601,1042,7.5277213766,1,1,201026378504wd,110612010040655150,WAHOO,,9.7580645464,41,104,201026378504wd,,0,05/04/2021
2010,37,5,2,1106120100406004,6,2,04,wd,8850030403,933,14,1,1,201026378504wd,110612010040655150,YELLOWFIN TUNA,,9.7580645464,36,93,201026378504wd,,0,05/04/2021
2010,37,5,2,1106120100406004,6,2,04,wd,8850030403,883,12,1,1,201026378504wd,110612010040655150,YELLOWFIN TUNA,,9.7580645464,34,88,201026378504wd,,0,05/04/2021
2010,37,5,2,1106120100406004,6,2,04,wd,8850030403,993,16.5,1,1,201026378504wd,110612010040655150,YELLOWFIN TUNA,,9.7580645464,39,99,201026378504wd,,0,05/04/2021
2010,37,5,2,1106120100406004,6,2,04,wd,8850030403,943,14.5,1,1,201026378504wd,110612010040655150,YELLOWFIN TUNA,,9.7580645464,37,94,201026378504wd,,0,05/04/2021
2010,37,5,2,1106120100406004,6,2,04,wd,8850030601,1002,5.4,1,1,201026378504wd,110612010040655150,WAHOO,,9.7580645464,39,100,201026378504wd,,0,05/04/2021
2010,37,5,2,1106120100411001,6,2,04,we,8850030403,918,11.5,0,0,201026378504we,110612010041155474,YELLOWFIN TUNA,,4.4313670202,36,91,201026378504we,,0,05/04/2021
2010,37,5,2,1106120100411001,6,2,04,we,8850030403,960,13,0,0,201026378504we,110612010041155474,YELLOWFIN TUNA,,4.4313670202,37,96,201026378504we,,0,05/04/2021
2010,37,5,2,1106120100411001,6,2,04,we,8850030403,1003,17.25,1,1,201026378504we,110612010041155474,YELLOWFIN TUNA,,4.4313670202,39,100,201026378504we,,0,05/04/2021
2010,37,5,2,1106120100411001,6,2,04,we,8835290101,701,3.2,1,1,201026378504we,110612010041155474,DOLPHIN,,4.4313670202,27,70,201026378504we,,0,05/04/2021
2010,37,5,2,1106120100411001,6,2,04,we,8850030403,1012,13.5,0,0,201026378504we,110612010041155474,YELLOWFIN TUNA,,4.4313670202,39,101,201026378504we,,0,05/04/2021
2010,37,5,2,1106120100411001,6,2,04,we,8850030403,1021,18.25,1,1,201026378504we,110612010041155474,YELLOWFIN TUNA,,4.4313670202,40,102,201026378504we,,0,05/04/2021
2010,37,5,2,1106120100411001,6,2,04,we,8850030403,1016,18,1,1,201026378504we,110612010041155474,YELLOWFIN TUNA,,4.4313670202,39,101,201026378504we,,0,05/04/2021
2010,37,5,2,1106120100411001,6,2,04,we,8850030403,1058,15.25,0,0,201026378504we,110612010041155474,YELLOWFIN TUNA,,4.4313670202,41,105,201026378504we,,0,05/04/2021
2010,37,5,2,1106120100411001,6,2,04,we,8835290101,623,2.4,1,1,201026378504we,110612010041155474,DOLPHIN,,4.4313670202,24,62,201026378504we,,0,05/04/2021
2010,37,5,2,1106120100411003,6,2,04,we,8850030403,983,16.5,1,1,201026378504we,110612010041155474,YELLOWFIN TUNA,,4.4313670202,38,98,201026378504we,,0,05/04/2021
2010,37,5,2,1106120100411003,6,2,04,we,8850030403,888,12.25,1,1,201026378504we,110612010041155474,YELLOWFIN TUNA,,4.4313670202,34,88,201026378504we,,0,05/04/2021
2010,37,5,2,1106120100411003,6,2,04,we,8850030601,1470,20,1,1,201026378504we,110612010041155474,WAHOO,,4.4313670202,57,147,201026378504we,,0,05/04/2021
2010,37,5,2,1106120100411003,6,2,04,we,8835290101,623,2.4,1,1,201026378504we,110612010041155474,DOLPHIN,,4.4313670202,24,62,201026378504we,,0,05/04/2021
2010,37,5,2,1106120100411003,6,2,04,we,8835280801,1073,14.5,0,0,201026378504we,110612010041155474,GREATER AMBERJACK,,4.4313670202,42,107,201026378504we,,0,05/04/2021
2010,37,5,2,1106120100411003,6,2,04,we,8835280801,876,10,0,0,201026378504we,110612010041155474,GREATER AMBERJACK,,4.4313670202,34,87,201026378504we,,0,05/04/2021
2010,37,5,2,1106120100411003,6,2,04,we,8835280801,871,10,0,0,201026378504we,110612010041155474,GREATER AMBERJACK,,4.4313670202,34,87,201026378504we,,0,05/04/2021
2010,37,5,2,1106120100411003,6,2,04,we,8835280801,954,11.5,0,0,201026378504we,110612010041155474,GREATER AMBERJACK,,4.4313670202,37,95,201026378504we,,0,05/04/2021
2010,37,5,2,1106120100411007,6,2,04,we,8850030403,1047,19.25,1,1,201026378504we,110612010041155474,YELLOWFIN TUNA,,0.2805182289,41,104,201026378504we,,0,05/04/2021
2010,37,5,2,1106120100411009,6,2,04,we,8850030102,748,7.5,1,1,201026378504we,110612010041155474,LITTLE TUNNY,,0.2805182289,29,74,201026378504we,,0,05/04/2021
2010,37,5,2,1106120100411010,6,2,04,we,8835290101,951,4.3,1,1,201026378504we,110612010041155474,DOLPHIN,,0.2805182289,37,95,201026378504we,,0,05/04/2021
2010,37,5,2,1106120100415001,6,2,04,wd,8850030403,928,12.5,0,0,201026378504wd,110612010041555474,YELLOWFIN TUNA,,10.799067776,36,92,201026378504wd,,0,05/04/2021
2010,37,5,2,1106120100415001,6,2,04,wd,8835280801,1073,14.5,1,1,201026378504wd,110612010041555474,GREATER AMBERJACK,,10.799067776,42,107,201026378504wd,,0,05/04/2021
2010,37,5,2,1106120100415001,6,2,04,wd,8850030403,941,12.75,0,0,201026378504wd,110612010041555474,YELLOWFIN TUNA,,10.799067776,37,94,201026378504wd,,0,05/04/2021
2010,37,5,2,1106120100415001,6,2,04,wd,8835280801,871,10,1,1,201026378504wd,110612010041555474,GREATER AMBERJACK,,10.799067776,34,87,201026378504wd,,0,05/04/2021
2010,37,5,2,1106120100415001,6,2,04,wd,8835020411,688,4.5,0,0,201026378504wd,110612010041555474,SNOWY GROUPER,,10.799067776,27,68,201026378504wd,,0,05/04/2021
2010,37,5,2,1106120100415001,6,2,04,wd,8835020411,688,4.5,1,1,201026378504wd,110612010041555474,SNOWY GROUPER,,10.799067776,27,68,201026378504wd,,0,05/04/2021
2010,37,5,2,1106120100415001,6,2,04,wd,8835020411,836,10,1,1,201026378504wd,110612010041555474,SNOWY GROUPER,,10.799067776,32,83,201026378504wd,,0,05/04/2021
2010,37,5,2,1106120100415001,6,2,04,wd,8835020411,559,2.25,0,0,201026378504wd,110612010041555474,SNOWY GROUPER,,10.799067776,22,55,201026378504wd,,0,05/04/2021
2010,37,5,2,1106120100415001,6,2,04,wd,8835280801,876,10,1,1,201026378504wd,110612010041555474,GREATER AMBERJACK,,10.799067776,34,87,201026378504wd,,0,05/04/2021
2010,37,5,2,1106120100415001,6,2,04,wd,8835020411,899,10.5,1,1,201026378504wd,110612010041555474,SNOWY GROUPER,,10.799067776,35,89,201026378504wd,,0,05/04/2021
2010,37,5,2,1106120100415001,6,2,04,wd,8835280801,966,11.75,0,0,201026378504wd,110612010041555474,GREATER AMBERJACK,,10.799067776,38,96,201026378504wd,,0,05/04/2021
2010,37,5,2,1106120100415001,6,2,04,wd,8835280801,865,9,0,0,201026378504wd,110612010041555474,GREATER AMBERJACK,,10.799067776,34,86,201026378504wd,,0,05/04/2021
2010,37,5,2,1106120100415006,6,2,04,wd,8835020411,846,10.25,1,1,201026378504wd,110612010041555474,SNOWY GROUPER,,10.799067776,33,84,201026378504wd,,0,05/04/2021
2010,37,5,2,1106120100415006,6,2,04,wd,8835280801,993,13.25,1,1,201026378504wd,110612010041555474,GREATER AMBERJACK,,10.799067776,39,99,201026378504wd,,0,05/04/2021
2010,37,5,2,1106120100415006,6,2,04,wd,8835220104,583,3.5,1,1,201026378504wd,110612010041555474,BLUELINE TILEFISH,,10.799067776,22,58,201026378504wd,,0,05/04/2021
2010,37,5,2,1106120100415006,6,2,04,wd,8835280801,865,9,1,1,201026378504wd,110612010041555474,GREATER AMBERJACK,,10.799067776,34,86,201026378504wd,,0,05/04/2021
2010,37,5,2,1106120100415006,6,2,04,wd,8835020411,789,7.75,0,0,201026378504wd,110612010041555474,SNOWY GROUPER,,10.799067776,31,78,201026378504wd,,0,05/04/2021
2010,37,5,2,1106120100415006,6,2,04,wd,8835280801,966,11.75,1,1,201026378504wd,110612010041555474,GREATER AMBERJACK,,10.799067776,38,96,201026378504wd,,0,05/04/2021
2010,37,5,2,1106120100415006,6,2,04,wd,8835020411,753,6,1,1,201026378504wd,110612010041555474,SNOWY GROUPER,,10.799067776,29,75,201026378504wd,,0,05/04/2021
2010,37,5,2,1106120100415006,6,2,04,wd,8835020411,812,8.5,0,0,201026378504wd,110612010041555474,SNOWY GROUPER,,10.799067776,31,81,201026378504wd,,0,05/04/2021
2010,37,5,2,1106120100415006,6,2,04,wd,8835280801,918,10,1,1,201026378504wd,110612010041555474,GREATER AMBERJACK,,10.799067776,36,91,201026378504wd,,0,05/04/2021
2010,37,5,2,1106120100415006,6,2,04,wd,8835020405,555,2.5106763494,1,1,201026378504wd,110612010041555474,YELLOWEDGE GROUPER,,10.799067776,21,55,201026378504wd,,0,05/04/2021
2010,37,5,2,1106120100415006,6,2,04,wd,8835280801,863,9.25,1,1,201026378504wd,110612010041555474,GREATER AMBERJACK,,10.799067776,33,86,201026378504wd,,0,05/04/2021
2010,37,5,2,1106120100415006,6,2,04,wd,8835020405,836,9.8,1,1,201026378504wd,110612010041555474,YELLOWEDGE GROUPER,,10.799067776,32,83,201026378504wd,,0,05/04/2021
2010,37,5,2,1106120100416001,6,2,04,wd,8835280801,992,12.75,1,1,201026378504wd,110612010041655474,GREATER AMBERJACK,,11.469460931,39,99,201026378504wd,,0,05/04/2021
2010,37,5,2,1106120100416001,6,2,04,wd,8850030403,1068,15.75,0,0,201026378504wd,110612010041655474,YELLOWFIN TUNA,,11.469460931,42,106,201026378504wd,,0,05/04/2021
2010,37,5,2,1106120100416001,6,2,04,wd,8835280801,1018,13,1,1,201026378504wd,110612010041655474,GREATER AMBERJACK,,11.469460931,40,101,201026378504wd,,0,05/04/2021
2010,37,5,2,1106120100416001,6,2,04,wd,8835280801,876,9,1,1,201026378504wd,110612010041655474,GREATER AMBERJACK,,11.469460931,34,87,201026378504wd,,0,05/04/2021
2010,37,5,2,1106120100416001,6,2,04,wd,8850030403,952,13.25,0,0,201026378504wd,110612010041655474,YELLOWFIN TUNA,,11.469460931,37,95,201026378504wd,,0,05/04/2021
2010,37,5,2,1106120100416001,6,2,04,wd,8835280801,939,11,1,1,201026378504wd,110612010041655474,GREATER AMBERJACK,,11.469460931,36,93,201026378504wd,,0,05/04/2021
2010,37,5,2,1106120100416001,6,2,04,wd,8835280801,956,10.25,1,1,201026378504wd,110612010041655474,GREATER AMBERJACK,,11.469460931,37,95,201026378504wd,,0,05/04/2021
2010,37,5,2,1106120100416006,6,2,04,wd,8835220104,652,4.5,1,1,201026378504wd,110612010041655474,BLUELINE TILEFISH,,11.469460931,25,65,201026378504wd,,0,05/04/2021
2010,37,5,2,1106120100416006,6,2,04,wd,8860020201,493,2.4,1,1,201026378504wd,110612010041655474,GRAY TRIGGERFISH,,22.938921861,19,49,201026378504wd,,0,05/04/2021
2010,37,5,2,1106120100416006,6,2,04,wd,8860020201,472,2,1,1,201026378504wd,110612010041655474,GRAY TRIGGERFISH,,22.938921861,18,47,201026378504wd,,0,05/04/2021
2010,37,5,2,1106120100416006,6,2,04,wd,8860020201,408,1.6,1,1,201026378504wd,110612010041655474,GRAY TRIGGERFISH,,22.938921861,16,40,201026378504wd,,0,05/04/2021
2010,37,5,2,1106120100416006,6,2,04,wd,8860020201,487,2.3,1,1,201026378504wd,110612010041655474,GRAY TRIGGERFISH,,22.938921861,19,48,201026378504wd,,0,05/04/2021
2010,37,5,2,1106120100416006,6,2,04,wd,8835280801,988,12,1,1,201026378504wd,110612010041655474,GREATER AMBERJACK,,11.469460931,38,98,201026378504wd,,0,05/04/2021
2010,37,5,2,1106120100416006,6,2,04,wd,8835280801,903,10.75,1,1,201026378504wd,110612010041655474,GREATER AMBERJACK,,11.469460931,35,90,201026378504wd,,0,05/04/2021
2010,37,5,2,1106120100416006,6,2,04,wd,8835280801,965,11.25,1,1,201026378504wd,110612010041655474,GREATER AMBERJACK,,11.469460931,37,96,201026378504wd,,0,05/04/2021
2010,37,5,2,1106120100416006,6,2,04,wd,8835280801,914,10.5,1,1,201026378504wd,110612010041655474,GREATER AMBERJACK,,11.469460931,35,91,201026378504wd,,0,05/04/2021
2010,37,5,2,1106120100416006,6,2,04,wd,8860020201,362,1,1,1,201026378504wd,110612010041655474,GRAY TRIGGERFISH,,22.938921861,14,36,201026378504wd,,0,05/04/2021
2010,37,5,2,1106120100416006,6,2,04,wd,8835280801,863,9.25,0,0,201026378504wd,110612010041655474,GREATER AMBERJACK,,11.469460931,33,86,201026378504wd,,0,05/04/2021
2010,37,5,2,1106120100416006,6,2,04,wd,8835020411,811,8.25,0,0,201026378504wd,110612010041655474,SNOWY GROUPER,,11.469460931,31,81,201026378504wd,,0,05/04/2021
2010,37,5,2,1106120100416006,6,2,04,wd,8835020411,839,10,1,1,201026378504wd,110612010041655474,SNOWY GROUPER,,11.469460931,33,83,201026378504wd,,0,05/04/2021
2010,37,5,2,1106120100416006,6,2,04,wd,8835020301,300,0.35,1,1,201026378504wd,110612010041655474,BLACK SEA BASS,,89.461795259,11,30,201026378504wd,,0,05/04/2021
2010,37,5,2,1106120100416006,6,2,04,wd,8835020411,889,10,1,1,201026378504wd,110612010041655474,SNOWY GROUPER,,11.469460931,34,88,201026378504wd,,0,05/04/2021
2010,37,5,2,1106120100416006,6,2,04,wd,8835020411,846,8.6,1,1,201026378504wd,110612010041655474,SNOWY GROUPER,,11.469460931,33,84,201026378504wd,,0,05/04/2021
2010,37,5,2,1106120100416006,6,2,04,wd,8835020411,899,10.5,0,0,201026378504wd,110612010041655474,SNOWY GROUPER,,11.469460931,35,89,201026378504wd,,0,05/04/2021
2010,37,5,2,1106120100416006,6,2,04,wd,8835020411,948,12.75,0,0,201026378504wd,110612010041655474,SNOWY GROUPER,,11.469460931,37,94,201026378504wd,,0,05/04/2021
2010,37,5,2,1106120100416006,6,2,04,wd,8835020301,325,0.5,1,1,201026378504wd,110612010041655474,BLACK SEA BASS,,89.461795259,12,32,201026378504wd,,0,05/04/2021
2010,37,5,2,1106120100416006,6,2,04,wd,8835020301,341,0.55,1,1,201026378504wd,110612010041655474,BLACK SEA BASS,,89.461795259,13,34,201026378504wd,,0,05/04/2021
2010,37,5,2,1106120100416006,6,2,04,wd,8835020301,344,0.75,1,1,201026378504wd,110612010041655474,BLACK SEA BASS,,89.461795259,13,34,201026378504wd,,0,05/04/2021
2010,37,5,2,1106120100416006,6,2,04,wd,8835020301,529,2.7,1,1,201026378504wd,110612010041655474,BLACK SEA BASS,,89.461795259,20,52,201026378504wd,,0,05/04/2021
2010,37,5,2,1106120100421001,6,2,04,wd,8860020201,354,0.9,1,1,201026378504wd,110612010042155474,GRAY TRIGGERFISH,,10.857594163,13,35,201026378504wd,,0,05/04/2021
2010,37,5,2,1106120100421001,6,2,04,wd,8860020201,386,1.2,1,1,201026378504wd,110612010042155474,GRAY TRIGGERFISH,,10.857594163,15,38,201026378504wd,,0,05/04/2021
2010,37,5,2,1106120100421001,6,2,04,wd,8835280801,1046,14.25,0,0,201026378504wd,110612010042155474,GREATER AMBERJACK,,10.857594163,41,104,201026378504wd,,0,05/04/2021
2010,37,5,2,1106120100421001,6,2,04,wd,8835290101,553,1.9,1,1,201026378504wd,110612010042155474,DOLPHIN,,10.857594163,21,55,201026378504wd,,0,05/04/2021
2010,37,5,2,1106120100421001,6,2,04,wd,8835280801,948,14.5,1,1,201026378504wd,110612010042155474,GREATER AMBERJACK,,10.857594163,37,94,201026378504wd,,0,05/04/2021
2010,37,5,2,1106120100421001,6,2,04,wd,8835280801,918,10,0,0,201026378504wd,110612010042155474,GREATER AMBERJACK,,10.857594163,36,91,201026378504wd,,0,05/04/2021
2010,37,5,2,1106120100421001,6,2,04,wd,8835280801,993,13.25,0,0,201026378504wd,110612010042155474,GREATER AMBERJACK,,10.857594163,39,99,201026378504wd,,0,05/04/2021
2010,37,5,2,1106120100421001,6,2,04,wd,8835290101,553,1.9,1,1,201026378504wd,110612010042155474,DOLPHIN,,10.857594163,21,55,201026378504wd,,0,05/04/2021
2010,37,5,2,1106120100421001,6,2,04,wd,8835290101,951,4.3,1,1,201026378504wd,110612010042155474,DOLPHIN,,10.857594163,37,95,201026378504wd,,0,05/04/2021
2010,37,5,2,1106120100421001,6,2,04,wd,8835280801,928,11.5,1,1,201026378504wd,110612010042155474,GREATER AMBERJACK,,10.857594163,36,92,201026378504wd,,0,05/04/2021
2010,37,5,2,1106120100421001,6,2,04,wd,8835280801,941,13.75,1,1,201026378504wd,110612010042155474,GREATER AMBERJACK,,10.857594163,37,94,201026378504wd,,0,05/04/2021
2010,37,5,2,1106120100421005,6,2,04,wd,8835280801,1007,12.5,1,1,201026378504wd,110612010042155474,GREATER AMBERJACK,,13.029112995,39,100,201026378504wd,,0,05/04/2021
2010,37,5,2,1106120100421005,6,2,04,wd,8835280801,914,10.5,1,1,201026378504wd,110612010042155474,GREATER AMBERJACK,,13.029112995,35,91,201026378504wd,,0,05/04/2021
2010,37,5,2,1106120100421005,6,2,04,wd,8835280801,1013,15.25,1,1,201026378504wd,110612010042155474,GREATER AMBERJACK,,13.029112995,39,101,201026378504wd,,0,05/04/2021
2010,37,5,2,1106120100421005,6,2,04,wd,8835280801,933,12,1,1,201026378504wd,110612010042155474,GREATER AMBERJACK,,13.029112995,36,93,201026378504wd,,0,05/04/2021
2010,37,5,2,1106120100421005,6,2,04,wd,8835280801,961,11,1,1,201026378504wd,110612010042155474,GREATER AMBERJACK,,13.029112995,37,96,201026378504wd,,0,05/04/2021
2010,37,5,2,1106120100421005,6,2,04,wd,8835290101,994,9.2,1,1,201026378504wd,110612010042155474,DOLPHIN,,10.857594163,39,99,201026378504wd,,0,05/04/2021
2010,37,5,2,1106120100424001,6,2,04,we,8835290101,994,9.2,1,1,201026378504we,110612010042455474,DOLPHIN,,5.244706176,39,99,201026378504we,,0,05/04/2021
2010,37,5,2,1106120100424001,6,2,04,we,8835290101,615,2,1,1,201026378504we,110612010042455474,DOLPHIN,,5.244706176,24,61,201026378504we,,0,05/04/2021
2010,37,5,2,1106120100424001,6,2,04,we,8835290101,994,9.2,1,1,201026378504we,110612010042455474,DOLPHIN,,5.244706176,39,99,201026378504we,,0,05/04/2021
2010,37,5,2,1106120100424001,6,2,04,we,8835280803,829,8.9,1,1,201026378504we,110612010042455474,ALMACO JACK,,4.37058848,32,82,201026378504we,,0,05/04/2021
2010,37,5,2,1106120100424001,6,2,04,we,8835280801,911,9.6,1,1,201026378504we,110612010042455474,GREATER AMBERJACK,,4.37058848,35,91,201026378504we,,0,05/04/2021
2010,37,5,2,1106120100424001,6,2,04,we,8835280803,773,11,1,1,201026378504we,110612010042455474,ALMACO JACK,,4.37058848,30,77,201026378504we,,0,05/04/2021
2010,37,5,2,1106120100424001,6,2,04,we,8835280801,946,10.25,1,1,201026378504we,110612010042455474,GREATER AMBERJACK,,4.37058848,37,94,201026378504we,,0,05/04/2021
2010,37,5,2,1106120100424001,6,2,04,we,8835280801,1019,12.75,1,1,201026378504we,110612010042455474,GREATER AMBERJACK,,4.37058848,40,101,201026378504we,,0,05/04/2021
2010,37,5,2,1106120100424001,6,2,04,we,8835280803,1038,7.75,1,1,201026378504we,110612010042455474,ALMACO JACK,,4.37058848,40,103,201026378504we,,0,05/04/2021
2010,37,5,2,1106120100424001,6,2,04,we,8835020411,838,10.25,1,1,201026378504we,110612010042455474,SNOWY GROUPER,,5.244706176,32,83,201026378504we,,0,05/04/2021
2010,37,5,2,1106120100424001,6,2,04,we,8835290101,698,3.6,1,1,201026378504we,110612010042455474,DOLPHIN,,5.244706176,27,69,201026378504we,,0,05/04/2021
2010,37,5,2,1106120100424001,6,2,04,we,8835020411,562,3.6,1,1,201026378504we,110612010042455474,SNOWY GROUPER,,5.244706176,22,56,201026378504we,,0,05/04/2021
2010,37,5,2,1106120100424001,6,2,04,we,8835020411,829,9.5,1,1,201026378504we,110612010042455474,SNOWY GROUPER,,5.244706176,32,82,201026378504we,,0,05/04/2021
2010,37,5,2,1106120100424001,6,2,04,we,8835290101,615,2,1,1,201026378504we,110612010042455474,DOLPHIN,,5.244706176,24,61,201026378504we,,0,05/04/2021
2010,37,5,2,1106120100424001,6,2,04,we,8835020411,854,11,1,1,201026378504we,110612010042455474,SNOWY GROUPER,,5.244706176,33,85,201026378504we,,0,05/04/2021
2010,37,5,2,1106120100424001,6,2,04,we,8835020411,849,10.5,1,1,201026378504we,110612010042455474,SNOWY GROUPER,,5.244706176,33,84,201026378504we,,0,05/04/2021
2010,37,5,2,1106120100424003,6,2,04,we,8835290101,719,3.7,1,1,201026378504we,110612010042455474,DOLPHIN,,11.742779047,28,71,201026378504we,,0,05/04/2021
2010,37,5,2,1106120100424003,6,2,04,we,8835280801,915,9.75,0,0,201026378504we,110612010042455474,GREATER AMBERJACK,,5.3376268395,36,91,201026378504we,,0,05/04/2021
2010,37,5,2,1106120100424003,6,2,04,we,8835290101,719,3.7,1,1,201026378504we,110612010042455474,DOLPHIN,,11.742779047,28,71,201026378504we,,0,05/04/2021
2010,37,5,2,1106120100424003,6,2,04,we,8835290101,698,3.6,1,1,201026378504we,110612010042455474,DOLPHIN,,11.742779047,27,69,201026378504we,,0,05/04/2021
2010,37,5,2,1106120100424003,6,2,04,we,8835290101,682,3.5,1,1,201026378504we,110612010042455474,DOLPHIN,,11.742779047,26,68,201026378504we,,0,05/04/2021
2010,37,5,2,1106120100424003,6,2,04,we,8835280801,812,7.5,1,1,201026378504we,110612010042455474,GREATER AMBERJACK,,5.3376268395,31,81,201026378504we,,0,05/04/2021
2010,37,5,2,1106120100424003,6,2,04,we,8835280801,916,10.75,1,1,201026378504we,110612010042455474,GREATER AMBERJACK,,5.3376268395,36,91,201026378504we,,0,05/04/2021
2010,37,5,2,1106120100424003,6,2,04,we,8835280801,992,12.75,0,0,201026378504we,110612010042455474,GREATER AMBERJACK,,5.3376268395,39,99,201026378504we,,0,05/04/2021
2010,37,5,2,1106120100424003,6,2,04,we,8835280801,876,9,0,0,201026378504we,110612010042455474,GREATER AMBERJACK,,5.3376268395,34,87,201026378504we,,0,05/04/2021
2010,37,5,2,1106120100424003,6,2,04,we,8835280801,969,14,1,1,201026378504we,110612010042455474,GREATER AMBERJACK,,5.3376268395,38,96,201026378504we,,0,05/04/2021
2010,37,5,2,1106120100424003,6,2,04,we,8835290101,682,3.5,1,1,201026378504we,110612010042455474,DOLPHIN,,11.742779047,26,68,201026378504we,,0,05/04/2021
2010,37,5,2,1106420100302001,6,2,03,wd,,,,0,0,201026378503wd,110642010030255206,,,19.470117374,,,201026378503wd,,0,05/04/2021
2010,37,5,2,1106420100302002,6,2,03,wd,8850030402,1708,81,0,0,201026378503wd,110642010030255206,BLUEFIN TUNA,,19.011300785,67,170,201026378503wd,,0,05/04/2021
2010,37,5,2,1106420100302003,6,2,03,wd,,,,0,0,201026378503wd,110642010030255206,,,19.470117374,,,201026378503wd,,0,05/04/2021
2010,37,5,2,1106420100302004,6,2,03,wd,,,,0,0,201026378503wd,110642010030255206,,,19.470117374,,,201026378503wd,,0,05/04/2021
2010,37,5,2,1106420100302006,6,2,03,wd,8850030402,1758,73,0,0,201026378503wd,110642010030255206,BLUEFIN TUNA,,19.011300785,69,175,201026378503wd,,0,05/04/2021
2010,37,5,2,1106420100302008,6,2,03,wd,,,,0,0,201026378503wd,110642010030255206,,,19.470117374,,,201026378503wd,,0,05/04/2021
2010,37,5,2,1106420100302009,6,2,03,wd,,,,0,0,201026378503wd,110642010030255206,,,19.470117374,,,201026378503wd,,0,05/04/2021
2010,37,5,2,1106420100302010,6,2,03,wd,,,,0,0,201026378503wd,110642010030255206,,,19.470117374,,,201026378503wd,,0,05/04/2021
2010,37,5,2,1106420100302011,6,2,03,wd,8850030402,1788,84,0,0,201026378503wd,110642010030255206,BLUEFIN TUNA,,19.011300785,70,178,201026378503wd,,0,05/04/2021
2010,37,5,2,1106420100302012,6,2,03,wd,,,,0,0,201026378503wd,110642010030255206,,,19.470117374,,,201026378503wd,,0,05/04/2021
2010,37,5,2,1106420100302013,6,2,03,wd,,,,0,0,201026378503wd,110642010030255206,,,19.470117374,,,201026378503wd,,0,05/04/2021
2010,37,5,2,1106420100302014,6,2,03,wd,,,,0,0,201026378503wd,110642010030255206,,,18.990929448,,,201026378503wd,,0,05/04/2021
2010,37,5,2,1106420100302015,6,2,03,wd,8850030402,1741,83,0,0,201026378503wd,110642010030255206,BLUEFIN TUNA,,18.543405003,68,174,201026378503wd,,0,05/04/2021
2010,37,5,2,1106420100302016,6,2,03,wd,,,,0,0,201026378503wd,110642010030255206,,,18.990929448,,,201026378503wd,,0,05/04/2021
2010,37,5,2,1106420100302017,6,2,03,wd,,,,0,0,201026378503wd,110642010030255206,,,19.470117374,,,201026378503wd,,0,05/04/2021
2010,37,5,2,1106420100302018,6,2,03,wd,,,,0,0,201026378503wd,110642010030255206,,,19.470117374,,,201026378503wd,,0,05/04/2021
2010,37,5,2,1106420100306001,6,2,03,we,,,,0,0,201026378503we,110642010030655474,,,30.281626875,,,201026378503we,,0,05/04/2021
2010,37,5,2,1106420100306002,6,2,03,we,8850030402,1562,61,0,0,201026378503we,110642010030655474,BLUEFIN TUNA,,30.281626875,61,156,201026378503we,,0,05/04/2021
2010,37,5,2,1106420100306003,6,2,03,we,,,,0,0,201026378503we,110642010030655653,,,16.611979876,,,201026378503we,,0,05/04/2021
2010,37,5,2,1106420100306004,6,2,03,we,,,,0,0,201026378503we,110642010030655653,,,13.602323666,,,201026378503we,,0,05/04/2021
2010,37,5,2,1106420100306005,6,2,03,we,8850030402,1478,53,0,0,201026378503we,110642010030655653,BLUEFIN TUNA,,16.611979876,58,147,201026378503we,,0,05/04/2021
2010,37,5,2,1106420100306006,6,2,03,we,,,,0,0,201026378503we,110642010030655653,,,16.611979876,,,201026378503we,,0,05/04/2021
2010,37,5,2,1106420100306007,6,2,03,we,,,,0,0,201026378503we,110642010030655653,,,16.611979876,,,201026378503we,,0,05/04/2021
2010,37,5,2,1106420100306008,6,2,03,we,,,,0,0,201026378503we,110642010030655206,,,0.5579328052,,,201026378503we,,0,05/04/2021
2010,37,5,2,1106420100306009,6,2,03,we,8850030402,1842,91,0,0,201026378503we,110642010030655206,BLUEFIN TUNA,,0.5579328052,72,184,201026378503we,,0,05/04/2021
2010,37,5,2,1106420100306010,6,2,03,we,,,,0,0,201026378503we,110642010030655206,,,0.5579328052,,,201026378503we,,0,05/04/2021
2010,37,5,2,1106420100306011,6,2,03,we,,,,0,0,201026378503we,110642010030655206,,,7.216892545,,,201026378503we,,0,05/04/2021
2010,37,5,2,1106420100306012,6,2,03,we,,,,0,0,201026378503we,110642010030655206,,,7.216892545,,,201026378503we,,0,05/04/2021
2010,37,5,2,1106420100306013,6,2,03,we,,,,0,0,201026378503we,110642010030655206,,,7.216892545,,,201026378503we,,0,05/04/2021
2010,37,5,2,1106420100306014,6,2,03,we,,,,0,0,201026378503we,110642010030655206,,,7.216892545,,,201026378503we,,0,05/04/2021
2010,37,5,2,1106420100306015,6,2,03,we,8850030402,1736,80,0,0,201026378503we,110642010030655206,BLUEFIN TUNA,,7.216892545,68,173,201026378503we,,0,05/04/2021
2010,37,5,2,1106420100306016,6,2,03,we,,,,0,0,201026378503we,110642010030655206,,,7.216892545,,,201026378503we,,0,05/04/2021
2010,37,5,2,1106420100306017,6,2,03,we,,,,0,0,201026378503we,110642010030655206,,,8.8137054135,,,201026378503we,,0,05/04/2021
2010,37,5,2,1106420100306018,6,2,03,we,,,,0,0,201026378503we,110642010030655206,,,8.8137054135,,,201026378503we,,0,05/04/2021
2010,37,5,2,1106420100306019,6,2,03,we,8850030402,1692,78,0,0,201026378503we,110642010030655206,BLUEFIN TUNA,,8.8137054135,66,169,201026378503we,,0,05/04/2021
2010,37,5,2,1106420100306020,6,2,03,we,,,,0,0,201026378503we,110642010030655206,,,8.8137054135,,,201026378503we,,0,05/04/2021
2010,37,5,2,1106420100306021,6,2,03,we,,,,0,0,201026378503we,110642010030655206,,,8.8137054135,,,201026378503we,,0,05/04/2021
2010,37,5,2,1106420100306022,6,2,03,we,,,,0,0,201026378503we,110642010030655206,,,8.8137054135,,,201026378503we,,0,05/04/2021
2010,37,5,2,1106420100306023,6,2,03,we,,,,0,0,201026378503we,110642010030655206,,,8.8137054135,,,201026378503we,,0,05/04/2021
2010,37,5,2,1106420100306024,6,2,03,we,8850030402,1714,80,0,0,201026378503we,110642010030655206,BLUEFIN TUNA,,8.8137054135,67,171,201026378503we,,0,05/04/2021
2010,37,5,2,1106420100306025,6,2,03,we,,,,0,0,201026378503we,110642010030655206,,,8.8137054135,,,201026378503we,,0,05/04/2021
2010,37,5,2,1106420100306026,6,2,03,we,,,,0,0,201026378503we,110642010030655206,,,8.8137054135,,,201026378503we,,0,05/04/2021
2010,37,5,2,1106420100307001,6,2,03,we,,,,0,0,201026378503we,110642010030755653,,,16.150535991,,,201026378503we,,0,05/04/2021
2010,37,5,2,1106420100307002,6,2,03,we,,,,0,0,201026378503we,110642010030755653,,,16.150535991,,,201026378503we,,0,05/04/2021
2010,37,5,2,1106420100307003,6,2,03,we,,,,0,0,201026378503we,110642010030755653,,,16.150535991,,,201026378503we,,0,05/04/2021
2010,37,5,2,1106420100307004,6,2,03,we,,,,0,0,201026378503we,110642010030755653,,,16.150535991,,,201026378503we,,0,05/04/2021
2010,37,5,2,1106420100307005,6,2,03,we,8850030402,1758,75,0,0,201026378503we,110642010030755653,BLUEFIN TUNA,,16.150535991,69,175,201026378503we,,0,05/04/2021
2010,37,5,2,1106420100307006,6,2,03,we,,,,0,0,201026378503we,110642010030755653,,,16.150535991,,,201026378503we,,0,05/04/2021
2010,37,5,2,1106420100307007,6,2,03,we,,,,0,0,201026378503we,110642010030755474,,,4.5651569991,,,201026378503we,,0,05/04/2021
2010,37,5,2,1106420100307008,6,2,03,we,8850030402,1618,59,0,0,201026378503we,110642010030755474,BLUEFIN TUNA,,4.5651569991,63,161,201026378503we,,0,05/04/2021
2010,37,5,2,1106420100307009,6,2,03,we,,,,0,0,201026378503we,110642010030755474,,,4.5651569991,,,201026378503we,,0,05/04/2021
2010,37,5,2,1106420100307010,6,2,03,we,,,,0,0,201026378503we,110642010030755474,,,4.5651569991,,,201026378503we,,0,05/04/2021
2010,37,5,2,1106420100307011,6,2,03,we,,,,0,0,201026378503we,110642010030755474,,,4.5651569991,,,201026378503we,,0,05/04/2021
2010,37,5,2,1106420100307012,6,2,03,we,,,,0,0,201026378503we,110642010030755474,,,4.5651569991,,,201026378503we,,0,05/04/2021
2010,37,5,2,1106420100307013,6,2,03,we,,,,0,0,201026378503we,110642010030755474,,,4.5651569991,,,201026378503we,,0,05/04/2021
2010,37,5,2,1106420100307014,6,2,03,we,,,,0,0,201026378503we,110642010030755474,,,4.5651569991,,,201026378503we,,0,05/04/2021
2010,37,5,2,1106420100307015,6,2,03,we,,,,0,0,201026378503we,110642010030755474,,,4.5651569991,,,201026378503we,,0,05/04/2021
2010,37,5,2,1106420100307016,6,2,03,we,8850030402,1678,75,0,0,201026378503we,110642010030755474,BLUEFIN TUNA,,4.5651569991,66,167,201026378503we,,0,05/04/2021
2010,37,5,2,1106420100307017,6,2,03,we,,,,0,0,201026378503we,110642010030755206,,,15.289087394,,,201026378503we,,0,05/04/2021
2010,37,5,2,1106420100307018,6,2,03,we,8850030402,1708,85,0,0,201026378503we,110642010030755206,BLUEFIN TUNA,,14.912800701,67,170,201026378503we,,0,05/04/2021
2010,37,5,2,1106420100307019,6,2,03,we,,,,0,0,201026378503we,110642010030755206,,,15.289087394,,,201026378503we,,0,05/04/2021
2010,37,5,2,1106420100308001,6,2,03,wd,,,,0,0,201026378503wd,110642010030855501,,,0.5286361426,,,201026378503wd,,0,05/04/2021
2010,37,5,2,1106420100308002,6,2,03,wd,,,,0,0,201026378503wd,110642010030855501,,,0.5286361426,,,201026378503wd,,0,05/04/2021
2010,37,5,2,1106420100308003,6,2,03,wd,,,,0,0,201026378503wd,110642010030855501,,,0.5286361426,,,201026378503wd,,0,05/04/2021
2010,37,5,2,1106420100308004,6,2,03,wd,,,,0,0,201026378503wd,110642010030855501,,,0.5286361426,,,201026378503wd,,0,05/04/2021
2010,37,5,2,1106420100308005,6,2,03,wd,8850030402,1657,72,0,0,201026378503wd,110642010030855501,BLUEFIN TUNA,,0.499591738,65,165,201026378503wd,,0,05/04/2021
2010,37,5,2,1106420100308006,6,2,03,wd,,,,0,0,201026378503wd,110642010030855501,,,0.5286361426,,,201026378503wd,,0,05/04/2021
2010,37,5,2,1106420100313001,6,2,03,we,8850030601,1143,10.5,0,0,201026378503we,110642010031355474,WAHOO,,4.77560846,44,114,201026378503we,,0,05/04/2021
2010,37,5,2,1106420100313001,6,2,03,we,8850030102,792,8.9,0,0,201026378503we,110642010031355474,LITTLE TUNNY,,4.77560846,31,79,201026378503we,,0,05/04/2021
2010,37,5,2,1106420100313001,6,2,03,we,8850030102,741,7.4,0,0,201026378503we,110642010031355474,LITTLE TUNNY,,4.77560846,29,74,201026378503we,,0,05/04/2021
2010,37,5,2,1106420100313001,6,2,03,we,8850030102,721,6.8,0,0,201026378503we,110642010031355474,LITTLE TUNNY,,4.77560846,28,72,201026378503we,,0,05/04/2021
2010,37,5,2,1106420100313001,6,2,03,we,8850030102,803,9.2,0,0,201026378503we,110642010031355474,LITTLE TUNNY,,4.77560846,31,80,201026378503we,,0,05/04/2021
2010,37,5,2,1106420100313001,6,2,03,we,8850030102,771,8.3,0,0,201026378503we,110642010031355474,LITTLE TUNNY,,4.77560846,30,77,201026378503we,,0,05/04/2021
2010,37,5,2,1106420100313004,6,2,03,we,8850030404,863,10.5,0,0,201026378503we,110642010031355474,BLACKFIN TUNA,,3.9103931294,33,86,201026378503we,,0,05/04/2021
2010,37,5,2,1106420100313004,6,2,03,we,8850030102,711,6.7,0,0,201026378503we,110642010031355474,LITTLE TUNNY,,3.9103931294,27,71,201026378503we,,0,05/04/2021
2010,37,5,2,1106420100313004,6,2,03,we,8850030102,761,8,0,0,201026378503we,110642010031355474,LITTLE TUNNY,,3.9103931294,29,76,201026378503we,,0,05/04/2021
2010,37,5,2,1106420100313004,6,2,03,we,8850030102,803,9.3,0,0,201026378503we,110642010031355474,LITTLE TUNNY,,3.9103931294,31,80,201026378503we,,0,05/04/2021
2010,37,5,2,1106420100313004,6,2,03,we,8850030102,832,10,0,0,201026378503we,110642010031355474,LITTLE TUNNY,,3.9103931294,32,83,201026378503we,,0,05/04/2021
2010,37,5,2,1106420100313004,6,2,03,we,8850030102,824,9.9,0,0,201026378503we,110642010031355474,LITTLE TUNNY,,3.9103931294,32,82,201026378503we,,0,05/04/2021
2010,37,5,2,1106420100313004,6,2,03,we,8850030102,721,6.8,0,0,201026378503we,110642010031355474,LITTLE TUNNY,,3.9103931294,28,72,201026378503we,,0,05/04/2021
2010,37,5,2,1106420100313004,6,2,03,we,8850030102,751,7.7,0,0,201026378503we,110642010031355474,LITTLE TUNNY,,3.9103931294,29,75,201026378503we,,0,05/04/2021
2010,37,5,2,1106420100313004,6,2,03,we,8850030102,898,9.4,0,0,201026378503we,110642010031355474,LITTLE TUNNY,,3.9103931294,35,89,201026378503we,,0,05/04/2021
2010,37,5,2,1106420100313010,6,2,03,we,8850030102,685,5.9,0,0,201026378503we,110642010031355474,LITTLE TUNNY,,3.9103931294,26,68,201026378503we,,0,05/04/2021
2010,37,5,2,1106420100313010,6,2,03,we,8850030102,709,6.6,0,0,201026378503we,110642010031355474,LITTLE TUNNY,,3.9103931294,27,70,201026378503we,,0,05/04/2021
2010,37,5,2,1106420100313010,6,2,03,we,8850030102,718,6.7,0,0,201026378503we,110642010031355474,LITTLE TUNNY,,3.9103931294,28,71,201026378503we,,0,05/04/2021
2010,37,5,2,1106420100313010,6,2,03,we,8850030102,783,8.6,0,0,201026378503we,110642010031355474,LITTLE TUNNY,,3.9103931294,30,78,201026378503we,,0,05/04/2021
2010,37,5,2,1106420100313010,6,2,03,we,8850030102,770,8.3,0,0,201026378503we,110642010031355474,LITTLE TUNNY,,3.9103931294,30,77,201026378503we,,0,05/04/2021
2010,37,5,2,1106420100313010,6,2,03,we,8850030102,753,7.7,0,0,201026378503we,110642010031355474,LITTLE TUNNY,,3.9103931294,29,75,201026378503we,,0,05/04/2021
2010,37,5,2,1106420100320001,6,2,03,we,8850030403,911,13.25,0,0,201026378503we,110642010032055474,YELLOWFIN TUNA,,0.3407959974,35,91,201026378503we,,0,05/04/2021
2010,37,5,2,1106420100320001,6,2,03,we,8850030403,843,10.25,0,0,201026378503we,110642010032055474,YELLOWFIN TUNA,,0.3407959974,33,84,201026378503we,,0,05/04/2021
2010,37,5,2,1106420100320001,6,2,03,we,8850030403,886,12.25,0,0,201026378503we,110642010032055474,YELLOWFIN TUNA,,0.3407959974,34,88,201026378503we,,0,05/04/2021
2010,37,5,2,1106420100320001,6,2,03,we,8850030403,929,14,0,0,201026378503we,110642010032055474,YELLOWFIN TUNA,,0.3407959974,36,92,201026378503we,,0,05/04/2021
2010,37,5,2,1106420100320001,6,2,03,we,8850030403,952,15,0,0,201026378503we,110642010032055474,YELLOWFIN TUNA,,0.3407959974,37,95,201026378503we,,0,05/04/2021
2010,37,5,2,1106420100320001,6,2,03,we,8850030403,878,12,0,0,201026378503we,110642010032055474,YELLOWFIN TUNA,,0.3407959974,34,87,201026378503we,,0,05/04/2021
2010,37,5,2,1106420100320001,6,2,03,we,8850030403,973,16,0,0,201026378503we,110642010032055474,YELLOWFIN TUNA,,0.3407959974,38,97,201026378503we,,0,05/04/2021
2010,37,5,2,1106420100320001,6,2,03,we,8850030403,961,15.5,0,0,201026378503we,110642010032055474,YELLOWFIN TUNA,,0.3407959974,37,96,201026378503we,,0,05/04/2021
2010,37,5,2,1106420100320003,6,2,03,we,8860020201,479,2.2,0,0,201026378503we,110642010032055474,GRAY TRIGGERFISH,,4.4082155952,18,47,201026378503we,,0,05/04/2021
2010,37,5,2,1106420100320003,6,2,03,we,8860020201,508,2.5,0,0,201026378503we,110642010032055474,GRAY TRIGGERFISH,,4.4082155952,19,50,201026378503we,,0,05/04/2021
2010,37,5,2,1106420100320003,6,2,03,we,8860020201,452,1.9,0,0,201026378503we,110642010032055474,GRAY TRIGGERFISH,,4.4082155952,17,45,201026378503we,,0,05/04/2021
2010,37,5,2,1106420100320003,6,2,03,we,8860020201,408,1.6,0,0,201026378503we,110642010032055474,GRAY TRIGGERFISH,,4.4082155952,16,40,201026378503we,,0,05/04/2021
2010,37,5,2,1106420100320003,6,2,03,we,8860020201,439,1.8,0,0,201026378503we,110642010032055474,GRAY TRIGGERFISH,,4.4082155952,17,43,201026378503we,,0,05/04/2021
2010,37,5,2,1106420100320003,6,2,03,we,8835430401,445,1.7,0,0,201026378503we,110642010032055474,SPOTTAIL PINFISH,,4.4082155952,17,44,201026378503we,,0,05/04/2021
2010,37,5,2,1106420100320003,6,2,03,we,8835360501,526,2.3,1,1,201026378503we,110642010032055474,VERMILION SNAPPER,,6.9603404135,20,52,201026378503we,,0,05/04/2021
2010,37,5,2,1106420100320003,6,2,03,we,8835360501,493,1.7,0,0,201026378503we,110642010032055474,VERMILION SNAPPER,,6.9603404135,19,49,201026378503we,,0,05/04/2021
2010,37,5,2,1106420100320003,6,2,03,we,8860020201,493,2.4,0,0,201026378503we,110642010032055474,GRAY TRIGGERFISH,,4.4082155952,19,49,201026378503we,,0,05/04/2021
2010,37,5,2,1106420100320003,6,2,03,we,8835360501,479,1.4,0,0,201026378503we,110642010032055474,VERMILION SNAPPER,,6.9603404135,18,47,201026378503we,,0,05/04/2021
2010,37,5,2,1106420100320003,6,2,03,we,8860020201,487,2.3,0,0,201026378503we,110642010032055474,GRAY TRIGGERFISH,,4.4082155952,19,48,201026378503we,,0,05/04/2021
2010,37,5,2,1106420100320003,6,2,03,we,8835360501,476,1.8,0,0,201026378503we,110642010032055474,VERMILION SNAPPER,,6.9603404135,18,47,201026378503we,,0,05/04/2021
2010,37,5,2,1106420100320003,6,2,03,we,8860020201,472,2,0,0,201026378503we,110642010032055474,GRAY TRIGGERFISH,,4.4082155952,18,47,201026378503we,,0,05/04/2021
2010,37,5,2,1106420100320003,6,2,03,we,8835360501,491,1.8,0,0,201026378503we,110642010032055474,VERMILION SNAPPER,,6.9603404135,19,49,201026378503we,,0,05/04/2021
2010,37,5,2,1106420100320003,6,2,03,we,8835360501,480,1.5,0,0,201026378503we,110642010032055474,VERMILION SNAPPER,,6.9603404135,18,48,201026378503we,,0,05/04/2021
2010,37,5,2,1106420100320003,6,2,03,we,8835360501,483,1.6,0,0,201026378503we,110642010032055474,VERMILION SNAPPER,,6.9603404135,19,48,201026378503we,,0,05/04/2021
2010,37,5,2,1106420100320003,6,2,03,we,8835360501,516,2,0,0,201026378503we,110642010032055474,VERMILION SNAPPER,,6.9603404135,20,51,201026378503we,,0,05/04/2021
2010,37,5,2,1106420100320003,6,2,03,we,8835360501,501,2,0,0,201026378503we,110642010032055474,VERMILION SNAPPER,,6.9603404135,19,50,201026378503we,,0,05/04/2021
2010,37,5,2,1106420100320003,6,2,03,we,8835360501,533,2.4,0,0,201026378503we,110642010032055474,VERMILION SNAPPER,,6.9603404135,20,53,201026378503we,,0,05/04/2021
2010,37,5,2,1106420100320003,6,2,03,we,8835360501,480,1.5,1,1,201026378503we,110642010032055474,VERMILION SNAPPER,,6.9603404135,18,48,201026378503we,,0,05/04/2021
2010,37,5,2,1106420100320003,6,2,03,we,8835360501,489,1.9,0,0,201026378503we,110642010032055474,VERMILION SNAPPER,,6.9603404135,19,48,201026378503we,,0,05/04/2021
2010,37,5,2,1106420100320003,6,2,03,we,8835360501,526,2.3,0,0,201026378503we,110642010032055474,VERMILION SNAPPER,,6.9603404135,20,52,201026378503we,,0,05/04/2021
2010,37,5,2,1106420100320003,6,2,03,we,8835360501,497,1.9,0,0,201026378503we,110642010032055474,VERMILION SNAPPER,,6.9603404135,19,49,201026378503we,,0,05/04/2021
2010,37,5,2,1106420100320003,6,2,03,we,8835360501,504,2.1,0,0,201026378503we,110642010032055474,VERMILION SNAPPER,,6.9603404135,19,50,201026378503we,,0,05/04/2021
2010,37,5,2,1106420100320003,6,2,03,we,8835360501,519,2.1,1,1,201026378503we,110642010032055474,VERMILION SNAPPER,,6.9603404135,20,51,201026378503we,,0,05/04/2021
2010,37,5,2,1106420100320003,6,2,03,we,8835360501,519,2.1,0,0,201026378503we,110642010032055474,VERMILION SNAPPER,,6.9603404135,20,51,201026378503we,,0,05/04/2021
2010,37,5,2,1106420100320003,6,2,03,we,8835360501,483,1.6,1,1,201026378503we,110642010032055474,VERMILION SNAPPER,,6.9603404135,19,48,201026378503we,,0,05/04/2021
2010,37,5,2,1106420100320003,6,2,03,we,8835360501,531,2.3,0,0,201026378503we,110642010032055474,VERMILION SNAPPER,,6.9603404135,20,53,201026378503we,,0,05/04/2021
2010,37,5,2,1106420100320004,6,2,03,we,,,,0,0,201026378503we,110642010032055474,,,4.4082155952,,,201026378503we,,0,05/04/2021
2010,37,5,2,1106420100320005,6,2,03,we,,,,0,0,201026378503we,110642010032055474,,,5.3835793471,,,201026378503we,,0,05/04/2021
2010,37,5,2,1106420100320006,6,2,03,we,,,,0,0,201026378503we,110642010032055474,,,5.3835793471,,,201026378503we,,0,05/04/2021
2010,37,5,2,1106420100320007,6,2,03,we,,,,0,0,201026378503we,110642010032055474,,,5.3835793471,,,201026378503we,,0,05/04/2021
2010,37,5,2,1106420100320008,6,2,03,we,,,,0,0,201026378503we,110642010032055474,,,4.4082155952,,,201026378503we,,0,05/04/2021
2010,37,5,2,1106420100320009,6,2,03,we,8850030403,804,9.2,0,0,201026378503we,110642010032055474,YELLOWFIN TUNA,,4.4082155952,31,80,201026378503we,,0,05/04/2021
2010,37,5,2,1106420100320009,6,2,03,we,8850030403,809,9.3,0,0,201026378503we,110642010032055474,YELLOWFIN TUNA,,4.4082155952,31,80,201026378503we,,0,05/04/2021
2010,37,5,2,1106420100320009,6,2,03,we,8850030403,832,10.25,0,0,201026378503we,110642010032055474,YELLOWFIN TUNA,,4.4082155952,32,83,201026378503we,,0,05/04/2021
2010,37,5,2,1106420100320009,6,2,03,we,8850030403,863,11.5,0,0,201026378503we,110642010032055474,YELLOWFIN TUNA,,4.4082155952,33,86,201026378503we,,0,05/04/2021
2010,37,5,2,1106420100320009,6,2,03,we,8850030403,902,13,0,0,201026378503we,110642010032055474,YELLOWFIN TUNA,,4.4082155952,35,90,201026378503we,,0,05/04/2021
2010,37,5,2,1106420100320009,6,2,03,we,8850030403,941,14.5,0,0,201026378503we,110642010032055474,YELLOWFIN TUNA,,4.4082155952,37,94,201026378503we,,0,05/04/2021
2010,37,5,2,1106420100320009,6,2,03,we,8850030403,943,14.5,0,0,201026378503we,110642010032055474,YELLOWFIN TUNA,,4.4082155952,37,94,201026378503we,,0,05/04/2021
2010,37,5,2,1106420100320015,6,2,03,we,8850030403,843,10.5,0,0,201026378503we,110642010032055474,YELLOWFIN TUNA,,4.4082155952,33,84,201026378503we,,0,05/04/2021
2010,37,5,2,1106420100320015,6,2,03,we,8850030403,823,9.8,0,0,201026378503we,110642010032055474,YELLOWFIN TUNA,,4.4082155952,32,82,201026378503we,,0,05/04/2021
2010,37,5,2,1106420100320015,6,2,03,we,8850030403,782,8.6,0,0,201026378503we,110642010032055474,YELLOWFIN TUNA,,4.4082155952,30,78,201026378503we,,0,05/04/2021
2010,37,5,2,1106420100320015,6,2,03,we,8850030403,871,11.5,0,0,201026378503we,110642010032055474,YELLOWFIN TUNA,,4.4082155952,34,87,201026378503we,,0,05/04/2021
2010,37,5,2,1106420100320015,6,2,03,we,8850030403,937,14.5,0,0,201026378503we,110642010032055474,YELLOWFIN TUNA,,4.4082155952,36,93,201026378503we,,0,05/04/2021
2010,37,5,2,1106420100320015,6,2,03,we,8850030403,904,13,0,0,201026378503we,110642010032055474,YELLOWFIN TUNA,,4.4082155952,35,90,201026378503we,,0,05/04/2021
2010,37,5,2,1106420100320015,6,2,03,we,8850030403,1017,19,0,0,201026378503we,110642010032055474,YELLOWFIN TUNA,,4.4082155952,40,101,201026378503we,,0,05/04/2021
2010,37,5,2,1106420100320015,6,2,03,we,8850030403,958,15.25,0,0,201026378503we,110642010032055474,YELLOWFIN TUNA,,4.4082155952,37,95,201026378503we,,0,05/04/2021
2010,37,5,2,1106420100320015,6,2,03,we,8850030403,914,12.75,0,0,201026378503we,110642010032055474,YELLOWFIN TUNA,,4.4082155952,35,91,201026378503we,,0,05/04/2021
2010,37,5,2,1106420100320015,6,2,03,we,8850030403,861,11.25,0,0,201026378503we,110642010032055474,YELLOWFIN TUNA,,4.4082155952,33,86,201026378503we,,0,05/04/2021
2010,37,5,2,1106420100320021,6,2,03,we,8850030403,847,10.5,0,0,201026378503we,110642010032055474,YELLOWFIN TUNA,,5.3835793471,33,84,201026378503we,,0,05/04/2021
2010,37,5,2,1106420100320021,6,2,03,we,8850030403,811,9.5,0,0,201026378503we,110642010032055474,YELLOWFIN TUNA,,5.3835793471,31,81,201026378503we,,0,05/04/2021
2010,37,5,2,1106420100320021,6,2,03,we,8850030403,893,12.5,0,0,201026378503we,110642010032055474,YELLOWFIN TUNA,,5.3835793471,35,89,201026378503we,,0,05/04/2021
2010,37,5,2,1106420100320021,6,2,03,we,8850030403,883,12,0,0,201026378503we,110642010032055474,YELLOWFIN TUNA,,5.3835793471,34,88,201026378503we,,0,05/04/2021
2010,37,5,2,1106420100320021,6,2,03,we,8850030403,873,11.75,0,0,201026378503we,110642010032055474,YELLOWFIN TUNA,,5.3835793471,34,87,201026378503we,,0,05/04/2021
2010,37,5,2,1106420100320021,6,2,03,we,8850030403,938,14.25,0,0,201026378503we,110642010032055474,YELLOWFIN TUNA,,5.3835793471,36,93,201026378503we,,0,05/04/2021
2010,37,5,2,1106420100320021,6,2,03,we,8850030403,901,13,0,0,201026378503we,110642010032055474,YELLOWFIN TUNA,,5.3835793471,35,90,201026378503we,,0,05/04/2021
2010,37,5,2,1106420100320021,6,2,03,we,8850030403,931,14,0,0,201026378503we,110642010032055474,YELLOWFIN TUNA,,5.3835793471,36,93,201026378503we,,0,05/04/2021
2010,37,5,2,1106420100320021,6,2,03,we,8850030403,982,16.25,0,0,201026378503we,110642010032055474,YELLOWFIN TUNA,,5.3835793471,38,98,201026378503we,,0,05/04/2021
2010,37,5,2,1106420100320021,6,2,03,we,8850030403,804,9.2,0,0,201026378503we,110642010032055474,YELLOWFIN TUNA,,5.3835793471,31,80,201026378503we,,0,05/04/2021
2010,37,5,2,1106420100320021,6,2,03,we,8850030403,782,8.6,0,0,201026378503we,110642010032055474,YELLOWFIN TUNA,,5.3835793471,30,78,201026378503we,,0,05/04/2021
2010,37,5,2,1106420100320027,6,2,03,we,,,,0,0,201026378503we,110642010032055474,,,5.3835793471,,,201026378503we,,0,05/04/2021
2010,37,5,2,1106420100320028,6,2,03,we,8850030402,1510,56,0,0,201026378503we,110642010032055474,BLUEFIN TUNA,,5.3835793471,59,151,201026378503we,,0,05/04/2021
2010,37,5,2,1106420100410001,6,2,04,we,8860020201,386,1.2,0,0,201026378504we,110642010041055474,GRAY TRIGGERFISH,,5.1626249434,15,38,201026378504we,,0,05/04/2021
2010,37,5,2,1106420100410001,6,2,04,we,8860020201,357,1,0,0,201026378504we,110642010041055474,GRAY TRIGGERFISH,,5.1626249434,14,35,201026378504we,,0,05/04/2021
2010,37,5,2,1106420100410001,6,2,04,we,8860020201,379,1.1,0,0,201026378504we,110642010041055474,GRAY TRIGGERFISH,,5.1626249434,14,37,201026378504we,,0,05/04/2021
2010,37,5,2,1106420100410001,6,2,04,we,8835280801,965,11.25,0,0,201026378504we,110642010041055474,GREATER AMBERJACK,,5.1626249434,37,96,201026378504we,,0,05/04/2021
2010,37,5,2,1106420100410001,6,2,04,we,8850030404,806,9.3,0,0,201026378504we,110642010041055474,BLACKFIN TUNA,,5.1626249434,31,80,201026378504we,,0,05/04/2021
2010,37,5,2,1106420100410001,6,2,04,we,8850030404,842,10.5,0,0,201026378504we,110642010041055474,BLACKFIN TUNA,,5.1626249434,33,84,201026378504we,,0,05/04/2021
2010,37,5,2,1106420100410001,6,2,04,we,8860020201,354,0.9,0,0,201026378504we,110642010041055474,GRAY TRIGGERFISH,,5.1626249434,13,35,201026378504we,,0,05/04/2021
2010,37,5,2,1106420100410001,6,2,04,we,8835280801,988,12,0,0,201026378504we,110642010041055474,GREATER AMBERJACK,,5.1626249434,38,98,201026378504we,,0,05/04/2021
2010,37,5,2,1106420100410001,6,2,04,we,8835280801,939,11,0,0,201026378504we,110642010041055474,GREATER AMBERJACK,,5.1626249434,36,93,201026378504we,,0,05/04/2021
2010,37,5,2,1106420100410001,6,2,04,we,8850030404,858,11.25,0,0,201026378504we,110642010041055474,BLACKFIN TUNA,,5.1626249434,33,85,201026378504we,,0,05/04/2021
2010,37,5,2,1106420100410001,6,2,04,we,8835280801,1018,13,0,0,201026378504we,110642010041055474,GREATER AMBERJACK,,5.1626249434,40,101,201026378504we,,0,05/04/2021
2010,37,5,2,1106420100410001,6,2,04,we,8835280801,956,10.25,0,0,201026378504we,110642010041055474,GREATER AMBERJACK,,5.1626249434,37,95,201026378504we,,0,05/04/2021
2010,37,5,2,1106420100410001,6,2,04,we,8835280801,1067,14.5,0,0,201026378504we,110642010041055474,GREATER AMBERJACK,,5.1626249434,42,106,201026378504we,,0,05/04/2021
2010,37,5,2,1106420100410001,6,2,04,we,8835020411,917,13,0,0,201026378504we,110642010041055474,SNOWY GROUPER,,5.1626249434,36,91,201026378504we,,0,05/04/2021
2010,37,5,2,1106420100410001,6,2,04,we,8835220104,583,3.5,0,0,201026378504we,110642010041055474,BLUELINE TILEFISH,,5.1626249434,22,58,201026378504we,,0,05/04/2021
2010,37,5,2,1106420100410001,6,2,04,we,8835020411,1038,15.25,0,0,201026378504we,110642010041055474,SNOWY GROUPER,,5.1626249434,40,103,201026378504we,,0,05/04/2021
2010,37,5,2,1106420100410001,6,2,04,we,8835020411,836,10,0,0,201026378504we,110642010041055474,SNOWY GROUPER,,5.1626249434,32,83,201026378504we,,0,05/04/2021
2010,37,5,2,1106420100410001,6,2,04,we,8835020411,1117,18.75,0,0,201026378504we,110642010041055474,SNOWY GROUPER,,5.1626249434,43,111,201026378504we,,0,05/04/2021
2010,37,5,2,1106420100410001,6,2,04,we,8860020201,362,1,0,0,201026378504we,110642010041055474,GRAY TRIGGERFISH,,5.1626249434,14,36,201026378504we,,0,05/04/2021
2010,37,5,2,1106420100410001,6,2,04,we,8835280801,914,10.5,0,0,201026378504we,110642010041055474,GREATER AMBERJACK,,5.1626249434,35,91,201026378504we,,0,05/04/2021
2010,37,5,2,1106420100410007,6,2,04,we,8835280801,1206,18.75,0,0,201026378504we,110642010041055474,GREATER AMBERJACK,,5.1626249434,47,120,201026378504we,,0,05/04/2021
2010,37,5,2,1106420100410007,6,2,04,we,8835280801,928,11.5,0,0,201026378504we,110642010041055474,GREATER AMBERJACK,,5.1626249434,36,92,201026378504we,,0,05/04/2021
2010,37,5,2,1106420100410007,6,2,04,we,8835280801,1226,20.5,0,0,201026378504we,110642010041055474,GREATER AMBERJACK,,5.1626249434,48,122,201026378504we,,0,05/04/2021
2010,37,5,2,1106420100410007,6,2,04,we,8835280801,1209,17.5,0,0,201026378504we,110642010041055474,GREATER AMBERJACK,,5.1626249434,47,120,201026378504we,,0,05/04/2021
2010,37,5,2,1106420100410007,6,2,04,we,8835280801,941,13.75,0,0,201026378504we,110642010041055474,GREATER AMBERJACK,,5.1626249434,37,94,201026378504we,,0,05/04/2021
2010,37,5,2,1106420100410007,6,2,04,we,8835280801,903,10.75,0,0,201026378504we,110642010041055474,GREATER AMBERJACK,,5.1626249434,35,90,201026378504we,,0,05/04/2021
2010,37,5,2,1106420100410008,6,2,04,we,,,,0,0,201026378504we,110642010041055474,,,5.1626249434,,,201026378504we,,0,05/04/2021
2010,37,5,2,1106420100410011,6,2,04,we,,,,0,0,201026378504we,110642010041055474,,,5.1626249434,,,201026378504we,,0,05/04/2021
2010,37,5,2,1106420100410012,6,2,04,we,,,,0,0,201026378504we,110642010041055474,,,5.1626249434,,,201026378504we,,0,05/04/2021
2010,37,5,2,1106420100410013,6,2,04,we,8850030403,884,12,0,0,201026378504we,110642010041055474,YELLOWFIN TUNA,,4.2272923497,34,88,201026378504we,,0,05/04/2021
2010,37,5,2,1106420100410013,6,2,04,we,8850030403,922,13.75,0,0,201026378504we,110642010041055474,YELLOWFIN TUNA,,4.2272923497,36,92,201026378504we,,0,05/04/2021
2010,37,5,2,1106420100410013,6,2,04,we,8850030403,943,14.5,0,0,201026378504we,110642010041055474,YELLOWFIN TUNA,,4.2272923497,37,94,201026378504we,,0,05/04/2021
2010,37,5,2,1106420100410013,6,2,04,we,8850030403,1022,18.25,0,0,201026378504we,110642010041055474,YELLOWFIN TUNA,,4.2272923497,40,102,201026378504we,,0,05/04/2021
2010,37,5,2,1106420100410013,6,2,04,we,8835020411,1072,17.5,0,0,201026378504we,110642010041055474,SNOWY GROUPER,,4.2272923497,42,107,201026378504we,,0,05/04/2021
2010,37,5,2,1106420100410013,6,2,04,we,8835020411,1092,19,0,0,201026378504we,110642010041055474,SNOWY GROUPER,,4.2272923497,42,109,201026378504we,,0,05/04/2021
2010,37,5,2,1106420100410013,6,2,04,we,8835020411,846,10.25,0,0,201026378504we,110642010041055474,SNOWY GROUPER,,4.2272923497,33,84,201026378504we,,0,05/04/2021
2010,37,5,2,1106420100410013,6,2,04,we,8835020411,836,10,0,0,201026378504we,110642010041055474,SNOWY GROUPER,,4.2272923497,32,83,201026378504we,,0,05/04/2021
2010,37,5,2,1106420100410013,6,2,04,we,8835020411,889,11.5,0,0,201026378504we,110642010041055474,SNOWY GROUPER,,4.2272923497,34,88,201026378504we,,0,05/04/2021
2010,37,5,2,1106420100410013,6,2,04,we,8835020411,898,12.5,0,0,201026378504we,110642010041055474,SNOWY GROUPER,,4.2272923497,35,89,201026378504we,,0,05/04/2021
2010,37,5,2,1106420100410017,6,2,04,we,,,,0,0,201026378504we,110642010041055474,,,4.2272923497,,,201026378504we,,0,05/04/2021
2010,37,5,2,1106420100410022,6,2,04,we,8850030402,1778,89,0,0,201026378504we,110642010041055474,BLUEFIN TUNA,,5.0355652296,69,177,201026378504we,,0,05/04/2021
2010,37,5,2,1106420100410025,6,2,04,we,8850030404,841,10.5,0,0,201026378504we,110642010041055474,BLACKFIN TUNA,,5.1626249434,33,84,201026378504we,,0,05/04/2021
2010,37,5,2,1106420100410025,6,2,04,we,8850030102,756,7.8,0,0,201026378504we,110642010041055474,LITTLE TUNNY,,5.1626249434,29,75,201026378504we,,0,05/04/2021
2010,37,5,2,1106420100410025,6,2,04,we,8850030404,921,13,0,0,201026378504we,110642010041055474,BLACKFIN TUNA,,5.1626249434,36,92,201026378504we,,0,05/04/2021
2010,37,5,2,1106420100410025,6,2,04,we,8850030404,788,8.8,0,0,201026378504we,110642010041055474,BLACKFIN TUNA,,5.1626249434,31,78,201026378504we,,0,05/04/2021
2010,37,5,2,1106420100410025,6,2,04,we,8850030404,833,10.25,0,0,201026378504we,110642010041055474,BLACKFIN TUNA,,5.1626249434,32,83,201026378504we,,0,05/04/2021
2010,37,5,2,1106420100410025,6,2,04,we,8850030102,763,8.1,0,0,201026378504we,110642010041055474,LITTLE TUNNY,,5.1626249434,30,76,201026378504we,,0,05/04/2021
2010,37,5,2,1106420100410025,6,2,04,we,8850030102,748,7.5,0,0,201026378504we,110642010041055474,LITTLE TUNNY,,5.1626249434,29,74,201026378504we,,0,05/04/2021
2010,37,5,2,1106420100410025,6,2,04,we,8850030102,771,8.3,0,0,201026378504we,110642010041055474,LITTLE TUNNY,,5.1626249434,30,77,201026378504we,,0,05/04/2021
2010,37,5,2,1106420100410025,6,2,04,we,8850030404,882,12,0,0,201026378504we,110642010041055474,BLACKFIN TUNA,,5.1626249434,34,88,201026378504we,,0,05/04/2021
2010,37,5,2,1106420100410025,6,2,04,we,8850030102,789,8.9,0,0,201026378504we,110642010041055474,LITTLE TUNNY,,5.1626249434,31,78,201026378504we,,0,05/04/2021
2010,37,5,2,1106420100410025,6,2,04,we,8850030102,841,10.5,0,0,201026378504we,110642010041055474,LITTLE TUNNY,,5.1626249434,33,84,201026378504we,,0,05/04/2021
2010,37,5,2,1106420100415001,6,2,04,wd,8835220104,661,4.6,0,0,201026378504wd,110642010041555206,BLUELINE TILEFISH,,1.2768372537,26,66,201026378504wd,,0,05/04/2021
2010,37,5,2,1106420100415001,6,2,04,wd,8835290101,681,2.8,0,0,201026378504wd,110642010041555206,DOLPHIN,,1.2768372537,26,68,201026378504wd,,0,05/04/2021
2010,37,5,2,1106420100415001,6,2,04,wd,8835290101,553,1.9,0,0,201026378504wd,110642010041555206,DOLPHIN,,1.2768372537,21,55,201026378504wd,,0,05/04/2021
2010,37,5,2,1106420100415001,6,2,04,wd,8835290101,682,3.5,0,0,201026378504wd,110642010041555206,DOLPHIN,,1.2768372537,26,68,201026378504wd,,0,05/04/2021
2010,37,5,2,1106420100415001,6,2,04,wd,8835290101,701,3.2,0,0,201026378504wd,110642010041555206,DOLPHIN,,1.2768372537,27,70,201026378504wd,,0,05/04/2021
2010,37,5,2,1106420100415001,6,2,04,wd,8835290101,951,4.3,0,0,201026378504wd,110642010041555206,DOLPHIN,,1.2768372537,37,95,201026378504wd,,0,05/04/2021
2010,37,5,2,1106420100415001,6,2,04,wd,8835290101,719,3.7,0,0,201026378504wd,110642010041555206,DOLPHIN,,1.2768372537,28,71,201026378504wd,,0,05/04/2021
2010,37,5,2,1106420100415001,6,2,04,wd,8835220104,622,4.2,0,0,201026378504wd,110642010041555206,BLUELINE TILEFISH,,1.2768372537,24,62,201026378504wd,,0,05/04/2021
2010,37,5,2,1106420100415001,6,2,04,wd,8835290101,698,3.6,0,0,201026378504wd,110642010041555206,DOLPHIN,,1.2768372537,27,69,201026378504wd,,0,05/04/2021
2010,37,5,2,1106420100415001,6,2,04,wd,8835290101,615,2,0,0,201026378504wd,110642010041555206,DOLPHIN,,1.2768372537,24,61,201026378504wd,,0,05/04/2021
2010,37,5,2,1106420100415001,6,2,04,wd,8835290101,623,2.4,0,0,201026378504wd,110642010041555206,DOLPHIN,,1.2768372537,24,62,201026378504wd,,0,05/04/2021
2010,37,5,2,1106420100415001,6,2,04,wd,8835020411,889,10,0,0,201026378504wd,110642010041555206,SNOWY GROUPER,,1.2768372537,34,88,201026378504wd,,0,05/04/2021
2010,37,5,2,1106420100415001,6,2,04,wd,8835220104,648,4.4,0,0,201026378504wd,110642010041555206,BLUELINE TILEFISH,,1.2768372537,25,64,201026378504wd,,0,05/04/2021
2010,37,5,2,1106420100415001,6,2,04,wd,8835020411,753,6,0,0,201026378504wd,110642010041555206,SNOWY GROUPER,,1.2768372537,29,75,201026378504wd,,0,05/04/2021
2010,37,5,2,1106420100415001,6,2,04,wd,8835290101,994,9.2,0,0,201026378504wd,110642010041555206,DOLPHIN,,1.2768372537,39,99,201026378504wd,,0,05/04/2021
2010,37,5,2,1106420100415001,6,2,04,wd,8835020411,935,12,0,0,201026378504wd,110642010041555206,SNOWY GROUPER,,1.2768372537,36,93,201026378504wd,,0,05/04/2021
2010,37,5,2,1106420100415001,6,2,04,wd,8835220104,652,4.5,0,0,201026378504wd,110642010041555206,BLUELINE TILEFISH,,1.2768372537,25,65,201026378504wd,,0,05/04/2021
2010,37,5,2,1106420100415001,6,2,04,wd,8835220104,632,4.3,0,0,201026378504wd,110642010041555206,BLUELINE TILEFISH,,1.2768372537,24,63,201026378504wd,,0,05/04/2021
2010,37,5,2,1106420100415001,6,2,04,wd,8835020411,848,8.5,0,0,201026378504wd,110642010041555206,SNOWY GROUPER,,1.2768372537,33,84,201026378504wd,,0,05/04/2021
2010,37,5,2,1106420100415001,6,2,04,wd,8835020411,942,12.25,0,0,201026378504wd,110642010041555206,SNOWY GROUPER,,1.2768372537,37,94,201026378504wd,,0,05/04/2021
2010,37,5,2,1106420100415001,6,2,04,wd,8835020411,953,13.5,0,0,201026378504wd,110642010041555206,SNOWY GROUPER,,1.2768372537,37,95,201026378504wd,,0,05/04/2021
2010,37,5,2,1106420100415007,6,2,04,wd,8835280801,1013,15.25,0,0,201026378504wd,110642010041555206,GREATER AMBERJACK,,20.170291674,39,101,201026378504wd,,0,05/04/2021
2010,37,5,2,1106420100415007,6,2,04,wd,8835280801,914,10.5,0,0,201026378504wd,110642010041555206,GREATER AMBERJACK,,20.170291674,35,91,201026378504wd,,0,05/04/2021
2010,37,5,2,1106420100415007,6,2,04,wd,8835220104,644,4.6,0,0,201026378504wd,110642010041555206,BLUELINE TILEFISH,,20.170291674,25,64,201026378504wd,,0,05/04/2021
2010,37,5,2,1106420100415007,6,2,04,wd,8835220104,636,4.3,0,0,201026378504wd,110642010041555206,BLUELINE TILEFISH,,20.170291674,25,63,201026378504wd,,0,05/04/2021
2010,37,5,2,1106420100415007,6,2,04,wd,8835220104,621,4.2,0,0,201026378504wd,110642010041555206,BLUELINE TILEFISH,,20.170291674,24,62,201026378504wd,,0,05/04/2021
2010,37,5,2,1106420100415007,6,2,04,wd,8835280801,936,11.5,0,0,201026378504wd,110642010041555206,GREATER AMBERJACK,,20.170291674,36,93,201026378504wd,,0,05/04/2021
2010,37,5,2,1106420100415007,6,2,04,wd,8835220104,689,4.7,0,0,201026378504wd,110642010041555206,BLUELINE TILEFISH,,20.170291674,27,68,201026378504wd,,0,05/04/2021
2010,37,5,2,1106420100415007,6,2,04,wd,8835280801,948,14.5,0,0,201026378504wd,110642010041555206,GREATER AMBERJACK,,20.170291674,37,94,201026378504wd,,0,05/04/2021
2010,37,5,2,1106420100415007,6,2,04,wd,8835220104,673,4.8,0,0,201026378504wd,110642010041555206,BLUELINE TILEFISH,,20.170291674,26,67,201026378504wd,,0,05/04/2021
2010,37,5,2,1106420100415007,6,2,04,wd,8835020411,941,12.25,0,0,201026378504wd,110642010041555206,SNOWY GROUPER,,20.170291674,37,94,201026378504wd,,0,05/04/2021
2010,37,5,2,1106420100415007,6,2,04,wd,8835020411,966,14,0,0,201026378504wd,110642010041555206,SNOWY GROUPER,,20.170291674,38,96,201026378504wd,,0,05/04/2021
2010,37,5,2,1106420100415007,6,2,04,wd,8835020411,846,8.6,0,0,201026378504wd,110642010041555206,SNOWY GROUPER,,20.170291674,33,84,201026378504wd,,0,05/04/2021
2010,37,5,2,1106420100415007,6,2,04,wd,8835020411,928,11.25,0,0,201026378504wd,110642010041555206,SNOWY GROUPER,,20.170291674,36,92,201026378504wd,,0,05/04/2021
2010,37,5,2,1106420100415007,6,2,04,wd,8835020411,764,6.3,0,0,201026378504wd,110642010041555206,SNOWY GROUPER,,20.170291674,30,76,201026378504wd,,0,05/04/2021
2010,37,5,2,1106420100415007,6,2,04,wd,8835280801,933,12,0,0,201026378504wd,110642010041555206,GREATER AMBERJACK,,20.170291674,36,93,201026378504wd,,0,05/04/2021
2010,37,5,2,1106420100415007,6,2,04,wd,8835220104,659,4.5,0,0,201026378504wd,110642010041555206,BLUELINE TILEFISH,,20.170291674,25,65,201026378504wd,,0,05/04/2021
2010,37,5,2,1106420100415007,6,2,04,wd,8835020411,859,8.8,0,0,201026378504wd,110642010041555206,SNOWY GROUPER,,20.170291674,33,85,201026378504wd,,0,05/04/2021
2010,37,5,2,1106420100415009,6,2,04,wd,,,,0,0,201026378504wd,110642010041555206,,,20.629108263,,,201026378504wd,,0,05/04/2021
2010,37,5,2,1106420100415010,6,2,04,wd,,,,0,0,201026378504wd,110642010041555206,,,20.629108263,,,201026378504wd,,0,05/04/2021
2010,37,5,2,1106420100415012,6,2,04,wd,,,,0,0,201026378504wd,110642010041555206,,,20.629108263,,,201026378504wd,,0,05/04/2021
2010,37,5,2,1106420100418001,6,2,04,we,8835280801,911,9.6,0,0,201026378504we,110642010041855474,GREATER AMBERJACK,,4.1618328498,35,91,201026378504we,,0,05/04/2021
2010,37,5,2,1106420100418001,6,2,04,we,8835280801,1007,12.5,0,0,201026378504we,110642010041855474,GREATER AMBERJACK,,4.1618328498,39,100,201026378504we,,0,05/04/2021
2010,37,5,2,1106420100418001,6,2,04,we,8835280801,961,11,0,0,201026378504we,110642010041855474,GREATER AMBERJACK,,4.1618328498,37,96,201026378504we,,0,05/04/2021
2010,37,5,2,1106420100418001,6,2,04,we,8835020411,832,9.6,0,0,201026378504we,110642010041855474,SNOWY GROUPER,,4.1618328498,32,83,201026378504we,,0,05/04/2021
2010,37,5,2,1106420100418001,6,2,04,we,8835020411,848,10.5,0,0,201026378504we,110642010041855474,SNOWY GROUPER,,4.1618328498,33,84,201026378504we,,0,05/04/2021
2010,37,5,2,1106420100418001,6,2,04,we,8835020411,839,10,0,0,201026378504we,110642010041855474,SNOWY GROUPER,,4.1618328498,33,83,201026378504we,,0,05/04/2021
2010,37,5,2,1106420100418001,6,2,04,we,8835020411,853,11,0,0,201026378504we,110642010041855474,SNOWY GROUPER,,4.1618328498,33,85,201026378504we,,0,05/04/2021
2010,37,5,2,1106420100418001,6,2,04,we,8835020411,991,15,0,0,201026378504we,110642010041855474,SNOWY GROUPER,,4.1618328498,39,99,201026378504we,,0,05/04/2021
2010,37,5,2,1106420100418001,6,2,04,we,8835020411,1042,15.25,0,0,201026378504we,110642010041855474,SNOWY GROUPER,,4.1618328498,41,104,201026378504we,,0,05/04/2021
2010,37,5,2,1106420100418001,6,2,04,we,8835020411,849,10.5,0,0,201026378504we,110642010041855474,SNOWY GROUPER,,4.1618328498,33,84,201026378504we,,0,05/04/2021
2010,37,5,2,1106420100418001,6,2,04,we,8835020411,1068,16.5,0,0,201026378504we,110642010041855474,SNOWY GROUPER,,4.1618328498,42,106,201026378504we,,0,05/04/2021
2010,37,5,2,1106420100418007,6,2,04,we,8850030403,933,14,0,0,201026378504we,110642010041855474,YELLOWFIN TUNA,,3.4078176043,36,93,201026378504we,,0,05/04/2021
2010,37,5,2,1106420100418007,6,2,04,we,8850030403,963,15.5,0,0,201026378504we,110642010041855474,YELLOWFIN TUNA,,3.4078176043,37,96,201026378504we,,0,05/04/2021
2010,37,5,2,1106420100418007,6,2,04,we,8850030403,1027,18.75,0,0,201026378504we,110642010041855474,YELLOWFIN TUNA,,3.4078176043,40,102,201026378504we,,0,05/04/2021
2010,37,5,2,1106420100418007,6,2,04,we,8850030403,1088,22,0,0,201026378504we,110642010041855474,YELLOWFIN TUNA,,3.4078176043,42,108,201026378504we,,0,05/04/2021
2010,37,5,2,1106420100418013,6,2,04,we,8850030403,911,13,0,0,201026378504we,110642010041855474,YELLOWFIN TUNA,,4.1618328498,35,91,201026378504we,,0,05/04/2021
2010,37,5,2,1106420100418013,6,2,04,we,8850030403,894,12.75,0,0,201026378504we,110642010041855474,YELLOWFIN TUNA,,4.1618328498,35,89,201026378504we,,0,05/04/2021
2010,37,5,2,1106420100418013,6,2,04,we,8850030403,872,11.5,0,0,201026378504we,110642010041855474,YELLOWFIN TUNA,,4.1618328498,34,87,201026378504we,,0,05/04/2021
2010,37,5,2,1106420100418013,6,2,04,we,8850030403,1003,17.25,0,0,201026378504we,110642010041855474,YELLOWFIN TUNA,,4.1618328498,39,100,201026378504we,,0,05/04/2021
2010,37,5,2,1106420100418013,6,2,04,we,8850030403,1021,18.25,0,0,201026378504we,110642010041855474,YELLOWFIN TUNA,,4.1618328498,40,102,201026378504we,,0,05/04/2021
2010,37,5,2,1106420100418013,6,2,04,we,8850030403,993,16.5,0,0,201026378504we,110642010041855474,YELLOWFIN TUNA,,4.1618328498,39,99,201026378504we,,0,05/04/2021
2010,37,5,2,1106420100418013,6,2,04,we,8835280801,1019,12.75,0,0,201026378504we,110642010041855474,GREATER AMBERJACK,,4.1618328498,40,101,201026378504we,,0,05/04/2021
2010,37,5,2,1106420100418013,6,2,04,we,8850030403,1016,18,0,0,201026378504we,110642010041855474,YELLOWFIN TUNA,,4.1618328498,39,101,201026378504we,,0,05/04/2021
2010,37,5,2,1106420100418013,6,2,04,we,8835280801,946,10.25,0,0,201026378504we,110642010041855474,GREATER AMBERJACK,,4.1618328498,37,94,201026378504we,,0,05/04/2021
2010,37,5,2,1106420100418013,6,2,04,we,8835280801,978,11.5,0,0,201026378504we,110642010041855474,GREATER AMBERJACK,,4.1618328498,38,97,201026378504we,,0,05/04/2021
2010,37,5,2,1106420100418014,6,2,04,we,,,,0,0,201026378504we,110642010041855474,,,4.1618328498,,,201026378504we,,0,05/04/2021
2010,37,5,2,1106420100418016,6,2,04,we,,,,0,0,201026378504we,110642010041855474,,,4.1618328498,,,201026378504we,,0,05/04/2021
2010,37,5,2,1106420100418019,6,2,04,we,8850030403,889,12.75,0,0,201026378504we,110642010041855474,YELLOWFIN TUNA,,3.4078176043,34,88,201026378504we,,0,05/04/2021
2010,37,5,2,1106420100418019,6,2,04,we,8850030403,955,14.5,0,0,201026378504we,110642010041855474,YELLOWFIN TUNA,,3.4078176043,37,95,201026378504we,,0,05/04/2021
2010,37,5,2,1106420100418019,6,2,04,we,8850030403,1021,18.25,0,0,201026378504we,110642010041855474,YELLOWFIN TUNA,,3.4078176043,40,102,201026378504we,,0,05/04/2021
2010,37,5,2,1106420100418019,6,2,04,we,8850030403,1016,20,0,0,201026378504we,110642010041855474,YELLOWFIN TUNA,,3.4078176043,39,101,201026378504we,,0,05/04/2021
2010,37,5,2,1106420100418019,6,2,04,we,8850030403,1073,21,0,0,201026378504we,110642010041855474,YELLOWFIN TUNA,,3.4078176043,42,107,201026378504we,,0,05/04/2021
2010,37,5,2,1106420100418025,6,2,04,we,8835020411,869,12,0,0,201026378504we,110642010041855206,SNOWY GROUPER,,1.0223752018,34,86,201026378504we,,0,05/04/2021
2010,37,5,2,1106420100418025,6,2,04,we,8835220104,582,3.5,0,0,201026378504we,110642010041855206,BLUELINE TILEFISH,,1.0223752018,22,58,201026378504we,,0,05/04/2021
2010,37,5,2,1106420100418025,6,2,04,we,8835020411,859,11.25,0,0,201026378504we,110642010041855206,SNOWY GROUPER,,1.0223752018,33,85,201026378504we,,0,05/04/2021
2010,37,5,2,1106420100418025,6,2,04,we,8835020411,1046,15.5,0,0,201026378504we,110642010041855206,SNOWY GROUPER,,1.0223752018,41,104,201026378504we,,0,05/04/2021
2010,37,5,2,1106420100418025,6,2,04,we,8835020411,993,14.5,0,0,201026378504we,110642010041855206,SNOWY GROUPER,,1.0223752018,39,99,201026378504we,,0,05/04/2021
2010,37,5,2,1106420100418025,6,2,04,we,8835020411,1056,16,0,0,201026378504we,110642010041855206,SNOWY GROUPER,,1.0223752018,41,105,201026378504we,,0,05/04/2021
2010,37,5,2,1106420100418025,6,2,04,we,8835020301,529,2.7,0,0,201026378504we,110642010041855206,BLACK SEA BASS,,1.0223752018,20,52,201026378504we,,0,05/04/2021
2010,37,5,2,1106420100418025,6,2,04,we,8835020301,511,2.5,0,0,201026378504we,110642010041855206,BLACK SEA BASS,,1.0223752018,20,51,201026378504we,,0,05/04/2021
2010,37,5,2,1106420100418025,6,2,04,we,8835020411,829,9.5,0,0,201026378504we,110642010041855206,SNOWY GROUPER,,1.0223752018,32,82,201026378504we,,0,05/04/2021
2010,37,5,2,1106420100420001,6,2,04,wd,8850030403,961,15.25,0,0,201026378504wd,110642010042055474,YELLOWFIN TUNA,,9.1993465451,37,96,201026378504wd,,0,05/04/2021
2010,37,5,2,1106420100420001,6,2,04,wd,8850030403,927,14,0,0,201026378504wd,110642010042055474,YELLOWFIN TUNA,,9.1993465451,36,92,201026378504wd,,0,05/04/2021
2010,37,5,2,1106420100420001,6,2,04,wd,8850030403,888,12.25,0,0,201026378504wd,110642010042055474,YELLOWFIN TUNA,,9.1993465451,34,88,201026378504wd,,0,05/04/2021
2010,37,5,2,1106420100420001,6,2,04,wd,8850030403,983,16.5,0,0,201026378504wd,110642010042055474,YELLOWFIN TUNA,,9.1993465451,38,98,201026378504wd,,0,05/04/2021
2010,37,5,2,1106420100420001,6,2,04,wd,8850030403,961,15.25,0,0,201026378504wd,110642010042055474,YELLOWFIN TUNA,,9.1993465451,37,96,201026378504wd,,0,05/04/2021
2010,37,5,2,1106420100420001,6,2,04,wd,8850030403,1121,24,0,0,201026378504wd,110642010042055474,YELLOWFIN TUNA,,9.1993465451,44,112,201026378504wd,,0,05/04/2021
2010,37,5,2,1106420100420001,6,2,04,wd,8850030403,1047,18.75,0,0,201026378504wd,110642010042055474,YELLOWFIN TUNA,,9.1993465451,41,104,201026378504wd,,0,05/04/2021
2010,37,5,2,1106420100420001,6,2,04,wd,8850030402,1828,84,0,0,201026378504wd,110642010042055474,BLUEFIN TUNA,,9.1993465451,71,182,201026378504wd,,0,05/04/2021
2010,37,5,2,1106420100420001,6,2,04,wd,8850030403,1083,20,0,0,201026378504wd,110642010042055474,YELLOWFIN TUNA,,9.1993465451,42,108,201026378504wd,,0,05/04/2021
2010,37,5,2,1106420100420007,6,2,04,wd,8835280801,949,16,1,1,201026378504wd,110642010042055474,GREATER AMBERJACK,,9.1993465451,37,94,201026378504wd,,0,05/04/2021
2010,37,5,2,1106420100420007,6,2,04,wd,8835280801,969,14,0,0,201026378504wd,110642010042055474,GREATER AMBERJACK,,9.1993465451,38,96,201026378504wd,,0,05/04/2021
2010,37,5,2,1106420100420007,6,2,04,wd,8835280801,812,7.5,0,0,201026378504wd,110642010042055474,GREATER AMBERJACK,,9.1993465451,31,81,201026378504wd,,0,05/04/2021
2010,37,5,2,1106420100420007,6,2,04,wd,8835280801,916,10.75,0,0,201026378504wd,110642010042055474,GREATER AMBERJACK,,9.1993465451,36,91,201026378504wd,,0,05/04/2021
2010,37,5,2,1106420100420007,6,2,04,wd,8835280801,933,12.25,0,0,201026378504wd,110642010042055474,GREATER AMBERJACK,,9.1993465451,36,93,201026378504wd,,0,05/04/2021
2010,37,5,2,1106420100420007,6,2,04,wd,8835280801,949,16,0,0,201026378504wd,110642010042055474,GREATER AMBERJACK,,9.1993465451,37,94,201026378504wd,,0,05/04/2021
2010,37,5,2,1106420100420007,6,2,04,wd,8835280801,1234,21.25,0,0,201026378504wd,110642010042055474,GREATER AMBERJACK,,9.1993465451,48,123,201026378504wd,,0,05/04/2021
2010,37,5,2,1106420100420007,6,2,04,wd,8835020411,562,3.6,0,0,201026378504wd,110642010042055474,SNOWY GROUPER,,9.1993465451,22,56,201026378504wd,,0,05/04/2021
2010,37,5,2,1106420100420007,6,2,04,wd,8826010301,362,1.9,0,0,201026378504wd,110642010042055474,BLACKBELLY ROSEFISH,,9.1993465451,14,36,201026378504wd,,0,05/04/2021
2010,37,5,2,1106420100420007,6,2,04,wd,8791031000,,,0,0,201026378504wd,110642010042055474,HAKE GENUS,,9.6581631341,,,201026378504wd,,0,05/04/2021
2010,37,5,2,1106420100420013,6,2,04,wd,8850030403,917,13.25,0,0,201026378504wd,110642010042055474,YELLOWFIN TUNA,,9.1993465451,36,91,201026378504wd,,0,05/04/2021
2010,37,5,2,1106420100420013,6,2,04,wd,8850030403,923,13.75,0,0,201026378504wd,110642010042055474,YELLOWFIN TUNA,,9.1993465451,36,92,201026378504wd,,0,05/04/2021
2010,37,5,2,1106420100420013,6,2,04,wd,8850030403,959,15,0,0,201026378504wd,110642010042055474,YELLOWFIN TUNA,,9.1993465451,37,95,201026378504wd,,0,05/04/2021
2010,37,5,2,1106420100420013,6,2,04,wd,8850030403,982,16,0,0,201026378504wd,110642010042055474,YELLOWFIN TUNA,,9.1993465451,38,98,201026378504wd,,0,05/04/2021
2010,37,5,2,1106420100420013,6,2,04,wd,8850030403,1131,24.5,0,0,201026378504wd,110642010042055474,YELLOWFIN TUNA,,9.1993465451,44,113,201026378504wd,,0,05/04/2021
2010,37,5,2,1106420100420013,6,2,04,wd,8850030403,1092,25,0,0,201026378504wd,110642010042055474,YELLOWFIN TUNA,,9.1993465451,42,109,201026378504wd,,0,05/04/2021
2010,37,5,2,1106420100420013,6,2,04,wd,8850030403,1142,25.25,0,0,201026378504wd,110642010042055474,YELLOWFIN TUNA,,9.1993465451,44,114,201026378504wd,,0,05/04/2021
2010,37,5,2,1106420100420013,6,2,04,wd,8850030403,1073,20.75,0,0,201026378504wd,110642010042055474,YELLOWFIN TUNA,,9.1993465451,42,107,201026378504wd,,0,05/04/2021
2010,37,5,2,1106420100420013,6,2,04,wd,8850030403,1047,19.25,0,0,201026378504wd,110642010042055474,YELLOWFIN TUNA,,9.1993465451,41,104,201026378504wd,,0,05/04/2021
2010,37,5,2,1106420100420013,6,2,04,wd,8850030403,1172,27,0,0,201026378504wd,110642010042055474,YELLOWFIN TUNA,,9.1993465451,46,117,201026378504wd,,0,05/04/2021
2010,37,5,2,1106420100420019,6,2,04,wd,8835220104,513,2.5,0,0,201026378504wd,110642010042055653,BLUELINE TILEFISH,,38.46393793,20,51,201026378504wd,,0,05/04/2021
2010,37,5,2,1106420100420019,6,2,04,wd,8835220201,736,6.8,0,0,201026378504wd,110642010042055653,TILEFISH,,38.46393793,28,73,201026378504wd,,0,05/04/2021
2010,37,5,2,1106420100420019,6,2,04,wd,8835220201,838,8.2,0,0,201026378504wd,110642010042055653,TILEFISH,,38.46393793,32,83,201026378504wd,,0,05/04/2021
2010,37,5,2,1106420100420019,6,2,04,wd,8835020411,838,10.25,0,0,201026378504wd,110642010042055653,SNOWY GROUPER,,38.46393793,32,83,201026378504wd,,0,05/04/2021
2010,37,5,2,1106420100420019,6,2,04,wd,8835220104,497,2.3,0,0,201026378504wd,110642010042055653,BLUELINE TILEFISH,,38.46393793,19,49,201026378504wd,,0,05/04/2021
2010,37,5,2,1106420100420019,6,2,04,wd,8835020411,854,11,0,0,201026378504wd,110642010042055653,SNOWY GROUPER,,38.46393793,33,85,201026378504wd,,0,05/04/2021
2010,37,5,2,1106420100420019,6,2,04,wd,8835020411,911,12,0,0,201026378504wd,110642010042055653,SNOWY GROUPER,,38.46393793,35,91,201026378504wd,,0,05/04/2021
2010,37,5,2,1106420100420019,6,2,04,wd,8835020411,1116,18,0,0,201026378504wd,110642010042055653,SNOWY GROUPER,,38.46393793,43,111,201026378504wd,,0,05/04/2021
2010,37,5,2,1106420100420019,6,2,04,wd,8835220201,788,7.5,0,0,201026378504wd,110642010042055653,TILEFISH,,38.46393793,31,78,201026378504wd,,0,05/04/2021
2010,37,5,2,1106420100420019,6,2,04,wd,8835020411,923,13.25,0,0,201026378504wd,110642010042055653,SNOWY GROUPER,,38.46393793,36,92,201026378504wd,,0,05/04/2021
2010,37,5,2,1106420100420025,6,2,04,wd,8851010201,732,7.7,0,0,201026378504wd,110642010042055206,BARRELFISH,,66.675725989,28,73,201026378504wd,,0,05/04/2021
2010,37,5,2,1106420100420025,6,2,04,wd,8835020411,863,10,0,0,201026378504wd,110642010042055206,SNOWY GROUPER,,66.675725989,33,86,201026378504wd,,0,05/04/2021
2010,37,5,2,1106420100420025,6,2,04,wd,8835020411,889,11,0,0,201026378504wd,110642010042055206,SNOWY GROUPER,,66.675725989,34,88,201026378504wd,,0,05/04/2021
2010,37,5,2,1106420100420025,6,2,04,wd,8826010301,368,2,0,0,201026378504wd,110642010042055206,BLACKBELLY ROSEFISH,,66.675725989,14,36,201026378504wd,,0,05/04/2021
2010,37,5,2,1106420100420025,6,2,04,wd,8826010301,359,1.9,0,0,201026378504wd,110642010042055206,BLACKBELLY ROSEFISH,,66.675725989,14,35,201026378504wd,,0,05/04/2021
2010,37,5,2,1106420100420025,6,2,04,wd,8826010301,373,2.1,0,0,201026378504wd,110642010042055206,BLACKBELLY ROSEFISH,,66.675725989,14,37,201026378504wd,,0,05/04/2021
2010,37,5,2,1106420100420025,6,2,04,wd,8835220104,572,2.3,0,0,201026378504wd,110642010042055206,BLUELINE TILEFISH,,66.675725989,22,57,201026378504wd,,0,05/04/2021
2010,37,5,2,1106420100420025,6,2,04,wd,8826010301,399,2.3,0,0,201026378504wd,110642010042055206,BLACKBELLY ROSEFISH,,66.675725989,15,39,201026378504wd,,0,05/04/2021
2010,37,5,2,1106420100420025,6,2,04,wd,8791031000,,,0,0,201026378504wd,110642010042055206,HAKE GENUS,,66.675725989,,,201026378504wd,,0,05/04/2021
2010,37,5,2,1106420100420025,6,2,04,wd,8835020411,1096,17.25,0,0,201026378504wd,110642010042055206,SNOWY GROUPER,,66.675725989,43,109,201026378504wd,,0,05/04/2021
2010,37,5,2,1106420100420025,6,2,04,wd,8707040501,2007,78,0,0,201026378504wd,110642010042055206,SHORTFIN MAKO,,66.675725989,79,200,201026378504wd,,0,05/04/2021
2010,37,5,2,1109620100306001,6,2,03,we,8850030402,1765,78.18,0,0,201026378503we,110962010030655150,BLUEFIN TUNA,,4.5061281923,69,176,201026378503we,,0,05/04/2021
2010,37,5,2,1109620100306002,6,2,03,we,,,,0,0,201026378503we,110962010030655150,,,4.5061281923,,,201026378503we,,0,05/04/2021
2010,37,5,2,1109620100307001,6,2,03,we,8850030402,1524,55,0,0,201026378503we,110962010030755501,BLUEFIN TUNA,,3.0771363321,59,152,201026378503we,,0,05/04/2021
2010,37,5,2,1109620100307002,6,2,03,we,,,,0,0,201026378503we,110962010030755501,,,3.0771363321,,,201026378503we,,0,05/04/2021
2010,37,5,2,1109620100307003,6,2,03,we,,,,0,0,201026378503we,110962010030755501,,,3.7579848915,,,201026378503we,,0,05/04/2021
2010,37,5,2,1109620100307005,6,2,03,we,,,,0,0,201026378503we,110962010030755501,,,3.0771363321,,,201026378503we,,0,05/04/2021
2010,37,5,2,1109620100307006,6,2,03,we,,,,0,0,201026378503we,110962010030755501,,,3.0771363321,,,201026378503we,,0,05/04/2021
2010,37,5,2,1109620100307007,6,2,03,we,8850030402,1300,44.55,0,0,201026378503we,110962010030755501,BLUEFIN TUNA,,3.7579848915,51,130,201026378503we,,0,05/04/2021
2010,37,5,2,1109620100307008,6,2,03,we,,,,0,0,201026378503we,110962010030755501,,,3.7579848915,,,201026378503we,,0,05/04/2021
2010,37,5,2,1109620100311003,6,2,03,wd,8850030402,1740,82.27,0,0,201026378503wd,110962010031155150,BLUEFIN TUNA,,7.8639213137,68,174,201026378503wd,,0,05/04/2021
2010,37,5,2,1109620100311004,6,2,03,wd,8850030405,1810,100,0,0,201026378503wd,110962010031155150,BIGEYE TUNA,,7.8639213137,71,181,201026378503wd,,0,05/04/2021
2010,37,5,2,1109620100311005,6,2,03,wd,,,,0,0,201026378503wd,110962010031155150,,,8.3227379027,,,201026378503wd,,0,05/04/2021
2010,37,5,2,1109620100311006,6,2,03,wd,8850030403,920,11.6,0,0,201026378503wd,110962010031155150,YELLOWFIN TUNA,,7.8639213137,36,92,201026378503wd,,0,05/04/2021
2010,37,5,2,1109620100311006,6,2,03,wd,8850030102,710,5.2,0,0,201026378503wd,110962010031155150,LITTLE TUNNY,,7.8639213137,27,71,201026378503wd,,0,05/04/2021
2010,37,5,2,1109620100311007,6,2,03,wd,,,,0,0,201026378503wd,110962010031155150,,,8.3227379027,,,201026378503wd,,0,05/04/2021
2010,37,5,1,1109620100320001,6,2,03,we,8835220104,366,0.7,0,0,201026378503we,110962010032055501,BLUELINE TILEFISH,,207.04903357,14,36,201026378503we,,0,05/04/2021
2010,37,5,1,1109620100320001,6,2,03,we,8835220104,370,0.7,0,0,201026378503we,110962010032055501,BLUELINE TILEFISH,,207.04903357,14,37,201026378503we,,0,05/04/2021
2010,37,5,1,1109620100320001,6,2,03,we,8835220104,442,1.1,0,0,201026378503we,110962010032055501,BLUELINE TILEFISH,,207.04903357,17,44,201026378503we,,0,05/04/2021
2010,37,5,1,1109620100320001,6,2,03,we,8835220104,534,2,0,0,201026378503we,110962010032055501,BLUELINE TILEFISH,,207.04903357,21,53,201026378503we,,0,05/04/2021
2010,37,5,1,1109620100320001,6,2,03,we,8835220104,601,3.1,1,1,201026378503we,110962010032055501,BLUELINE TILEFISH,,207.04903357,23,60,201026378503we,,0,05/04/2021
2010,37,5,1,1109620100320001,6,2,03,we,8835220104,623,3.3,1,1,201026378503we,110962010032055501,BLUELINE TILEFISH,,207.04903357,24,62,201026378503we,,0,05/04/2021
2010,37,5,1,1109620100320001,6,2,03,we,8835220104,409,1,0,0,201026378503we,110962010032055501,BLUELINE TILEFISH,,207.04903357,16,40,201026378503we,,0,05/04/2021
2010,37,5,1,1109620100320001,6,2,03,we,8835220104,448,1.3,1,1,201026378503we,110962010032055501,BLUELINE TILEFISH,,207.04903357,17,44,201026378503we,,0,05/04/2021
2010,37,5,1,1109620100320001,6,2,03,we,8835220104,659,4.5,1,1,201026378503we,110962010032055501,BLUELINE TILEFISH,,207.04903357,25,65,201026378503we,,0,05/04/2021
2010,37,5,1,1109620100320001,6,2,03,we,8835020301,300,0.35,1,1,201026378503we,110962010032055501,BLACK SEA BASS,,1404.482611,11,30,201026378503we,,0,05/04/2021
2010,37,5,1,1109620100320001,6,2,03,we,8835220104,541,2.1,0,0,201026378503we,110962010032055501,BLUELINE TILEFISH,,207.04903357,21,54,201026378503we,,0,05/04/2021
2010,37,5,1,1109620100320001,6,2,03,we,8835220104,651,3.9,0,0,201026378503we,110962010032055501,BLUELINE TILEFISH,,207.04903357,25,65,201026378503we,,0,05/04/2021
2010,37,5,1,1109620100320001,6,2,03,we,8835020301,360,0.55,1,1,201026378503we,110962010032055501,BLACK SEA BASS,,1404.482611,14,36,201026378503we,,0,05/04/2021
2010,37,5,1,1109620100320001,6,2,03,we,8835020301,362,0.7,1,1,201026378503we,110962010032055501,BLACK SEA BASS,,1404.482611,14,36,201026378503we,,0,05/04/2021
2010,37,5,1,1109620100320001,6,2,03,we,8835020301,365,0.8,0,0,201026378503we,110962010032055501,BLACK SEA BASS,,1404.482611,14,36,201026378503we,,0,05/04/2021
2010,37,5,1,1109620100320001,6,2,03,we,8835020301,396,0.9,1,1,201026378503we,110962010032055501,BLACK SEA BASS,,1404.482611,15,39,201026378503we,,0,05/04/2021
2010,37,5,2,1109620100320005,6,2,03,we,8850030402,1735,75,0,0,201026378503we,110962010032055951,BLUEFIN TUNA,,16.150535991,68,173,201026378503we,,0,05/04/2021
2010,37,5,2,1109620100320006,6,2,03,we,8850030403,854,10.8,0,0,201026378503we,110962010032055951,YELLOWFIN TUNA,,16.150535991,33,85,201026378503we,,0,05/04/2021
2010,37,5,2,1109620100325002,6,2,03,wd,8850030402,1200,24.55,0,0,201026378503wd,110962010032555474,BLUEFIN TUNA,,7.6669320324,47,120,201026378503wd,,0,05/04/2021
2010,37,5,2,1109620100325005,6,2,03,wd,8850030402,2100,144.54,0,0,201026378503wd,110962010032555474,BLUEFIN TUNA,,7.6669320324,82,210,201026378503wd,,0,05/04/2021
2010,37,5,2,1109620100325007,6,2,03,wd,,,,0,0,201026378503wd,110962010032555474,,,22.285237892,,,201026378503wd,,0,05/04/2021
2010,37,5,2,1109620100325008,6,2,03,wd,8850030402,1750,84.09,0,0,201026378503wd,110962010032555474,BLUEFIN TUNA,,7.0025195157,68,175,201026378503wd,,0,05/04/2021
2010,37,5,2,1109620100325009,6,2,03,wd,,,,0,0,201026378503wd,110962010032555474,,,11.665620939,,,201026378503wd,,0,05/04/2021
2010,37,5,2,1109620100325010,6,2,03,wd,8850030402,1750,84.09,0,0,201026378503wd,110962010032555474,BLUEFIN TUNA,,11.20680435,68,175,201026378503wd,,0,05/04/2021
2010,37,5,2,1109620100325011,6,2,03,wd,8850030402,1731,79.632799614,1,1,201026378503wd,110962010032555474,BLUEFIN TUNA,,15.205493257,68,173,201026378503wd,,0,05/04/2021
2010,37,5,2,1109620100325012,6,2,03,wd,,,,0,0,201026378503wd,110962010032555474,,,7.3782105406,,,201026378503wd,,0,05/04/2021
2010,37,5,2,1109620100325013,6,2,03,wd,,,,0,0,201026378503wd,110962010032555474,,,7.3782105406,,,201026378503wd,,0,05/04/2021
2010,37,5,2,1109620100325014,6,2,03,wd,,,,0,0,201026378503wd,110962010032555474,,,7.3782105406,,,201026378503wd,,0,05/04/2021
2010,37,5,2,1109620100325016,6,2,03,wd,8850030404,863,10.5,1,1,201026378503wd,110962010032555206,BLACKFIN TUNA,,74.192217029,33,86,201026378503wd,,0,05/04/2021
2010,37,5,2,1109620100325017,6,2,03,wd,8850030402,1730,79.503698101,0,1,201026378503wd,110962010032555206,BLUEFIN TUNA,,2.6095446591,68,173,201026378503wd,,0,05/04/2021
2010,37,5,2,1109620100325018,6,2,03,wd,,,,0,0,201026378503wd,110962010032555206,,,2.6385890638,,,201026378503wd,,0,05/04/2021
2010,37,5,2,1109620100325019,6,2,03,wd,8850030402,1600,63.84548878,0,1,201026378503wd,110962010032555206,BLUEFIN TUNA,,41.223168229,62,160,201026378503wd,,0,05/04/2021
2010,37,5,2,1109620100325020,6,2,03,wd,,,,0,0,201026378503wd,110962010032555206,,,41.681984818,,,201026378503wd,,0,05/04/2021
2010,37,5,2,1109620100325021,6,2,03,wd,,,,0,0,201026378503wd,110962010032555206,,,41.681984818,,,201026378503wd,,0,05/04/2021
2010,37,5,2,1109620100325022,6,2,03,wd,,,,0,0,201026378503wd,110962010032555206,,,41.681984818,,,201026378503wd,,0,05/04/2021
2010,37,5,2,1109620100403001,6,2,04,we,8850030402,1730,86.36,0,0,201026378504we,110962010040355501,BLUEFIN TUNA,,0.5877893419,68,173,201026378504we,,0,05/04/2021
2010,37,5,2,1109620100403002,6,2,04,we,8707040501,1810,54.09,0,0,201026378504we,110962010040355501,SHORTFIN MAKO,,0.5877893419,71,181,201026378504we,,0,05/04/2021
2010,37,5,2,1109620100403003,6,2,04,we,,,,0,0,201026378504we,110962010040355501,,,0.5877893419,,,201026378504we,,0,05/04/2021
2010,37,5,2,1109620100403004,6,2,04,we,8850030402,1730,79.503698101,0,1,201026378504we,110962010040355501,BLUEFIN TUNA,,9.2853513128,68,173,201026378504we,,0,05/04/2021
2010,37,5,2,1109620100403006,6,2,04,we,8707040501,1498,38.5,1,1,201026378504we,110962010040355501,SHORTFIN MAKO,,9.2853513128,58,149,201026378504we,,0,05/04/2021
2010,37,5,2,1109620100413001,6,2,04,wd,8835220104,632,4.3,1,1,201026378504wd,110962010041355501,BLUELINE TILEFISH,,1.2466411638,24,63,201026378504wd,,0,05/04/2021
2010,37,5,2,1109620100413001,6,2,04,wd,8835220104,621,4.2,1,1,201026378504wd,110962010041355501,BLUELINE TILEFISH,,1.2466411638,24,62,201026378504wd,,0,05/04/2021
2010,37,5,2,1109620100413001,6,2,04,wd,8835220104,636,4.3,1,1,201026378504wd,110962010041355501,BLUELINE TILEFISH,,1.2466411638,25,63,201026378504wd,,0,05/04/2021
2010,37,5,2,1109620100413001,6,2,04,wd,8850030402,1130,26.82,0,0,201026378504wd,110962010041355501,BLUEFIN TUNA,,0.5194338182,44,113,201026378504wd,,0,05/04/2021
2010,37,5,2,1109620100413001,6,2,04,wd,8835220104,661,4.6,1,1,201026378504wd,110962010041355501,BLUELINE TILEFISH,,1.2466411638,26,66,201026378504wd,,0,05/04/2021
2010,37,5,2,1109620100413001,6,2,04,wd,8835220104,644,4.6,1,1,201026378504wd,110962010041355501,BLUELINE TILEFISH,,1.2466411638,25,64,201026378504wd,,0,05/04/2021
2010,37,5,2,1109620100413002,6,2,04,wd,8835220104,497,2.3,1,1,201026378504wd,110962010041355501,BLUELINE TILEFISH,,22.975495466,19,49,201026378504wd,,0,05/04/2021
2010,37,5,2,1109620100413002,6,2,04,wd,8850030402,1220,29.818480377,0,1,201026378504wd,110962010041355501,BLUEFIN TUNA,,8.2055340951,48,122,201026378504wd,,0,05/04/2021
2010,37,5,2,1109620100413002,6,2,04,wd,8835220104,582,3.5,1,1,201026378504wd,110962010041355501,BLUELINE TILEFISH,,22.975495466,22,58,201026378504wd,,0,05/04/2021
2010,37,5,2,1109620100413002,6,2,04,wd,8835220104,689,4.7,1,1,201026378504wd,110962010041355501,BLUELINE TILEFISH,,22.975495466,27,68,201026378504wd,,0,05/04/2021
2010,37,5,2,1109620100413002,6,2,04,wd,8835020411,722,6.25,0,0,201026378504wd,110962010041355501,SNOWY GROUPER,,8.2055340951,28,72,201026378504wd,,0,05/04/2021
2010,37,5,2,1109620100413002,6,2,04,wd,8835220104,543,2.2,1,1,201026378504wd,110962010041355501,BLUELINE TILEFISH,,22.975495466,21,54,201026378504wd,,0,05/04/2021
2010,37,5,2,1109620100413002,6,2,04,wd,8835220104,513,2.5,1,1,201026378504wd,110962010041355501,BLUELINE TILEFISH,,22.975495466,20,51,201026378504wd,,0,05/04/2021
2010,37,5,2,1109620100413004,6,2,04,wd,8835220104,448,1.3,1,1,201026378504wd,110962010041355501,BLUELINE TILEFISH,,11.722191564,17,44,201026378504wd,,0,05/04/2021
2010,37,5,2,1109620100413004,6,2,04,wd,8835220104,524,2.1,0,0,201026378504wd,110962010041355501,BLUELINE TILEFISH,,11.722191564,20,52,201026378504wd,,0,05/04/2021
2010,37,5,2,1109620100413004,6,2,04,wd,8835220104,450,1.2,0,0,201026378504wd,110962010041355501,BLUELINE TILEFISH,,11.722191564,17,45,201026378504wd,,0,05/04/2021
2010,37,5,2,1109620100413004,6,2,04,wd,8835220104,448,1.3,0,0,201026378504wd,110962010041355501,BLUELINE TILEFISH,,11.722191564,17,44,201026378504wd,,0,05/04/2021
2010,37,5,2,1109620100413004,6,2,04,wd,8835220104,524,2.1,1,1,201026378504wd,110962010041355501,BLUELINE TILEFISH,,11.722191564,20,52,201026378504wd,,0,05/04/2021
2010,37,5,2,1109620100413004,6,2,04,wd,8835220104,573,2.5,1,1,201026378504wd,110962010041355501,BLUELINE TILEFISH,,11.722191564,22,57,201026378504wd,,0,05/04/2021
2010,37,5,2,1109620100413004,6,2,04,wd,8835220104,553,2.4,0,0,201026378504wd,110962010041355501,BLUELINE TILEFISH,,11.722191564,21,55,201026378504wd,,0,05/04/2021
2010,37,5,2,1109620100413004,6,2,04,wd,8835220104,573,2.5,0,0,201026378504wd,110962010041355501,BLUELINE TILEFISH,,11.722191564,22,57,201026378504wd,,0,05/04/2021
2010,37,5,2,1109620100413004,6,2,04,wd,8835220104,576,2.2,0,0,201026378504wd,110962010041355501,BLUELINE TILEFISH,,11.722191564,22,57,201026378504wd,,0,05/04/2021
2010,37,5,2,1109620100413004,6,2,04,wd,8835220104,576,2.2,1,1,201026378504wd,110962010041355501,BLUELINE TILEFISH,,11.722191564,22,57,201026378504wd,,0,05/04/2021
2010,37,5,2,1109620100413004,6,2,04,wd,8835220104,664,3.5,0,0,201026378504wd,110962010041355501,BLUELINE TILEFISH,,11.722191564,26,66,201026378504wd,,0,05/04/2021
2010,37,5,2,1109620100413004,6,2,04,wd,8835220104,664,3.5,1,1,201026378504wd,110962010041355501,BLUELINE TILEFISH,,11.722191564,26,66,201026378504wd,,0,05/04/2021
2010,37,5,2,1109620100413004,6,2,04,wd,8835220104,540,2,0,0,201026378504wd,110962010041355501,BLUELINE TILEFISH,,11.722191564,21,54,201026378504wd,,0,05/04/2021
2010,37,5,2,1109620100413004,6,2,04,wd,8835220104,543,2.2,0,0,201026378504wd,110962010041355501,BLUELINE TILEFISH,,11.722191564,21,54,201026378504wd,,0,05/04/2021
2010,37,5,2,1109620100415001,6,2,04,wd,8835430401,445,1.7,1,1,201026378504wd,110962010041595909,SPOTTAIL PINFISH,,2.4348774756,17,44,201026378504wd,,0,05/04/2021
2010,37,5,2,1109620100415001,6,2,04,wd,8835020301,310,0.5,0,0,201026378504wd,110962010041595909,BLACK SEA BASS,,2.4348774756,12,31,201026378504wd,,0,05/04/2021
2010,37,5,2,1109620100415001,6,2,04,wd,8835020301,323,0.5,0,0,201026378504wd,110962010041595909,BLACK SEA BASS,,2.4348774756,12,32,201026378504wd,,0,05/04/2021
2010,37,5,2,1109620100415001,6,2,04,wd,8835020301,343,0.5,0,0,201026378504wd,110962010041595909,BLACK SEA BASS,,2.4348774756,13,34,201026378504wd,,0,05/04/2021
2010,37,5,2,1109620100415001,6,2,04,wd,8835020301,403,0.9,0,0,201026378504wd,110962010041595909,BLACK SEA BASS,,2.4348774756,15,40,201026378504wd,,0,05/04/2021
2010,37,5,2,1109620100415002,6,2,04,wd,,,,0,0,201026378504wd,110962010041595909,,,2.4348774756,,,201026378504wd,,0,05/04/2021
2010,37,5,2,1109620100415003,6,2,04,wd,,,,0,0,201026378504wd,110962010041595909,,,2.4348774756,,,201026378504wd,,0,05/04/2021
2010,37,5,2,1109620100415004,6,2,04,wd,,,,0,0,201026378504wd,110962010041595909,,,2.4348774756,,,201026378504wd,,0,05/04/2021
2010,37,5,2,1109620100415005,6,2,04,wd,,,,0,0,201026378504wd,110962010041595909,,,2.4348774756,,,201026378504wd,,0,05/04/2021
2010,37,5,2,1109620100416002,6,2,04,wd,8850030403,990,17.5,0,0,201026378504wd,110962010041655150,YELLOWFIN TUNA,,7.2586351225,38,99,201026378504wd,,0,05/04/2021
2010,37,5,2,1109620100416002,6,2,04,wd,8850030403,978,17.4,0,0,201026378504wd,110962010041655150,YELLOWFIN TUNA,,7.2586351225,38,97,201026378504wd,,0,05/04/2021
2010,37,5,2,1109620100416002,6,2,04,wd,8850030403,1050,20,0,0,201026378504wd,110962010041655150,YELLOWFIN TUNA,,7.2586351225,41,105,201026378504wd,,0,05/04/2021
2010,37,5,2,1109620100416002,6,2,04,wd,8850030403,1065,18.867018015,0,1,201026378504wd,110962010041655150,YELLOWFIN TUNA,,7.2586351225,41,106,201026378504wd,,0,05/04/2021
2010,37,5,2,1109620100416002,6,2,04,wd,8850030402,1685,73.832727797,0,1,201026378504wd,110962010041655150,BLUEFIN TUNA,,7.2586351225,66,168,201026378504wd,,0,05/04/2021
2010,37,5,2,1109620100416002,6,2,04,wd,8850030403,1074,20,0,0,201026378504wd,110962010041655150,YELLOWFIN TUNA,,7.2586351225,42,107,201026378504wd,,0,05/04/2021
2010,37,5,2,1109620100416002,6,2,04,wd,8850030403,976,14.75,0,0,201026378504wd,110962010041655150,YELLOWFIN TUNA,,7.2586351225,38,97,201026378504wd,,0,05/04/2021
2010,37,5,2,1109620100416005,6,2,04,wd,8850030403,855,11,0,0,201026378504wd,110962010041655150,YELLOWFIN TUNA,,8.8646839722,33,85,201026378504wd,,0,05/04/2021
2010,37,5,2,1109620100416005,6,2,04,wd,8850030403,960,15.75,0,0,201026378504wd,110962010041655150,YELLOWFIN TUNA,,8.8646839722,37,96,201026378504wd,,0,05/04/2021
2010,37,5,2,1109620100416005,6,2,04,wd,8850030403,990,16.5,0,0,201026378504wd,110962010041655150,YELLOWFIN TUNA,,8.8646839722,38,99,201026378504wd,,0,05/04/2021
2010,37,5,2,1109620100416005,6,2,04,wd,8850030403,1032,19.75,0,0,201026378504wd,110962010041655150,YELLOWFIN TUNA,,8.8646839722,40,103,201026378504wd,,0,05/04/2021
2010,37,5,2,1109620100416005,6,2,04,wd,8850030402,1680,61.82,0,0,201026378504wd,110962010041655150,BLUEFIN TUNA,,8.8646839722,66,168,201026378504wd,,0,05/04/2021
2010,37,5,2,1109620100416005,6,2,04,wd,8850030403,950,14.5,0,0,201026378504wd,110962010041655150,YELLOWFIN TUNA,,8.8646839722,37,95,201026378504wd,,0,05/04/2021
2010,37,5,2,1109620100416007,6,2,04,wd,8850030402,1780,80.45,0,0,201026378504wd,110962010041655150,BLUEFIN TUNA,,32.552805259,70,178,201026378504wd,,0,05/04/2021
2010,37,5,2,1109620100416008,6,2,04,wd,,,,0,0,201026378504wd,110962010041655150,,,12.481916733,,,201026378504wd,,0,05/04/2021
2010,37,5,2,1109620100416010,6,2,04,wd,8850030403,1092,25,1,1,201026378504wd,110962010041655150,YELLOWFIN TUNA,,12.481916733,42,109,201026378504wd,,0,05/04/2021
2010,37,5,2,1109620100416011,6,2,04,wd,8850030403,1142,25.25,1,1,201026378504wd,110962010041655150,YELLOWFIN TUNA,,10.049090037,44,114,201026378504wd,,0,05/04/2021
2010,37,5,2,1109620100416011,6,2,04,wd,8850030403,978,17.4,1,1,201026378504wd,110962010041655150,YELLOWFIN TUNA,,10.049090037,38,97,201026378504wd,,0,05/04/2021
2010,37,5,2,1109620100416011,6,2,04,wd,8850030403,1172,27,1,1,201026378504wd,110962010041655150,YELLOWFIN TUNA,,10.049090037,46,117,201026378504wd,,0,05/04/2021
2010,37,5,2,1109620100416011,6,2,04,wd,8850030403,1050,20,1,1,201026378504wd,110962010041655150,YELLOWFIN TUNA,,10.049090037,41,105,201026378504wd,,0,05/04/2021
2010,37,5,2,1109620100418003,6,2,04,we,8850030403,960,15.75,1,1,201026378504we,110962010041855150,YELLOWFIN TUNA,,3.262756725,37,96,201026378504we,,0,05/04/2021
2010,37,5,2,1109620100418003,6,2,04,we,8850030403,990,15.944673573,1,1,201026378504we,110962010041855150,YELLOWFIN TUNA,,3.262756725,38,99,201026378504we,,0,05/04/2021
2010,37,5,2,1109620100418003,6,2,04,we,8850030403,1065,18.867018015,1,1,201026378504we,110962010041855150,YELLOWFIN TUNA,,3.262756725,41,106,201026378504we,,0,05/04/2021
2010,37,5,2,1109620100418003,6,2,04,we,8850030402,1800,88.870023136,0,1,201026378504we,110962010041855150,BLUEFIN TUNA,,3.262756725,70,180,201026378504we,,0,05/04/2021
2010,37,5,2,1109620100418009,6,2,04,we,8850030402,1780,81.8,0,0,201026378504we,110962010041855150,BLUEFIN TUNA,,3.9846757355,70,178,201026378504we,,0,05/04/2021
2010,37,5,2,2106220100306001,6,2,03,we,8835020301,300,0.4,0,0,201026378503we,210622010030619527,BLACK SEA BASS,,26.284636821,11,30,201026378503we,,0,05/04/2021
2010,37,5,2,2106220100306001,6,2,03,we,8835020301,300,0.35,0,0,201026378503we,210622010030619527,BLACK SEA BASS,,26.284636821,11,30,201026378503we,,0,05/04/2021
2010,37,5,2,2106220100306001,6,2,03,we,8835020301,305,0.4,0,0,201026378503we,210622010030619527,BLACK SEA BASS,,26.284636821,12,30,201026378503we,,0,05/04/2021
2010,37,5,2,2106220100306001,6,2,03,we,8835020301,300,0.35,0,0,201026378503we,210622010030619527,BLACK SEA BASS,,26.284636821,11,30,201026378503we,,0,05/04/2021
2010,37,5,2,2106220100306001,6,2,03,we,8835020301,305,0.35,0,0,201026378503we,210622010030619527,BLACK SEA BASS,,26.284636821,12,30,201026378503we,,0,05/04/2021
2010,37,5,2,2106220100306001,6,2,03,we,8835020301,305,0.35,0,0,201026378503we,210622010030619527,BLACK SEA BASS,,26.284636821,12,30,201026378503we,,0,05/04/2021
2010,37,5,2,2106220100306001,6,2,03,we,8835020301,309,0.35,0,0,201026378503we,210622010030619527,BLACK SEA BASS,,26.284636821,12,30,201026378503we,,0,05/04/2021
2010,37,5,2,2106220100306001,6,2,03,we,8835020301,315,0.4,0,0,201026378503we,210622010030619527,BLACK SEA BASS,,26.284636821,12,31,201026378503we,,0,05/04/2021
2010,37,5,2,2106220100306001,6,2,03,we,8835020301,320,0.55,0,0,201026378503we,210622010030619527,BLACK SEA BASS,,26.284636821,12,32,201026378503we,,0,05/04/2021
2010,37,5,2,2106220100306001,6,2,03,we,8835020301,330,0.45,0,0,201026378503we,210622010030619527,BLACK SEA BASS,,26.284636821,12,33,201026378503we,,0,05/04/2021
2010,37,5,2,2106220100306001,6,2,03,we,8835020301,341,0.55,0,0,201026378503we,210622010030619527,BLACK SEA BASS,,26.284636821,13,34,201026378503we,,0,05/04/2021
2010,37,5,2,2106220100306001,6,2,03,we,8835020301,310,0.4,0,0,201026378503we,210622010030619527,BLACK SEA BASS,,26.284636821,12,31,201026378503we,,0,05/04/2021
2010,37,5,2,2106220100306002,6,2,03,we,,,,0,0,201026378503we,210622010030619527,,,37.809076084,,,201026378503we,,0,05/04/2021
2010,37,5,2,2106220100306003,6,2,03,we,,,,0,0,201026378503we,210622010030619527,,,46.174729149,,,201026378503we,,0,05/04/2021
2010,37,5,2,2109620100410002,6,2,04,we,8850030402,1741,83,1,1,201026378504we,210962010041055150,BLUEFIN TUNA,,3.7187463946,68,174,201026378504we,,0,05/04/2021
2010,37,5,2,2109620100410003,6,2,04,we,,,,0,0,201026378504we,210962010041055150,,,3.7187463946,,,201026378504we,,0,05/04/2021
2010,37,5,2,2109620100410004,6,2,04,we,8850030405,1573,66.817700083,1,1,201026378504we,210962010041055150,BIGEYE TUNA,,3.7187463946,61,157,201026378504we,,0,05/04/2021
2010,37,5,2,2109620100410005,6,2,04,we,,,,0,0,201026378504we,210962010041055150,,,3.7187463946,,,201026378504we,,0,05/04/2021
2010,37,5,2,2109620100410006,6,2,04,we,8850030402,1300,44.55,1,1,201026378504we,210962010041055150,BLUEFIN TUNA,,3.7187463946,51,130,201026378504we,,0,05/04/2021
2010,37,5,2,2109620100410007,6,2,04,we,8850030402,2285,177.72,1,1,201026378504we,210962010041055150,BLUEFIN TUNA,,8.9256398881,89,228,201026378504we,,0,05/04/2021
2010,37,5,2,2109620100410009,6,2,04,we,8850030402,2285,177.72,0,0,201026378504we,210962010041055150,BLUEFIN TUNA,,10.387000556,89,228,201026378504we,,0,05/04/2021
2010,37,5,2,2109620100410010,6,2,04,we,8850030402,1720,78.220088526,0,1,201026378504we,210962010041055150,BLUEFIN TUNA,,10.387000556,67,172,201026378504we,,0,05/04/2021
2010,37,5,2,2109620100410011,6,2,04,we,8850030402,1790,77.73,0,0,201026378504we,210962010041055150,BLUEFIN TUNA,,4.9153467367,70,179,201026378504we,,0,05/04/2021
2010,37,5,2,2109620100410011,6,2,04,we,8850030405,1583,55.45,0,0,201026378504we,210962010041055150,BIGEYE TUNA,,4.9153467367,62,158,201026378504we,,0,05/04/2021
2010,37,5,2,2109620100410012,6,2,04,we,8850030403,980,15.575951008,0,1,201026378504we,210962010041055150,YELLOWFIN TUNA,,4.9153467367,38,98,201026378504we,,0,05/04/2021
2010,37,5,2,2109620100410012,6,2,04,we,8850030403,990,15.944673573,0,1,201026378504we,210962010041055150,YELLOWFIN TUNA,,4.9153467367,38,99,201026378504we,,0,05/04/2021
2010,37,5,2,2109620100410012,6,2,04,we,8850030403,1040,17.861949157,0,1,201026378504we,210962010041055150,YELLOWFIN TUNA,,4.9153467367,40,104,201026378504we,,0,05/04/2021
2010,37,5,2,2109620100410013,6,2,04,we,,,,0,0,201026378504we,210962010041055150,,,7.4642792198,,,201026378504we,,0,05/04/2021
2010,37,5,2,2109620100410014,6,2,04,we,,,,0,0,201026378504we,210962010041055150,,,7.4642792198,,,201026378504we,,0,05/04/2021
2010,37,5,2,2109620100410015,6,2,04,we,8850030402,1675,72.609013594,0,1,201026378504we,210962010041055150,BLUEFIN TUNA,,17.53632802,65,167,201026378504we,,0,05/04/2021
2010,37,5,2,2109620100410016,6,2,04,we,8850030402,1740,79.55,0,0,201026378504we,210962010041055150,BLUEFIN TUNA,,6.0029185514,68,174,201026378504we,,0,05/04/2021
2010,37,5,2,2109620100410017,6,2,04,we,8850030405,1100,25.539404412,0,1,201026378504we,210962010041055150,BIGEYE TUNA,,6.0029185514,43,110,201026378504we,,0,05/04/2021
2010,37,5,2,2109620100410018,6,2,04,we,8850030405,1260,36.795563175,0,1,201026378504we,210962010041055150,BIGEYE TUNA,,6.0029185514,49,126,201026378504we,,0,05/04/2021
2010,37,5,2,2109620100410019,6,2,04,we,,,,0,0,201026378504we,210962010041055150,,,6.0029185514,,,201026378504we,,0,05/04/2021
2010,37,5,2,2109620100410020,6,2,04,we,,,,0,0,201026378504we,210962010041055150,,,7.4642792198,,,201026378504we,,0,05/04/2021
2010,37,5,2,2109620100410021,6,2,04,we,,,,0,0,201026378504we,210962010041055150,,,7.4642792198,,,201026378504we,,0,05/04/2021
2010,37,5,2,2109620100410022,6,2,04,we,,,,0,0,201026378504we,210962010041055150,,,7.4642792198,,,201026378504we,,0,05/04/2021
2010,37,5,2,2109620100410023,6,2,04,we,8850030402,1830,93.091748226,0,1,201026378504we,210962010041055150,BLUEFIN TUNA,,8.9256398881,72,183,201026378504we,,0,05/04/2021
2010,37,5,2,2109620100410026,6,2,04,we,,,,0,0,201026378504we,210962010041055501,,,2.1569437794,,,201026378504we,,0,05/04/2021
2010,37,5,2,2109620100410027,6,2,04,we,,,,0,0,201026378504we,210962010041055501,,,2.1569437794,,,201026378504we,,0,05/04/2021
2010,37,7,5,1104120100425001,6,2,04,we,8835440102,489,1.25,0,0,201026378704we,1104120100425134,SPOTTED SEATROUT,,2305.0431821,19,48,201026378704we,,0,05/04/2021
2010,37,7,5,1104320100430001,6,2,04,wd,8835440600,,,0,0,201026378704wd,11043201004303112,KINGFISH GENUS,,3998.1386267,,,201026378704wd,,0,05/04/2021
2010,37,7,5,1104320100430002,6,2,04,wd,8835440600,,,0,0,201026378704wd,11043201004303112,KINGFISH GENUS,,2665.4257511,,,201026378704wd,,0,05/04/2021
2010,37,7,5,1104320100430003,6,2,04,wd,8835440600,,,0,0,201026378704wd,11043201004303112,KINGFISH GENUS,,2665.4257511,,,201026378704wd,,0,05/04/2021
2010,37,7,5,1104920100331001,6,2,03,wd,8835440901,520,1.6741931846,0,1,201026378703wd,110492010033131702,RED DRUM,,1442.5483356,20,52,201026378703wd,,0,05/04/2021
2010,37,7,5,1104920100331001,6,2,03,wd,8835440901,510,1.5785949987,0,1,201026378703wd,110492010033131702,RED DRUM,,1442.5483356,20,51,201026378703wd,,0,05/04/2021
2010,37,7,1,1104920100401001,6,2,04,wd,,,,0,0,201026378704wd,110492010040131482,,,634.18783247,,,201026378704wd,,0,05/04/2021
2010,37,7,1,1104920100401002,6,2,04,wd,,,,0,0,201026378704wd,110492010040131482,,,634.18783247,,,201026378704wd,,0,05/04/2021
2010,37,7,1,1104920100401005,6,2,04,wd,8835440901,625,2.5,0,0,201026378704wd,110492010040131482,RED DRUM,,635.26532769,24,62,201026378704wd,,0,05/04/2021
2010,37,7,1,1104920100401005,6,2,04,wd,8804040203,,,0,0,201026378704wd,110492010040131482,MUMMICHOG,,7610.2539897,,,201026378704wd,,0,05/04/2021
2010,37,7,5,1104920100408001,6,2,04,wd,8835440702,228,0.2,0,0,201026378704wd,110492010040831482,ATLANTIC CROAKER,,1466.5390601,8,22,201026378704wd,,0,05/04/2021
2010,37,7,5,1104920100414001,6,2,04,wd,,,,0,0,201026378704wd,110492010041431702,,,1495.2349652,,,201026378704wd,,0,05/04/2021
2010,37,7,5,1104920100417001,6,2,04,we,,,,0,0,201026378704we,110492010041731702,,,507.48289637,,,201026378704we,,0,05/04/2021
2010,37,7,5,1104920100417002,6,2,04,we,,,,0,0,201026378704we,110492010041731702,,,544.02371424,,,201026378704we,,0,05/04/2021
2010,37,7,5,1104920100417003,6,2,04,we,,,,0,0,201026378704we,110492010041731702,,,507.48289637,,,201026378704we,,0,05/04/2021
2010,37,7,5,1104920100417004,6,2,04,we,8835440702,235,0.1573790172,0,1,201026378704we,110492010041731702,ATLANTIC CROAKER,,507.48289637,9,23,201026378704we,,0,05/04/2021
2010,37,7,5,1104920100417004,6,2,04,we,8835440702,237,0.1614592745,0,1,201026378704we,110492010041731702,ATLANTIC CROAKER,,507.48289637,9,23,201026378704we,,0,05/04/2021
2010,37,7,5,1104920100417004,6,2,04,we,8835440702,215,0.1203024346,0,1,201026378704we,110492010041731702,ATLANTIC CROAKER,,507.48289637,8,21,201026378704we,,0,05/04/2021
2010,37,7,5,1104920100417004,6,2,04,we,8835440601,240,0.1673193726,0,1,201026378704we,110492010041731702,SOUTHERN KINGFISH,,507.48289637,9,24,201026378704we,,0,05/04/2021
2010,37,7,5,1104920100417004,6,2,04,we,8835440601,265,0.2135081534,0,1,201026378704we,110492010041731702,SOUTHERN KINGFISH,,507.48289637,10,26,201026378704we,,0,05/04/2021
2010,37,7,1,1104920100417005,6,2,04,we,,,,0,0,201026378704we,110492010041731702,,,450.22144506,,,201026378704we,,0,05/04/2021
2010,37,7,1,1104920100417006,6,2,04,we,,,,0,0,201026378704we,110492010041731702,,,450.22144506,,,201026378704we,,0,05/04/2021
2010,37,7,1,1104920100417007,6,2,04,we,,,,0,0,201026378704we,110492010041731702,,,419.98110922,,,201026378704we,,0,05/04/2021
2010,37,7,5,1105220100310001,6,2,03,wd,,,,0,0,201026378703wd,1105220100310129492,,,1252.0150491,,,201026378703wd,,0,05/04/2021
2010,37,7,1,1105220100310003,6,2,03,wd,,,,0,0,201026378703wd,1105220100310129492,,,921.75730013,,,201026378703wd,,0,05/04/2021
2010,37,7,1,1105220100310004,6,2,03,wd,,,,0,0,201026378703wd,1105220100310129492,,,662.94393098,,,201026378703wd,,0,05/04/2021
2010,37,7,5,1105220100310006,6,2,03,wd,,,,0,0,201026378703wd,1105220100310129492,,,1252.0150491,,,201026378703wd,,0,05/04/2021
2010,37,7,2,1105220100310007,6,2,03,wd,8835020301,310,0.4,1,1,201026378703wd,1105220100310129492,BLACK SEA BASS,,1543.8020933,12,31,201026378703wd,,0,05/04/2021
2010,37,7,2,1105220100310007,6,2,03,wd,8835020301,332,0.5521975261,1,1,201026378703wd,1105220100310129492,BLACK SEA BASS,,1543.8020933,13,33,201026378703wd,,0,05/04/2021
2010,37,7,2,1105220100310007,6,2,03,wd,8835020301,315,0.5040026311,1,1,201026378703wd,1105220100310129492,BLACK SEA BASS,,1543.8020933,12,31,201026378703wd,,0,05/04/2021
2010,37,7,2,1105220100310007,6,2,03,wd,8835020301,351,0.55,1,1,201026378703wd,1105220100310129492,BLACK SEA BASS,,1543.8020933,13,35,201026378703wd,,0,05/04/2021
2010,37,7,2,1105220100310007,6,2,03,wd,8835020301,395,0.7467936018,1,1,201026378703wd,1105220100310129492,BLACK SEA BASS,,1543.8020933,15,39,201026378703wd,,0,05/04/2021
2010,37,7,1,1105220100310009,6,2,03,wd,,,,0,0,201026378703wd,1105220100310129492,,,662.94393098,,,201026378703wd,,0,05/04/2021
2010,37,7,5,1105220100310010,6,2,03,wd,,,,0,0,201026378703wd,1105220100310129492,,,900.47106566,,,201026378703wd,,0,05/04/2021
2010,37,7,5,1105220100313001,6,2,03,we,8835440901,507,1.5,1,1,201026378703we,1105220100313133161,RED DRUM,,815.69138537,19,50,201026378703we,,0,05/04/2021
2010,37,7,1,1105220100314001,6,2,03,we,8835440901,598,3,0,0,201026378703we,1105220100314133161,RED DRUM,,600.52751733,23,59,201026378703we,,0,05/04/2021
2010,37,7,1,1105220100314001,6,2,03,we,8835440901,592,2.75,0,0,201026378703we,1105220100314133161,RED DRUM,,600.52751733,23,59,201026378703we,,0,05/04/2021
2010,37,7,1,1105220100314002,6,2,03,we,,,,0,0,201026378703we,1105220100314133161,,,600.52751733,,,201026378703we,,0,05/04/2021
2010,37,7,5,1105220100319004,6,2,03,wd,,,,0,0,201026378703wd,110522010031919636,,,933.10017497,,,201026378703wd,,0,05/04/2021
2010,37,7,5,1105220100320001,6,2,03,we,,,,0,0,201026378703we,1105220100320141819,,,2078.9400274,,,201026378703we,,0,05/04/2021
2010,37,7,1,1105220100320002,6,2,03,we,8835440901,608,2.6,0,0,201026378703we,1105220100320141819,RED DRUM,,554.25578496,23,60,201026378703we,,0,05/04/2021
2010,37,7,1,1105220100320002,6,2,03,we,8835440901,593,2.1,0,0,201026378703we,1105220100320141819,RED DRUM,,554.25578496,23,59,201026378703we,,0,05/04/2021
2010,37,7,1,1105220100320003,6,2,03,we,8835440901,590,2.1,0,0,201026378703we,1105220100320141819,RED DRUM,,554.25578496,23,59,201026378703we,,0,05/04/2021
2010,37,7,1,1105220100320003,6,2,03,we,8835440901,615,2.75,0,0,201026378703we,1105220100320141819,RED DRUM,,554.25578496,24,61,201026378703we,,0,05/04/2021
2010,37,7,5,1105220100320005,6,2,03,we,8857030304,391,0.6460983791,0,1,201026378703we,1105220100320141819,SOUTHERN FLOUNDER,,1237.6664929,15,39,201026378703we,,0,05/04/2021
2010,37,7,1,1105220100324001,6,2,03,wd,,,,0,0,201026378703wd,1105220100324129492,,,756.11674387,,,201026378703wd,,0,05/04/2021
2010,37,7,1,1105220100324002,6,2,03,wd,,,,0,0,201026378703wd,1105220100324129492,,,1108.1029259,,,201026378703wd,,0,05/04/2021
2010,37,7,5,1105220100328001,6,2,03,we,,,,0,0,201026378703we,1105220100328129682,,,386.67635068,,,201026378703we,,0,05/04/2021
2010,37,7,5,1105220100328002,6,2,03,we,,,,0,0,201026378703we,1105220100328129682,,,505.33741934,,,201026378703we,,0,05/04/2021
2010,37,7,5,1105220100404003,6,2,04,we,,,,0,0,201026378704we,1105220100404133161,,,1770.9130649,,,201026378704we,,0,05/04/2021
2010,37,7,5,1105220100404005,6,2,04,we,,,,0,0,201026378704we,1105220100404133161,,,1044.7372077,,,201026378704we,,0,05/04/2021
2010,37,7,5,1105220100404008,6,2,04,we,,,,0,0,201026378704we,1105220100404133161,,,1119.9625055,,,201026378704we,,0,05/04/2021
2010,37,7,1,1105220100404010,6,2,04,we,8835440901,598,2.2,0,0,201026378704we,1105220100404133161,RED DRUM,,769.15540957,23,59,201026378704we,,0,05/04/2021
2010,37,7,5,1105220100406001,6,2,04,wd,,,,0,0,201026378704wd,1105220100406141819,,,2092.8188373,,,201026378704wd,,0,05/04/2021
2010,37,7,5,1105220100406003,6,2,04,wd,,,,0,0,201026378704wd,1105220100406141819,,,2092.8188373,,,201026378704wd,,0,05/04/2021
2010,37,7,5,1105220100410001,6,2,04,we,,,,0,0,201026378704we,110522010041019636,,,953.46965468,,,201026378704we,,0,05/04/2021
2010,37,7,2,1105220100410002,6,2,04,we,,,,0,0,201026378704we,110522010041019636,,,586.80097707,,,201026378704we,,0,05/04/2021
2010,37,7,5,1105220100410004,6,2,04,we,8835440601,273,0.25,0,0,201026378704we,110522010041019636,SOUTHERN KINGFISH,,475.15262054,10,27,201026378704we,,0,05/04/2021
2010,37,7,5,1105220100410004,6,2,04,we,8835440601,280,0.25,0,0,201026378704we,110522010041019636,SOUTHERN KINGFISH,,475.15262054,11,28,201026378704we,,0,05/04/2021
2010,37,7,5,1105220100410004,6,2,04,we,8835440601,255,0.15,0,0,201026378704we,110522010041019636,SOUTHERN KINGFISH,,475.15262054,10,25,201026378704we,,0,05/04/2021
2010,37,7,5,1105220100410004,6,2,04,we,8835440601,270,0.25,0,0,201026378704we,110522010041019636,SOUTHERN KINGFISH,,475.15262054,10,27,201026378704we,,0,05/04/2021
2010,37,7,5,1105220100410004,6,2,04,we,8835440601,250,0.15,0,0,201026378704we,110522010041019636,SOUTHERN KINGFISH,,475.15262054,9,25,201026378704we,,0,05/04/2021
2010,37,7,5,1105220100410004,6,2,04,we,8835440601,271,0.25,0,0,201026378704we,110522010041019636,SOUTHERN KINGFISH,,475.15262054,10,27,201026378704we,,0,05/04/2021
2010,37,7,5,1105220100410004,6,2,04,we,8835440601,234,0.15,0,0,201026378704we,110522010041019636,SOUTHERN KINGFISH,,475.15262054,9,23,201026378704we,,0,05/04/2021
2010,37,7,5,1105220100410009,6,2,04,we,,,,0,0,201026378704we,110522010041019636,,,889.42729756,,,201026378704we,,0,05/04/2021
2010,37,7,5,1105220100410010,6,2,04,we,8835440600,,,0,0,201026378704we,110522010041019636,KINGFISH GENUS,,5336.5637854,,,201026378704we,,0,05/04/2021
2010,37,7,5,1105220100410011,6,2,04,we,8835440901,507,1.5,0,0,201026378704we,110522010041019636,RED DRUM,,682.28995905,19,50,201026378704we,,0,05/04/2021
2010,37,7,1,1105220100410012,6,2,04,we,8835440104,312,0.3,0,0,201026378704we,110522010041019636,WEAKFISH,,375.00459294,12,31,201026378704we,,0,05/04/2021
2010,37,7,5,1105220100410013,6,2,04,we,8835440600,,,0,0,201026378704we,110522010041019636,KINGFISH GENUS,,4376.3053524,,,201026378704we,,0,05/04/2021
2010,37,7,5,1105220100410014,6,2,04,we,8835440601,271,0.25,1,1,201026378704we,110522010041019636,SOUTHERN KINGFISH,,475.15262054,10,27,201026378704we,,0,05/04/2021
2010,37,7,5,1105220100410014,6,2,04,we,8835440601,293,0.25,0,0,201026378704we,110522010041019636,SOUTHERN KINGFISH,,475.15262054,11,29,201026378704we,,0,05/04/2021
2010,37,7,5,1105220100410014,6,2,04,we,8835440601,300,0.3,0,0,201026378704we,110522010041019636,SOUTHERN KINGFISH,,475.15262054,11,30,201026378704we,,0,05/04/2021
2010,37,7,5,1105220100410014,6,2,04,we,8835440601,255,0.2,0,0,201026378704we,110522010041019636,SOUTHERN KINGFISH,,475.15262054,10,25,201026378704we,,0,05/04/2021
2010,37,7,5,1105220100410014,6,2,04,we,8835440601,293,0.25,1,1,201026378704we,110522010041019636,SOUTHERN KINGFISH,,475.15262054,11,29,201026378704we,,0,05/04/2021
2010,37,7,5,1105220100410014,6,2,04,we,8835440601,271,0.25,0,0,201026378704we,110522010041019636,SOUTHERN KINGFISH,,475.15262054,10,27,201026378704we,,0,05/04/2021
2010,37,7,5,1105220100410014,6,2,04,we,8835440601,255,0.15,1,1,201026378704we,110522010041019636,SOUTHERN KINGFISH,,475.15262054,10,25,201026378704we,,0,05/04/2021
2010,37,7,5,1105220100410016,6,2,04,we,8835440601,235,0.15,0,0,201026378704we,110522010041019636,SOUTHERN KINGFISH,,593.94077568,9,23,201026378704we,,0,05/04/2021
2010,37,7,5,1105220100410016,6,2,04,we,8835440601,248,0.2,0,0,201026378704we,110522010041019636,SOUTHERN KINGFISH,,593.94077568,9,24,201026378704we,,0,05/04/2021
2010,37,7,5,1105220100410016,6,2,04,we,8835440601,250,0.25,0,0,201026378704we,110522010041019636,SOUTHERN KINGFISH,,593.94077568,9,25,201026378704we,,0,05/04/2021
2010,37,7,5,1105220100410016,6,2,04,we,8835440601,260,0.25,1,1,201026378704we,110522010041019636,SOUTHERN KINGFISH,,593.94077568,10,26,201026378704we,,0,05/04/2021
2010,37,7,5,1105220100410016,6,2,04,we,8835440601,265,0.25,0,0,201026378704we,110522010041019636,SOUTHERN KINGFISH,,593.94077568,10,26,201026378704we,,0,05/04/2021
2010,37,7,5,1105220100410016,6,2,04,we,8835440601,265,0.25,1,1,201026378704we,110522010041019636,SOUTHERN KINGFISH,,593.94077568,10,26,201026378704we,,0,05/04/2021
2010,37,7,5,1105220100410016,6,2,04,we,8835440601,268,0.25,1,1,201026378704we,110522010041019636,SOUTHERN KINGFISH,,593.94077568,10,26,201026378704we,,0,05/04/2021
2010,37,7,5,1105220100410016,6,2,04,we,8835440601,287,0.3,1,1,201026378704we,110522010041019636,SOUTHERN KINGFISH,,593.94077568,11,28,201026378704we,,0,05/04/2021
2010,37,7,5,1105220100411001,6,2,04,we,8835440104,310,0.312255937,0,1,201026378704we,1105220100411133161,WEAKFISH,,1163.2965313,12,31,201026378704we,,0,05/04/2021
2010,37,7,5,1105220100411001,6,2,04,we,8835440104,311,0.3152002346,0,1,201026378704we,1105220100411133161,WEAKFISH,,1163.2965313,12,31,201026378704we,,0,05/04/2021
2010,37,7,5,1105220100411001,6,2,04,we,8835440601,295,0.2779681687,0,1,201026378704we,1105220100411133161,SOUTHERN KINGFISH,,1163.2965313,11,29,201026378704we,,0,05/04/2021
2010,37,7,5,1105220100411001,6,2,04,we,8835250101,325,0.429952041,0,1,201026378704we,1105220100411133161,BLUEFISH,,1163.2965313,12,32,201026378704we,,0,05/04/2021
2010,37,7,5,1105220100411001,6,2,04,we,8835250101,348,0.5195927576,0,1,201026378704we,1105220100411133161,BLUEFISH,,1163.2965313,13,34,201026378704we,,0,05/04/2021
2010,37,7,5,1105220100411002,6,2,04,we,,,,0,0,201026378704we,1105220100411133161,,,1247.0585792,,,201026378704we,,0,05/04/2021
2010,37,7,1,1105220100411003,6,2,04,we,8835440901,592,2.25,0,0,201026378704we,1105220100411133161,RED DRUM,,545.48598329,23,59,201026378704we,,0,05/04/2021
2010,37,7,1,1105220100411003,6,2,04,we,8835440901,666,2.7,0,0,201026378704we,1105220100411133161,RED DRUM,,545.48598329,26,66,201026378704we,,0,05/04/2021
2010,37,7,5,1105220100411004,6,2,04,we,,,,0,0,201026378704we,1105220100411133161,,,1163.2965313,,,201026378704we,,0,05/04/2021
2010,37,7,5,1105220100411005,6,2,04,we,,,,0,0,201026378704we,1105220100411133161,,,740.92894092,,,201026378704we,,0,05/04/2021
2010,37,7,5,1105220100411006,6,2,04,we,,,,0,0,201026378704we,1105220100411133161,,,740.92894092,,,201026378704we,,0,05/04/2021
2010,37,7,5,1105220100411008,6,2,04,we,,,,0,0,201026378704we,1105220100411133161,,,1163.2965313,,,201026378704we,,0,05/04/2021
2010,37,7,5,1105220100417001,6,2,04,we,,,,0,0,201026378704we,110522010041719636,,,876.99905725,,,201026378704we,,0,05/04/2021
2010,37,7,5,1105220100417003,6,2,04,we,,,,0,0,201026378704we,110522010041719636,,,876.99905725,,,201026378704we,,0,05/04/2021
2010,37,7,5,1105220100417004,6,2,04,we,8835440600,,,0,0,201026378704we,110522010041719636,KINGFISH GENUS,,2022.0133965,,,201026378704we,,0,05/04/2021
2010,37,7,5,1105220100417005,6,2,04,we,,,,0,0,201026378704we,110522010041719636,,,674.00446551,,,201026378704we,,0,05/04/2021
2010,37,7,5,1105220100417006,6,2,04,we,8835440601,230,0.2,0,0,201026378704we,110522010041719636,SOUTHERN KINGFISH,,504.92448672,9,23,201026378704we,,0,05/04/2021
2010,37,7,5,1105220100417006,6,2,04,we,8835440601,268,0.25,0,0,201026378704we,110522010041719636,SOUTHERN KINGFISH,,504.92448672,10,26,201026378704we,,0,05/04/2021
2010,37,7,5,1105220100417006,6,2,04,we,8835440601,269,0.25,0,0,201026378704we,110522010041719636,SOUTHERN KINGFISH,,504.92448672,10,26,201026378704we,,0,05/04/2021
2010,37,7,5,1105220100417006,6,2,04,we,8835440601,284,0.3,0,0,201026378704we,110522010041719636,SOUTHERN KINGFISH,,504.92448672,11,28,201026378704we,,0,05/04/2021
2010,37,7,5,1105220100417006,6,2,04,we,8835440601,287,0.3,0,0,201026378704we,110522010041719636,SOUTHERN KINGFISH,,504.92448672,11,28,201026378704we,,0,05/04/2021
2010,37,7,5,1105220100417006,6,2,04,we,8835440601,283,0.3,0,0,201026378704we,110522010041719636,SOUTHERN KINGFISH,,504.92448672,11,28,201026378704we,,0,05/04/2021
2010,37,7,5,1105220100417006,6,2,04,we,8835440601,312,0.3,0,0,201026378704we,110522010041719636,SOUTHERN KINGFISH,,504.92448672,12,31,201026378704we,,0,05/04/2021
2010,37,7,5,1105220100417006,6,2,04,we,8835440601,343,0.35,0,0,201026378704we,110522010041719636,SOUTHERN KINGFISH,,504.92448672,13,34,201026378704we,,0,05/04/2021
2010,37,7,5,1105220100417006,6,2,04,we,8835440601,293,0.3,0,0,201026378704we,110522010041719636,SOUTHERN KINGFISH,,504.92448672,11,29,201026378704we,,0,05/04/2021
2010,37,7,5,1105220100417006,6,2,04,we,8835440601,310,0.3,0,0,201026378704we,110522010041719636,SOUTHERN KINGFISH,,504.92448672,12,31,201026378704we,,0,05/04/2021
2010,37,7,5,1105220100417006,6,2,04,we,8835440600,,,0,0,201026378704we,110522010041719636,KINGFISH GENUS,,34732.726589,,,201026378704we,,0,05/04/2021
2010,37,7,5,1105220100417006,6,2,04,we,8835440601,309,0.3,0,0,201026378704we,110522010041719636,SOUTHERN KINGFISH,,504.92448672,12,30,201026378704we,,0,05/04/2021
2010,37,7,5,1105220100417007,6,2,04,we,8835440601,279,0.3,0,0,201026378704we,110522010041719636,SOUTHERN KINGFISH,,471.00987377,10,27,201026378704we,,0,05/04/2021
2010,37,7,5,1105220100417007,6,2,04,we,8835440601,270,0.25,0,0,201026378704we,110522010041719636,SOUTHERN KINGFISH,,471.00987377,10,27,201026378704we,,0,05/04/2021
2010,37,7,5,1105220100417007,6,2,04,we,8835440601,275,0.25,0,0,201026378704we,110522010041719636,SOUTHERN KINGFISH,,471.00987377,10,27,201026378704we,,0,05/04/2021
2010,37,7,5,1105220100417007,6,2,04,we,8835440601,299,0.3,0,0,201026378704we,110522010041719636,SOUTHERN KINGFISH,,471.00987377,11,29,201026378704we,,0,05/04/2021
2010,37,7,5,1105220100417007,6,2,04,we,8835440601,299,0.3,0,0,201026378704we,110522010041719636,SOUTHERN KINGFISH,,471.00987377,11,29,201026378704we,,0,05/04/2021
2010,37,7,5,1105220100417007,6,2,04,we,8835440601,307,0.3,0,0,201026378704we,110522010041719636,SOUTHERN KINGFISH,,471.00987377,12,30,201026378704we,,0,05/04/2021
2010,37,7,5,1105220100417007,6,2,04,we,8835440601,308,0.3,0,0,201026378704we,110522010041719636,SOUTHERN KINGFISH,,471.00987377,12,30,201026378704we,,0,05/04/2021
2010,37,7,5,1105220100417007,6,2,04,we,8835440601,327,0.3,0,0,201026378704we,110522010041719636,SOUTHERN KINGFISH,,471.00987377,12,32,201026378704we,,0,05/04/2021
2010,37,7,5,1105220100417007,6,2,04,we,8835440601,311,0.3,0,0,201026378704we,110522010041719636,SOUTHERN KINGFISH,,471.00987377,12,31,201026378704we,,0,05/04/2021
2010,37,7,5,1105220100417007,6,2,04,we,8835440601,308,0.3,0,0,201026378704we,110522010041719636,SOUTHERN KINGFISH,,471.00987377,12,30,201026378704we,,0,05/04/2021
2010,37,7,5,1105220100417007,6,2,04,we,8835440601,260,0.25,0,0,201026378704we,110522010041719636,SOUTHERN KINGFISH,,471.00987377,10,26,201026378704we,,0,05/04/2021
2010,37,7,5,1105220100417007,6,2,04,we,8835440600,,,0,0,201026378704we,110522010041719636,KINGFISH GENUS,,17539.981145,,,201026378704we,,0,05/04/2021
2010,37,7,5,1105220100417009,6,2,04,we,,,,0,0,201026378704we,110522010041719636,,,1079.993649,,,201026378704we,,0,05/04/2021
2010,37,7,5,1105220100417010,6,2,04,we,,,,0,0,201026378704we,110522010041719636,,,1157.757553,,,201026378704we,,0,05/04/2021
2010,37,7,5,1105220100424002,6,2,04,we,,,,0,0,201026378704we,1105220100424133161,,,607.17920396,,,201026378704we,,0,05/04/2021
2010,37,7,5,1105220100424004,6,2,04,we,,,,0,0,201026378704we,1105220100424133161,,,1184.4149108,,,201026378704we,,0,05/04/2021
2010,37,7,5,1105220100424005,6,2,04,we,,,,0,0,201026378704we,1105220100424133161,,,895.7970574,,,201026378704we,,0,05/04/2021
2010,37,7,1,1105220100424006,6,2,04,we,8835250101,315,0.35,1,1,201026378704we,1105220100424133161,BLUEFISH,,871.98879214,12,31,201026378704we,,0,05/04/2021
2010,37,7,1,1105220100424006,6,2,04,we,8835250101,328,0.5,1,1,201026378704we,1105220100424133161,BLUEFISH,,871.98879214,12,32,201026378704we,,0,05/04/2021
2010,37,7,2,1105220100424007,6,2,04,we,8857030302,385,0.6310530427,0,1,201026378704we,1105220100424133161,GULF FLOUNDER,,487.12712733,15,38,201026378704we,,0,05/04/2021
2010,37,7,2,1105220100424007,6,2,04,we,8835020301,309,0.4288680748,0,1,201026378704we,1105220100424133161,BLACK SEA BASS,,487.12712733,12,30,201026378704we,,0,05/04/2021
2010,37,7,2,1105220100424007,6,2,04,we,8835020301,325,0.5006437192,0,1,201026378704we,1105220100424133161,BLACK SEA BASS,,487.12712733,12,32,201026378704we,,0,05/04/2021
2010,37,7,5,1105220100424010,6,2,04,we,8835440601,295,0.25,0,0,201026378704we,1105220100424133161,SOUTHERN KINGFISH,,607.17920396,11,29,201026378704we,,0,05/04/2021
2010,37,7,5,1105220100424010,6,2,04,we,8835440601,340,0.45,0,0,201026378704we,1105220100424133161,SOUTHERN KINGFISH,,607.17920396,13,34,201026378704we,,0,05/04/2021
2010,37,7,5,1105220100424010,6,2,04,we,8835440601,302,0.3,0,0,201026378704we,1105220100424133161,SOUTHERN KINGFISH,,607.17920396,11,30,201026378704we,,0,05/04/2021
2010,37,7,5,1105220100424010,6,2,04,we,8835440401,175,0.15,1,1,201026378704we,1105220100424133161,SPOT,,1074.9564689,6,17,201026378704we,,0,05/04/2021
2010,37,7,5,1105220100424010,6,2,04,we,8835440401,175,0.15,1,1,201026378704we,1105220100424133161,SPOT,,1074.9564689,6,17,201026378704we,,0,05/04/2021
2010,37,7,5,1105220100424010,6,2,04,we,8835440600,,,0,0,201026378704we,1105220100424133161,KINGFISH GENUS,,10749.564689,,,201026378704we,,0,05/04/2021
2010,37,7,5,1105220100424010,6,2,04,we,8835440401,182,0.15,1,1,201026378704we,1105220100424133161,SPOT,,1074.9564689,7,18,201026378704we,,0,05/04/2021
2010,37,7,5,1105220100424010,6,2,04,we,8835440401,182,0.15,1,1,201026378704we,1105220100424133161,SPOT,,1074.9564689,7,18,201026378704we,,0,05/04/2021
2010,37,7,5,1105220100424010,6,2,04,we,8835440401,175,0.15,1,1,201026378704we,1105220100424133161,SPOT,,1074.9564689,6,17,201026378704we,,0,05/04/2021
2010,37,7,5,1105220100424012,6,2,04,we,8835440601,253,0.2,0,0,201026378704we,1105220100424133161,SOUTHERN KINGFISH,,607.17920396,9,25,201026378704we,,0,05/04/2021
2010,37,7,5,1105220100424012,6,2,04,we,8835440601,270,0.25,1,1,201026378704we,1105220100424133161,SOUTHERN KINGFISH,,607.17920396,10,27,201026378704we,,0,05/04/2021
2010,37,7,5,1105220100424012,6,2,04,we,8835440601,307,0.3,1,1,201026378704we,1105220100424133161,SOUTHERN KINGFISH,,607.17920396,12,30,201026378704we,,0,05/04/2021
2010,37,7,5,1105220100424013,6,2,04,we,8835440401,184,0.15,1,1,201026378704we,1105220100424133161,SPOT,,895.7970574,7,18,201026378704we,,0,05/04/2021
2010,37,7,5,1105220100424013,6,2,04,we,8835440401,184,0.15,1,1,201026378704we,1105220100424133161,SPOT,,895.7970574,7,18,201026378704we,,0,05/04/2021
2010,37,7,5,1105220100424013,6,2,04,we,8835440401,182,0.15,1,1,201026378704we,1105220100424133161,SPOT,,895.7970574,7,18,201026378704we,,0,05/04/2021
2010,37,7,5,1105220100424013,6,2,04,we,8835440401,184,0.15,1,1,201026378704we,1105220100424133161,SPOT,,895.7970574,7,18,201026378704we,,0,05/04/2021
2010,37,7,5,1105220100424013,6,2,04,we,8835440600,,,0,0,201026378704we,1105220100424133161,KINGFISH GENUS,,10749.564689,,,201026378704we,,0,05/04/2021
2010,37,7,5,1105220100424013,6,2,04,we,8835440401,182,0.15,1,1,201026378704we,1105220100424133161,SPOT,,895.7970574,7,18,201026378704we,,0,05/04/2021
2010,37,7,5,1105220100424014,6,2,04,we,8835440600,,,0,0,201026378704we,1105220100424133161,KINGFISH GENUS,,5374.7823444,,,201026378704we,,0,05/04/2021
2010,37,7,2,1105220100424015,6,2,04,we,8835400201,196,0.15,0,0,201026378704we,1105220100424133161,PIGFISH,,487.12712733,7,19,201026378704we,,0,05/04/2021
2010,37,7,2,1105220100424015,6,2,04,we,8835400201,202,0.15,0,0,201026378704we,1105220100424133161,PIGFISH,,487.12712733,7,20,201026378704we,,0,05/04/2021
2010,37,7,2,1105220100424015,6,2,04,we,8835020301,325,0.45,0,0,201026378704we,1105220100424133161,BLACK SEA BASS,,487.12712733,12,32,201026378704we,,0,05/04/2021
2010,37,7,5,1105220100424016,6,2,04,we,,,,0,0,201026378704we,1105220100424133161,,,607.17920396,,,201026378704we,,0,05/04/2021
2010,37,7,5,1105220100424017,6,2,04,we,8835440901,570,2.3,0,0,201026378704we,1105220100424133161,RED DRUM,,703.38515511,22,57,201026378704we,,0,05/04/2021
2010,37,7,5,1105220100424017,6,2,04,we,8835440901,560,2.1,0,0,201026378704we,1105220100424133161,RED DRUM,,703.38515511,22,56,201026378704we,,0,05/04/2021
2010,37,7,5,1105220100424017,6,2,04,we,8835440901,639,3.15,0,0,201026378704we,1105220100424133161,RED DRUM,,703.38515511,25,63,201026378704we,,0,05/04/2021
2010,37,7,5,1105220100428001,6,2,04,wd,8835440601,311,0.4,0,0,201026378704wd,110522010042819636,SOUTHERN KINGFISH,,1061.3589717,12,31,201026378704wd,,0,05/04/2021
2010,37,7,5,1105220100428001,6,2,04,wd,8835440601,270,0.35,0,0,201026378704wd,110522010042819636,SOUTHERN KINGFISH,,1061.3589717,10,27,201026378704wd,,0,05/04/2021
2010,37,7,5,1105220100428001,6,2,04,wd,8835440600,,,0,0,201026378704wd,110522010042819636,KINGFISH GENUS,,1571.3281994,,,201026378704wd,,0,05/04/2021
2010,37,7,5,1105220100428001,6,2,04,wd,8835250101,294,0.35,0,0,201026378704wd,110522010042819636,BLUEFISH,,1061.3589717,11,29,201026378704wd,,0,05/04/2021
2010,37,7,5,1105220100428001,6,2,04,wd,8835250101,310,0.35,0,0,201026378704wd,110522010042819636,BLUEFISH,,1061.3589717,12,31,201026378704wd,,0,05/04/2021
2010,37,7,5,1105220100428001,6,2,04,wd,8835250101,315,0.35,0,0,201026378704wd,110522010042819636,BLUEFISH,,1061.3589717,12,31,201026378704wd,,0,05/04/2021
2010,37,7,5,1105220100428002,6,2,04,wd,8835440601,345,0.55,0,0,201026378704wd,110522010042819636,SOUTHERN KINGFISH,,2274.3406536,13,34,201026378704wd,,0,05/04/2021
2010,37,7,5,1105220100428002,6,2,04,wd,8835440601,258,0.2,1,1,201026378704wd,110522010042819636,SOUTHERN KINGFISH,,2274.3406536,10,25,201026378704wd,,0,05/04/2021
2010,37,7,5,1105220100428002,6,2,04,wd,8835440601,340,0.45,1,1,201026378704wd,110522010042819636,SOUTHERN KINGFISH,,2274.3406536,13,34,201026378704wd,,0,05/04/2021
2010,37,7,5,1105220100428002,6,2,04,wd,8835440601,343,0.55,0,0,201026378704wd,110522010042819636,SOUTHERN KINGFISH,,2274.3406536,13,34,201026378704wd,,0,05/04/2021
2010,37,7,5,1105220100428002,6,2,04,wd,8835440601,318,0.35,1,1,201026378704wd,110522010042819636,SOUTHERN KINGFISH,,2274.3406536,12,31,201026378704wd,,0,05/04/2021
2010,37,7,5,1105220100428002,6,2,04,wd,8835440601,264,0.25,0,0,201026378704wd,110522010042819636,SOUTHERN KINGFISH,,2274.3406536,10,26,201026378704wd,,0,05/04/2021
2010,37,7,5,1105220100428002,6,2,04,wd,8835440601,343,0.55,1,1,201026378704wd,110522010042819636,SOUTHERN KINGFISH,,2274.3406536,13,34,201026378704wd,,0,05/04/2021
2010,37,7,1,1105220100429005,6,2,04,wd,8835440104,310,0.35,1,1,201026378704wd,1105220100429129682,WEAKFISH,,812.77829824,12,31,201026378704wd,,0,05/04/2021
2010,37,7,1,1105220100429005,6,2,04,wd,8835440104,312,0.3,1,1,201026378704wd,1105220100429129682,WEAKFISH,,812.77829824,12,31,201026378704wd,,0,05/04/2021
2010,37,7,1,1105220100429005,6,2,04,wd,8835440104,320,0.4,1,1,201026378704wd,1105220100429129682,WEAKFISH,,812.77829824,12,32,201026378704wd,,0,05/04/2021
2010,37,7,1,1105220100429005,6,2,04,wd,8835440104,312,0.35,1,1,201026378704wd,1105220100429129682,WEAKFISH,,812.77829824,12,31,201026378704wd,,0,05/04/2021
2010,37,7,1,1105220100429005,6,2,04,wd,8835440104,320,0.4,1,1,201026378704wd,1105220100429129682,WEAKFISH,,812.77829824,12,32,201026378704wd,,0,05/04/2021
2010,37,7,5,1105220100429007,6,2,04,wd,,,,0,0,201026378704wd,1105220100429129682,,,919.99150325,,,201026378704wd,,0,05/04/2021
2010,37,7,1,1105220100429008,6,2,04,wd,,,,0,0,201026378704wd,1105220100429129682,,,677.31524853,,,201026378704wd,,0,05/04/2021
2010,37,7,5,1105220100429009,6,2,04,wd,,,,0,0,201026378704wd,1105220100429129682,,,1291.0559243,,,201026378704wd,,0,05/04/2021
2010,37,7,5,1105220100429010,6,2,04,wd,8835440601,247,0.2,0,0,201026378704wd,1105220100429129682,SOUTHERN KINGFISH,,921.22283418,9,24,201026378704wd,,0,05/04/2021
2010,37,7,5,1105220100429010,6,2,04,wd,8835440601,293,0.25,0,0,201026378704wd,1105220100429129682,SOUTHERN KINGFISH,,921.22283418,11,29,201026378704wd,,0,05/04/2021
2010,37,7,5,1105220100429010,6,2,04,wd,8835440601,276,0.2,0,0,201026378704wd,1105220100429129682,SOUTHERN KINGFISH,,921.22283418,10,27,201026378704wd,,0,05/04/2021
2010,37,7,5,1105220100429010,6,2,04,wd,8835440601,258,0.2,0,0,201026378704wd,1105220100429129682,SOUTHERN KINGFISH,,921.22283418,10,25,201026378704wd,,0,05/04/2021
2010,37,7,5,1105220100429010,6,2,04,wd,8835440601,258,0.2,0,0,201026378704wd,1105220100429129682,SOUTHERN KINGFISH,,921.22283418,10,25,201026378704wd,,0,05/04/2021
2010,37,7,5,1105220100429010,6,2,04,wd,8835440601,270,0.2,0,0,201026378704wd,1105220100429129682,SOUTHERN KINGFISH,,921.22283418,10,27,201026378704wd,,0,05/04/2021
2010,37,7,1,1105220100429011,6,2,04,wd,8850030502,280,0.3,1,1,201026378704wd,1105220100429129682,SPANISH MACKEREL,,1220.7992,11,28,201026378704wd,,0,05/04/2021
2010,37,7,1,1105220100429011,6,2,04,wd,8850030502,310,0.3,0,0,201026378704wd,1105220100429129682,SPANISH MACKEREL,,1220.7992,12,31,201026378704wd,,0,05/04/2021
2010,37,7,1,1105220100429011,6,2,04,wd,8850030502,311,0.25,1,1,201026378704wd,1105220100429129682,SPANISH MACKEREL,,1220.7992,12,31,201026378704wd,,0,05/04/2021
2010,37,7,1,1105220100429011,6,2,04,wd,8850030502,319,0.3,0,0,201026378704wd,1105220100429129682,SPANISH MACKEREL,,1220.7992,12,31,201026378704wd,,0,05/04/2021
2010,37,7,1,1105220100429011,6,2,04,wd,8850030502,318,0.3,0,0,201026378704wd,1105220100429129682,SPANISH MACKEREL,,1220.7992,12,31,201026378704wd,,0,05/04/2021
2010,37,7,1,1105220100429011,6,2,04,wd,8850030502,330,0.35,0,0,201026378704wd,1105220100429129682,SPANISH MACKEREL,,1220.7992,12,33,201026378704wd,,0,05/04/2021
2010,37,7,1,1105220100429011,6,2,04,wd,8850030502,342,0.35,0,0,201026378704wd,1105220100429129682,SPANISH MACKEREL,,1220.7992,13,34,201026378704wd,,0,05/04/2021
2010,37,7,1,1105220100429011,6,2,04,wd,8850030502,503,1.2,1,1,201026378704wd,1105220100429129682,SPANISH MACKEREL,,1220.7992,19,50,201026378704wd,,0,05/04/2021
2010,37,7,1,1105220100429011,6,2,04,wd,8850030502,409,0.7,1,1,201026378704wd,1105220100429129682,SPANISH MACKEREL,,1220.7992,16,40,201026378704wd,,0,05/04/2021
2010,37,7,1,1105220100429011,6,2,04,wd,8850030502,350,0.4,0,0,201026378704wd,1105220100429129682,SPANISH MACKEREL,,1220.7992,13,35,201026378704wd,,0,05/04/2021
2010,37,7,5,1105220100429013,6,2,04,wd,,,,0,0,201026378704wd,1105220100429129682,,,919.99150325,,,201026378704wd,,0,05/04/2021
2010,37,7,1,1105220100429014,6,2,04,wd,,,,0,0,201026378704wd,1105220100429129682,,,950.49993523,,,201026378704wd,,0,05/04/2021
2010,37,7,1,1105220100429015,6,2,04,wd,,,,0,0,201026378704wd,1105220100429129682,,,726.08468157,,,201026378704wd,,0,05/04/2021
2010,37,7,5,1105220100429016,6,2,04,wd,8835440702,198,0.15,0,0,201026378704wd,1105220100429129682,ATLANTIC CROAKER,,921.22283418,7,19,201026378704wd,,0,05/04/2021
2010,37,7,5,1105220100429016,6,2,04,wd,8835440601,318,0.35,0,0,201026378704wd,1105220100429129682,SOUTHERN KINGFISH,,921.22283418,12,31,201026378704wd,,0,05/04/2021
2010,37,7,5,1105220100429016,6,2,04,wd,8835440601,246,0.25,0,0,201026378704wd,1105220100429129682,SOUTHERN KINGFISH,,921.22283418,9,24,201026378704wd,,0,05/04/2021
2010,37,7,5,1105220100429016,6,2,04,wd,8835440601,218,0.2,0,0,201026378704wd,1105220100429129682,SOUTHERN KINGFISH,,921.22283418,8,21,201026378704wd,,0,05/04/2021
2010,37,7,5,1105220100429017,6,2,04,wd,,,,0,0,201026378704wd,1105220100429129682,,,1662.1203454,,,201026378704wd,,0,05/04/2021
2010,37,7,2,1105220100429018,6,2,04,wd,8850030601,1207,12.3,0,0,201026378704wd,1105220100429129682,WAHOO,,739.07773836,47,120,201026378704wd,,0,05/04/2021
2010,37,7,2,1105220100429018,6,2,04,wd,8850030404,594,4.2,1,1,201026378704wd,1105220100429129682,BLACKFIN TUNA,,2808.4954058,23,59,201026378704wd,,0,05/04/2021
2010,37,7,2,1105220100429018,6,2,04,wd,8850030404,647,4.35,0,0,201026378704wd,1105220100429129682,BLACKFIN TUNA,,2808.4954058,25,64,201026378704wd,,0,05/04/2021
2010,37,7,2,1105220100429018,6,2,04,wd,8850030404,559,2.8,1,1,201026378704wd,1105220100429129682,BLACKFIN TUNA,,2808.4954058,22,55,201026378704wd,,0,05/04/2021
2010,37,7,2,1105220100429018,6,2,04,wd,8850030404,791,8.6,1,1,201026378704wd,1105220100429129682,BLACKFIN TUNA,,2808.4954058,31,79,201026378704wd,,0,05/04/2021
2010,37,7,2,1105220100429018,6,2,04,wd,8850030601,1410,19.55,0,0,201026378704wd,1105220100429129682,WAHOO,,739.07773836,55,141,201026378704wd,,0,05/04/2021
2010,37,7,2,1105220100429018,6,2,04,wd,8850030404,831,10.25,1,1,201026378704wd,1105220100429129682,BLACKFIN TUNA,,2808.4954058,32,83,201026378704wd,,0,05/04/2021
2010,37,7,2,1105220100429018,6,2,04,wd,8850030601,1414,22.7,0,0,201026378704wd,1105220100429129682,WAHOO,,739.07773836,55,141,201026378704wd,,0,05/04/2021
2010,37,7,2,1105220100429018,6,2,04,wd,8835290101,800,4.45,0,0,201026378704wd,1105220100429129682,DOLPHIN,,739.07773836,31,80,201026378704wd,,0,05/04/2021
2010,37,7,5,1105220100430003,6,2,04,wd,8835440601,260,0.25,0,0,201026378704wd,1105220100430133161,SOUTHERN KINGFISH,,1214.5350994,10,26,201026378704wd,,0,05/04/2021
2010,37,7,5,1105220100430003,6,2,04,wd,8835440601,287,0.25,1,1,201026378704wd,1105220100430133161,SOUTHERN KINGFISH,,1214.5350994,11,28,201026378704wd,,0,05/04/2021
2010,37,7,5,1105220100430003,6,2,04,wd,8835440601,268,0.25,0,0,201026378704wd,1105220100430133161,SOUTHERN KINGFISH,,1214.5350994,10,26,201026378704wd,,0,05/04/2021
2010,37,7,5,1105220100430003,6,2,04,wd,8835440601,272,0.25,0,0,201026378704wd,1105220100430133161,SOUTHERN KINGFISH,,1214.5350994,10,27,201026378704wd,,0,05/04/2021
2010,37,7,5,1105220100430003,6,2,04,wd,8835440601,240,0.15,1,1,201026378704wd,1105220100430133161,SOUTHERN KINGFISH,,1214.5350994,9,24,201026378704wd,,0,05/04/2021
2010,37,7,5,1105220100430003,6,2,04,wd,8835440401,224,0.3,1,1,201026378704wd,1105220100430133161,SPOT,,1214.5350994,8,22,201026378704wd,,0,05/04/2021
2010,37,7,5,1105220100430003,6,2,04,wd,8835440401,184,0.15,0,0,201026378704wd,1105220100430133161,SPOT,,1214.5350994,7,18,201026378704wd,,0,05/04/2021
2010,37,7,5,1105220100430003,6,2,04,wd,8835440401,224,0.3,1,1,201026378704wd,1105220100430133161,SPOT,,1214.5350994,8,22,201026378704wd,,0,05/04/2021
2010,37,7,5,1105220100430003,6,2,04,wd,8835440401,175,0.15,0,0,201026378704wd,1105220100430133161,SPOT,,1214.5350994,6,17,201026378704wd,,0,05/04/2021
2010,37,7,5,1105220100430003,6,2,04,wd,8835440401,182,0.15,0,0,201026378704wd,1105220100430133161,SPOT,,1214.5350994,7,18,201026378704wd,,0,05/04/2021
2010,37,7,5,1105220100430004,6,2,04,wd,8835440702,187,0.15,1,1,201026378704wd,1105220100430133161,ATLANTIC CROAKER,,1773.6916689,7,18,201026378704wd,,0,05/04/2021
2010,37,7,5,1105220100430004,6,2,04,wd,8835440702,205,0.15,1,1,201026378704wd,1105220100430133161,ATLANTIC CROAKER,,1773.6916689,8,20,201026378704wd,,0,05/04/2021
2010,37,7,5,1105220100430004,6,2,04,wd,8857030304,405,0.75,0,0,201026378704wd,1105220100430133161,SOUTHERN FLOUNDER,,1775.1552214,15,40,201026378704wd,,0,05/04/2021
2010,37,7,5,1105220100430004,6,2,04,wd,8835440702,228,0.2,1,1,201026378704wd,1105220100430133161,ATLANTIC CROAKER,,1773.6916689,8,22,201026378704wd,,0,05/04/2021
2010,37,7,5,1105220100430004,6,2,04,wd,8835440401,213,0.2,1,1,201026378704wd,1105220100430133161,SPOT,,1773.6916689,8,21,201026378704wd,,0,05/04/2021
2010,37,7,5,1105220100430004,6,2,04,wd,8835440401,213,0.2,1,1,201026378704wd,1105220100430133161,SPOT,,1773.6916689,8,21,201026378704wd,,0,05/04/2021
2010,37,7,5,1105220100430004,6,2,04,wd,8835440401,224,0.3,1,1,201026378704wd,1105220100430133161,SPOT,,1773.6916689,8,22,201026378704wd,,0,05/04/2021
2010,37,7,5,1105220100430004,6,2,04,wd,8835440102,418,0.8,0,0,201026378704wd,1105220100430133161,SPOTTED SEATROUT,,1775.1552214,16,41,201026378704wd,,0,05/04/2021
2010,37,7,5,1105220100430004,6,2,04,wd,8835440102,475,1.2,0,0,201026378704wd,1105220100430133161,SPOTTED SEATROUT,,1775.1552214,18,47,201026378704wd,,0,05/04/2021
2010,37,7,5,1105420100307009,6,2,03,we,,,,0,0,201026378703we,110542010030731702,,,529.6034617,,,201026378703we,,0,05/04/2021
2010,37,7,5,1105420100321012,6,2,03,we,,,,0,0,201026378703we,1105420100321133161,,,522.38466481,,,201026378703we,,0,05/04/2021
2010,37,7,5,1105420100321013,6,2,03,we,8835440901,544,1.7,0,0,201026378703we,1105420100321133161,RED DRUM,,522.38466481,21,54,201026378703we,,0,05/04/2021
2010,37,7,5,1105420100321014,6,2,03,we,8835440901,589,1.75,0,0,201026378703we,1105420100321133161,RED DRUM,,522.38466481,23,58,201026378703we,,0,05/04/2021
2010,37,7,5,1105420100321015,6,2,03,we,8835440901,620,2.2,0,0,201026378703we,1105420100321133161,RED DRUM,,522.38466481,24,62,201026378703we,,0,05/04/2021
2010,37,7,5,1105420100321024,6,2,03,we,,,,0,0,201026378703we,1105420100321133161,,,522.38466481,,,201026378703we,,0,05/04/2021
2010,37,7,2,1105820100413003,6,2,04,wd,8835430506,302,0.7,1,1,201026378704wd,110582010041331702,KNOBBED PORGY,,785.18564997,11,30,201026378704wd,,0,05/04/2021
2010,37,7,2,1105820100413003,6,2,04,wd,8835430101,246,0.35,1,1,201026378704wd,110582010041331702,SCUP,,785.18564997,9,24,201026378704wd,,0,05/04/2021
2010,37,7,2,1105820100413003,6,2,04,wd,8835430101,244,0.3,1,1,201026378704wd,110582010041331702,SCUP,,785.18564997,9,24,201026378704wd,,0,05/04/2021
2010,37,7,2,1105820100413003,6,2,04,wd,8835020301,349,0.55,1,1,201026378704wd,110582010041331702,BLACK SEA BASS,,785.18564997,13,34,201026378704wd,,0,05/04/2021
2010,37,7,2,1105820100413003,6,2,04,wd,8835020301,308,0.5,1,1,201026378704wd,110582010041331702,BLACK SEA BASS,,785.18564997,12,30,201026378704wd,,0,05/04/2021
2010,37,7,2,1105820100413003,6,2,04,wd,8835430101,268,0.5,1,1,201026378704wd,110582010041331702,SCUP,,785.18564997,10,26,201026378704wd,,0,05/04/2021
2010,37,7,2,1105820100413003,6,2,04,wd,8835020301,305,0.5,1,1,201026378704wd,110582010041331702,BLACK SEA BASS,,785.18564997,12,30,201026378704wd,,0,05/04/2021
2010,37,7,2,1105820100413003,6,2,04,wd,8835020301,299,0.4,1,1,201026378704wd,110582010041331702,BLACK SEA BASS,,785.18564997,11,29,201026378704wd,,0,05/04/2021
2010,37,7,2,1105820100413003,6,2,04,wd,8835020301,308,0.5,1,1,201026378704wd,110582010041331702,BLACK SEA BASS,,785.18564997,12,30,201026378704wd,,0,05/04/2021
2010,37,7,2,1105820100413003,6,2,04,wd,8835430101,266,0.4,1,1,201026378704wd,110582010041331702,SCUP,,785.18564997,10,26,201026378704wd,,0,05/04/2021
2010,37,7,2,1105820100413003,6,2,04,wd,8835430101,285,0.5,1,1,201026378704wd,110582010041331702,SCUP,,785.18564997,11,28,201026378704wd,,0,05/04/2021
2010,37,7,2,1105820100413004,6,2,04,wd,,,,0,0,201026378704wd,110582010041331702,,,840.46346453,,,201026378704wd,,0,05/04/2021
2010,37,7,5,1105820100413005,6,2,04,wd,8835440600,,,0,0,201026378704wd,110582010041331702,KINGFISH GENUS,,5863.3826991,,,201026378704wd,,0,05/04/2021
2010,37,7,5,1105820100413005,6,2,04,wd,8835440100,,,0,0,201026378704wd,110582010041331702,SEATROUT GENUS,,1954.4608997,,,201026378704wd,,0,05/04/2021
2010,37,7,5,1105820100413006,6,2,04,wd,8835440100,,,0,0,201026378704wd,110582010041331702,SEATROUT GENUS,,1954.4608997,,,201026378704wd,,0,05/04/2021
2010,37,7,5,1105820100413006,6,2,04,wd,8835440600,,,0,0,201026378704wd,110582010041331702,KINGFISH GENUS,,5863.3826991,,,201026378704wd,,0,05/04/2021
2010,37,7,2,1105820100413007,6,2,04,wd,,,,0,0,201026378704wd,110582010041331702,,,784.0114725,,,201026378704wd,,0,05/04/2021
2010,37,7,2,1105820100413008,6,2,04,wd,,,,0,0,201026378704wd,110582010041331702,,,784.0114725,,,201026378704wd,,0,05/04/2021
2010,37,7,5,1105920100307010,6,2,03,we,8835440801,230,0.2,0,0,201026378703we,1105920100307133161,BLACK DRUM,,647.54446182,9,23,201026378703we,,0,05/04/2021
2010,37,7,5,1105920100307010,6,2,03,we,8857030304,475,1.5,0,0,201026378703we,1105920100307133161,SOUTHERN FLOUNDER,,647.54446182,18,47,201026378703we,,0,05/04/2021
2010,37,7,2,1105920100307011,6,2,03,we,,,,0,0,201026378703we,1105920100307133161,,,519.51132622,,,201026378703we,,0,05/04/2021
2010,37,7,2,1105920100307012,6,2,03,we,,,,0,0,201026378703we,1105920100307133161,,,519.51132622,,,201026378703we,,0,05/04/2021
2010,37,7,2,1105920100307013,6,2,03,we,,,,0,0,201026378703we,1105920100307133161,,,519.51132622,,,201026378703we,,0,05/04/2021
2010,37,7,1,1105920100307014,6,2,03,we,,,,0,0,201026378703we,1105920100307133161,,,718.93817883,,,201026378703we,,0,05/04/2021
2010,37,7,5,1105920100313002,6,2,03,we,,,,0,0,201026378703we,110592010031319633,,,1939.3024217,,,201026378703we,,0,05/04/2021
2010,37,7,5,1105920100313006,6,2,03,we,8835440102,385,0.6,0,0,201026378703we,110592010031319636,SPOTTED SEATROUT,,458.08827259,15,38,201026378703we,,0,05/04/2021
2010,37,7,5,1105920100313006,6,2,03,we,8835440102,390,0.6,0,0,201026378703we,110592010031319636,SPOTTED SEATROUT,,458.08827259,15,39,201026378703we,,0,05/04/2021
2010,37,7,5,1105920100313006,6,2,03,we,8835440102,410,0.8,0,0,201026378703we,110592010031319636,SPOTTED SEATROUT,,458.08827259,16,41,201026378703we,,0,05/04/2021
2010,37,7,5,1105920100313006,6,2,03,we,8835440102,385,0.6,0,0,201026378703we,110592010031319636,SPOTTED SEATROUT,,458.08827259,15,38,201026378703we,,0,05/04/2021
2010,37,7,5,1105920100313007,6,2,03,we,,,,0,0,201026378703we,110592010031319636,,,458.08827259,,,201026378703we,,0,05/04/2021
2010,37,7,5,1105920100313010,6,2,03,we,8835440102,425,0.9,0,0,201026378703we,110592010031319636,SPOTTED SEATROUT,,458.08827259,16,42,201026378703we,,0,05/04/2021
2010,37,7,5,1105920100313010,6,2,03,we,8835440102,405,0.6,0,0,201026378703we,110592010031319636,SPOTTED SEATROUT,,458.08827259,15,40,201026378703we,,0,05/04/2021
2010,37,7,5,1105920100313010,6,2,03,we,8835440102,385,0.6,1,1,201026378703we,110592010031319636,SPOTTED SEATROUT,,458.08827259,15,38,201026378703we,,0,05/04/2021
2010,37,7,5,1105920100313010,6,2,03,we,8835440102,385,0.6,0,0,201026378703we,110592010031319636,SPOTTED SEATROUT,,458.08827259,15,38,201026378703we,,0,05/04/2021
2010,37,7,5,1105920100313010,6,2,03,we,8835440102,418,0.8,1,1,201026378703we,110592010031319636,SPOTTED SEATROUT,,458.08827259,16,41,201026378703we,,0,05/04/2021
2010,37,7,5,1105920100313010,6,2,03,we,8835440102,405,0.6,1,1,201026378703we,110592010031319636,SPOTTED SEATROUT,,458.08827259,15,40,201026378703we,,0,05/04/2021
2010,37,7,5,1105920100319001,6,2,03,wd,,,,0,0,201026378703wd,1105920100319129492,,,997.14566112,,,201026378703wd,,0,05/04/2021
2010,37,7,5,1105920100319002,6,2,03,wd,8857030304,484,1.5,0,0,201026378703wd,1105920100319129492,SOUTHERN FLOUNDER,,998.37699205,19,48,201026378703wd,,0,05/04/2021
2010,37,7,1,1105920100319004,6,2,03,wd,,,,0,0,201026378703wd,1105920100319129492,,,1317.598208,,,201026378703wd,,0,05/04/2021
2010,37,7,2,1105920100321001,6,2,03,we,,,,0,0,201026378703we,110592010032119636,,,520.00617297,,,201026378703we,,0,05/04/2021
2010,37,7,2,1105920100321002,6,2,03,we,,,,0,0,201026378703we,110592010032119636,,,520.00617297,,,201026378703we,,0,05/04/2021
2010,37,7,5,1105920100321005,6,2,03,we,,,,0,0,201026378703we,110592010032119636,,,458.08827259,,,201026378703we,,0,05/04/2021
2010,37,7,5,1105920100321006,6,2,03,we,,,,0,0,201026378703we,110592010032119636,,,458.08827259,,,201026378703we,,0,05/04/2021
2010,37,7,2,1105920100321007,6,2,03,we,8835020301,340,0.6,1,1,201026378703we,110592010032119636,BLACK SEA BASS,,557.44871732,13,34,201026378703we,,0,05/04/2021
2010,37,7,2,1105920100321007,6,2,03,we,8835020301,360,0.65,1,1,201026378703we,110592010032119636,BLACK SEA BASS,,557.44871732,14,36,201026378703we,,0,05/04/2021
2010,37,7,5,1105920100327002,6,2,03,we,,,,0,0,201026378703we,1105920100327129492,,,535.00817988,,,201026378703we,,0,05/04/2021
2010,37,7,5,1105920100328001,6,2,03,we,8835440102,550,1.85,0,0,201026378703we,1105920100328133674,SPOTTED SEATROUT,,423.31262704,21,55,201026378703we,,0,05/04/2021
2010,37,7,5,1105920100328001,6,2,03,we,8835440102,405,0.7,0,0,201026378703we,1105920100328133674,SPOTTED SEATROUT,,423.31262704,15,40,201026378703we,,0,05/04/2021
2010,37,7,5,1105920100328001,6,2,03,we,8835440102,495,1.2,0,0,201026378703we,1105920100328133674,SPOTTED SEATROUT,,423.31262704,19,49,201026378703we,,0,05/04/2021
2010,37,7,5,1105920100328001,6,2,03,we,8835440102,366,0.4,1,1,201026378703we,1105920100328133674,SPOTTED SEATROUT,,423.31262704,14,36,201026378703we,,0,05/04/2021
2010,37,7,5,1105920100328001,6,2,03,we,8835440102,550,1.85,1,1,201026378703we,1105920100328133674,SPOTTED SEATROUT,,423.31262704,21,55,201026378703we,,0,05/04/2021
2010,37,7,5,1105920100328001,6,2,03,we,8835440102,400,0.65,1,1,201026378703we,1105920100328133674,SPOTTED SEATROUT,,423.31262704,15,40,201026378703we,,0,05/04/2021
2010,37,7,5,1105920100328002,6,2,03,we,,,,0,0,201026378703we,1105920100328133674,,,423.31262704,,,201026378703we,,0,05/04/2021
2010,37,7,5,1105920100405001,6,2,04,wd,8835440601,240,0.15,0,0,201026378704wd,1105920100405129682,SOUTHERN KINGFISH,,915.99383506,9,24,201026378704wd,,0,05/04/2021
2010,37,7,5,1105920100405001,6,2,04,wd,8835440601,251,0.2,0,0,201026378704wd,1105920100405129682,SOUTHERN KINGFISH,,915.99383506,9,25,201026378704wd,,0,05/04/2021
2010,37,7,5,1105920100405001,6,2,04,wd,8835440601,254,0.2,0,0,201026378704wd,1105920100405129682,SOUTHERN KINGFISH,,915.99383506,9,25,201026378704wd,,0,05/04/2021
2010,37,7,5,1105920100405001,6,2,04,wd,8835440601,250,0.2,0,0,201026378704wd,1105920100405129682,SOUTHERN KINGFISH,,915.99383506,9,25,201026378704wd,,0,05/04/2021
2010,37,7,5,1105920100405001,6,2,04,wd,8835440601,260,0.2,0,0,201026378704wd,1105920100405129682,SOUTHERN KINGFISH,,915.99383506,10,26,201026378704wd,,0,05/04/2021
2010,37,7,5,1105920100405001,6,2,04,wd,8835440601,275,0.25,0,0,201026378704wd,1105920100405129682,SOUTHERN KINGFISH,,915.99383506,10,27,201026378704wd,,0,05/04/2021
2010,37,7,5,1105920100405001,6,2,04,wd,8835440601,275,0.25,0,0,201026378704wd,1105920100405129682,SOUTHERN KINGFISH,,915.99383506,10,27,201026378704wd,,0,05/04/2021
2010,37,7,5,1105920100405001,6,2,04,wd,8835440601,284,0.25,0,0,201026378704wd,1105920100405129682,SOUTHERN KINGFISH,,915.99383506,11,28,201026378704wd,,0,05/04/2021
2010,37,7,5,1105920100405001,6,2,04,wd,8835440601,287,0.25,0,0,201026378704wd,1105920100405129682,SOUTHERN KINGFISH,,915.99383506,11,28,201026378704wd,,0,05/04/2021
2010,37,7,5,1105920100405001,6,2,04,wd,8835440601,297,0.3,0,0,201026378704wd,1105920100405129682,SOUTHERN KINGFISH,,915.99383506,11,29,201026378704wd,,0,05/04/2021
2010,37,7,5,1105920100405001,6,2,04,wd,8835440601,239,0.15,0,0,201026378704wd,1105920100405129682,SOUTHERN KINGFISH,,915.99383506,9,23,201026378704wd,,0,05/04/2021
2010,37,7,5,1105920100405001,6,2,04,wd,8835440601,275,0.25,0,0,201026378704wd,1105920100405129682,SOUTHERN KINGFISH,,915.99383506,10,27,201026378704wd,,0,05/04/2021
2010,37,7,5,1105920100405003,6,2,04,wd,,,,0,0,201026378704wd,1105920100405129682,,,929.5879969,,,201026378704wd,,0,05/04/2021
2010,37,7,5,1105920100405004,6,2,04,wd,,,,0,0,201026378704wd,1105920100405129682,,,1310.2489116,,,201026378704wd,,0,05/04/2021
2010,37,7,5,1105920100405008,6,2,04,wd,,,,0,0,201026378704wd,1105920100405129682,,,929.5879969,,,201026378704wd,,0,05/04/2021
2010,37,7,5,1105920100415001,6,2,04,wd,8835440601,242,0.15,0,0,201026378704wd,1105920100415129682,SOUTHERN KINGFISH,,2157.0888425,9,24,201026378704wd,,0,05/04/2021
2010,37,7,5,1105920100415001,6,2,04,wd,8835440601,249,0.15,0,0,201026378704wd,1105920100415129682,SOUTHERN KINGFISH,,2157.0888425,9,24,201026378704wd,,0,05/04/2021
2010,37,7,5,1105920100415001,6,2,04,wd,8835440601,254,0.2,1,1,201026378704wd,1105920100415129682,SOUTHERN KINGFISH,,2157.0888425,9,25,201026378704wd,,0,05/04/2021
2010,37,7,5,1105920100415001,6,2,04,wd,8835440601,255,0.2,0,0,201026378704wd,1105920100415129682,SOUTHERN KINGFISH,,2157.0888425,10,25,201026378704wd,,0,05/04/2021
2010,37,7,5,1105920100415001,6,2,04,wd,8835440601,272,0.2,0,0,201026378704wd,1105920100415129682,SOUTHERN KINGFISH,,2157.0888425,10,27,201026378704wd,,0,05/04/2021
2010,37,7,5,1105920100415001,6,2,04,wd,8835440601,275,0.2,0,0,201026378704wd,1105920100415129682,SOUTHERN KINGFISH,,2157.0888425,10,27,201026378704wd,,0,05/04/2021
2010,37,7,5,1105920100415001,6,2,04,wd,8835440601,275,0.25,0,0,201026378704wd,1105920100415129682,SOUTHERN KINGFISH,,2157.0888425,10,27,201026378704wd,,0,05/04/2021
2010,37,7,5,1105920100415001,6,2,04,wd,8835440601,275,0.2,0,0,201026378704wd,1105920100415129682,SOUTHERN KINGFISH,,2157.0888425,10,27,201026378704wd,,0,05/04/2021
2010,37,7,5,1105920100415001,6,2,04,wd,8835440601,280,0.25,0,0,201026378704wd,1105920100415129682,SOUTHERN KINGFISH,,2157.0888425,11,28,201026378704wd,,0,05/04/2021
2010,37,7,5,1105920100415001,6,2,04,wd,8835440601,284,0.25,1,1,201026378704wd,1105920100415129682,SOUTHERN KINGFISH,,2157.0888425,11,28,201026378704wd,,0,05/04/2021
2010,37,7,5,1105920100415001,6,2,04,wd,8835440601,321,0.4,0,0,201026378704wd,1105920100415129682,SOUTHERN KINGFISH,,2157.0888425,12,32,201026378704wd,,0,05/04/2021
2010,37,7,5,1105920100415001,6,2,04,wd,8835440601,309,0.3,0,0,201026378704wd,1105920100415129682,SOUTHERN KINGFISH,,2157.0888425,12,30,201026378704wd,,0,05/04/2021
2010,37,7,5,1105920100415001,6,2,04,wd,8835440601,280,0.25,1,1,201026378704wd,1105920100415129682,SOUTHERN KINGFISH,,2157.0888425,11,28,201026378704wd,,0,05/04/2021
2010,37,7,5,1105920100415001,6,2,04,wd,8835440601,285,0.25,0,0,201026378704wd,1105920100415129682,SOUTHERN KINGFISH,,2157.0888425,11,28,201026378704wd,,0,05/04/2021
2010,37,7,5,1105920100415001,6,2,04,wd,8835440601,285,0.25,1,1,201026378704wd,1105920100415129682,SOUTHERN KINGFISH,,2157.0888425,11,28,201026378704wd,,0,05/04/2021
2010,37,7,5,1105920100415006,6,2,04,wd,8835440601,245,0.2,0,0,201026378704wd,1105920100415129682,SOUTHERN KINGFISH,,808.90831593,9,24,201026378704wd,,0,05/04/2021
2010,37,7,5,1105920100415006,6,2,04,wd,8835440601,259,0.2,0,0,201026378704wd,1105920100415129682,SOUTHERN KINGFISH,,808.90831593,10,25,201026378704wd,,0,05/04/2021
2010,37,7,5,1105920100415006,6,2,04,wd,8835440601,263,0.2,0,0,201026378704wd,1105920100415129682,SOUTHERN KINGFISH,,808.90831593,10,26,201026378704wd,,0,05/04/2021
2010,37,7,5,1105920100415006,6,2,04,wd,8835440601,263,0.2,1,1,201026378704wd,1105920100415129682,SOUTHERN KINGFISH,,808.90831593,10,26,201026378704wd,,0,05/04/2021
2010,37,7,5,1105920100415006,6,2,04,wd,8835440601,266,0.2,0,0,201026378704wd,1105920100415129682,SOUTHERN KINGFISH,,808.90831593,10,26,201026378704wd,,0,05/04/2021
2010,37,7,5,1105920100415006,6,2,04,wd,8835440601,270,0.2,0,0,201026378704wd,1105920100415129682,SOUTHERN KINGFISH,,808.90831593,10,27,201026378704wd,,0,05/04/2021
2010,37,7,5,1105920100415006,6,2,04,wd,8835440601,276,0.25,0,0,201026378704wd,1105920100415129682,SOUTHERN KINGFISH,,808.90831593,10,27,201026378704wd,,0,05/04/2021
2010,37,7,5,1105920100415006,6,2,04,wd,8835440601,281,0.25,0,0,201026378704wd,1105920100415129682,SOUTHERN KINGFISH,,808.90831593,11,28,201026378704wd,,0,05/04/2021
2010,37,7,5,1105920100415006,6,2,04,wd,8835440601,284,0.25,0,0,201026378704wd,1105920100415129682,SOUTHERN KINGFISH,,808.90831593,11,28,201026378704wd,,0,05/04/2021
2010,37,7,5,1105920100415006,6,2,04,wd,8835440601,295,0.3,0,0,201026378704wd,1105920100415129682,SOUTHERN KINGFISH,,808.90831593,11,29,201026378704wd,,0,05/04/2021
2010,37,7,5,1105920100415006,6,2,04,wd,8835440601,304,0.35,1,1,201026378704wd,1105920100415129682,SOUTHERN KINGFISH,,808.90831593,11,30,201026378704wd,,0,05/04/2021
2010,37,7,5,1105920100415006,6,2,04,wd,8835440601,284,0.25,1,1,201026378704wd,1105920100415129682,SOUTHERN KINGFISH,,808.90831593,11,28,201026378704wd,,0,05/04/2021
2010,37,7,5,1105920100415006,6,2,04,wd,8835440601,309,0.35,0,0,201026378704wd,1105920100415129682,SOUTHERN KINGFISH,,808.90831593,12,30,201026378704wd,,0,05/04/2021
2010,37,7,5,1105920100415006,6,2,04,wd,8835440601,315,0.35,1,1,201026378704wd,1105920100415129682,SOUTHERN KINGFISH,,808.90831593,12,31,201026378704wd,,0,05/04/2021
2010,37,7,5,1105920100415006,6,2,04,wd,8835440601,291,0.3,0,0,201026378704wd,1105920100415129682,SOUTHERN KINGFISH,,808.90831593,11,29,201026378704wd,,0,05/04/2021
2010,37,7,5,1105920100415007,6,2,04,wd,8835440601,286,0.3,0,0,201026378704wd,1105920100415129682,SOUTHERN KINGFISH,,867.15298122,11,28,201026378704wd,,0,05/04/2021
2010,37,7,5,1105920100415007,6,2,04,wd,8835440601,300,0.35,0,0,201026378704wd,1105920100415129682,SOUTHERN KINGFISH,,867.15298122,11,30,201026378704wd,,0,05/04/2021
2010,37,7,5,1105920100415007,6,2,04,wd,8835440601,304,0.35,0,0,201026378704wd,1105920100415129682,SOUTHERN KINGFISH,,867.15298122,11,30,201026378704wd,,0,05/04/2021
2010,37,7,5,1105920100415007,6,2,04,wd,8835440601,305,0.3,0,0,201026378704wd,1105920100415129682,SOUTHERN KINGFISH,,867.15298122,12,30,201026378704wd,,0,05/04/2021
2010,37,7,5,1105920100415007,6,2,04,wd,8835440601,314,0.35,0,0,201026378704wd,1105920100415129682,SOUTHERN KINGFISH,,867.15298122,12,31,201026378704wd,,0,05/04/2021
2010,37,7,5,1105920100415008,6,2,04,wd,,,,0,0,201026378704wd,1105920100415129682,,,865.83298948,,,201026378704wd,,0,05/04/2021
2010,37,7,5,1105920100417001,6,2,04,we,,,,0,0,201026378704we,110592010041719998,,,677.7341719,,,201026378704we,,0,05/04/2021
2010,37,7,5,1105920100417002,6,2,04,we,,,,0,0,201026378704we,110592010041719998,,,677.7341719,,,201026378704we,,0,05/04/2021
2010,37,7,5,1105920100417003,6,2,04,we,,,,0,0,201026378704we,110592010041719998,,,548.4740257,,,201026378704we,,0,05/04/2021
2010,37,7,5,1105920100417004,6,2,04,we,,,,0,0,201026378704we,110592010041719998,,,548.4740257,,,201026378704we,,0,05/04/2021
2010,37,7,5,1105920100417005,6,2,04,we,,,,0,0,201026378704we,110592010041719998,,,548.4740257,,,201026378704we,,0,05/04/2021
2010,37,7,5,1105920100417010,6,2,04,we,8835250101,330,0.4,0,0,201026378704we,110592010041719998,BLUEFISH,,548.4740257,12,33,201026378704we,,0,05/04/2021
2010,37,7,5,1105920100417010,6,2,04,we,8835250101,352,0.55,0,0,201026378704we,110592010041719998,BLUEFISH,,548.4740257,13,35,201026378704we,,0,05/04/2021
2010,37,7,5,1105920100417010,6,2,04,we,8835250101,354,0.55,0,0,201026378704we,110592010041719998,BLUEFISH,,548.4740257,13,35,201026378704we,,0,05/04/2021
2010,37,7,5,1105920100417010,6,2,04,we,8835250101,363,0.6,0,0,201026378704we,110592010041719998,BLUEFISH,,548.4740257,14,36,201026378704we,,0,05/04/2021
2010,37,7,5,1105920100417013,6,2,04,we,,,,0,0,201026378704we,110592010041719633,,,2300.2810626,,,201026378704we,,0,05/04/2021
2010,37,7,5,1105920100417014,6,2,04,we,,,,0,0,201026378704we,110592010041719633,,,2300.2810626,,,201026378704we,,0,05/04/2021
2010,37,7,2,1106120100422001,6,2,04,wd,,,,0,0,201026378704wd,110612010042255206,,,1919.3704901,,,201026378704wd,,0,05/04/2021
2010,37,7,2,1106120100422002,6,2,04,wd,,,,0,0,201026378704wd,110612010042255206,,,1919.3704901,,,201026378704wd,,0,05/04/2021
2010,37,7,2,1106120100423002,6,2,04,wd,8850030402,1607,64.632874526,0,1,201026378704wd,110612010042355151,BLUEFIN TUNA,,943.59265364,63,160,201026378704wd,,0,05/04/2021
2010,37,7,2,1106120100423010,6,2,04,wd,8850030403,914,13.25,0,0,201026378704wd,110612010042355151,YELLOWFIN TUNA,,943.59265364,35,91,201026378704wd,,0,05/04/2021
2010,37,7,2,1106120100423010,6,2,04,wd,8850030403,923,13.75,0,0,201026378704wd,110612010042355151,YELLOWFIN TUNA,,943.59265364,36,92,201026378704wd,,0,05/04/2021
2010,37,7,2,1106120100423010,6,2,04,wd,8850030403,941,14,0,0,201026378704wd,110612010042355151,YELLOWFIN TUNA,,943.59265364,37,94,201026378704wd,,0,05/04/2021
2010,37,7,2,1106120100423010,6,2,04,wd,8850030403,1046,15.5,0,0,201026378704wd,110612010042355151,YELLOWFIN TUNA,,943.59265364,41,104,201026378704wd,,0,05/04/2021
2010,37,7,2,1106120100423010,6,2,04,wd,8850030403,1095,17.25,0,0,201026378704wd,110612010042355151,YELLOWFIN TUNA,,943.59265364,43,109,201026378704wd,,0,05/04/2021
2010,37,7,2,1106120100423010,6,2,04,wd,8850030403,1173,21,0,0,201026378704wd,110612010042355151,YELLOWFIN TUNA,,943.59265364,46,117,201026378704wd,,0,05/04/2021
2010,37,7,1,1106120100423013,6,2,04,wd,,,,0,0,201026378704wd,110612010042355151,,,864.65119494,,,201026378704wd,,0,05/04/2021
2010,37,7,1,1106120100423014,6,2,04,wd,,,,0,0,201026378704wd,110612010042355151,,,864.65119494,,,201026378704wd,,0,05/04/2021
2010,37,7,5,1106220100314007,6,2,03,we,,,,0,0,201026378703we,1106220100314129682,,,434.14077815,,,201026378703we,,0,05/04/2021
2010,37,7,5,1106220100314009,6,2,03,we,,,,0,0,201026378703we,1106220100314129682,,,434.14077815,,,201026378703we,,0,05/04/2021
2010,37,7,5,1106220100319006,6,2,03,wd,,,,0,0,201026378703wd,1106220100319129682,,,741.14169865,,,201026378703wd,,0,05/04/2021
2010,37,7,5,1106220100329001,6,2,03,wd,8857030304,399,0.7,0,0,201026378703wd,110622010032919636,SOUTHERN FLOUNDER,,1617.3058931,15,39,201026378703wd,,0,05/04/2021
2010,37,7,1,1106220100411005,6,2,04,we,,,,0,0,201026378704we,1106220100411129492,,,357.62148103,,,201026378704we,,0,05/04/2021
2010,37,7,5,1106220100411007,6,2,04,we,,,,0,0,201026378704we,1106220100411129492,,,485.7541959,,,201026378704we,,0,05/04/2021
2010,37,7,2,1106220100411009,6,2,04,we,8850030102,640,4.5,0,0,201026378704we,1106220100411129492,LITTLE TUNNY,,363.53444469,25,64,201026378704we,,0,05/04/2021
2010,37,7,5,1106220100411013,6,2,04,we,,,,0,0,201026378704we,1106220100411129492,,,684.19492717,,,201026378704we,,0,05/04/2021
2010,37,7,5,1106220100411014,6,2,04,we,,,,0,0,201026378704we,1106220100411129492,,,638.2391323,,,201026378704we,,0,05/04/2021
2010,37,7,5,1106220100411017,6,2,04,we,,,,0,0,201026378704we,1106220100411129492,,,453.12720716,,,201026378704we,,0,05/04/2021
2010,37,7,2,1106220100411019,6,2,04,we,,,,0,0,201026378704we,1106220100411129492,,,437.7901502,,,201026378704we,,0,05/04/2021
2010,37,7,2,1106220100411020,6,2,04,we,,,,0,0,201026378704we,1106220100411129492,,,437.7901502,,,201026378704we,,0,05/04/2021
2010,37,7,1,1106220100413001,6,2,04,wd,8835440601,260,0.2,0,0,201026378704wd,110622010041319636,SOUTHERN KINGFISH,,659.19929919,10,26,201026378704wd,,0,05/04/2021
2010,37,7,1,1106220100413001,6,2,04,wd,8835440601,255,0.2,0,0,201026378704wd,110622010041319636,SOUTHERN KINGFISH,,659.19929919,10,25,201026378704wd,,0,05/04/2021
2010,37,7,1,1106220100413001,6,2,04,wd,8835440601,247,0.15,0,0,201026378704wd,110622010041319636,SOUTHERN KINGFISH,,659.19929919,9,24,201026378704wd,,0,05/04/2021
2010,37,7,1,1106220100413001,6,2,04,wd,8835440601,256,0.2,0,0,201026378704wd,110622010041319636,SOUTHERN KINGFISH,,659.19929919,10,25,201026378704wd,,0,05/04/2021
2010,37,7,1,1106220100413001,6,2,04,wd,8835440601,261,0.2,0,0,201026378704wd,110622010041319636,SOUTHERN KINGFISH,,659.19929919,10,26,201026378704wd,,0,05/04/2021
2010,37,7,1,1106220100413001,6,2,04,wd,8835440601,286,0.35,0,0,201026378704wd,110622010041319636,SOUTHERN KINGFISH,,659.19929919,11,28,201026378704wd,,0,05/04/2021
2010,37,7,1,1106220100413002,6,2,04,wd,8835440601,248,0.15,0,0,201026378704wd,110622010041319636,SOUTHERN KINGFISH,,659.19929919,9,24,201026378704wd,,0,05/04/2021
2010,37,7,1,1106220100413002,6,2,04,wd,8835440601,254,0.2,0,0,201026378704wd,110622010041319636,SOUTHERN KINGFISH,,659.19929919,9,25,201026378704wd,,0,05/04/2021
2010,37,7,1,1106220100413002,6,2,04,wd,8835440601,257,0.2,0,0,201026378704wd,110622010041319636,SOUTHERN KINGFISH,,659.19929919,10,25,201026378704wd,,0,05/04/2021
2010,37,7,1,1106220100413002,6,2,04,wd,8835440601,261,0.2,0,0,201026378704wd,110622010041319636,SOUTHERN KINGFISH,,659.19929919,10,26,201026378704wd,,0,05/04/2021
2010,37,7,1,1106220100413002,6,2,04,wd,8835440601,274,0.25,0,0,201026378704wd,110622010041319636,SOUTHERN KINGFISH,,659.19929919,10,27,201026378704wd,,0,05/04/2021
2010,37,7,1,1106220100413002,6,2,04,wd,8835440601,278,0.25,0,0,201026378704wd,110622010041319636,SOUTHERN KINGFISH,,659.19929919,10,27,201026378704wd,,0,05/04/2021
2010,37,7,1,1106220100413002,6,2,04,wd,8835440601,286,0.3,0,0,201026378704wd,110622010041319636,SOUTHERN KINGFISH,,659.19929919,11,28,201026378704wd,,0,05/04/2021
2010,37,7,1,1106220100413002,6,2,04,wd,8835440601,300,0.35,0,0,201026378704wd,110622010041319636,SOUTHERN KINGFISH,,659.19929919,11,30,201026378704wd,,0,05/04/2021
2010,37,7,1,1106220100413002,6,2,04,wd,8835440601,301,0.35,0,0,201026378704wd,110622010041319636,SOUTHERN KINGFISH,,659.19929919,11,30,201026378704wd,,0,05/04/2021
2010,37,7,1,1106220100413002,6,2,04,wd,8835440601,317,0.4,0,0,201026378704wd,110622010041319636,SOUTHERN KINGFISH,,659.19929919,12,31,201026378704wd,,0,05/04/2021
2010,37,7,1,1106220100413002,6,2,04,wd,8835250101,194,0.1,0,0,201026378704wd,110622010041319636,BLUEFISH,,659.19929919,7,19,201026378704wd,,0,05/04/2021
2010,37,7,1,1106220100413003,6,2,04,wd,8835440601,246,0.2,0,0,201026378704wd,110622010041319636,SOUTHERN KINGFISH,,659.19929919,9,24,201026378704wd,,0,05/04/2021
2010,37,7,1,1106220100413003,6,2,04,wd,8835440601,261,0.2,0,0,201026378704wd,110622010041319636,SOUTHERN KINGFISH,,659.19929919,10,26,201026378704wd,,0,05/04/2021
2010,37,7,1,1106220100413003,6,2,04,wd,8835440601,278,0.25,0,0,201026378704wd,110622010041319636,SOUTHERN KINGFISH,,659.19929919,10,27,201026378704wd,,0,05/04/2021
2010,37,7,1,1106220100413003,6,2,04,wd,8835440601,305,0.3,0,0,201026378704wd,110622010041319636,SOUTHERN KINGFISH,,659.19929919,12,30,201026378704wd,,0,05/04/2021
2010,37,7,1,1106220100413003,6,2,04,wd,8835440601,307,0.4,0,0,201026378704wd,110622010041319636,SOUTHERN KINGFISH,,659.19929919,12,30,201026378704wd,,0,05/04/2021
2010,37,7,1,1106220100413003,6,2,04,wd,8835440601,289,0.3,0,0,201026378704wd,110622010041319636,SOUTHERN KINGFISH,,659.19929919,11,28,201026378704wd,,0,05/04/2021
2010,37,7,5,1106220100413004,6,2,04,wd,8835440601,234,0.2,0,0,201026378704wd,110622010041319636,SOUTHERN KINGFISH,,895.38476436,9,23,201026378704wd,,0,05/04/2021
2010,37,7,5,1106220100413004,6,2,04,wd,8835440601,240,0.2,0,0,201026378704wd,110622010041319636,SOUTHERN KINGFISH,,895.38476436,9,24,201026378704wd,,0,05/04/2021
2010,37,7,5,1106220100413004,6,2,04,wd,8835440601,255,0.2,0,0,201026378704wd,110622010041319636,SOUTHERN KINGFISH,,895.38476436,10,25,201026378704wd,,0,05/04/2021
2010,37,7,5,1106220100413004,6,2,04,wd,8835440601,270,0.2,0,0,201026378704wd,110622010041319636,SOUTHERN KINGFISH,,895.38476436,10,27,201026378704wd,,0,05/04/2021
2010,37,7,5,1106220100413004,6,2,04,wd,8835440601,286,0.25,0,0,201026378704wd,110622010041319636,SOUTHERN KINGFISH,,895.38476436,11,28,201026378704wd,,0,05/04/2021
2010,37,7,5,1106220100413004,6,2,04,wd,8835440601,308,0.4,0,0,201026378704wd,110622010041319636,SOUTHERN KINGFISH,,895.38476436,12,30,201026378704wd,,0,05/04/2021
2010,37,7,5,1106220100413004,6,2,04,wd,8835440601,315,0.35,0,0,201026378704wd,110622010041319636,SOUTHERN KINGFISH,,895.38476436,12,31,201026378704wd,,0,05/04/2021
2010,37,7,5,1106220100413004,6,2,04,wd,8835440601,328,0.4,0,0,201026378704wd,110622010041319636,SOUTHERN KINGFISH,,895.38476436,12,32,201026378704wd,,0,05/04/2021
2010,37,7,5,1106220100413005,6,2,04,wd,8835440601,268,0.25,0,0,201026378704wd,110622010041319636,SOUTHERN KINGFISH,,895.38476436,10,26,201026378704wd,,0,05/04/2021
2010,37,7,5,1106220100413005,6,2,04,wd,8835440601,282,0.25,0,0,201026378704wd,110622010041319636,SOUTHERN KINGFISH,,895.38476436,11,28,201026378704wd,,0,05/04/2021
2010,37,7,5,1106220100413005,6,2,04,wd,8835440601,238,0.2,0,0,201026378704wd,110622010041319636,SOUTHERN KINGFISH,,895.38476436,9,23,201026378704wd,,0,05/04/2021
2010,37,7,5,1106220100413005,6,2,04,wd,8835440601,241,0.25,0,0,201026378704wd,110622010041319636,SOUTHERN KINGFISH,,895.38476436,9,24,201026378704wd,,0,05/04/2021
2010,37,7,5,1106220100413005,6,2,04,wd,8835440601,256,0.2,0,0,201026378704wd,110622010041319636,SOUTHERN KINGFISH,,895.38476436,10,25,201026378704wd,,0,05/04/2021
2010,37,7,5,1106220100413005,6,2,04,wd,8835440601,268,0.25,0,0,201026378704wd,110622010041319636,SOUTHERN KINGFISH,,895.38476436,10,26,201026378704wd,,0,05/04/2021
2010,37,7,5,1106220100413005,6,2,04,wd,8835440601,318,0.45,0,0,201026378704wd,110622010041319636,SOUTHERN KINGFISH,,895.38476436,12,31,201026378704wd,,0,05/04/2021
2010,37,7,5,1106220100413005,6,2,04,wd,8835440601,302,0.4,0,0,201026378704wd,110622010041319636,SOUTHERN KINGFISH,,895.38476436,11,30,201026378704wd,,0,05/04/2021
2010,37,7,5,1106220100413005,6,2,04,wd,8835440601,306,0.45,0,0,201026378704wd,110622010041319636,SOUTHERN KINGFISH,,895.38476436,12,30,201026378704wd,,0,05/04/2021
2010,37,7,5,1106220100413005,6,2,04,wd,8835440601,282,0.25,0,0,201026378704wd,110622010041319636,SOUTHERN KINGFISH,,895.38476436,11,28,201026378704wd,,0,05/04/2021
2010,37,7,5,1106220100413006,6,2,04,wd,,,,0,0,201026378704wd,110622010041319636,,,894.15343343,,,201026378704wd,,0,05/04/2021
2010,37,7,5,1106220100413007,6,2,04,wd,,,,0,0,201026378704wd,110622010041319636,,,894.15343343,,,201026378704wd,,0,05/04/2021
2010,37,7,5,1106220100417001,6,2,04,we,,,,0,0,201026378704we,1106220100417129682,,,569.51198666,,,201026378704we,,0,05/04/2021
2010,37,7,5,1106220100417002,6,2,04,we,,,,0,0,201026378704we,1106220100417129682,,,569.51198666,,,201026378704we,,0,05/04/2021
2010,37,7,5,1106220100417003,6,2,04,we,,,,0,0,201026378704we,1106220100417129682,,,670.0108882,,,201026378704we,,0,05/04/2021
2010,37,7,5,1106220100417006,6,2,04,we,8835440601,282,0.25,1,1,201026378704we,1106220100417129682,SOUTHERN KINGFISH,,1250.7015603,11,28,201026378704we,,0,05/04/2021
2010,37,7,5,1106220100417006,6,2,04,we,8835440601,274,0.25,0,0,201026378704we,1106220100417129682,SOUTHERN KINGFISH,,1250.7015603,10,27,201026378704we,,0,05/04/2021
2010,37,7,5,1106220100417006,6,2,04,we,8835440601,207,0.15,0,0,201026378704we,1106220100417129682,SOUTHERN KINGFISH,,1250.7015603,8,20,201026378704we,,0,05/04/2021
2010,37,7,5,1106220100417006,6,2,04,we,8835440601,260,0.2,0,0,201026378704we,1106220100417129682,SOUTHERN KINGFISH,,1250.7015603,10,26,201026378704we,,0,05/04/2021
2010,37,7,5,1106220100417006,6,2,04,we,8835440601,266,0.25,0,0,201026378704we,1106220100417129682,SOUTHERN KINGFISH,,1250.7015603,10,26,201026378704we,,0,05/04/2021
2010,37,7,5,1106220100417006,6,2,04,we,8835440601,258,0.25,0,0,201026378704we,1106220100417129682,SOUTHERN KINGFISH,,1250.7015603,10,25,201026378704we,,0,05/04/2021
2010,37,7,5,1106220100417006,6,2,04,we,8835440601,308,0.4,1,1,201026378704we,1106220100417129682,SOUTHERN KINGFISH,,1250.7015603,12,30,201026378704we,,0,05/04/2021
2010,37,7,5,1106220100417006,6,2,04,we,8835440601,319,0.4,0,0,201026378704we,1106220100417129682,SOUTHERN KINGFISH,,1250.7015603,12,31,201026378704we,,0,05/04/2021
2010,37,7,5,1106220100417006,6,2,04,we,8835440601,240,0.15,0,0,201026378704we,1106220100417129682,SOUTHERN KINGFISH,,1250.7015603,9,24,201026378704we,,0,05/04/2021
2010,37,7,5,1106220100417006,6,2,04,we,8835440601,268,0.25,1,1,201026378704we,1106220100417129682,SOUTHERN KINGFISH,,1250.7015603,10,26,201026378704we,,0,05/04/2021
2010,37,7,5,1106220100417006,6,2,04,we,8835440601,302,0.4,1,1,201026378704we,1106220100417129682,SOUTHERN KINGFISH,,1250.7015603,11,30,201026378704we,,0,05/04/2021
2010,37,7,5,1106220100417006,6,2,04,we,8835440601,291,0.3,0,0,201026378704we,1106220100417129682,SOUTHERN KINGFISH,,1250.7015603,11,29,201026378704we,,0,05/04/2021
2010,37,7,5,1106220100417006,6,2,04,we,8835440601,267,0.25,0,0,201026378704we,1106220100417129682,SOUTHERN KINGFISH,,1250.7015603,10,26,201026378704we,,0,05/04/2021
2010,37,7,5,1106220100417006,6,2,04,we,8835440601,261,0.25,0,0,201026378704we,1106220100417129682,SOUTHERN KINGFISH,,1250.7015603,10,26,201026378704we,,0,05/04/2021
2010,37,7,5,1106220100417006,6,2,04,we,8835440601,259,0.25,0,0,201026378704we,1106220100417129682,SOUTHERN KINGFISH,,1250.7015603,10,25,201026378704we,,0,05/04/2021
2010,37,7,5,1106220100417008,6,2,04,we,,,,0,0,201026378704we,1106220100417129682,,,469.01308512,,,201026378704we,,0,05/04/2021
2010,37,7,5,1106220100417009,6,2,04,we,,,,0,0,201026378704we,1106220100417129682,,,469.01308512,,,201026378704we,,0,05/04/2021
2010,37,7,5,1106220100417011,6,2,04,we,,,,0,0,201026378704we,1106220100417129682,,,1149.195291,,,201026378704we,,0,05/04/2021
2010,37,7,5,1106220100424001,6,2,04,we,,,,0,0,201026378704we,110622010042419636,,,472.27297292,,,201026378704we,,0,05/04/2021
2010,37,7,5,1106220100424002,6,2,04,we,,,,0,0,201026378704we,110622010042419636,,,514.47272544,,,201026378704we,,0,05/04/2021
2010,37,7,5,1106220100424003,6,2,04,we,,,,0,0,201026378704we,110622010042419636,,,479.91677933,,,201026378704we,,0,05/04/2021
2010,37,7,5,1106220100424004,6,2,04,we,8835440601,227,0.15,0,0,201026378704we,110622010042419636,SOUTHERN KINGFISH,,2399.5838966,8,22,201026378704we,,0,05/04/2021
2010,37,7,5,1106220100424004,6,2,04,we,8835440601,230,0.1,0,0,201026378704we,110622010042419636,SOUTHERN KINGFISH,,2399.5838966,9,23,201026378704we,,0,05/04/2021
2010,37,7,5,1106220100424004,6,2,04,we,8835440601,230,0.1,1,1,201026378704we,110622010042419636,SOUTHERN KINGFISH,,2399.5838966,9,23,201026378704we,,0,05/04/2021
2010,37,7,5,1106220100424004,6,2,04,we,8835440601,251,0.2,0,0,201026378704we,110622010042419636,SOUTHERN KINGFISH,,2399.5838966,9,25,201026378704we,,0,05/04/2021
2010,37,7,5,1106220100424004,6,2,04,we,8835440601,261,0.25,1,1,201026378704we,110622010042419636,SOUTHERN KINGFISH,,2399.5838966,10,26,201026378704we,,0,05/04/2021
2010,37,7,5,1106220100424004,6,2,04,we,8835440601,264,0.2,0,0,201026378704we,110622010042419636,SOUTHERN KINGFISH,,2399.5838966,10,26,201026378704we,,0,05/04/2021
2010,37,7,5,1106220100424004,6,2,04,we,8835440601,270,0.2,0,0,201026378704we,110622010042419636,SOUTHERN KINGFISH,,2399.5838966,10,27,201026378704we,,0,05/04/2021
2010,37,7,5,1106220100424004,6,2,04,we,8835440601,276,0.25,0,0,201026378704we,110622010042419636,SOUTHERN KINGFISH,,2399.5838966,10,27,201026378704we,,0,05/04/2021
2010,37,7,5,1106220100424004,6,2,04,we,8835440601,281,0.25,0,0,201026378704we,110622010042419636,SOUTHERN KINGFISH,,2399.5838966,11,28,201026378704we,,0,05/04/2021
2010,37,7,5,1106220100424004,6,2,04,we,8835440601,287,0.25,0,0,201026378704we,110622010042419636,SOUTHERN KINGFISH,,2399.5838966,11,28,201026378704we,,0,05/04/2021
2010,37,7,5,1106220100424004,6,2,04,we,8835440601,291,0.3,1,1,201026378704we,110622010042419636,SOUTHERN KINGFISH,,2399.5838966,11,29,201026378704we,,0,05/04/2021
2010,37,7,5,1106220100424004,6,2,04,we,8835440601,296,0.35,0,0,201026378704we,110622010042419636,SOUTHERN KINGFISH,,2399.5838966,11,29,201026378704we,,0,05/04/2021
2010,37,7,5,1106220100424004,6,2,04,we,8835440601,296,0.3,0,0,201026378704we,110622010042419636,SOUTHERN KINGFISH,,2399.5838966,11,29,201026378704we,,0,05/04/2021
2010,37,7,5,1106220100424004,6,2,04,we,8835440601,296,0.35,1,1,201026378704we,110622010042419636,SOUTHERN KINGFISH,,2399.5838966,11,29,201026378704we,,0,05/04/2021
2010,37,7,2,1106220100424006,6,2,04,we,8850030601,1220,15.5,0,0,201026378704we,110622010042419636,WAHOO,,640.03333944,48,122,201026378704we,,0,05/04/2021
2010,37,7,2,1106220100424006,6,2,04,we,8850030601,1380,18.133913092,0,1,201026378704we,110622010042419636,WAHOO,,640.03333944,54,138,201026378704we,,0,05/04/2021
2010,37,7,5,1106220100424008,6,2,04,we,,,,0,0,201026378704we,110622010042419636,,,479.91677933,,,201026378704we,,0,05/04/2021
2010,37,7,5,1106220100424009,6,2,04,we,,,,0,0,201026378704we,110622010042419636,,,691.81827662,,,201026378704we,,0,05/04/2021
2010,37,7,5,1106220100424010,6,2,04,we,8835440102,382,0.6,0,0,201026378704we,110622010042419636,SPOTTED SEATROUT,,479.91677933,15,38,201026378704we,,0,05/04/2021
2010,37,7,5,1106220100424013,6,2,04,we,8857030300,,,0,0,201026378704we,110622010042419636,LEFTEYE FLOUNDER GENUS,,479.91677933,,,201026378704we,,0,05/04/2021
2010,37,7,5,1106220100424013,6,2,04,we,8835440102,386,0.5,0,0,201026378704we,110622010042419636,SPOTTED SEATROUT,,479.91677933,15,38,201026378704we,,0,05/04/2021
2010,37,7,5,1106220100424014,6,2,04,we,8835440102,400,0.65,0,0,201026378704we,110622010042419636,SPOTTED SEATROUT,,479.91677933,15,40,201026378704we,,0,05/04/2021
2010,37,7,5,1106220100424015,6,2,04,we,8835440102,630,2.8,0,0,201026378704we,110622010042419636,SPOTTED SEATROUT,,691.81827662,24,63,201026378704we,,0,05/04/2021
2010,37,7,5,1106220100424015,6,2,04,we,8835440102,450,1,0,0,201026378704we,110622010042419636,SPOTTED SEATROUT,,691.81827662,17,45,201026378704we,,0,05/04/2021
2010,37,7,5,1106420100311004,6,2,03,wd,,,,0,0,201026378703wd,110642010031155570,,,2181.2363412,,,201026378703wd,,0,05/04/2021
2010,37,7,5,1106420100424001,6,2,04,we,,,,0,0,201026378704we,11064201004249546,,,2622.3422981,,,201026378704we,,0,05/04/2021
2010,37,7,5,1106420100424002,6,2,04,we,,,,0,0,201026378704we,11064201004249546,,,2622.3422981,,,201026378704we,,0,05/04/2021
2010,37,7,5,1106420100424003,6,2,04,we,,,,0,0,201026378704we,11064201004249546,,,2622.3422981,,,201026378704we,,0,05/04/2021
2010,37,7,5,1106420100424004,6,2,04,we,,,,0,0,201026378704we,11064201004249546,,,2622.3422981,,,201026378704we,,0,05/04/2021
2010,37,7,5,1106420100424005,6,2,04,we,,,,0,0,201026378704we,110642010042495171,,,2347.1046319,,,201026378704we,,0,05/04/2021
2010,37,7,5,1106420100424006,6,2,04,we,,,,0,0,201026378704we,110642010042495171,,,2347.1046319,,,201026378704we,,0,05/04/2021
2010,37,7,5,1107020100313001,6,2,03,we,,,,0,0,201026378703we,110702010031313539,,,1448.778737,,,201026378703we,,0,05/04/2021
2010,37,7,5,1107020100313005,6,2,03,we,8835020102,561,2,1,1,201026378703we,110702010031313539,STRIPED BASS,,1448.778737,22,56,201026378703we,,0,05/04/2021
2010,37,7,5,1107020100313006,6,2,03,we,,,,0,0,201026378703we,110702010031313539,,,1448.778737,,,201026378703we,,0,05/04/2021
2010,37,7,5,1107020100313007,6,2,03,we,,,,0,0,201026378703we,110702010031313539,,,1448.778737,,,201026378703we,,0,05/04/2021
2010,37,7,5,1107020100313010,6,2,03,we,,,,0,0,201026378703we,110702010031313539,,,1448.778737,,,201026378703we,,0,05/04/2021
2010,37,7,1,1107020100325002,6,2,03,wd,,,,0,0,201026378703wd,110702010032531482,,,630.41300785,,,201026378703wd,,0,05/04/2021
2010,37,7,5,1107020100325004,6,2,03,wd,,,,0,0,201026378703wd,110702010032531482,,,856.28459128,,,201026378703wd,,0,05/04/2021
2010,37,7,5,1107020100325005,6,2,03,wd,,,,0,0,201026378703wd,110702010032531482,,,856.28459128,,,201026378703wd,,0,05/04/2021
2010,37,7,5,1107020100325006,6,2,03,wd,,,,0,0,201026378703wd,110702010032531482,,,856.28459128,,,201026378703wd,,0,05/04/2021
2010,37,7,5,1107020100423001,6,2,04,wd,,,,0,0,201026378704wd,110702010042331469,,,921.70989223,,,201026378704wd,,0,05/04/2021
2010,37,7,2,1107020100423002,6,2,04,wd,,,,0,0,201026378704wd,110702010042331469,,,739.4684948,,,201026378704wd,,0,05/04/2021
2010,37,7,5,1107020100423003,6,2,04,wd,,,,0,0,201026378704wd,110702010042331469,,,921.70989223,,,201026378704wd,,0,05/04/2021
2010,37,7,5,1107020100423004,6,2,04,wd,8835250101,254,0.1,0,0,201026378704wd,110702010042331469,BLUEFISH,,989.64566077,9,25,201026378704wd,,0,05/04/2021
2010,37,7,5,1107020100423004,6,2,04,wd,8835250101,261,0.2,0,0,201026378704wd,110702010042331469,BLUEFISH,,989.64566077,10,26,201026378704wd,,0,05/04/2021
2010,37,7,5,1107020100423004,6,2,04,wd,8835250101,276,0.2,0,0,201026378704wd,110702010042331469,BLUEFISH,,989.64566077,10,27,201026378704wd,,0,05/04/2021
2010,37,7,5,1107020100423004,6,2,04,wd,8835250101,311,0.2,0,0,201026378704wd,110702010042331469,BLUEFISH,,989.64566077,12,31,201026378704wd,,0,05/04/2021
2010,37,7,5,1107020100423004,6,2,04,wd,8835250101,295,0.2,0,0,201026378704wd,110702010042331469,BLUEFISH,,989.64566077,11,29,201026378704wd,,0,05/04/2021
2010,37,7,5,1107020100423005,6,2,04,wd,,,,0,0,201026378704wd,110702010042331469,,,921.70989223,,,201026378704wd,,0,05/04/2021
2010,37,7,5,1107020100423006,6,2,04,wd,,,,0,0,201026378704wd,110702010042331469,,,921.70989223,,,201026378704wd,,0,05/04/2021
2010,37,7,1,1107020100423007,6,2,04,wd,,,,0,0,201026378704wd,110702010042331469,,,678.5803592,,,201026378704wd,,0,05/04/2021
2010,37,7,1,1107020100423008,6,2,04,wd,,,,0,0,201026378704wd,110702010042331469,,,678.5803592,,,201026378704wd,,0,05/04/2021
2010,37,7,2,1107020100423009,6,2,04,wd,,,,0,0,201026378704wd,110702010042331469,,,739.4684948,,,201026378704wd,,0,05/04/2021
2010,37,7,2,1107020100423010,6,2,04,wd,,,,0,0,201026378704wd,110702010042331469,,,739.4684948,,,201026378704wd,,0,05/04/2021
2010,37,7,5,1107020100423011,6,2,04,wd,,,,0,0,201026378704wd,110702010042331469,,,921.70989223,,,201026378704wd,,0,05/04/2021
2010,37,7,5,1107020100423012,6,2,04,wd,,,,0,0,201026378704wd,110702010042331469,,,921.70989223,,,201026378704wd,,0,05/04/2021
2010,37,7,5,1107520100307002,6,2,03,we,,,,0,0,201026378703we,110752010030749117,,,1741.7980594,,,201026378703we,,0,05/04/2021
2010,37,7,5,1107520100307004,6,2,03,we,,,,0,0,201026378703we,110752010030749142,,,3051.1092047,,,201026378703we,,0,05/04/2021
2010,37,7,5,1107520100307005,6,2,03,we,,,,0,0,201026378703we,110752010030749142,,,3051.1092047,,,201026378703we,,0,05/04/2021
2010,37,7,5,1107520100307008,6,2,03,we,,,,0,0,201026378703we,110752010030749142,,,3051.1092047,,,201026378703we,,0,05/04/2021
2010,37,7,5,1107520100314001,6,2,03,we,,,,0,0,201026378703we,110752010031431469,,,607.45683391,,,201026378703we,,0,05/04/2021
2010,37,7,5,1107520100317003,6,2,03,wd,8835020102,576,2.75,0,0,201026378703wd,110752010031749142,STRIPED BASS,,2398.1762458,22,57,201026378703wd,,0,05/04/2021
2010,37,7,5,1107520100317003,6,2,03,wd,8835020102,595,3,0,0,201026378703wd,110752010031749142,STRIPED BASS,,2398.1762458,23,59,201026378703wd,,0,05/04/2021
2010,37,7,5,1107520100317004,6,2,03,wd,,,,0,0,201026378703wd,110752010031749142,,,2398.1762458,,,201026378703wd,,0,05/04/2021
2010,37,7,1,1107520100321003,6,2,03,we,,,,0,0,201026378703we,110752010032131482,,,559.37431069,,,201026378703we,,0,05/04/2021
2010,37,7,1,1107520100321004,6,2,03,we,,,,0,0,201026378703we,110752010032131482,,,559.37431069,,,201026378703we,,0,05/04/2021
2010,37,7,1,1107520100321005,6,2,03,we,8857030302,469,1.4,0,0,201026378703we,110752010032131482,GULF FLOUNDER,,559.37431069,18,46,201026378703we,,0,05/04/2021
2010,37,7,1,1107520100321005,6,2,03,we,8835440901,617,3,0,0,201026378703we,110752010032131482,RED DRUM,,559.37431069,24,61,201026378703we,,0,05/04/2021
2010,37,7,5,1107520100331002,6,2,03,wd,,,,0,0,201026378703wd,110752010033113532,,,1910.2998476,,,201026378703wd,,0,05/04/2021
2010,37,7,5,1107520100331005,6,2,03,wd,,,,0,0,201026378703wd,110752010033113532,,,1886.7726341,,,201026378703wd,,0,05/04/2021
2010,37,7,5,1107520100404001,6,2,04,we,8857030304,400,0.65,0,0,201026378704we,110752010040431702,SOUTHERN FLOUNDER,,646.68824594,15,40,201026378704we,,0,05/04/2021
2010,37,7,5,1107520100404001,6,2,04,we,8857030304,415,0.8,0,0,201026378704we,110752010040431702,SOUTHERN FLOUNDER,,646.68824594,16,41,201026378704we,,0,05/04/2021
2010,37,7,5,1107520100404004,6,2,04,we,8835430301,404,1.5403338933,1,1,201026378704we,110752010040431702,SHEEPSHEAD,,2607.3872688,15,40,201026378704we,,0,05/04/2021
2010,37,7,5,1107520100404004,6,2,04,we,8835430301,357,1.1,1,1,201026378704we,110752010040431702,SHEEPSHEAD,,2607.3872688,14,35,201026378704we,,0,05/04/2021
2010,37,7,5,1107520100404004,6,2,04,we,8835430301,279,0.55,1,1,201026378704we,110752010040431702,SHEEPSHEAD,,2607.3872688,10,27,201026378704we,,0,05/04/2021
2010,37,7,5,1107520100404004,6,2,04,we,8835430301,343,1,1,1,201026378704we,110752010040431702,SHEEPSHEAD,,2607.3872688,13,34,201026378704we,,0,05/04/2021
2010,37,7,5,1107520100404004,6,2,04,we,8835430301,363,1.2,1,1,201026378704we,110752010040431702,SHEEPSHEAD,,2607.3872688,14,36,201026378704we,,0,05/04/2021
2010,37,7,5,1107520100404005,6,2,04,we,8835430301,260,0.35,1,1,201026378704we,110752010040431702,SHEEPSHEAD,,2607.3872688,10,26,201026378704we,,0,05/04/2021
2010,37,7,5,1107520100404005,6,2,04,we,8835430301,387,1.3,1,1,201026378704we,110752010040431702,SHEEPSHEAD,,2607.3872688,15,38,201026378704we,,0,05/04/2021
2010,37,7,5,1107520100404005,6,2,04,we,8835430301,290,0.45,1,1,201026378704we,110752010040431702,SHEEPSHEAD,,2607.3872688,11,29,201026378704we,,0,05/04/2021
2010,37,7,5,1107520100404005,6,2,04,we,8835430301,315,0.8,1,1,201026378704we,110752010040431702,SHEEPSHEAD,,2607.3872688,12,31,201026378704we,,0,05/04/2021
2010,37,7,5,1107520100404005,6,2,04,we,8835430301,315,0.8,1,1,201026378704we,110752010040431702,SHEEPSHEAD,,2607.3872688,12,31,201026378704we,,0,05/04/2021
2010,37,7,5,1107520100404006,6,2,04,we,,,,0,0,201026378704we,110752010040431702,,,646.68824594,,,201026378704we,,0,05/04/2021
2010,37,7,5,1107520100404007,6,2,04,we,,,,0,0,201026378704we,110752010040431702,,,646.68824594,,,201026378704we,,0,05/04/2021
2010,37,7,5,1107520100404008,6,2,04,we,,,,0,0,201026378704we,110752010040431702,,,646.68824594,,,201026378704we,,0,05/04/2021
2010,37,7,5,1107520100406001,6,2,04,wd,,,,0,0,201026378704wd,110752010040613539,,,2647.7740335,,,201026378704wd,,0,05/04/2021
2010,37,7,5,1107520100406003,6,2,04,wd,,,,0,0,201026378704wd,110752010040613539,,,2647.7740335,,,201026378704wd,,0,05/04/2021
2010,37,7,5,1107520100406004,6,2,04,wd,8857030304,378,0.5,0,0,201026378704wd,1107520100406134,SOUTHERN FLOUNDER,,1835.0604445,14,37,201026378704wd,,0,05/04/2021
2010,37,7,5,1107520100411003,6,2,04,we,,,,0,0,201026378704we,110752010041113530,,,2305.0431821,,,201026378704we,,0,05/04/2021
2010,37,7,5,1107520100411004,6,2,04,we,,,,0,0,201026378704we,110752010041113530,,,2305.0431821,,,201026378704we,,0,05/04/2021
2010,37,7,5,1107520100411007,6,2,04,we,,,,0,0,201026378704we,110752010041113952,,,2305.0431821,,,201026378704we,,0,05/04/2021
2010,37,7,5,1107520100411008,6,2,04,we,8835440102,366,0.4,0,0,201026378704we,110752010041113532,SPOTTED SEATROUT,,2498.188857,14,36,201026378704we,,0,05/04/2021
2010,37,7,5,1107520100411008,6,2,04,we,8835440901,412,0.7,0,0,201026378704we,110752010041113532,RED DRUM,,2498.188857,16,41,201026378704we,,0,05/04/2021
2010,37,7,5,1107520100414001,6,2,04,wd,,,,0,0,201026378704wd,110752010041449142,,,2173.2868217,,,201026378704wd,,0,05/04/2021
2010,37,7,5,1107520100416001,6,2,04,wd,8857030304,362,0.45,0,0,201026378704wd,1107520100416137535,SOUTHERN FLOUNDER,,1095.9105066,14,36,201026378704wd,,0,05/04/2021
2010,37,7,5,1107620100427001,6,2,04,wd,,,,0,0,201026378704wd,110762010042713530,,,1886.7726341,,,201026378704wd,,0,05/04/2021
2010,37,7,5,1109220100320003,6,2,03,we,8835440901,620,2.2,1,1,201026378703we,110922010032095463,RED DRUM,,1383.2011193,24,62,201026378703we,,0,05/04/2021
2010,37,7,1,1109620100309001,6,2,03,wd,8747010401,198,0.1,1,1,201026378703wd,110962010030955151,ATLANTIC MENHADEN,,892.88508817,7,19,201026378703wd,,0,05/04/2021
2010,37,7,1,1109620100309001,6,2,03,wd,8747010401,198,0.1,1,1,201026378703wd,110962010030955151,ATLANTIC MENHADEN,,892.88508817,7,19,201026378703wd,,0,05/04/2021
2010,37,7,1,1109620100309002,6,2,03,wd,8835020102,746,4.7,1,1,201026378703wd,110962010030955151,STRIPED BASS,,828.25396056,29,74,201026378703wd,,0,05/04/2021
2010,37,7,1,1109620100309002,6,2,03,wd,8835020102,818,5.8,0,0,201026378703wd,110962010030955151,STRIPED BASS,,828.25396056,32,81,201026378703wd,,0,05/04/2021
2010,37,7,1,1109620100309002,6,2,03,wd,8835020102,862,7.9,0,0,201026378703wd,110962010030955151,STRIPED BASS,,828.25396056,33,86,201026378703wd,,0,05/04/2021
2010,37,7,1,1109620100309002,6,2,03,wd,8835020102,865,8.1383989423,1,1,201026378703wd,110962010030955151,STRIPED BASS,,828.25396056,34,86,201026378703wd,,0,05/04/2021
2010,37,7,1,1109620100309002,6,2,03,wd,8835020102,1021.8895844,13.25,1,1,201026378703wd,110962010030955151,STRIPED BASS,,828.25396056,40,102,201026378703wd,,0,05/04/2021
2010,37,7,1,1109620100309002,6,2,03,wd,8835020102,798,6.8,1,1,201026378703wd,110962010030955151,STRIPED BASS,,828.25396056,31,79,201026378703wd,,0,05/04/2021
2010,37,7,1,1109620100309002,6,2,03,wd,8835020102,766,6.4,0,0,201026378703wd,110962010030955151,STRIPED BASS,,828.25396056,30,76,201026378703wd,,0,05/04/2021
2010,37,7,2,1109620100309003,6,2,03,wd,8850030402,1760,80,0,0,201026378703wd,110962010030955151,BLUEFIN TUNA,,850.83456974,69,176,201026378703wd,,0,05/04/2021
2010,37,7,2,1109620100309006,6,2,03,wd,,,,0,0,201026378703wd,110962010030955151,,,775.83615134,,,201026378703wd,,0,05/04/2021
2010,37,7,2,1109620100309010,6,2,03,wd,8850030402,1570,69.55,0,0,201026378703wd,110962010030955151,BLUEFIN TUNA,,777.1719594,61,157,201026378703wd,,0,05/04/2021
2010,37,7,2,1109620100309012,6,2,03,wd,8850030402,1665,72.72,1,1,201026378703wd,110962010030955151,BLUEFIN TUNA,,956.16934172,65,166,201026378703wd,,0,05/04/2021
2010,37,7,2,1109620100309014,6,2,03,wd,,,,0,0,201026378703wd,110962010030955151,,,956.16934172,,,201026378703wd,,0,05/04/2021
2010,37,7,2,1109620100321001,6,2,03,we,8850030403,932,13.5,0,0,201026378703we,110962010032155151,YELLOWFIN TUNA,,390.92228678,36,93,201026378703we,,0,05/04/2021
2010,37,7,2,1109620100321001,6,2,03,we,8850030402,1582,81.8,0,0,201026378703we,110962010032155151,BLUEFIN TUNA,,390.92228678,62,158,201026378703we,,0,05/04/2021
2010,37,7,2,1109620100321006,6,2,03,we,8850030402,1665,72.72,0,0,201026378703we,110962010032155151,BLUEFIN TUNA,,397.24942056,65,166,201026378703we,,0,05/04/2021
2010,37,7,2,1109620100321008,6,2,03,we,8850030403,863,12,0,0,201026378703we,110962010032155151,YELLOWFIN TUNA,,425.85298302,33,86,201026378703we,,0,05/04/2021
2010,37,7,2,1109620100321008,6,2,03,we,8850030403,883,12,0,0,201026378703we,110962010032155151,YELLOWFIN TUNA,,425.85298302,34,88,201026378703we,,0,05/04/2021
2010,37,7,2,1109620100321008,6,2,03,we,8850030402,1190,27.805156178,0,1,201026378703we,110962010032155151,BLUEFIN TUNA,,425.85298302,46,119,201026378703we,,0,05/04/2021
2010,37,7,2,1109620100321008,6,2,03,we,8835250101,618,2.6,0,0,201026378703we,110962010032155151,BLUEFISH,,425.85298302,24,61,201026378703we,,0,05/04/2021
2010,37,7,2,1109620100321010,6,2,03,we,8850030403,905,13,0,0,201026378703we,110962010032155151,YELLOWFIN TUNA,,441.00538341,35,90,201026378703we,,0,05/04/2021
2010,37,7,2,1109620100321010,6,2,03,we,8850030403,960,14.5,0,0,201026378703we,110962010032155151,YELLOWFIN TUNA,,441.00538341,37,96,201026378703we,,0,05/04/2021
2010,37,7,2,1109620100321012,6,2,03,we,8850030403,896,13.25,0,0,201026378703we,110962010032155151,YELLOWFIN TUNA,,441.00538341,35,89,201026378703we,,0,05/04/2021
2010,37,7,2,1109620100321014,6,2,03,we,8850030402,2165,158.64,0,0,201026378703we,110962010032155151,BLUEFIN TUNA,,457.69974896,85,216,201026378703we,,0,05/04/2021
2010,37,7,2,1109620100321017,6,2,03,we,8839010101,345,0.75,1,1,201026378703we,110962010032155151,TAUTOG,,397.24942056,13,34,201026378703we,,0,05/04/2021
2010,37,7,2,1109620100321017,6,2,03,we,8839010101,364,0.85,1,1,201026378703we,110962010032155151,TAUTOG,,397.24942056,14,36,201026378703we,,0,05/04/2021
2010,37,7,2,1109620100321017,6,2,03,we,8839010101,486,1.9,1,1,201026378703we,110962010032155151,TAUTOG,,397.24942056,19,48,201026378703we,,0,05/04/2021
2010,37,7,2,1109620100321017,6,2,03,we,8839010101,273,0.4,1,1,201026378703we,110962010032155151,TAUTOG,,397.24942056,10,27,201026378703we,,0,05/04/2021
2010,37,7,2,1109620100321017,6,2,03,we,8835440901,544,1.7,1,1,201026378703we,110962010032155151,RED DRUM,,397.24942056,21,54,201026378703we,,0,05/04/2021
2010,37,7,2,1109620100321017,6,2,03,we,8835020301,320,0.5,1,1,201026378703we,110962010032155151,BLACK SEA BASS,,794.49884111,12,32,201026378703we,,0,05/04/2021
2010,37,7,2,1109620100321017,6,2,03,we,8835020301,322,0.6,1,1,201026378703we,110962010032155151,BLACK SEA BASS,,794.49884111,12,32,201026378703we,,0,05/04/2021
2010,37,7,2,1109620100321017,6,2,03,we,8835020301,325,0.45,1,1,201026378703we,110962010032155151,BLACK SEA BASS,,794.49884111,12,32,201026378703we,,0,05/04/2021
2010,37,7,2,1109620100321017,6,2,03,we,8835020301,342,0.55,1,1,201026378703we,110962010032155151,BLACK SEA BASS,,794.49884111,13,34,201026378703we,,0,05/04/2021
2010,37,7,2,1109620100321017,6,2,03,we,8835020301,408,0.95,1,1,201026378703we,110962010032155151,BLACK SEA BASS,,794.49884111,16,40,201026378703we,,0,05/04/2021
2010,37,7,2,1109620100321018,6,2,03,we,8850030402,2100,137.00209633,0,1,201026378703we,110962010032155151,BLUEFIN TUNA,,390.92228678,82,210,201026378703we,,0,05/04/2021
2010,37,7,2,1109620100321019,6,2,03,we,8850030402,1705,76.319817985,0,1,201026378703we,110962010032155151,BLUEFIN TUNA,,753.20248683,67,170,201026378703we,,0,05/04/2021
2010,37,7,2,1109620100321020,6,2,03,we,8850030403,817,10.24201506,0,1,201026378703we,110962010032155151,YELLOWFIN TUNA,,397.24942056,32,81,201026378703we,,0,05/04/2021
2010,37,7,2,1109620100321020,6,2,03,we,8850030403,831,10.651006534,0,1,201026378703we,110962010032155151,YELLOWFIN TUNA,,397.24942056,32,83,201026378703we,,0,05/04/2021
2010,37,7,2,1109620100321020,6,2,03,we,8850030403,894,12.604602999,0,1,201026378703we,110962010032155151,YELLOWFIN TUNA,,397.24942056,35,89,201026378703we,,0,05/04/2021
2010,37,7,2,1109620100404003,6,2,04,we,8850030403,1020,17.080246912,0,1,201026378704we,110962010040455151,YELLOWFIN TUNA,,416.5032582,40,102,201026378704we,,0,05/04/2021
2010,37,7,2,1109620100404003,6,2,04,we,8850030403,990,15.944673573,0,1,201026378704we,110962010040455151,YELLOWFIN TUNA,,416.5032582,38,99,201026378704we,,0,05/04/2021
2010,37,7,2,1109620100404003,6,2,04,we,8850030403,990,15.944673573,0,1,201026378704we,110962010040455151,YELLOWFIN TUNA,,416.5032582,38,99,201026378704we,,0,05/04/2021
2010,37,7,2,1109620100404003,6,2,04,we,8850030403,1020,17.080246912,0,1,201026378704we,110962010040455151,YELLOWFIN TUNA,,416.5032582,40,102,201026378704we,,0,05/04/2021
2010,37,7,2,1109620100404003,6,2,04,we,8850030403,1035,17.664666312,0,1,201026378704we,110962010040455151,YELLOWFIN TUNA,,416.5032582,40,103,201026378704we,,0,05/04/2021
2010,37,7,2,1109620100404003,6,2,04,we,8850030403,999,16.280705226,0,1,201026378704we,110962010040455151,YELLOWFIN TUNA,,416.5032582,39,99,201026378704we,,0,05/04/2021
2010,37,7,2,1109620100404003,6,2,04,we,8850030403,1040,17.861949157,0,1,201026378704we,110962010040455151,YELLOWFIN TUNA,,416.5032582,40,104,201026378704we,,0,05/04/2021
2010,37,7,2,1109620100404003,6,2,04,we,8850030403,1050,18.260240349,0,1,201026378704we,110962010040455151,YELLOWFIN TUNA,,416.5032582,41,105,201026378704we,,0,05/04/2021
2010,37,7,2,1109620100404003,6,2,04,we,8850030403,1053,18.380698033,0,1,201026378704we,110962010040455151,YELLOWFIN TUNA,,416.5032582,41,105,201026378704we,,0,05/04/2021
2010,37,7,2,1109620100404003,6,2,04,we,8850030403,1063,18.785465257,0,1,201026378704we,110962010040455151,YELLOWFIN TUNA,,416.5032582,41,106,201026378704we,,0,05/04/2021
2010,37,7,2,1109620100404003,6,2,04,we,8850030403,1103,20.454657385,0,1,201026378704we,110962010040455151,YELLOWFIN TUNA,,416.5032582,43,110,201026378704we,,0,05/04/2021
2010,37,7,2,1109620100404003,6,2,04,we,8850030403,1110,20.755055483,0,1,201026378704we,110962010040455151,YELLOWFIN TUNA,,416.5032582,43,111,201026378704we,,0,05/04/2021
2010,37,7,2,1109620100404006,6,2,04,we,,,,0,0,201026378704we,110962010040455151,,,423.24442371,,,201026378704we,,0,05/04/2021
2010,37,7,2,1109620100404007,6,2,04,we,,,,0,0,201026378704we,110962010040455151,,,423.24442371,,,201026378704we,,0,05/04/2021
2010,37,7,2,1109620100404009,6,2,04,we,8850030402,1680,73.219224711,0,1,201026378704we,110962010040455151,BLUEFIN TUNA,,667.99758759,66,168,201026378704we,,0,05/04/2021
2010,37,7,5,1109620100404010,6,2,04,we,,,,0,0,201026378704we,110962010040455151,,,907.02389879,,,201026378704we,,0,05/04/2021
2010,37,7,2,1109620100404011,6,2,04,we,8850030403,1008,17.5,0,0,201026378704we,110962010040455151,YELLOWFIN TUNA,,423.24442371,39,100,201026378704we,,0,05/04/2021
2010,37,7,2,1109620100404011,6,2,04,we,8850030403,1010,18,0,0,201026378704we,110962010040455151,YELLOWFIN TUNA,,423.24442371,39,101,201026378704we,,0,05/04/2021
2010,37,7,2,1109620100404011,6,2,04,we,8850030403,1060,18.75,0,0,201026378704we,110962010040455151,YELLOWFIN TUNA,,423.24442371,41,106,201026378704we,,0,05/04/2021
2010,37,7,2,1109620100404011,6,2,04,we,8835250101,750,4.75,0,0,201026378704we,110962010040455151,BLUEFISH,,423.24442371,29,75,201026378704we,,0,05/04/2021
2010,37,7,2,1109620100404011,6,2,04,we,8835250101,750,4,0,0,201026378704we,110962010040455151,BLUEFISH,,423.24442371,29,75,201026378704we,,0,05/04/2021
2010,37,7,2,1109620100404014,6,2,04,we,8850030403,980,18.25,0,0,201026378704we,110962010040455151,YELLOWFIN TUNA,,458.41897977,38,98,201026378704we,,0,05/04/2021
2010,37,7,2,1109620100404020,6,2,04,we,8850030403,883,12,1,1,201026378704we,110962010040455151,YELLOWFIN TUNA,,416.5032582,34,88,201026378704we,,0,05/04/2021
2010,37,7,2,1109620100404020,6,2,04,we,8850030403,964.01700047,15,1,0,201026378704we,110962010040455151,YELLOWFIN TUNA,,416.5032582,37,96,201026378704we,,0,05/04/2021
2010,37,7,2,1109620100404020,6,2,04,we,8850030403,1046,15.5,1,1,201026378704we,110962010040455151,YELLOWFIN TUNA,,416.5032582,41,104,201026378704we,,0,05/04/2021
2010,37,7,2,1109620100404020,6,2,04,we,8835250101,266,0.2,1,1,201026378704we,110962010040455151,BLUEFISH,,416.5032582,10,26,201026378704we,,0,05/04/2021
2010,37,7,2,1109620100404020,6,2,04,we,8835250101,294,0.3,1,1,201026378704we,110962010040455151,BLUEFISH,,416.5032582,11,29,201026378704we,,0,05/04/2021
2010,37,7,2,1109620100420009,6,2,04,wd,8850030405,1700,82.330596702,0,1,201026378704wd,110962010042055151,BIGEYE TUNA,,1001.4107546,66,170,201026378704wd,,0,05/04/2021
2010,37,7,2,1109620100420009,6,2,04,wd,8850030402,1700,75.693067955,0,1,201026378704wd,110962010042055151,BLUEFIN TUNA,,1001.4107546,66,170,201026378704wd,,0,05/04/2021
2010,37,7,2,1109620100420011,6,2,04,wd,8850030403,1113,18.5,0,0,201026378704wd,110962010042055151,YELLOWFIN TUNA,,933.98209034,43,111,201026378704wd,,0,05/04/2021
2010,37,7,2,1109620100420011,6,2,04,wd,8850030403,1250,18.5,0,0,201026378704wd,110962010042055151,YELLOWFIN TUNA,,933.98209034,49,125,201026378704wd,,0,05/04/2021
2010,37,7,2,1109620100420015,6,2,04,wd,8850030403,990,19,0,0,201026378704wd,110962010042055151,YELLOWFIN TUNA,,799.12476181,38,99,201026378704wd,,0,05/04/2021
2010,37,7,2,1109620100420015,6,2,04,wd,8850030403,1040,19,0,0,201026378704wd,110962010042055151,YELLOWFIN TUNA,,799.12476181,40,104,201026378704wd,,0,05/04/2021
2010,37,7,2,1109620100420018,6,2,04,wd,8850030403,995,19,0,0,201026378704wd,110962010042055151,YELLOWFIN TUNA,,1203.6967474,39,99,201026378704wd,,0,05/04/2021
2010,37,7,2,1109620100420018,6,2,04,wd,8850030402,2165,158.64,1,1,201026378704wd,110962010042055151,BLUEFIN TUNA,,1203.6967474,85,216,201026378704wd,,0,05/04/2021
2010,37,7,1,1109620100420020,6,2,04,wd,8839010101,521,2.25,1,1,201026378704wd,110962010042055151,TAUTOG,,1277.474517,20,52,201026378704wd,,0,05/04/2021
2010,37,7,1,1109620100420020,6,2,04,wd,8839010101,370,1,1,1,201026378704wd,110962010042055151,TAUTOG,,1277.474517,14,37,201026378704wd,,0,05/04/2021
2010,37,7,1,1109620100420020,6,2,04,wd,8839010101,370,1,0,0,201026378704wd,110962010042055151,TAUTOG,,1277.474517,14,37,201026378704wd,,0,05/04/2021
2010,37,7,1,1109620100420020,6,2,04,wd,8839010101,420,1.5,1,1,201026378704wd,110962010042055151,TAUTOG,,1277.474517,16,42,201026378704wd,,0,05/04/2021
2010,37,7,1,1109620100420020,6,2,04,wd,8839010101,420,1.5,0,0,201026378704wd,110962010042055151,TAUTOG,,1277.474517,16,42,201026378704wd,,0,05/04/2021
2010,37,7,1,1109620100420020,6,2,04,wd,8839010101,370,1,1,1,201026378704wd,110962010042055151,TAUTOG,,1277.474517,14,37,201026378704wd,,0,05/04/2021
2010,37,7,1,1109620100420020,6,2,04,wd,8839010101,345,0.75,0,0,201026378704wd,110962010042055151,TAUTOG,,1277.474517,13,34,201026378704wd,,0,05/04/2021
2010,37,7,2,1109620100420021,6,2,04,wd,8850030403,960,14.5,1,1,201026378704wd,110962010042055151,YELLOWFIN TUNA,,1016.2613043,37,96,201026378704wd,,0,05/04/2021
2010,37,7,2,1109620100420022,6,2,04,wd,8850030402,1760,83.435679695,0,1,201026378704wd,110962010042055151,BLUEFIN TUNA,,1001.4107546,69,176,201026378704wd,,0,05/04/2021
2010,37,7,2,1109620100420023,6,2,04,wd,8850030403,1020,17.080246912,1,1,201026378704wd,110962010042055151,YELLOWFIN TUNA,,810.70128342,40,102,201026378704wd,,0,05/04/2021
2010,37,7,2,1109620100420023,6,2,04,wd,8850030403,1053,18.380698033,1,1,201026378704wd,110962010042055151,YELLOWFIN TUNA,,810.70128342,41,105,201026378704wd,,0,05/04/2021
2010,37,7,2,1109620100420023,6,2,04,wd,8850030403,1103,20.454657385,1,1,201026378704wd,110962010042055151,YELLOWFIN TUNA,,810.70128342,43,110,201026378704wd,,0,05/04/2021
2010,37,7,2,1109620100420025,6,2,04,wd,8850030403,1010,18,1,1,201026378704wd,110962010042055151,YELLOWFIN TUNA,,810.70128342,39,101,201026378704wd,,0,05/04/2021
2010,37,7,2,1109620100420025,6,2,04,wd,8850030403,1250,18.5,1,1,201026378704wd,110962010042055151,YELLOWFIN TUNA,,810.70128342,49,125,201026378704wd,,0,05/04/2021
2010,37,7,5,1109620100428001,6,2,04,wd,,,,0,0,201026378704wd,110962010042855151,,,1243.4814587,,,201026378704wd,,0,05/04/2021
2010,37,7,5,1109620100430001,6,2,04,wd,8835440901,525,2,0,0,201026378704wd,110962010043095463,RED DRUM,,2396.299612,20,52,201026378704wd,,0,05/04/2021
2010,37,7,5,1109620100430002,6,2,04,wd,8857030304,386,0.6,0,0,201026378704wd,110962010043095463,SOUTHERN FLOUNDER,,2568.8428609,15,38,201026378704wd,,0,05/04/2021
2010,37,7,5,1109620100430002,6,2,04,wd,8857030304,388,0.6,0,0,201026378704wd,110962010043095463,SOUTHERN FLOUNDER,,2568.8428609,15,38,201026378704wd,,0,05/04/2021
2010,37,7,1,2105220100321001,6,2,03,we,,,,0,0,201026378703we,2105220100321129492,,,323.1197107,,,201026378703we,,0,05/04/2021
2010,37,7,2,2105220100321003,6,2,03,we,,,,0,0,201026378703we,2105220100321129492,,,489.20261293,,,201026378703we,,0,05/04/2021
2010,45,3,5,1656320100430002,6,2,04,wd,,,,0,0,201026458304wd,1656320100430433054,,,17999.210903,,,201026458304wd,,0,05/04/2021
2010,45,3,5,1656320100430003,6,2,04,wd,,,,0,0,201026458304wd,1656320100430433054,,,17999.210903,,,201026458304wd,,0,05/04/2021
2010,45,3,5,1656320100430004,6,2,04,wd,,,,0,0,201026458304wd,1656320100430433054,,,30756.311972,,,201026458304wd,,0,05/04/2021
2010,45,3,5,1656320100430006,6,2,04,wd,,,,0,0,201026458304wd,1656320100430433054,,,30756.311972,,,201026458304wd,,0,05/04/2021
2010,45,3,1,1680220100330001,6,2,03,wd,,,,0,0,201026458303wd,168022010033051173,,,1714.82366,,,201026458303wd,,0,05/04/2021
2010,45,3,1,1680220100330004,6,2,03,wd,,,,0,0,201026458303wd,168022010033051173,,,1714.82366,,,201026458303wd,,0,05/04/2021
2010,45,3,1,1680220100330006,6,2,03,wd,,,,0,0,201026458303wd,168022010033051173,,,1714.82366,,,201026458303wd,,0,05/04/2021
2010,45,3,1,1680220100410006,6,2,04,we,8835440601,249,0.15,0,0,201026458304we,16802201004105124,SOUTHERN KINGFISH,,2018.7172733,9,24,201026458304we,,0,05/04/2021
2010,45,3,1,1680220100410006,6,2,04,we,8835440601,251,0.15,0,0,201026458304we,16802201004105124,SOUTHERN KINGFISH,,2018.7172733,9,25,201026458304we,,0,05/04/2021
2010,45,3,1,1680220100410006,6,2,04,we,8835440601,253,0.15,0,0,201026458304we,16802201004105124,SOUTHERN KINGFISH,,2018.7172733,9,25,201026458304we,,0,05/04/2021
2010,45,3,1,1680220100410006,6,2,04,we,8835440601,253,0.15,1,1,201026458304we,16802201004105124,SOUTHERN KINGFISH,,2018.7172733,9,25,201026458304we,,0,05/04/2021
2010,45,3,1,1680220100410006,6,2,04,we,8835440601,254,0.15,0,0,201026458304we,16802201004105124,SOUTHERN KINGFISH,,2018.7172733,9,25,201026458304we,,0,05/04/2021
2010,45,3,1,1680220100410006,6,2,04,we,8835440601,270,0.2,1,1,201026458304we,16802201004105124,SOUTHERN KINGFISH,,2018.7172733,10,27,201026458304we,,0,05/04/2021
2010,45,3,1,1680220100410006,6,2,04,we,8835440601,278,0.25,1,1,201026458304we,16802201004105124,SOUTHERN KINGFISH,,2018.7172733,10,27,201026458304we,,0,05/04/2021
2010,45,3,1,1680220100410006,6,2,04,we,8835440601,279,0.2,0,0,201026458304we,16802201004105124,SOUTHERN KINGFISH,,2018.7172733,10,27,201026458304we,,0,05/04/2021
2010,45,3,1,1680220100410006,6,2,04,we,8835440601,281,0.25,0,0,201026458304we,16802201004105124,SOUTHERN KINGFISH,,2018.7172733,11,28,201026458304we,,0,05/04/2021
2010,45,3,1,1680220100410006,6,2,04,we,8835440601,284,0.25,1,1,201026458304we,16802201004105124,SOUTHERN KINGFISH,,2018.7172733,11,28,201026458304we,,0,05/04/2021
2010,45,3,1,1680220100430009,6,2,04,wd,,,,0,0,201026458304wd,1680220100430513342,,,7200.1106396,,,201026458304wd,,0,05/04/2021
2010,45,3,1,1680220100430012,6,2,04,wd,8835440600,,,0,0,201026458304wd,1680220100430513342,KINGFISH GENUS,,91316.171541,,,201026458304wd,,0,05/04/2021
2010,45,3,1,1680220100430014,6,2,04,wd,8857030300,,,0,0,201026458304wd,1680220100430513342,LEFTEYE FLOUNDER GENUS,,7200.1106396,,,201026458304wd,,0,05/04/2021
2010,45,3,1,1680220100430014,6,2,04,wd,8835250101,250,0.2,1,1,201026458304wd,1680220100430513342,BLUEFISH,,8640.1327675,9,25,201026458304wd,,0,05/04/2021
2010,45,3,1,1680220100430014,6,2,04,wd,8835250101,321,0.4,1,1,201026458304wd,1680220100430513342,BLUEFISH,,8640.1327675,12,32,201026458304wd,,0,05/04/2021
2010,45,3,1,1680220100430014,6,2,04,wd,8835250101,332,0.35,1,1,201026458304wd,1680220100430513342,BLUEFISH,,8640.1327675,13,33,201026458304wd,,0,05/04/2021
2010,45,3,1,1680220100430014,6,2,04,wd,8835250101,288,0.3,1,1,201026458304wd,1680220100430513342,BLUEFISH,,8640.1327675,11,28,201026458304wd,,0,05/04/2021
2010,45,3,1,1680220100430014,6,2,04,wd,8835250101,328,0.4,1,1,201026458304wd,1680220100430513342,BLUEFISH,,8640.1327675,12,32,201026458304wd,,0,05/04/2021
2010,45,3,1,1680320100307005,6,2,03,we,,,,0,0,201026458303we,16803201003075126,,,2805.3718847,,,201026458303we,,0,05/04/2021
2010,45,3,1,1680320100307011,6,2,03,we,,,,0,0,201026458303we,16803201003075126,,,1482.4761792,,,201026458303we,,0,05/04/2021
2010,45,3,1,1680320100307012,6,2,03,we,,,,0,0,201026458303we,16803201003075126,,,1482.4761792,,,201026458303we,,0,05/04/2021
2010,45,3,1,1680320100307013,6,2,03,we,,,,0,0,201026458303we,16803201003075126,,,1482.4761792,,,201026458303we,,0,05/04/2021
2010,45,3,1,1680320100307014,6,2,03,we,,,,0,0,201026458303we,16803201003075126,,,2533.1943774,,,201026458303we,,0,05/04/2021
2010,45,3,1,1680320100307015,6,2,03,we,,,,0,0,201026458303we,16803201003075126,,,1482.4761792,,,201026458303we,,0,05/04/2021
2010,45,3,1,1680320100416001,6,2,04,wd,,,,0,0,201026458304wd,16803201004165125,,,12774.017037,,,201026458304wd,,0,05/04/2021
2010,45,3,1,1680320100416002,6,2,04,wd,8835440600,,,0,0,201026458304wd,16803201004165125,KINGFISH GENUS,,25548.034073,,,201026458304wd,,0,05/04/2021
2010,45,3,1,1680320100416003,6,2,04,wd,8835440601,268,0.2,0,0,201026458304wd,16803201004165125,SOUTHERN KINGFISH,,12774.017037,10,26,201026458304wd,,0,05/04/2021
2010,45,3,1,1680320100416003,6,2,04,wd,8835440601,270,0.2,0,0,201026458304wd,16803201004165125,SOUTHERN KINGFISH,,12774.017037,10,27,201026458304wd,,0,05/04/2021
2010,45,3,1,1680320100416003,6,2,04,wd,8835440601,270,0.2,0,0,201026458304wd,16803201004165125,SOUTHERN KINGFISH,,12774.017037,10,27,201026458304wd,,0,05/04/2021
2010,45,3,1,1680320100416003,6,2,04,wd,8835440601,275,0.25,0,0,201026458304wd,16803201004165125,SOUTHERN KINGFISH,,12774.017037,10,27,201026458304wd,,0,05/04/2021
2010,45,3,1,1680320100416003,6,2,04,wd,8835440601,279,0.25,0,0,201026458304wd,16803201004165125,SOUTHERN KINGFISH,,12774.017037,10,27,201026458304wd,,0,05/04/2021
2010,45,3,1,1680320100416003,6,2,04,wd,8835440601,285,0.25,0,0,201026458304wd,16803201004165125,SOUTHERN KINGFISH,,12774.017037,11,28,201026458304wd,,0,05/04/2021
2010,45,3,1,1680320100416003,6,2,04,wd,8835440601,294,0.25,0,0,201026458304wd,16803201004165125,SOUTHERN KINGFISH,,12774.017037,11,29,201026458304wd,,0,05/04/2021
2010,45,3,1,1680320100416004,6,2,04,wd,8835440601,197,0.1,0,0,201026458304wd,16803201004165125,SOUTHERN KINGFISH,,12774.017037,7,19,201026458304wd,,0,05/04/2021
2010,45,3,1,1680320100416004,6,2,04,wd,8835440601,220,0.15,0,0,201026458304wd,16803201004165125,SOUTHERN KINGFISH,,12774.017037,8,22,201026458304wd,,0,05/04/2021
2010,45,3,1,1680320100416004,6,2,04,wd,8835440601,269,0.2,0,0,201026458304wd,16803201004165125,SOUTHERN KINGFISH,,12774.017037,10,26,201026458304wd,,0,05/04/2021
2010,45,3,1,1680320100416004,6,2,04,wd,8835440601,270,0.2,0,0,201026458304wd,16803201004165125,SOUTHERN KINGFISH,,12774.017037,10,27,201026458304wd,,0,05/04/2021
2010,45,3,1,1680320100416004,6,2,04,wd,8835440601,270,0.2,0,0,201026458304wd,16803201004165125,SOUTHERN KINGFISH,,12774.017037,10,27,201026458304wd,,0,05/04/2021
2010,45,3,1,1680320100416004,6,2,04,wd,8835440601,275,0.25,0,0,201026458304wd,16803201004165125,SOUTHERN KINGFISH,,12774.017037,10,27,201026458304wd,,0,05/04/2021
2010,45,3,1,1680320100416004,6,2,04,wd,8835440601,280,0.25,0,0,201026458304wd,16803201004165125,SOUTHERN KINGFISH,,12774.017037,11,28,201026458304wd,,0,05/04/2021
2010,45,3,1,1680320100416004,6,2,04,wd,8835440601,284,0.25,0,0,201026458304wd,16803201004165125,SOUTHERN KINGFISH,,12774.017037,11,28,201026458304wd,,0,05/04/2021
2010,45,3,1,1680320100416004,6,2,04,wd,8835440601,295,0.25,0,0,201026458304wd,16803201004165125,SOUTHERN KINGFISH,,12774.017037,11,29,201026458304wd,,0,05/04/2021
2010,45,3,1,1680320100416005,6,2,04,wd,8835440601,264,0.2,0,0,201026458304wd,16803201004165126,SOUTHERN KINGFISH,,2422.5306085,10,26,201026458304wd,,0,05/04/2021
2010,45,3,1,1680320100416005,6,2,04,wd,8835440601,268,0.2,0,0,201026458304wd,16803201004165126,SOUTHERN KINGFISH,,2422.5306085,10,26,201026458304wd,,0,05/04/2021
2010,45,3,1,1680320100416005,6,2,04,wd,8835440601,274,0.2,0,0,201026458304wd,16803201004165126,SOUTHERN KINGFISH,,2422.5306085,10,27,201026458304wd,,0,05/04/2021
2010,45,3,1,1680320100416005,6,2,04,wd,8835440601,278,0.25,0,0,201026458304wd,16803201004165126,SOUTHERN KINGFISH,,2422.5306085,10,27,201026458304wd,,0,05/04/2021
2010,45,3,1,1680320100416005,6,2,04,wd,8835440601,278,0.25,0,0,201026458304wd,16803201004165126,SOUTHERN KINGFISH,,2422.5306085,10,27,201026458304wd,,0,05/04/2021
2010,45,3,1,1680320100416005,6,2,04,wd,8835440601,292,0.25,0,0,201026458304wd,16803201004165126,SOUTHERN KINGFISH,,2422.5306085,11,29,201026458304wd,,0,05/04/2021
2010,45,3,1,1680320100416005,6,2,04,wd,8835440601,326,0.35,0,0,201026458304wd,16803201004165126,SOUTHERN KINGFISH,,2422.5306085,12,32,201026458304wd,,0,05/04/2021
2010,45,3,1,1680320100416005,6,2,04,wd,8835440601,302,0.25,0,0,201026458304wd,16803201004165126,SOUTHERN KINGFISH,,2422.5306085,11,30,201026458304wd,,0,05/04/2021
2010,45,3,1,1680320100416005,6,2,04,wd,8835440601,460,0.45,0,0,201026458304wd,16803201004165126,SOUTHERN KINGFISH,,2422.5306085,18,46,201026458304wd,,0,05/04/2021
2010,45,3,1,1680320100416006,6,2,04,wd,,,,0,0,201026458304wd,16803201004165126,,,2560.33358,,,201026458304wd,,0,05/04/2021
2010,45,3,1,1680320100416007,6,2,04,wd,8835440601,247,0.2,0,0,201026458304wd,16803201004165126,SOUTHERN KINGFISH,,2560.33358,9,24,201026458304wd,,0,05/04/2021
2010,45,3,1,1680320100416007,6,2,04,wd,8835440601,256,0.2,0,0,201026458304wd,16803201004165126,SOUTHERN KINGFISH,,2560.33358,10,25,201026458304wd,,0,05/04/2021
2010,45,3,1,1680320100416007,6,2,04,wd,8835440601,264,0.2,0,0,201026458304wd,16803201004165126,SOUTHERN KINGFISH,,2560.33358,10,26,201026458304wd,,0,05/04/2021
2010,45,3,1,1680320100416007,6,2,04,wd,8835440601,265,0.2,0,0,201026458304wd,16803201004165126,SOUTHERN KINGFISH,,2560.33358,10,26,201026458304wd,,0,05/04/2021
2010,45,3,1,1680320100416007,6,2,04,wd,8835440601,274,0.25,0,0,201026458304wd,16803201004165126,SOUTHERN KINGFISH,,2560.33358,10,27,201026458304wd,,0,05/04/2021
2010,45,3,1,1680320100416007,6,2,04,wd,8835440601,275,0.25,0,0,201026458304wd,16803201004165126,SOUTHERN KINGFISH,,2560.33358,10,27,201026458304wd,,0,05/04/2021
2010,45,3,1,1680320100416007,6,2,04,wd,8835440601,293,0.25,0,0,201026458304wd,16803201004165126,SOUTHERN KINGFISH,,2560.33358,11,29,201026458304wd,,0,05/04/2021
2010,45,3,1,1680320100416007,6,2,04,wd,8835440601,299,0.3,0,0,201026458304wd,16803201004165126,SOUTHERN KINGFISH,,2560.33358,11,29,201026458304wd,,0,05/04/2021
2010,45,3,1,1680320100416007,6,2,04,wd,8835440601,301,0.3,0,0,201026458304wd,16803201004165126,SOUTHERN KINGFISH,,2560.33358,11,30,201026458304wd,,0,05/04/2021
2010,45,3,1,1680320100416008,6,2,04,wd,8835440601,264,0.2,0,0,201026458304wd,16803201004165126,SOUTHERN KINGFISH,,2560.33358,10,26,201026458304wd,,0,05/04/2021
2010,45,3,1,1680320100416008,6,2,04,wd,8835440601,302,0.3,0,0,201026458304wd,16803201004165126,SOUTHERN KINGFISH,,2560.33358,11,30,201026458304wd,,0,05/04/2021
2010,45,3,1,1680320100416008,6,2,04,wd,8835440601,442,0.35,0,0,201026458304wd,16803201004165126,SOUTHERN KINGFISH,,2560.33358,17,44,201026458304wd,,0,05/04/2021
2010,45,3,1,1680320100416009,6,2,04,wd,8835440601,247,0.2,1,1,201026458304wd,16803201004165126,SOUTHERN KINGFISH,,2560.33358,9,24,201026458304wd,,0,05/04/2021
2010,45,3,1,1680320100416009,6,2,04,wd,8835440601,268,0.2,0,0,201026458304wd,16803201004165126,SOUTHERN KINGFISH,,2560.33358,10,26,201026458304wd,,0,05/04/2021
2010,45,3,1,1680320100416009,6,2,04,wd,8835440601,275,0.25,0,0,201026458304wd,16803201004165126,SOUTHERN KINGFISH,,2560.33358,10,27,201026458304wd,,0,05/04/2021
2010,45,3,1,1680320100416009,6,2,04,wd,8835440601,302,0.3,0,0,201026458304wd,16803201004165126,SOUTHERN KINGFISH,,2560.33358,11,30,201026458304wd,,0,05/04/2021
2010,45,3,1,1680320100416010,6,2,04,wd,8835440601,205,0.1,1,1,201026458304wd,16803201004165126,SOUTHERN KINGFISH,,7200.9381938,8,20,201026458304wd,,0,05/04/2021
2010,45,3,1,1680320100416010,6,2,04,wd,8835440601,223,0.1,0,0,201026458304wd,16803201004165126,SOUTHERN KINGFISH,,7200.9381938,8,22,201026458304wd,,0,05/04/2021
2010,45,3,1,1680320100416010,6,2,04,wd,8835440601,223,0.1,0,0,201026458304wd,16803201004165126,SOUTHERN KINGFISH,,7200.9381938,8,22,201026458304wd,,0,05/04/2021
2010,45,3,1,1680320100416010,6,2,04,wd,8835440601,224,0.1,0,0,201026458304wd,16803201004165126,SOUTHERN KINGFISH,,7200.9381938,8,22,201026458304wd,,0,05/04/2021
2010,45,3,1,1680320100416010,6,2,04,wd,8835440601,225,0.15,0,0,201026458304wd,16803201004165126,SOUTHERN KINGFISH,,7200.9381938,8,22,201026458304wd,,0,05/04/2021
2010,45,3,1,1680320100416010,6,2,04,wd,8835440601,242,0.15,0,0,201026458304wd,16803201004165126,SOUTHERN KINGFISH,,7200.9381938,9,24,201026458304wd,,0,05/04/2021
2010,45,3,1,1680320100416010,6,2,04,wd,8835440601,243,0.15,0,0,201026458304wd,16803201004165126,SOUTHERN KINGFISH,,7200.9381938,9,24,201026458304wd,,0,05/04/2021
2010,45,3,1,1680320100416010,6,2,04,wd,8835440601,264,0.2,1,1,201026458304wd,16803201004165126,SOUTHERN KINGFISH,,7200.9381938,10,26,201026458304wd,,0,05/04/2021
2010,45,3,1,1680320100416010,6,2,04,wd,8835440601,269,0.2,0,0,201026458304wd,16803201004165126,SOUTHERN KINGFISH,,7200.9381938,10,26,201026458304wd,,0,05/04/2021
2010,45,3,1,1680320100416010,6,2,04,wd,8835440601,269,0.2,1,1,201026458304wd,16803201004165126,SOUTHERN KINGFISH,,7200.9381938,10,26,201026458304wd,,0,05/04/2021
2010,45,3,1,1680320100416010,6,2,04,wd,8835440601,285,0.25,0,0,201026458304wd,16803201004165126,SOUTHERN KINGFISH,,7200.9381938,11,28,201026458304wd,,0,05/04/2021
2010,45,3,1,1680320100416010,6,2,04,wd,8835440601,282,0.3,0,0,201026458304wd,16803201004165126,SOUTHERN KINGFISH,,7200.9381938,11,28,201026458304wd,,0,05/04/2021
2010,45,3,1,1680320100416010,6,2,04,wd,8835440601,205,0.1,0,0,201026458304wd,16803201004165126,SOUTHERN KINGFISH,,7200.9381938,8,20,201026458304wd,,0,05/04/2021
2010,45,3,1,1680320100416010,6,2,04,wd,8835440601,301,0.3,1,1,201026458304wd,16803201004165126,SOUTHERN KINGFISH,,7200.9381938,11,30,201026458304wd,,0,05/04/2021
2010,45,3,1,1680320100416010,6,2,04,wd,8835440601,242,0.15,0,0,201026458304wd,16803201004165126,SOUTHERN KINGFISH,,7200.9381938,9,24,201026458304wd,,0,05/04/2021
2010,45,3,1,1680320100416010,6,2,04,wd,8835440601,250,0.15,0,0,201026458304wd,16803201004165126,SOUTHERN KINGFISH,,7200.9381938,9,25,201026458304wd,,0,05/04/2021
2010,45,5,2,1638820100424001,6,2,04,we,,,,0,0,201026458504we,16388201004244349,,,4.0689362565,,,201026458504we,,0,05/04/2021
2010,45,5,2,1638820100424002,6,2,04,we,,,,0,0,201026458504we,16388201004244349,,,4.0689362565,,,201026458504we,,0,05/04/2021
2010,45,5,2,1638820100424004,6,2,04,we,,,,0,0,201026458504we,16388201004244349,,,4.0689362565,,,201026458504we,,0,05/04/2021
2010,45,5,5,1638820100424005,6,2,04,we,,,,0,0,201026458504we,16388201004244349,,,7.4505567261,,,201026458504we,,0,05/04/2021
2010,45,5,5,1638820100424006,6,2,04,we,,,,0,0,201026458504we,16388201004244349,,,7.4505567261,,,201026458504we,,0,05/04/2021
2010,45,5,5,1638820100424007,6,2,04,we,,,,0,0,201026458504we,16388201004244349,,,7.4505567261,,,201026458504we,,0,05/04/2021
2010,45,5,5,1656320100307001,6,2,03,we,,,,0,0,201026458503we,165632010030719168,,,45.671313102,,,201026458503we,,0,05/04/2021
2010,45,5,5,1656320100307002,6,2,03,we,,,,0,0,201026458503we,165632010030719168,,,45.671313102,,,201026458503we,,0,05/04/2021
2010,45,5,2,1656320100307003,6,2,03,we,8835430506,286,0.65,0,0,201026458503we,165632010030719168,KNOBBED PORGY,,24.94225178,11,28,201026458503we,,0,05/04/2021
2010,45,5,2,1656320100307003,6,2,03,we,8835430301,552,4.4,0,0,201026458503we,165632010030719168,SHEEPSHEAD,,24.94225178,21,55,201026458503we,,0,05/04/2021
2010,45,5,2,1656320100307003,6,2,03,we,8835430301,551,4.2,0,0,201026458503we,165632010030719168,SHEEPSHEAD,,24.94225178,21,55,201026458503we,,0,05/04/2021
2010,45,5,2,1656320100307003,6,2,03,we,8835020301,344,0.6,0,0,201026458503we,165632010030719168,BLACK SEA BASS,,24.94225178,13,34,201026458503we,,0,05/04/2021
2010,45,5,2,1656320100307003,6,2,03,we,8835020301,365,0.7,0,0,201026458503we,165632010030719168,BLACK SEA BASS,,24.94225178,14,36,201026458503we,,0,05/04/2021
2010,45,5,2,1656320100307004,6,2,03,we,,,,0,0,201026458503we,165632010030719168,,,24.94225178,,,201026458503we,,0,05/04/2021
2010,45,5,5,1656320100312003,6,2,03,wd,,,,0,0,201026458503wd,165632010031219169,,,106.00960815,,,201026458503wd,,0,05/04/2021
2010,45,5,5,1656320100312004,6,2,03,wd,,,,0,0,201026458503wd,165632010031219169,,,106.00960815,,,201026458503wd,,0,05/04/2021
2010,45,5,5,1656320100313001,6,2,03,we,,,,0,0,201026458503we,165632010031319168,,,39.646102625,,,201026458503we,,0,05/04/2021
2010,45,5,5,1656320100313002,6,2,03,we,,,,0,0,201026458503we,165632010031319168,,,26.097893201,,,201026458503we,,0,05/04/2021
2010,45,5,5,1656320100313003,6,2,03,we,,,,0,0,201026458503we,165632010031319168,,,26.097893201,,,201026458503we,,0,05/04/2021
2010,45,5,5,1656320100313004,6,2,03,we,,,,0,0,201026458503we,165632010031319168,,,26.097893201,,,201026458503we,,0,05/04/2021
2010,45,5,5,1656320100314001,6,2,03,we,,,,0,0,201026458503we,1656320100314196,,,47.418170831,,,201026458503we,,0,05/04/2021
2010,45,5,5,1656320100314002,6,2,03,we,,,,0,0,201026458503we,1656320100314196,,,47.418170831,,,201026458503we,,0,05/04/2021
2010,45,5,5,1656320100314003,6,2,03,we,8835440901,508,1.6,1,1,201026458503we,1656320100314196,RED DRUM,,47.418170831,19,50,201026458503we,,0,05/04/2021
2010,45,5,5,1656320100326001,6,2,03,wd,,,,0,0,201026458503wd,1656320100326196,,,91.224039103,,,201026458503wd,,0,05/04/2021
2010,45,5,5,1656320100326002,6,2,03,wd,,,,0,0,201026458503wd,1656320100326196,,,91.224039103,,,201026458503wd,,0,05/04/2021
2010,45,5,5,1656320100326003,6,2,03,wd,,,,0,0,201026458503wd,1656320100326196,,,91.224039103,,,201026458503wd,,0,05/04/2021
2010,45,5,5,1656320100326004,6,2,03,wd,,,,0,0,201026458503wd,1656320100326196,,,91.224039103,,,201026458503wd,,0,05/04/2021
2010,45,5,2,1656320100403001,6,2,04,we,8835020301,275,0.35,0,0,201026458504we,1656320100403297,BLACK SEA BASS,,52.338217654,10,27,201026458504we,,0,05/04/2021
2010,45,5,2,1656320100403001,6,2,04,we,8835020301,291,0.35,0,0,201026458504we,1656320100403297,BLACK SEA BASS,,52.338217654,11,29,201026458504we,,0,05/04/2021
2010,45,5,2,1656320100403001,6,2,04,we,8835020301,298,0.4,0,0,201026458504we,1656320100403297,BLACK SEA BASS,,52.338217654,11,29,201026458504we,,0,05/04/2021
2010,45,5,2,1656320100403001,6,2,04,we,8835020301,304,0.35,0,0,201026458504we,1656320100403297,BLACK SEA BASS,,52.338217654,11,30,201026458504we,,0,05/04/2021
2010,45,5,2,1656320100403001,6,2,04,we,8835020301,307,0.4,0,0,201026458504we,1656320100403297,BLACK SEA BASS,,52.338217654,12,30,201026458504we,,0,05/04/2021
2010,45,5,2,1656320100403001,6,2,04,we,8835020301,312,0.45,0,0,201026458504we,1656320100403297,BLACK SEA BASS,,52.338217654,12,31,201026458504we,,0,05/04/2021
2010,45,5,2,1656320100403001,6,2,04,we,8835020301,313,0.45,0,0,201026458504we,1656320100403297,BLACK SEA BASS,,52.338217654,12,31,201026458504we,,0,05/04/2021
2010,45,5,2,1656320100403001,6,2,04,we,8835020301,314,0.45,0,0,201026458504we,1656320100403297,BLACK SEA BASS,,52.338217654,12,31,201026458504we,,0,05/04/2021
2010,45,5,2,1656320100403001,6,2,04,we,8835020301,320,0.5,0,0,201026458504we,1656320100403297,BLACK SEA BASS,,52.338217654,12,32,201026458504we,,0,05/04/2021
2010,45,5,2,1656320100403001,6,2,04,we,8835020301,336,0.6,0,0,201026458504we,1656320100403297,BLACK SEA BASS,,52.338217654,13,33,201026458504we,,0,05/04/2021
2010,45,5,2,1656320100403002,6,2,04,we,,,,0,0,201026458504we,1656320100403297,,,52.338217654,,,201026458504we,,0,05/04/2021
2010,45,5,2,1656320100404001,6,2,04,we,8835430301,552,4.4,1,1,201026458504we,165632010040419168,SHEEPSHEAD,,72.948001602,21,55,201026458504we,,0,05/04/2021
2010,45,5,2,1656320100404002,6,2,04,we,8835430301,552,4.4,1,1,201026458504we,165632010040419168,SHEEPSHEAD,,72.948001602,21,55,201026458504we,,0,05/04/2021
2010,45,5,2,1656320100404003,6,2,04,we,8835430301,552,4.4,1,1,201026458504we,165632010040419168,SHEEPSHEAD,,72.948001602,21,55,201026458504we,,0,05/04/2021
2010,45,5,2,1656320100404004,6,2,04,we,,,,0,0,201026458504we,165632010040419168,,,72.948001602,,,201026458504we,,0,05/04/2021
2010,45,5,5,1656320100418001,6,2,04,we,8835440901,515,1.65,0,0,201026458504we,165632010041819168,RED DRUM,,70.673961265,20,51,201026458504we,,0,05/04/2021
2010,45,5,5,1656320100418001,6,2,04,we,8835440901,421,0.9,0,0,201026458504we,165632010041819168,RED DRUM,,70.673961265,16,42,201026458504we,,0,05/04/2021
2010,45,5,5,1656320100418001,6,2,04,we,8835440901,421,0.9,1,1,201026458504we,165632010041819168,RED DRUM,,70.673961265,16,42,201026458504we,,0,05/04/2021
2010,45,5,5,1656320100418001,6,2,04,we,8835440901,508,1.6,0,0,201026458504we,165632010041819168,RED DRUM,,70.673961265,19,50,201026458504we,,0,05/04/2021
2010,45,5,5,1656320100418002,6,2,04,we,,,,0,0,201026458504we,165632010041819168,,,70.673961265,,,201026458504we,,0,05/04/2021
2010,45,5,5,1656320100418003,6,2,04,we,,,,0,0,201026458504we,165632010041819168,,,70.673961265,,,201026458504we,,0,05/04/2021
2010,45,5,5,1656320100418004,6,2,04,we,,,,0,0,201026458504we,16563201004181957,,,164.80345541,,,201026458504we,,0,05/04/2021
2010,45,5,5,1656320100418005,6,2,04,we,,,,0,0,201026458504we,16563201004181957,,,164.80345541,,,201026458504we,,0,05/04/2021
2010,45,5,5,1656320100418006,6,2,04,we,,,,0,0,201026458504we,16563201004181957,,,164.80345541,,,201026458504we,,0,05/04/2021
2010,45,5,5,1656320100418007,6,2,04,we,,,,0,0,201026458504we,16563201004181957,,,164.80345541,,,201026458504we,,0,05/04/2021
2010,45,5,5,1656320100424001,6,2,04,we,,,,0,0,201026458504we,1656320100424196,,,139.56680439,,,201026458504we,,0,05/04/2021
2010,45,5,5,1656320100424002,6,2,04,we,8835440901,515,1.65,1,1,201026458504we,1656320100424196,RED DRUM,,139.56680439,20,51,201026458504we,,0,05/04/2021
2010,45,5,5,1671320100413001,6,2,04,wd,8835440600,,,0,0,201026458504wd,167132010041313182,KINGFISH GENUS,,162.66053745,,,201026458504wd,,0,05/04/2021
2010,45,5,5,1671320100413003,6,2,04,wd,8835440600,,,0,0,201026458504wd,167132010041313182,KINGFISH GENUS,,162.66053745,,,201026458504wd,,0,05/04/2021
2010,45,5,5,1671320100413005,6,2,04,wd,,,,0,0,201026458504wd,167132010041313182,,,162.66053745,,,201026458504wd,,0,05/04/2021
2010,45,5,5,1671320100413006,6,2,04,wd,,,,0,0,201026458504wd,167132010041313182,,,162.66053745,,,201026458504wd,,0,05/04/2021
2010,45,5,2,1675320100422001,6,2,04,wd,8850030601,1298,15.137137161,0,1,201026458504wd,167532010042219167,WAHOO,,65.321569122,51,129,201026458504wd,,0,05/04/2021
2010,45,5,2,1675320100422001,6,2,04,wd,8850030404,827,12,0,0,201026458504wd,167532010042219167,BLACKFIN TUNA,,68.950545184,32,82,201026458504wd,,0,05/04/2021
2010,45,5,2,1675320100422001,6,2,04,wd,8850030404,754,10.7,1,1,201026458504wd,167532010042219167,BLACKFIN TUNA,,68.950545184,29,75,201026458504wd,,0,05/04/2021
2010,45,5,2,1675320100422001,6,2,04,wd,8850030404,775,10.3,0,0,201026458504wd,167532010042219167,BLACKFIN TUNA,,68.950545184,30,77,201026458504wd,,0,05/04/2021
2010,45,5,2,1675320100422001,6,2,04,wd,8850030404,743,7.9,0,0,201026458504wd,167532010042219167,BLACKFIN TUNA,,68.950545184,29,74,201026458504wd,,0,05/04/2021
2010,45,5,2,1675320100422001,6,2,04,wd,8850030404,604,4.8,0,0,201026458504wd,167532010042219167,BLACKFIN TUNA,,68.950545184,23,60,201026458504wd,,0,05/04/2021
2010,45,5,2,1675320100422001,6,2,04,wd,8850030404,604,4.8,1,1,201026458504wd,167532010042219167,BLACKFIN TUNA,,68.950545184,23,60,201026458504wd,,0,05/04/2021
2010,45,5,2,1675320100422001,6,2,04,wd,8850030404,749,8.9,0,0,201026458504wd,167532010042219167,BLACKFIN TUNA,,68.950545184,29,74,201026458504wd,,0,05/04/2021
2010,45,5,2,1675320100422001,6,2,04,wd,8850030404,677,7.2,1,1,201026458504wd,167532010042219167,BLACKFIN TUNA,,68.950545184,26,67,201026458504wd,,0,05/04/2021
2010,45,5,2,1675320100422001,6,2,04,wd,8850030404,706,6.8,0,0,201026458504wd,167532010042219167,BLACKFIN TUNA,,68.950545184,27,70,201026458504wd,,0,05/04/2021
2010,45,5,2,1675320100422001,6,2,04,wd,8850030404,706,6.8,1,1,201026458504wd,167532010042219167,BLACKFIN TUNA,,68.950545184,27,70,201026458504wd,,0,05/04/2021
2010,45,5,2,1675320100422001,6,2,04,wd,8850030404,748,8.9,0,0,201026458504wd,167532010042219167,BLACKFIN TUNA,,68.950545184,29,74,201026458504wd,,0,05/04/2021
2010,45,5,2,1675320100422001,6,2,04,wd,8850030404,643,5.7,0,0,201026458504wd,167532010042219167,BLACKFIN TUNA,,68.950545184,25,64,201026458504wd,,0,05/04/2021
2010,45,5,2,1675320100422001,6,2,04,wd,8850030404,712,7.6,0,0,201026458504wd,167532010042219167,BLACKFIN TUNA,,68.950545184,28,71,201026458504wd,,0,05/04/2021
2010,45,5,2,1675320100422001,6,2,04,wd,8850030404,754,10.7,0,0,201026458504wd,167532010042219167,BLACKFIN TUNA,,68.950545184,29,75,201026458504wd,,0,05/04/2021
2010,45,5,2,1675320100422001,6,2,04,wd,8850030404,708,7.6,0,0,201026458504wd,167532010042219167,BLACKFIN TUNA,,68.950545184,27,70,201026458504wd,,0,05/04/2021
2010,45,5,2,1675320100422001,6,2,04,wd,8850030404,770,9.5,0,0,201026458504wd,167532010042219167,BLACKFIN TUNA,,68.950545184,30,77,201026458504wd,,0,05/04/2021
2010,45,5,2,1675320100422001,6,2,04,wd,8850030404,789,9,0,0,201026458504wd,167532010042219167,BLACKFIN TUNA,,68.950545184,31,78,201026458504wd,,0,05/04/2021
2010,45,5,2,1675320100422001,6,2,04,wd,8850030404,709,8,0,0,201026458504wd,167532010042219167,BLACKFIN TUNA,,68.950545184,27,70,201026458504wd,,0,05/04/2021
2010,45,5,2,1675320100422002,6,2,04,wd,,,,0,0,201026458504wd,167532010042219167,,,65.321569122,,,201026458504wd,,0,05/04/2021
2010,45,5,2,1675320100422003,6,2,04,wd,,,,0,0,201026458504wd,167532010042219167,,,65.321569122,,,201026458504wd,,0,05/04/2021
2010,45,5,2,1675320100423001,6,2,04,wd,8835290101,756,3.9523600891,0,1,201026458504wd,167532010042319167,DOLPHIN,,45.491807067,29,75,201026458504wd,,0,05/04/2021
2010,45,5,2,1675320100423001,6,2,04,wd,8835290101,700,3.9,0,0,201026458504wd,167532010042319167,DOLPHIN,,45.491807067,27,70,201026458504wd,,0,05/04/2021
2010,45,5,2,1675320100423001,6,2,04,wd,8835290101,571,1.9121814154,0,1,201026458504wd,167532010042319167,DOLPHIN,,45.491807067,22,57,201026458504wd,,0,05/04/2021
2010,45,5,2,1675320100423001,6,2,04,wd,8835290101,635,2.5170426108,0,1,201026458504wd,167532010042319167,DOLPHIN,,45.491807067,24,63,201026458504wd,,0,05/04/2021
2010,45,5,2,1675320100423001,6,2,04,wd,8835290101,727,3.2,0,0,201026458504wd,167532010042319167,DOLPHIN,,45.491807067,28,72,201026458504wd,,0,05/04/2021
2010,45,5,2,1675320100423001,6,2,04,wd,8835290101,774,4,0,0,201026458504wd,167532010042319167,DOLPHIN,,45.491807067,30,77,201026458504wd,,0,05/04/2021
2010,45,5,2,1675320100423001,6,2,04,wd,8835290101,788,4.4,0,0,201026458504wd,167532010042319167,DOLPHIN,,45.491807067,31,78,201026458504wd,,0,05/04/2021
2010,45,5,2,1675320100423001,6,2,04,wd,8835290101,799,5.1,0,0,201026458504wd,167532010042319167,DOLPHIN,,45.491807067,31,79,201026458504wd,,0,05/04/2021
2010,45,5,2,1675320100423001,6,2,04,wd,8835290101,955,8.2,0,0,201026458504wd,167532010042319167,DOLPHIN,,45.491807067,37,95,201026458504wd,,0,05/04/2021
2010,45,5,2,1675320100423001,6,2,04,wd,8835290101,1071,10.4,0,0,201026458504wd,167532010042319167,DOLPHIN,,45.491807067,42,107,201026458504wd,,0,05/04/2021
2010,45,5,2,1675320100423001,6,2,04,wd,8835290101,927,6,0,0,201026458504wd,167532010042319167,DOLPHIN,,45.491807067,36,92,201026458504wd,,0,05/04/2021
2010,45,5,2,1675320100423004,6,2,04,wd,8850030404,755,9.4,0,0,201026458504wd,167532010042319167,BLACKFIN TUNA,,51.990636648,29,75,201026458504wd,,0,05/04/2021
2010,45,5,2,1675320100423004,6,2,04,wd,8850030404,754,10.3,1,1,201026458504wd,167532010042319167,BLACKFIN TUNA,,51.990636648,29,75,201026458504wd,,0,05/04/2021
2010,45,5,2,1675320100423004,6,2,04,wd,8850030404,737,9.5,1,1,201026458504wd,167532010042319167,BLACKFIN TUNA,,51.990636648,29,73,201026458504wd,,0,05/04/2021
2010,45,5,2,1675320100423004,6,2,04,wd,8850030404,706,7.5,0,0,201026458504wd,167532010042319167,BLACKFIN TUNA,,51.990636648,27,70,201026458504wd,,0,05/04/2021
2010,45,5,2,1675320100423004,6,2,04,wd,8850030404,688,6.8,0,0,201026458504wd,167532010042319167,BLACKFIN TUNA,,51.990636648,27,68,201026458504wd,,0,05/04/2021
2010,45,5,2,1675320100423004,6,2,04,wd,8850030404,612,4.9,0,0,201026458504wd,167532010042319167,BLACKFIN TUNA,,51.990636648,24,61,201026458504wd,,0,05/04/2021
2010,45,5,2,1675320100423004,6,2,04,wd,8850030404,599,4.4,1,1,201026458504wd,167532010042319167,BLACKFIN TUNA,,51.990636648,23,59,201026458504wd,,0,05/04/2021
2010,45,5,2,1675320100423004,6,2,04,wd,8850030404,599,4.4,0,0,201026458504wd,167532010042319167,BLACKFIN TUNA,,51.990636648,23,59,201026458504wd,,0,05/04/2021
2010,45,5,2,1675320100423004,6,2,04,wd,8850030404,663,6.4,0,0,201026458504wd,167532010042319167,BLACKFIN TUNA,,51.990636648,26,66,201026458504wd,,0,05/04/2021
2010,45,5,2,1675320100423004,6,2,04,wd,8850030404,677,7.2,0,0,201026458504wd,167532010042319167,BLACKFIN TUNA,,51.990636648,26,67,201026458504wd,,0,05/04/2021
2010,45,5,2,1675320100423004,6,2,04,wd,8850030404,762,10.1,0,0,201026458504wd,167532010042319167,BLACKFIN TUNA,,51.990636648,29,76,201026458504wd,,0,05/04/2021
2010,45,5,2,1675320100423004,6,2,04,wd,8850030404,812,11.6,0,0,201026458504wd,167532010042319167,BLACKFIN TUNA,,51.990636648,31,81,201026458504wd,,0,05/04/2021
2010,45,5,2,1675320100423004,6,2,04,wd,8850030404,812,11.6,1,1,201026458504wd,167532010042319167,BLACKFIN TUNA,,51.990636648,31,81,201026458504wd,,0,05/04/2021
2010,45,5,2,1675320100423004,6,2,04,wd,8850030404,878,16.1,0,0,201026458504wd,167532010042319167,BLACKFIN TUNA,,51.990636648,34,87,201026458504wd,,0,05/04/2021
2010,45,5,2,1675320100423005,6,2,04,wd,,,,0,0,201026458504wd,167532010042319167,,,54.59016848,,,201026458504wd,,0,05/04/2021
2010,45,5,2,1675320100423006,6,2,04,wd,,,,0,0,201026458504wd,167532010042319167,,,54.59016848,,,201026458504wd,,0,05/04/2021
2010,45,5,2,1675320100423009,6,2,04,wd,8850030601,1001,6.2,1,1,201026458504wd,167532010042319167,WAHOO,,90.983614134,39,100,201026458504wd,,0,05/04/2021
2010,45,5,2,1675320100423009,6,2,04,wd,8850030601,1051.9062393,7.5,1,1,201026458504wd,167532010042319167,WAHOO,,90.983614134,41,105,201026458504wd,,0,05/04/2021
2010,45,5,2,1675320100423009,6,2,04,wd,8850030601,1165,9.7,1,1,201026458504wd,167532010042319167,WAHOO,,90.983614134,45,116,201026458504wd,,0,05/04/2021
2010,45,5,2,1675320100423009,6,2,04,wd,8850030601,1203,10.3,1,1,201026458504wd,167532010042319167,WAHOO,,90.983614134,47,120,201026458504wd,,0,05/04/2021
2010,45,5,2,1675320100423009,6,2,04,wd,8850030601,1330.7740482,14.96,1,1,201026458504wd,167532010042319167,WAHOO,,90.983614134,52,133,201026458504wd,,0,05/04/2021
2010,45,5,2,1675320100423009,6,2,04,wd,8850030404,641,5.4,0,0,201026458504wd,167532010042319167,BLACKFIN TUNA,,45.491807067,25,64,201026458504wd,,0,05/04/2021
2010,45,5,2,1675320100423009,6,2,04,wd,8850030404,570,3.9,0,0,201026458504wd,167532010042319167,BLACKFIN TUNA,,45.491807067,22,57,201026458504wd,,0,05/04/2021
2010,45,5,2,1675320100423009,6,2,04,wd,8850030404,609,5.1985551988,0,1,201026458504wd,167532010042319167,BLACKFIN TUNA,,45.491807067,23,60,201026458504wd,,0,05/04/2021
2010,45,5,2,1675320100423009,6,2,04,wd,8850030404,636,5.7790480033,0,1,201026458504wd,167532010042319167,BLACKFIN TUNA,,45.491807067,25,63,201026458504wd,,0,05/04/2021
2010,45,5,2,1675320100423009,6,2,04,wd,8850030404,737,9.5,0,0,201026458504wd,167532010042319167,BLACKFIN TUNA,,45.491807067,29,73,201026458504wd,,0,05/04/2021
2010,45,5,2,1675320100423009,6,2,04,wd,8850030404,754,10.3,0,0,201026458504wd,167532010042319167,BLACKFIN TUNA,,45.491807067,29,75,201026458504wd,,0,05/04/2021
2010,45,5,2,1675320100423009,6,2,04,wd,8850030404,772,9.9,0,0,201026458504wd,167532010042319167,BLACKFIN TUNA,,45.491807067,30,77,201026458504wd,,0,05/04/2021
2010,45,5,2,1675320100423009,6,2,04,wd,8850030404,789,10,0,0,201026458504wd,167532010042319167,BLACKFIN TUNA,,45.491807067,31,78,201026458504wd,,0,05/04/2021
2010,45,5,2,1675320100423010,6,2,04,wd,,,,0,0,201026458504wd,167532010042319167,,,45.491807067,,,201026458504wd,,0,05/04/2021
2010,45,5,2,1680220100418001,6,2,04,we,8835020301,318,0.45,0,0,201026458504we,16802201004185113,BLACK SEA BASS,,45.991500378,12,31,201026458504we,,0,05/04/2021
2010,45,5,2,1680220100418001,6,2,04,we,8835020301,321,0.45,0,0,201026458504we,16802201004185113,BLACK SEA BASS,,45.991500378,12,32,201026458504we,,0,05/04/2021
2010,45,5,2,1680220100418001,6,2,04,we,8835020301,329,0.5,0,0,201026458504we,16802201004185113,BLACK SEA BASS,,45.991500378,12,32,201026458504we,,0,05/04/2021
2010,45,5,2,1680220100418001,6,2,04,we,8835020301,330,0.5,0,0,201026458504we,16802201004185113,BLACK SEA BASS,,45.991500378,12,33,201026458504we,,0,05/04/2021
2010,45,5,2,1680220100418005,6,2,04,we,8835020301,319,0.45,0,0,201026458504we,16802201004185113,BLACK SEA BASS,,45.991500378,12,31,201026458504we,,0,05/04/2021
2010,45,5,2,1680220100418005,6,2,04,we,8835020301,321,0.45,0,0,201026458504we,16802201004185113,BLACK SEA BASS,,45.991500378,12,32,201026458504we,,0,05/04/2021
2010,45,5,2,1680220100418005,6,2,04,we,8835020301,327,0.5,0,0,201026458504we,16802201004185113,BLACK SEA BASS,,45.991500378,12,32,201026458504we,,0,05/04/2021
2010,45,5,2,1680220100418005,6,2,04,we,8835020301,329,0.5,0,0,201026458504we,16802201004185113,BLACK SEA BASS,,45.991500378,12,32,201026458504we,,0,05/04/2021
2010,45,5,2,1680220100418005,6,2,04,we,8835020301,330,0.5,0,0,201026458504we,16802201004185113,BLACK SEA BASS,,45.991500378,12,33,201026458504we,,0,05/04/2021
2010,45,5,2,1680220100418005,6,2,04,we,8835020301,375,0.8,0,0,201026458504we,16802201004185113,BLACK SEA BASS,,45.991500378,14,37,201026458504we,,0,05/04/2021
2010,45,5,2,1680220100418006,6,2,04,we,8835020301,311,0.4,0,0,201026458504we,16802201004185113,BLACK SEA BASS,,45.991500378,12,31,201026458504we,,0,05/04/2021
2010,45,5,2,1680220100418007,6,2,04,we,8835020301,291,0.35,1,1,201026458504we,16802201004185113,BLACK SEA BASS,,45.991500378,11,29,201026458504we,,0,05/04/2021
2010,45,5,2,1680220100418007,6,2,04,we,8835020301,298,0.4,1,1,201026458504we,16802201004185113,BLACK SEA BASS,,45.991500378,11,29,201026458504we,,0,05/04/2021
2010,45,5,2,1680220100418007,6,2,04,we,8835020301,304,0.35,1,1,201026458504we,16802201004185113,BLACK SEA BASS,,45.991500378,11,30,201026458504we,,0,05/04/2021
2010,45,5,2,1680220100418007,6,2,04,we,8835020301,329,0.5,1,1,201026458504we,16802201004185113,BLACK SEA BASS,,45.991500378,12,32,201026458504we,,0,05/04/2021
2010,45,5,2,1680320100423001,6,2,04,wd,8835400102,299,0.8,0,0,201026458504wd,16803201004234349,WHITE GRUNT,,16.679369361,11,29,201026458504wd,,0,05/04/2021
2010,45,5,2,1680320100423001,6,2,04,wd,8835400102,334,0.9,0,0,201026458504wd,16803201004234349,WHITE GRUNT,,16.679369361,13,33,201026458504wd,,0,05/04/2021
2010,45,5,2,1680320100423001,6,2,04,wd,8835400102,363,1.05,0,0,201026458504wd,16803201004234349,WHITE GRUNT,,16.679369361,14,36,201026458504wd,,0,05/04/2021
2010,45,5,2,1680320100423001,6,2,04,wd,8835400102,314,0.7,0,0,201026458504wd,16803201004234349,WHITE GRUNT,,16.679369361,12,31,201026458504wd,,0,05/04/2021
2010,45,5,2,1680320100423001,6,2,04,wd,8835400102,297,0.6,0,0,201026458504wd,16803201004234349,WHITE GRUNT,,16.679369361,11,29,201026458504wd,,0,05/04/2021
2010,45,5,2,1680320100423001,6,2,04,wd,8835400102,382,0.8,0,0,201026458504wd,16803201004234349,WHITE GRUNT,,16.679369361,15,38,201026458504wd,,0,05/04/2021
2010,45,5,2,1680320100423001,6,2,04,wd,8835400102,299,0.8,1,1,201026458504wd,16803201004234349,WHITE GRUNT,,16.679369361,11,29,201026458504wd,,0,05/04/2021
2010,45,5,2,1680320100423001,6,2,04,wd,8835020301,319,0.6,0,0,201026458504wd,16803201004234349,BLACK SEA BASS,,18.347306297,12,31,201026458504wd,,0,05/04/2021
2010,45,5,2,1680320100423001,6,2,04,wd,8835020301,323,0.6,0,0,201026458504wd,16803201004234349,BLACK SEA BASS,,18.347306297,12,32,201026458504wd,,0,05/04/2021
2010,45,5,2,1680320100423001,6,2,04,wd,8835020301,323,0.6,1,1,201026458504wd,16803201004234349,BLACK SEA BASS,,18.347306297,12,32,201026458504wd,,0,05/04/2021
2010,45,5,2,1680320100423001,6,2,04,wd,8835020301,330,0.5,1,1,201026458504wd,16803201004234349,BLACK SEA BASS,,18.347306297,12,33,201026458504wd,,0,05/04/2021
2010,45,5,2,1680320100423001,6,2,04,wd,8835020301,331,0.55,0,0,201026458504wd,16803201004234349,BLACK SEA BASS,,18.347306297,13,33,201026458504wd,,0,05/04/2021
2010,45,5,2,1680320100423001,6,2,04,wd,8835020301,331,0.55,1,1,201026458504wd,16803201004234349,BLACK SEA BASS,,18.347306297,13,33,201026458504wd,,0,05/04/2021
2010,45,5,2,1680320100423001,6,2,04,wd,8835020301,332,0.45,0,0,201026458504wd,16803201004234349,BLACK SEA BASS,,18.347306297,13,33,201026458504wd,,0,05/04/2021
2010,45,5,2,1680320100423001,6,2,04,wd,8835400102,346,0.95,0,0,201026458504wd,16803201004234349,WHITE GRUNT,,16.679369361,13,34,201026458504wd,,0,05/04/2021
2010,45,5,2,1680320100423001,6,2,04,wd,8835020301,332,0.55,0,0,201026458504wd,16803201004234349,BLACK SEA BASS,,18.347306297,13,33,201026458504wd,,0,05/04/2021
2010,45,5,2,1680320100423001,6,2,04,wd,8835020301,332,0.45,1,1,201026458504wd,16803201004234349,BLACK SEA BASS,,18.347306297,13,33,201026458504wd,,0,05/04/2021
2010,45,5,2,1680320100423001,6,2,04,wd,8835400102,313,0.6,0,0,201026458504wd,16803201004234349,WHITE GRUNT,,16.679369361,12,31,201026458504wd,,0,05/04/2021
2010,45,5,2,1680320100423001,6,2,04,wd,8835020301,340,0.4,0,0,201026458504wd,16803201004234349,BLACK SEA BASS,,18.347306297,13,34,201026458504wd,,0,05/04/2021
2010,45,5,2,1680320100423001,6,2,04,wd,8835020301,345,0.5,0,0,201026458504wd,16803201004234349,BLACK SEA BASS,,18.347306297,13,34,201026458504wd,,0,05/04/2021
2010,45,5,2,1680320100423001,6,2,04,wd,8835020301,345,0.5,1,1,201026458504wd,16803201004234349,BLACK SEA BASS,,18.347306297,13,34,201026458504wd,,0,05/04/2021
2010,45,5,2,1680320100423001,6,2,04,wd,8835020301,355,0.65,0,0,201026458504wd,16803201004234349,BLACK SEA BASS,,18.347306297,13,35,201026458504wd,,0,05/04/2021
2010,45,5,2,1680320100423001,6,2,04,wd,8835020301,355,0.65,0,0,201026458504wd,16803201004234349,BLACK SEA BASS,,18.347306297,13,35,201026458504wd,,0,05/04/2021
2010,45,5,2,1680320100423001,6,2,04,wd,8835020301,357,0.65,0,0,201026458504wd,16803201004234349,BLACK SEA BASS,,18.347306297,14,35,201026458504wd,,0,05/04/2021
2010,45,5,2,1680320100423001,6,2,04,wd,8835020301,357,0.6,0,0,201026458504wd,16803201004234349,BLACK SEA BASS,,18.347306297,14,35,201026458504wd,,0,05/04/2021
2010,45,5,2,1680320100423001,6,2,04,wd,8835020301,363,0.65,0,0,201026458504wd,16803201004234349,BLACK SEA BASS,,18.347306297,14,36,201026458504wd,,0,05/04/2021
2010,45,5,2,1680320100423001,6,2,04,wd,8835020301,365,0.65,0,0,201026458504wd,16803201004234349,BLACK SEA BASS,,18.347306297,14,36,201026458504wd,,0,05/04/2021
2010,45,5,2,1680320100423001,6,2,04,wd,8835020301,380,0.85,0,0,201026458504wd,16803201004234349,BLACK SEA BASS,,18.347306297,14,38,201026458504wd,,0,05/04/2021
2010,45,5,2,1680320100423001,6,2,04,wd,8835020301,395,0.8,0,0,201026458504wd,16803201004234349,BLACK SEA BASS,,18.347306297,15,39,201026458504wd,,0,05/04/2021
2010,45,5,2,1680320100423002,6,2,04,wd,,,,0,0,201026458504wd,16803201004234349,,,16.679369361,,,201026458504wd,,0,05/04/2021
2010,45,5,2,1680320100423003,6,2,04,wd,,,,0,0,201026458504wd,16803201004234349,,,16.679369361,,,201026458504wd,,0,05/04/2021
2010,45,5,2,1680320100423004,6,2,04,wd,,,,0,0,201026458504wd,16803201004234349,,,16.679369361,,,201026458504wd,,0,05/04/2021
2010,45,5,2,1680320100423006,6,2,04,wd,,,,0,0,201026458504wd,16803201004234349,,,16.679369361,,,201026458504wd,,0,05/04/2021
2010,45,5,2,1680320100423007,6,2,04,wd,8850030404,735,8.3,0,0,201026458504wd,16803201004234349,BLACKFIN TUNA,,25.019054042,28,73,201026458504wd,,0,05/04/2021
2010,45,5,2,1680320100423008,6,2,04,wd,8850030404,758,8.6,0,0,201026458504wd,16803201004234349,BLACKFIN TUNA,,25.019054042,29,75,201026458504wd,,0,05/04/2021
2010,45,5,2,1680320100423009,6,2,04,wd,8850030601,1165,9.7,0,0,201026458504wd,16803201004234349,WAHOO,,25.019054042,45,116,201026458504wd,,0,05/04/2021
2010,45,5,2,1680320100423010,6,2,04,wd,8850030102,617,3.5,0,0,201026458504wd,16803201004234349,LITTLE TUNNY,,25.019054042,24,61,201026458504wd,,0,05/04/2021
2010,45,5,2,1685320100403001,6,2,04,we,8835430301,552,4.4,1,1,201026458504we,1685320100403131516,SHEEPSHEAD,,65.89227854,21,55,201026458504we,,0,05/04/2021
2010,45,5,2,1685320100403001,6,2,04,we,8835430301,551,4.2,1,1,201026458504we,1685320100403131516,SHEEPSHEAD,,65.89227854,21,55,201026458504we,,0,05/04/2021
2010,45,5,2,1685320100403001,6,2,04,we,8835430301,552,4.4,1,1,201026458504we,1685320100403131516,SHEEPSHEAD,,65.89227854,21,55,201026458504we,,0,05/04/2021
2010,45,5,2,1685320100403001,6,2,04,we,8835430301,551,4.2,1,1,201026458504we,1685320100403131516,SHEEPSHEAD,,65.89227854,21,55,201026458504we,,0,05/04/2021
2010,45,5,2,1685320100403001,6,2,04,we,8835430301,552,4.4,1,1,201026458504we,1685320100403131516,SHEEPSHEAD,,65.89227854,21,55,201026458504we,,0,05/04/2021
2010,45,5,2,1685320100403002,6,2,04,we,8835430301,551,4.2,1,1,201026458504we,1685320100403131516,SHEEPSHEAD,,92.249189956,21,55,201026458504we,,0,05/04/2021
2010,45,5,2,1685320100403002,6,2,04,we,8835430301,551,4.2,1,1,201026458504we,1685320100403131516,SHEEPSHEAD,,92.249189956,21,55,201026458504we,,0,05/04/2021
2010,45,5,2,1685320100403002,6,2,04,we,8835430301,551,4.2,1,1,201026458504we,1685320100403131516,SHEEPSHEAD,,92.249189956,21,55,201026458504we,,0,05/04/2021
2010,45,5,2,1685320100403002,6,2,04,we,8835430301,551,4.2,1,1,201026458504we,1685320100403131516,SHEEPSHEAD,,92.249189956,21,55,201026458504we,,0,05/04/2021
2010,45,5,2,1685320100403002,6,2,04,we,8835430301,551,4.2,1,1,201026458504we,1685320100403131516,SHEEPSHEAD,,92.249189956,21,55,201026458504we,,0,05/04/2021
2010,45,5,2,1685320100403003,6,2,04,we,8835430301,364,1.15,1,1,201026458504we,1685320100403131516,SHEEPSHEAD,,131.78455708,14,36,201026458504we,,0,05/04/2021
2010,45,5,2,1685320100403003,6,2,04,we,8835430301,364,1.15,1,1,201026458504we,1685320100403131516,SHEEPSHEAD,,131.78455708,14,36,201026458504we,,0,05/04/2021
2010,45,5,2,1685320100403003,6,2,04,we,8835430301,364,1.15,1,1,201026458504we,1685320100403131516,SHEEPSHEAD,,131.78455708,14,36,201026458504we,,0,05/04/2021
2010,45,5,2,1685320100403003,6,2,04,we,8835430301,364,1.15,1,1,201026458504we,1685320100403131516,SHEEPSHEAD,,131.78455708,14,36,201026458504we,,0,05/04/2021
2010,45,5,2,1685320100403003,6,2,04,we,8835430301,364,1.15,1,1,201026458504we,1685320100403131516,SHEEPSHEAD,,131.78455708,14,36,201026458504we,,0,05/04/2021
2010,45,5,2,1685320100403004,6,2,04,we,8835430301,400,1.6,1,1,201026458504we,1685320100403131516,SHEEPSHEAD,,260.24999195,15,40,201026458504we,,0,05/04/2021
2010,45,5,2,1685320100403004,6,2,04,we,8835430301,400,1.6,1,1,201026458504we,1685320100403131516,SHEEPSHEAD,,260.24999195,15,40,201026458504we,,0,05/04/2021
2010,45,5,2,1685320100403004,6,2,04,we,8835430301,400,1.6,1,1,201026458504we,1685320100403131516,SHEEPSHEAD,,260.24999195,15,40,201026458504we,,0,05/04/2021
2010,45,5,2,1685320100403004,6,2,04,we,8835430301,364,1.15,1,1,201026458504we,1685320100403131516,SHEEPSHEAD,,260.24999195,14,36,201026458504we,,0,05/04/2021
2010,45,5,2,1685320100403005,6,2,04,we,8835430301,400,1.6,1,1,201026458504we,1685320100403131516,SHEEPSHEAD,,260.24999195,15,40,201026458504we,,0,05/04/2021
2010,45,5,2,1685320100403005,6,2,04,we,8835430301,303,0.7,1,1,201026458504we,1685320100403131516,SHEEPSHEAD,,260.24999195,11,30,201026458504we,,0,05/04/2021
2010,45,5,2,1685320100403005,6,2,04,we,8835430301,400,1.6,1,1,201026458504we,1685320100403131516,SHEEPSHEAD,,260.24999195,15,40,201026458504we,,0,05/04/2021
2010,45,5,2,1685320100403005,6,2,04,we,8835430301,400,1.6,1,1,201026458504we,1685320100403131516,SHEEPSHEAD,,260.24999195,15,40,201026458504we,,0,05/04/2021
2010,45,5,2,1685320100403005,6,2,04,we,8835430301,303,0.7,1,1,201026458504we,1685320100403131516,SHEEPSHEAD,,260.24999195,11,30,201026458504we,,0,05/04/2021
2010,45,5,2,1685320100403006,6,2,04,we,8835430301,303,0.7,1,1,201026458504we,1685320100403131516,SHEEPSHEAD,,312.29999034,11,30,201026458504we,,0,05/04/2021
2010,45,5,2,1685320100403006,6,2,04,we,8835430301,303,0.7,1,1,201026458504we,1685320100403131516,SHEEPSHEAD,,312.29999034,11,30,201026458504we,,0,05/04/2021
2010,45,5,2,1685320100403006,6,2,04,we,8835430301,303,0.7,1,1,201026458504we,1685320100403131516,SHEEPSHEAD,,312.29999034,11,30,201026458504we,,0,05/04/2021
2010,45,5,2,1685320100403006,6,2,04,we,8835430301,303,0.7,1,1,201026458504we,1685320100403131516,SHEEPSHEAD,,312.29999034,11,30,201026458504we,,0,05/04/2021
2010,45,5,2,1685320100403006,6,2,04,we,8835430301,303,0.7,1,1,201026458504we,1685320100403131516,SHEEPSHEAD,,312.29999034,11,30,201026458504we,,0,05/04/2021
2010,45,5,2,1685320100410001,6,2,04,we,,,,0,0,201026458504we,168532010041013182,,,32.832771948,,,201026458504we,,0,05/04/2021
2010,45,7,5,1656320100320001,6,2,03,we,,,,0,0,201026458703we,16563201003201968,,,624.68882676,,,201026458703we,,0,05/04/2021
2010,45,7,5,1656320100320002,6,2,03,we,8835430301,315,0.75,0,0,201026458703we,16563201003201968,SHEEPSHEAD,,624.68882676,12,31,201026458703we,,0,05/04/2021
2010,45,7,5,1656320100320005,6,2,03,we,,,,0,0,201026458703we,16563201003201968,,,624.68882676,,,201026458703we,,0,05/04/2021
2010,45,7,5,1656320100320006,6,2,03,we,,,,0,0,201026458703we,16563201003201968,,,624.68882676,,,201026458703we,,0,05/04/2021
2010,45,7,5,1656320100320007,6,2,03,we,,,,0,0,201026458703we,16563201003201968,,,624.68882676,,,201026458703we,,0,05/04/2021
2010,45,7,5,1656320100320008,6,2,03,we,,,,0,0,201026458703we,16563201003201968,,,806.85841583,,,201026458703we,,0,05/04/2021
2010,45,7,5,1656320100320010,6,2,03,we,8835440901,480,1.25,1,1,201026458703we,16563201003201968,RED DRUM,,624.68882676,18,48,201026458703we,,0,05/04/2021
2010,45,7,5,1656320100320010,6,2,03,we,8835440901,584,2,1,1,201026458703we,16563201003201968,RED DRUM,,624.68882676,22,58,201026458703we,,0,05/04/2021
2010,45,7,5,1656320100320010,6,2,03,we,8835430301,423,1.75,1,1,201026458703we,16563201003201968,SHEEPSHEAD,,1374.3154189,16,42,201026458703we,,0,05/04/2021
2010,45,7,5,1656320100320010,6,2,03,we,8835430301,249,0.4,1,1,201026458703we,16563201003201968,SHEEPSHEAD,,1374.3154189,9,24,201026458703we,,0,05/04/2021
2010,45,7,5,1656320100320010,6,2,03,we,8835430301,408,1.7,1,1,201026458703we,16563201003201968,SHEEPSHEAD,,1374.3154189,16,40,201026458703we,,0,05/04/2021
2010,45,7,5,1656320100320010,6,2,03,we,8835430301,436,1.95,1,1,201026458703we,16563201003201968,SHEEPSHEAD,,1374.3154189,17,43,201026458703we,,0,05/04/2021
2010,45,7,5,1656320100320010,6,2,03,we,8835430301,285,0.6,1,1,201026458703we,16563201003201968,SHEEPSHEAD,,1374.3154189,11,28,201026458703we,,0,05/04/2021
2010,45,7,5,1656320100324001,6,2,03,wd,8835440901,548,1.75,0,0,201026458703wd,16563201003241967,RED DRUM,,6992.6544454,21,54,201026458703wd,,0,05/04/2021
2010,45,7,5,1656320100324004,6,2,03,wd,8835440801,463,1.65,0,0,201026458703wd,16563201003241967,BLACK DRUM,,6992.6544454,18,46,201026458703wd,,0,05/04/2021
2010,45,7,5,1656320100324004,6,2,03,wd,8835440801,467,1.9,0,0,201026458703wd,16563201003241967,BLACK DRUM,,6992.6544454,18,46,201026458703wd,,0,05/04/2021
2010,45,7,2,1656320100325002,6,2,03,wd,8835020304,233,0.2,1,1,201026458703wd,16563201003251979,BANK SEA BASS,,1561.5884526,9,23,201026458703wd,,0,05/04/2021
2010,45,7,2,1656320100325002,6,2,03,wd,8835020304,261,0.25,1,1,201026458703wd,16563201003251979,BANK SEA BASS,,1561.5884526,10,26,201026458703wd,,0,05/04/2021
2010,45,7,2,1656320100325002,6,2,03,wd,8835020304,267,0.3,1,1,201026458703wd,16563201003251979,BANK SEA BASS,,1561.5884526,10,26,201026458703wd,,0,05/04/2021
2010,45,7,2,1656320100325002,6,2,03,wd,8835020304,270,0.4,1,1,201026458703wd,16563201003251979,BANK SEA BASS,,1561.5884526,10,27,201026458703wd,,0,05/04/2021
2010,45,7,2,1656320100325002,6,2,03,wd,8835020304,289,0.25,1,1,201026458703wd,16563201003251979,BANK SEA BASS,,1561.5884526,11,28,201026458703wd,,0,05/04/2021
2010,45,7,5,1656320100405001,6,2,04,wd,8835440601,219,0.1,0,0,201026458704wd,16563201004051968,SOUTHERN KINGFISH,,6611.5293266,8,21,201026458704wd,,0,05/04/2021
2010,45,7,5,1656320100405001,6,2,04,wd,8835440601,243,0.15,0,0,201026458704wd,16563201004051968,SOUTHERN KINGFISH,,6611.5293266,9,24,201026458704wd,,0,05/04/2021
2010,45,7,5,1656320100405001,6,2,04,wd,8835440102,423,0.8,0,0,201026458704wd,16563201004051968,SPOTTED SEATROUT,,6611.5293266,16,42,201026458704wd,,0,05/04/2021
2010,45,7,5,1656320100405001,6,2,04,wd,8835440102,379,0.55,0,0,201026458704wd,16563201004051968,SPOTTED SEATROUT,,6611.5293266,14,37,201026458704wd,,0,05/04/2021
2010,45,7,5,1656320100410001,6,2,04,we,8835440601,219,0.1,1,1,201026458704we,16563201004104341,SOUTHERN KINGFISH,,2149.0239523,8,21,201026458704we,,0,05/04/2021
2010,45,7,5,1656320100410001,6,2,04,we,8835440601,243,0.15,1,1,201026458704we,16563201004104341,SOUTHERN KINGFISH,,2149.0239523,9,24,201026458704we,,0,05/04/2021
2010,45,7,5,1656320100410001,6,2,04,we,8835440601,264,0.2,0,0,201026458704we,16563201004104341,SOUTHERN KINGFISH,,2149.0239523,10,26,201026458704we,,0,05/04/2021
2010,45,7,5,1656320100410001,6,2,04,we,8835440601,266,0.2,0,0,201026458704we,16563201004104341,SOUTHERN KINGFISH,,2149.0239523,10,26,201026458704we,,0,05/04/2021
2010,45,7,5,1656320100410001,6,2,04,we,8835440601,275,0.3,0,0,201026458704we,16563201004104341,SOUTHERN KINGFISH,,2149.0239523,10,27,201026458704we,,0,05/04/2021
2010,45,7,5,1656320100410001,6,2,04,we,8835440601,275,0.3,1,1,201026458704we,16563201004104341,SOUTHERN KINGFISH,,2149.0239523,10,27,201026458704we,,0,05/04/2021
2010,45,7,5,1656320100410001,6,2,04,we,8835440601,275,0.3,1,1,201026458704we,16563201004104341,SOUTHERN KINGFISH,,2149.0239523,10,27,201026458704we,,0,05/04/2021
2010,45,7,5,1656320100410001,6,2,04,we,8835440601,278,0.25,0,0,201026458704we,16563201004104341,SOUTHERN KINGFISH,,2149.0239523,10,27,201026458704we,,0,05/04/2021
2010,45,7,5,1656320100410001,6,2,04,we,8835440601,278,0.25,0,0,201026458704we,16563201004104341,SOUTHERN KINGFISH,,2149.0239523,10,27,201026458704we,,0,05/04/2021
2010,45,7,5,1656320100410001,6,2,04,we,8835440601,287,0.25,0,0,201026458704we,16563201004104341,SOUTHERN KINGFISH,,2149.0239523,11,28,201026458704we,,0,05/04/2021
2010,45,7,5,1656320100410001,6,2,04,we,8835440601,306,0.3,0,0,201026458704we,16563201004104341,SOUTHERN KINGFISH,,2149.0239523,12,30,201026458704we,,0,05/04/2021
2010,45,7,5,1656320100410001,6,2,04,we,8835440601,311,0.3,0,0,201026458704we,16563201004104341,SOUTHERN KINGFISH,,2149.0239523,12,31,201026458704we,,0,05/04/2021
2010,45,7,5,1656320100410001,6,2,04,we,8835440601,324,0.4,0,0,201026458704we,16563201004104341,SOUTHERN KINGFISH,,2149.0239523,12,32,201026458704we,,0,05/04/2021
2010,45,7,5,1656320100410001,6,2,04,we,8835440601,327,0.4,0,0,201026458704we,16563201004104341,SOUTHERN KINGFISH,,2149.0239523,12,32,201026458704we,,0,05/04/2021
2010,45,7,5,1656320100410002,6,2,04,we,,,,0,0,201026458704we,16563201004104341,,,1157.1667436,,,201026458704we,,0,05/04/2021
2010,45,7,5,1656320100410004,6,2,04,we,8835440901,584,2,0,0,201026458704we,16563201004104341,RED DRUM,,1157.1667436,22,58,201026458704we,,0,05/04/2021
2010,45,7,5,1656320100410004,6,2,04,we,8835440901,409,0.8,0,0,201026458704we,16563201004104341,RED DRUM,,1157.1667436,16,40,201026458704we,,0,05/04/2021
2010,45,7,5,1656320100410004,6,2,04,we,8835440901,480,1.25,0,0,201026458704we,16563201004104341,RED DRUM,,1157.1667436,18,48,201026458704we,,0,05/04/2021
2010,45,7,5,1656320100410004,6,2,04,we,8835440901,512,1.45,0,0,201026458704we,16563201004104341,RED DRUM,,1157.1667436,20,51,201026458704we,,0,05/04/2021
2010,45,7,5,1656320100410004,6,2,04,we,8835440901,516,1.5,0,0,201026458704we,16563201004104341,RED DRUM,,1157.1667436,20,51,201026458704we,,0,05/04/2021
2010,45,7,5,1656320100410004,6,2,04,we,8835440901,521,1.55,0,0,201026458704we,16563201004104341,RED DRUM,,1157.1667436,20,52,201026458704we,,0,05/04/2021
2010,45,7,5,1656320100410004,6,2,04,we,8835440601,299,0.3,0,0,201026458704we,16563201004104341,SOUTHERN KINGFISH,,1157.1667436,11,29,201026458704we,,0,05/04/2021
2010,45,7,5,1656320100410006,6,2,04,we,,,,0,0,201026458704we,16563201004104341,,,2314.3334871,,,201026458704we,,0,05/04/2021
2010,45,7,5,1656320100410008,6,2,04,we,8835440901,548,1.85,0,0,201026458704we,16563201004104341,RED DRUM,,1157.1667436,21,54,201026458704we,,0,05/04/2021
2010,45,7,5,1656320100410008,6,2,04,we,8835440901,531,1.7,0,0,201026458704we,16563201004104341,RED DRUM,,1157.1667436,20,53,201026458704we,,0,05/04/2021
2010,45,7,5,1656320100410008,6,2,04,we,8835440901,421,0.85,0,0,201026458704we,16563201004104341,RED DRUM,,1157.1667436,16,42,201026458704we,,0,05/04/2021
2010,45,7,5,1656320100410008,6,2,04,we,8835440901,394,0.75,0,0,201026458704we,16563201004104341,RED DRUM,,1157.1667436,15,39,201026458704we,,0,05/04/2021
2010,45,7,5,1656320100410008,6,2,04,we,8835440901,417,0.85,0,0,201026458704we,16563201004104341,RED DRUM,,1157.1667436,16,41,201026458704we,,0,05/04/2021
2010,45,7,5,1656320100410009,6,2,04,we,,,,0,0,201026458704we,16563201004104341,,,1157.1667436,,,201026458704we,,0,05/04/2021
2010,45,7,5,1656320100410010,6,2,04,we,8835440702,156.82179811,0.05,1,1,201026458704we,16563201004104341,ATLANTIC CROAKER,,2777.2001846,6,15,201026458704we,,0,05/04/2021
2010,45,7,5,1656320100410010,6,2,04,we,8835440702,188,0.1,1,1,201026458704we,16563201004104341,ATLANTIC CROAKER,,2777.2001846,7,18,201026458704we,,0,05/04/2021
2010,45,7,5,1656320100410010,6,2,04,we,8835440702,210,0.2,1,1,201026458704we,16563201004104341,ATLANTIC CROAKER,,2777.2001846,8,21,201026458704we,,0,05/04/2021
2010,45,7,5,1656320100410010,6,2,04,we,8835440702,210,0.2,1,1,201026458704we,16563201004104341,ATLANTIC CROAKER,,2777.2001846,8,21,201026458704we,,0,05/04/2021
2010,45,7,5,1656320100410010,6,2,04,we,8835440702,245,0.15,1,1,201026458704we,16563201004104341,ATLANTIC CROAKER,,2777.2001846,9,24,201026458704we,,0,05/04/2021
2010,45,7,5,1656320100410010,6,2,04,we,8835440601,264,0.2,1,1,201026458704we,16563201004104341,SOUTHERN KINGFISH,,1157.1667436,10,26,201026458704we,,0,05/04/2021
2010,45,7,5,1656320100410011,6,2,04,we,,,,0,0,201026458704we,16563201004104341,,,1157.1667436,,,201026458704we,,0,05/04/2021
2010,45,7,5,1656320100410013,6,2,04,we,8835440601,324,0.4,1,1,201026458704we,16563201004104341,SOUTHERN KINGFISH,,2314.3334871,12,32,201026458704we,,0,05/04/2021
2010,45,7,5,1656320100410013,6,2,04,we,8835440601,327,0.4,1,1,201026458704we,16563201004104341,SOUTHERN KINGFISH,,2314.3334871,12,32,201026458704we,,0,05/04/2021
2010,45,7,5,1656320100410013,6,2,04,we,8777020105,384,1,1,1,201026458704we,16563201004104341,CHANNEL CATFISH,,2777.2001846,15,38,201026458704we,,0,05/04/2021
2010,45,7,5,1656320100410013,6,2,04,we,8777020105,440,1.56,1,1,201026458704we,16563201004104341,CHANNEL CATFISH,,2777.2001846,17,44,201026458704we,,0,05/04/2021
2010,45,7,5,1656320100410013,6,2,04,we,8777020105,513,2.06,1,1,201026458704we,16563201004104341,CHANNEL CATFISH,,2777.2001846,20,51,201026458704we,,0,05/04/2021
2010,45,7,5,1656320100410013,6,2,04,we,8777020105,551,2.5,1,1,201026458704we,16563201004104341,CHANNEL CATFISH,,2777.2001846,21,55,201026458704we,,0,05/04/2021
2010,45,7,5,1656320100410013,6,2,04,we,8777020105,727,6.22,1,1,201026458704we,16563201004104341,CHANNEL CATFISH,,2777.2001846,28,72,201026458704we,,0,05/04/2021
2010,45,7,5,1656320100410014,6,2,04,we,,,,0,0,201026458704we,16563201004104341,,,3471.5002307,,,201026458704we,,0,05/04/2021
2010,45,7,1,1656320100411001,6,2,04,we,8835020301,325,0.55,1,1,201026458704we,16563201004111979,BLACK SEA BASS,,334.67391285,12,32,201026458704we,,0,05/04/2021
2010,45,7,1,1656320100411001,6,2,04,we,8835020301,325,0.55,1,1,201026458704we,16563201004111979,BLACK SEA BASS,,334.67391285,12,32,201026458704we,,0,05/04/2021
2010,45,7,1,1656320100411002,6,2,04,we,8835020301,325,0.55,1,1,201026458704we,16563201004111979,BLACK SEA BASS,,334.67391285,12,32,201026458704we,,0,05/04/2021
2010,45,7,1,1656320100411002,6,2,04,we,8835020301,325,0.55,1,1,201026458704we,16563201004111979,BLACK SEA BASS,,334.67391285,12,32,201026458704we,,0,05/04/2021
2010,45,7,1,1656320100411003,6,2,04,we,8835020301,325,0.55,1,1,201026458704we,16563201004111979,BLACK SEA BASS,,334.67391285,12,32,201026458704we,,0,05/04/2021
2010,45,7,1,1656320100411004,6,2,04,we,,,,0,0,201026458704we,16563201004111979,,,334.67391285,,,201026458704we,,0,05/04/2021
2010,45,7,1,1656320100411005,6,2,04,we,,,,0,0,201026458704we,16563201004111979,,,334.67391285,,,201026458704we,,0,05/04/2021
2010,45,7,2,1656320100411007,6,2,04,we,8835020301,325,0.55,1,1,201026458704we,16563201004111979,BLACK SEA BASS,,469.04119195,12,32,201026458704we,,0,05/04/2021
2010,45,7,2,1656320100411008,6,2,04,we,8850030601,1162,11.3,0,0,201026458704we,16563201004111979,WAHOO,,469.04119195,45,116,201026458704we,,0,05/04/2021
2010,45,7,2,1656320100411008,6,2,04,we,8835020301,310,0.45,1,1,201026458704we,16563201004111979,BLACK SEA BASS,,469.04119195,12,31,201026458704we,,0,05/04/2021
2010,45,7,2,1656320100411009,6,2,04,we,8835020301,310,0.45,1,1,201026458704we,16563201004111979,BLACK SEA BASS,,469.04119195,12,31,201026458704we,,0,05/04/2021
2010,45,7,2,1656320100411010,6,2,04,we,8835020301,310,0.45,1,1,201026458704we,16563201004111979,BLACK SEA BASS,,469.04119195,12,31,201026458704we,,0,05/04/2021
2010,45,7,2,1656320100411010,6,2,04,we,8835020301,310,0.45,1,1,201026458704we,16563201004111979,BLACK SEA BASS,,469.04119195,12,31,201026458704we,,0,05/04/2021
2010,45,7,5,1656320100429004,6,2,04,wd,8835430301,436,1.95,0,0,201026458704wd,16563201004291957,SHEEPSHEAD,,1636.4473863,17,43,201026458704wd,,0,05/04/2021
2010,45,7,5,1656320100429006,6,2,04,wd,,,,0,0,201026458704wd,16563201004291957,,,1636.4473863,,,201026458704wd,,0,05/04/2021
2010,45,7,5,1656320100429007,6,2,04,wd,8835440901,417,0.85,1,1,201026458704wd,16563201004291957,RED DRUM,,1636.4473863,16,41,201026458704wd,,0,05/04/2021
2010,45,7,5,1656320100429007,6,2,04,wd,8835440901,409,0.8,1,1,201026458704wd,16563201004291957,RED DRUM,,1636.4473863,16,40,201026458704wd,,0,05/04/2021
2010,45,7,1,1656320100429009,6,2,04,wd,,,,0,0,201026458704wd,16563201004291957,,,1162.774763,,,201026458704wd,,0,05/04/2021
2010,45,7,5,1656320100429010,6,2,04,wd,8857030300,,,0,0,201026458704wd,16563201004291957,LEFTEYE FLOUNDER GENUS,,1636.4473863,,,201026458704wd,,0,05/04/2021
2010,45,7,5,1656320100429011,6,2,04,wd,8857030300,,,0,0,201026458704wd,16563201004291957,LEFTEYE FLOUNDER GENUS,,3272.8947726,,,201026458704wd,,0,05/04/2021
2010,45,7,2,1656320100429012,6,2,04,wd,8835290101,1062,10.8,1,1,201026458704wd,16563201004291957,DOLPHIN,,2281.4594619,41,106,201026458704wd,,0,05/04/2021
2010,45,7,2,1656320100429012,6,2,04,wd,8835290101,1062,10.8,1,1,201026458704wd,16563201004291957,DOLPHIN,,2281.4594619,41,106,201026458704wd,,0,05/04/2021
2010,45,7,2,1656320100429012,6,2,04,wd,8835290101,1094.5263454,10.3,1,1,201026458704wd,16563201004291957,DOLPHIN,,2281.4594619,43,109,201026458704wd,,0,05/04/2021
2010,45,7,2,1656320100429012,6,2,04,wd,8835290101,1094.5263454,10.3,1,1,201026458704wd,16563201004291957,DOLPHIN,,2281.4594619,43,109,201026458704wd,,0,05/04/2021
2010,45,7,2,1656320100429012,6,2,04,wd,8835290101,1062,10.8,1,1,201026458704wd,16563201004291957,DOLPHIN,,2281.4594619,41,106,201026458704wd,,0,05/04/2021
2010,45,7,2,1656320100429013,6,2,04,wd,8835290101,472,1,1,1,201026458704wd,16563201004291957,DOLPHIN,,2607.3822421,18,47,201026458704wd,,0,05/04/2021
2010,45,7,2,1656320100429013,6,2,04,wd,8835290101,880,5.8,1,1,201026458704wd,16563201004291957,DOLPHIN,,2607.3822421,34,88,201026458704wd,,0,05/04/2021
2010,45,7,2,1656320100429013,6,2,04,wd,8835290101,890,6.7,1,1,201026458704wd,16563201004291957,DOLPHIN,,2607.3822421,35,89,201026458704wd,,0,05/04/2021
2010,45,7,2,1656320100429013,6,2,04,wd,8835290101,1050,11.5,1,1,201026458704wd,16563201004291957,DOLPHIN,,2607.3822421,41,105,201026458704wd,,0,05/04/2021
2010,45,7,2,1656320100429013,6,2,04,wd,8835290101,1120,10.2,1,1,201026458704wd,16563201004291957,DOLPHIN,,2607.3822421,44,112,201026458704wd,,0,05/04/2021
2010,45,7,2,1656320100429014,6,2,04,wd,8835290101,472,1,1,1,201026458704wd,16563201004291957,DOLPHIN,,2607.3822421,18,47,201026458704wd,,0,05/04/2021
2010,45,7,2,1656320100429014,6,2,04,wd,8835290101,1020,8.7,1,1,201026458704wd,16563201004291957,DOLPHIN,,2607.3822421,40,102,201026458704wd,,0,05/04/2021
2010,45,7,2,1656320100429014,6,2,04,wd,8835290101,1020,8.7,1,1,201026458704wd,16563201004291957,DOLPHIN,,2607.3822421,40,102,201026458704wd,,0,05/04/2021
2010,45,7,2,1656320100429014,6,2,04,wd,8835290101,1120,10.2,1,1,201026458704wd,16563201004291957,DOLPHIN,,2607.3822421,44,112,201026458704wd,,0,05/04/2021
2010,45,7,2,1656320100429014,6,2,04,wd,8835290101,890,6.7,1,1,201026458704wd,16563201004291957,DOLPHIN,,2607.3822421,35,89,201026458704wd,,0,05/04/2021
2010,45,7,5,1656320100429015,6,2,04,wd,8835430301,377,1.35,1,1,201026458704wd,16563201004291957,SHEEPSHEAD,,1636.4473863,14,37,201026458704wd,,0,05/04/2021
2010,45,7,5,1656320100429015,6,2,04,wd,8835430301,280,0.6,1,1,201026458704wd,16563201004291957,SHEEPSHEAD,,1636.4473863,11,28,201026458704wd,,0,05/04/2021
2010,45,7,5,1656320100429015,6,2,04,wd,8835430301,423,1.75,1,1,201026458704wd,16563201004291957,SHEEPSHEAD,,1636.4473863,16,42,201026458704wd,,0,05/04/2021
2010,45,7,2,1656320100429017,6,2,04,wd,8835290101,560,1.1,1,1,201026458704wd,16563201004291957,DOLPHIN,,8029.3836918,22,56,201026458704wd,,0,05/04/2021
2010,45,7,2,1656320100429017,6,2,04,wd,8835290101,560,1.1,1,1,201026458704wd,16563201004291957,DOLPHIN,,8029.3836918,22,56,201026458704wd,,0,05/04/2021
2010,45,7,2,1656320100429017,6,2,04,wd,8835290101,963,6.2,1,1,201026458704wd,16563201004291957,DOLPHIN,,8029.3836918,37,96,201026458704wd,,0,05/04/2021
2010,45,7,2,1656320100429017,6,2,04,wd,8835290101,1010,9.3,1,1,201026458704wd,16563201004291957,DOLPHIN,,8029.3836918,39,101,201026458704wd,,0,05/04/2021
2010,45,7,2,1656320100429017,6,2,04,wd,8835290101,1010,9.3,1,1,201026458704wd,16563201004291957,DOLPHIN,,8029.3836918,39,101,201026458704wd,,0,05/04/2021
2010,45,7,5,1675320100424001,6,2,04,we,8835440601,266,0.2,1,1,201026458704we,16753201004241973,SOUTHERN KINGFISH,,17763.829943,10,26,201026458704we,,0,05/04/2021
2010,45,7,5,1675320100424001,6,2,04,we,8835440601,278,0.25,1,1,201026458704we,16753201004241973,SOUTHERN KINGFISH,,17763.829943,10,27,201026458704we,,0,05/04/2021
2010,45,7,5,1675320100424001,6,2,04,we,8835440601,306,0.3,1,1,201026458704we,16753201004241973,SOUTHERN KINGFISH,,17763.829943,12,30,201026458704we,,0,05/04/2021
2010,45,7,5,1675320100424001,6,2,04,we,8835440601,311,0.3,1,1,201026458704we,16753201004241973,SOUTHERN KINGFISH,,17763.829943,12,31,201026458704we,,0,05/04/2021
2010,45,7,5,1675320100424001,6,2,04,we,8708030101,935,7.6,1,1,201026458704we,16753201004241973,BONNETHEAD,,4440.9574856,36,93,201026458704we,,0,05/04/2021
2010,45,7,5,1675320100424001,6,2,04,we,8835440601,278,0.25,1,1,201026458704we,16753201004241973,SOUTHERN KINGFISH,,17763.829943,10,27,201026458704we,,0,05/04/2021
2010,45,7,5,1675320100424003,6,2,04,we,8835440601,205,0.2,1,1,201026458704we,16753201004241975,SOUTHERN KINGFISH,,10728.716871,8,20,201026458704we,,0,05/04/2021
2010,45,7,5,1675320100424003,6,2,04,we,8835440601,205,0.2,1,1,201026458704we,16753201004241975,SOUTHERN KINGFISH,,10728.716871,8,20,201026458704we,,0,05/04/2021
2010,45,7,5,1675320100424003,6,2,04,we,8835440601,234,0.1572160226,1,1,201026458704we,16753201004241975,SOUTHERN KINGFISH,,10728.716871,9,23,201026458704we,,0,05/04/2021
2010,45,7,5,1675320100424003,6,2,04,we,8835440601,287,0.25,1,1,201026458704we,16753201004241975,SOUTHERN KINGFISH,,10728.716871,11,28,201026458704we,,0,05/04/2021
2010,45,7,5,1675320100424003,6,2,04,we,8835440601,299,0.3,1,1,201026458704we,16753201004241975,SOUTHERN KINGFISH,,10728.716871,11,29,201026458704we,,0,05/04/2021
2010,45,7,5,1675320100424003,6,2,04,we,8835440102,476,0.9,1,1,201026458704we,16753201004241975,SPOTTED SEATROUT,,1490.0995654,18,47,201026458704we,,0,05/04/2021
2010,45,7,5,1675320100424004,6,2,04,we,,,,0,0,201026458704we,16753201004241975,,,2884.1756218,,,201026458704we,,0,05/04/2021
2010,45,7,5,1675320100424005,6,2,04,we,,,,0,0,201026458704we,16753201004241975,,,1153.6702487,,,201026458704we,,0,05/04/2021
2010,45,7,5,1675320100424006,6,2,04,we,,,,0,0,201026458704we,16753201004241975,,,1153.6702487,,,201026458704we,,0,05/04/2021
2010,45,7,2,1675320100424007,6,2,04,we,,,,0,0,201026458704we,16753201004241975,,,1471.9034656,,,201026458704we,,0,05/04/2021
2010,45,7,5,1675320100424008,6,2,04,we,8835440600,,,0,0,201026458704we,16753201004241975,KINGFISH GENUS,,27688.085969,,,201026458704we,,0,05/04/2021
2010,45,7,1,1675320100424010,6,2,04,we,,,,0,0,201026458704we,16753201004241975,,,1050.2439884,,,201026458704we,,0,05/04/2021
2010,45,7,5,1675320100424011,6,2,04,we,,,,0,0,201026458704we,16753201004241975,,,2307.3404974,,,201026458704we,,0,05/04/2021
2010,45,7,5,1675320100424013,6,2,04,we,,,,0,0,201026458704we,16753201004241975,,,1730.5053731,,,201026458704we,,0,05/04/2021
2010,45,7,5,1675320100424015,6,2,04,we,,,,0,0,201026458704we,16753201004241975,,,1153.6702487,,,201026458704we,,0,05/04/2021
2010,45,7,5,1675320100427002,6,2,04,wd,,,,0,0,201026458704wd,16753201004271975,,,2574.6413842,,,201026458704wd,,0,05/04/2021
2010,45,7,2,1680220100309001,6,2,03,wd,8835020301,308,0.35,0,0,201026458703wd,1680220100309513341,BLACK SEA BASS,,6443.5224145,12,30,201026458703wd,,0,05/04/2021
2010,45,7,2,1680220100309001,6,2,03,wd,8835020301,308,0.35,1,1,201026458703wd,1680220100309513341,BLACK SEA BASS,,6443.5224145,12,30,201026458703wd,,0,05/04/2021
2010,45,7,2,1680220100309001,6,2,03,wd,8835020301,308,0.35,1,1,201026458703wd,1680220100309513341,BLACK SEA BASS,,6443.5224145,12,30,201026458703wd,,0,05/04/2021
2010,45,7,2,1680220100309001,6,2,03,wd,8835020301,310,0.45,0,0,201026458703wd,1680220100309513341,BLACK SEA BASS,,6443.5224145,12,31,201026458703wd,,0,05/04/2021
2010,45,7,2,1680220100309001,6,2,03,wd,8835020301,310,0.45,1,1,201026458703wd,1680220100309513341,BLACK SEA BASS,,6443.5224145,12,31,201026458703wd,,0,05/04/2021
2010,45,7,2,1680220100309001,6,2,03,wd,8835020301,310,0.45,1,1,201026458703wd,1680220100309513341,BLACK SEA BASS,,6443.5224145,12,31,201026458703wd,,0,05/04/2021
2010,45,7,2,1680220100309001,6,2,03,wd,8835020301,322,0.55,0,0,201026458703wd,1680220100309513341,BLACK SEA BASS,,6443.5224145,12,32,201026458703wd,,0,05/04/2021
2010,45,7,2,1680220100309001,6,2,03,wd,8835020301,325,0.55,0,0,201026458703wd,1680220100309513341,BLACK SEA BASS,,6443.5224145,12,32,201026458703wd,,0,05/04/2021
2010,45,7,2,1680220100309001,6,2,03,wd,8835020301,356,0.7,0,0,201026458703wd,1680220100309513341,BLACK SEA BASS,,6443.5224145,14,35,201026458703wd,,0,05/04/2021
2010,45,7,2,1680220100309002,6,2,03,wd,,,,0,0,201026458703wd,1680220100309513341,,,2899.5850865,,,201026458703wd,,0,05/04/2021
2010,45,7,2,1680220100309003,6,2,03,wd,,,,0,0,201026458703wd,1680220100309513341,,,2899.5850865,,,201026458703wd,,0,05/04/2021
2010,45,7,5,1680320100306003,6,2,03,we,8835440901,657,2,0,0,201026458703we,16803201003064341,RED DRUM,,3318.7548206,25,65,201026458703we,,0,05/04/2021
2010,45,7,5,1680320100306003,6,2,03,we,8835440901,495,1.5,0,0,201026458703we,16803201003064341,RED DRUM,,3318.7548206,19,49,201026458703we,,0,05/04/2021
2010,45,7,5,1680320100306003,6,2,03,we,8835440102,480,1.55,0,0,201026458703we,16803201003064341,SPOTTED SEATROUT,,3318.7548206,18,48,201026458703we,,0,05/04/2021
2010,45,7,5,1680320100306004,6,2,03,we,8835440901,497,1.4598775067,0,1,201026458703we,16803201003064341,RED DRUM,,3318.7548206,19,49,201026458703we,,0,05/04/2021
2010,45,7,2,1680320100319001,6,2,03,wd,8835020301,308,0.35,1,1,201026458703wd,168032010031943157,BLACK SEA BASS,,13852.193666,12,30,201026458703wd,,0,05/04/2021
2010,45,7,2,1680320100319001,6,2,03,wd,8835020301,308,0.35,1,1,201026458703wd,168032010031943157,BLACK SEA BASS,,13852.193666,12,30,201026458703wd,,0,05/04/2021
2010,45,7,2,1680320100319001,6,2,03,wd,8835020301,308,0.35,1,1,201026458703wd,168032010031943157,BLACK SEA BASS,,13852.193666,12,30,201026458703wd,,0,05/04/2021
2010,45,7,2,1680320100319001,6,2,03,wd,8835020301,356,0.7,1,1,201026458703wd,168032010031943157,BLACK SEA BASS,,13852.193666,14,35,201026458703wd,,0,05/04/2021
2010,45,7,2,1680320100319001,6,2,03,wd,8835020301,356,0.7,1,1,201026458703wd,168032010031943157,BLACK SEA BASS,,13852.193666,14,35,201026458703wd,,0,05/04/2021
2010,45,7,2,1680320100319002,6,2,03,wd,8835020301,322,0.55,1,1,201026458703wd,168032010031943157,BLACK SEA BASS,,13852.193666,12,32,201026458703wd,,0,05/04/2021
2010,45,7,2,1680320100319002,6,2,03,wd,8835020301,356,0.7,1,1,201026458703wd,168032010031943157,BLACK SEA BASS,,13852.193666,14,35,201026458703wd,,0,05/04/2021
2010,45,7,2,1680320100319002,6,2,03,wd,8835020301,356,0.7,1,1,201026458703wd,168032010031943157,BLACK SEA BASS,,13852.193666,14,35,201026458703wd,,0,05/04/2021
2010,45,7,2,1680320100319002,6,2,03,wd,8835020301,356,0.7,1,1,201026458703wd,168032010031943157,BLACK SEA BASS,,13852.193666,14,35,201026458703wd,,0,05/04/2021
2010,45,7,2,1680320100319002,6,2,03,wd,8835020301,356,0.7,1,1,201026458703wd,168032010031943157,BLACK SEA BASS,,13852.193666,14,35,201026458703wd,,0,05/04/2021
2010,45,7,2,1680320100319003,6,2,03,wd,8835020301,301,0.45,1,1,201026458703wd,168032010031943157,BLACK SEA BASS,,13852.193666,11,30,201026458703wd,,0,05/04/2021
2010,45,7,2,1680320100319003,6,2,03,wd,8835020301,322,0.55,1,1,201026458703wd,168032010031943157,BLACK SEA BASS,,13852.193666,12,32,201026458703wd,,0,05/04/2021
2010,45,7,2,1680320100319003,6,2,03,wd,8835020301,322,0.55,1,1,201026458703wd,168032010031943157,BLACK SEA BASS,,13852.193666,12,32,201026458703wd,,0,05/04/2021
2010,45,7,2,1680320100319003,6,2,03,wd,8835020301,322,0.55,1,1,201026458703wd,168032010031943157,BLACK SEA BASS,,13852.193666,12,32,201026458703wd,,0,05/04/2021
2010,45,7,2,1680320100319003,6,2,03,wd,8835020301,322,0.55,1,1,201026458703wd,168032010031943157,BLACK SEA BASS,,13852.193666,12,32,201026458703wd,,0,05/04/2021
2010,45,7,2,1680320100319004,6,2,03,wd,8835020301,301,0.45,1,1,201026458703wd,168032010031943157,BLACK SEA BASS,,36292.27536,11,30,201026458703wd,,0,05/04/2021
2010,45,7,2,1680320100319004,6,2,03,wd,8835020301,301,0.45,1,1,201026458703wd,168032010031943157,BLACK SEA BASS,,36292.27536,11,30,201026458703wd,,0,05/04/2021
2010,45,7,2,1680320100319004,6,2,03,wd,8835020301,301,0.45,1,1,201026458703wd,168032010031943157,BLACK SEA BASS,,36292.27536,11,30,201026458703wd,,0,05/04/2021
2010,45,7,2,1680320100319004,6,2,03,wd,8835020301,301,0.45,1,1,201026458703wd,168032010031943157,BLACK SEA BASS,,36292.27536,11,30,201026458703wd,,0,05/04/2021
2010,45,7,2,1680320100319004,6,2,03,wd,8835020301,301,0.45,1,1,201026458703wd,168032010031943157,BLACK SEA BASS,,36292.27536,11,30,201026458703wd,,0,05/04/2021
2010,45,7,1,1680320100319008,6,2,03,wd,,,,0,0,201026458703wd,168032010031943157,,,2575.3208657,,,201026458703wd,,0,05/04/2021
2010,45,7,2,1680320100324005,6,2,03,wd,,,,0,0,201026458703wd,168032010032443161,,,1110.228515,,,201026458703wd,,0,05/04/2021
2010,45,7,1,1680320100324010,6,2,03,wd,,,,0,0,201026458703wd,168032010032443161,,,792.17886971,,,201026458703wd,,0,05/04/2021
2010,45,7,1,1680320100324011,6,2,03,wd,,,,0,0,201026458703wd,168032010032443161,,,792.17886971,,,201026458703wd,,0,05/04/2021
2010,45,7,1,1680320100403001,6,2,04,we,8835440102,462,1.05,0,0,201026458704we,168032010040343161,SPOTTED SEATROUT,,602.50891683,18,46,201026458704we,,0,05/04/2021
2010,45,7,1,1680320100403001,6,2,04,we,8835440102,401,0.7,0,0,201026458704we,168032010040343161,SPOTTED SEATROUT,,602.50891683,15,40,201026458704we,,0,05/04/2021
2010,45,7,1,1680320100403001,6,2,04,we,8835440102,476,0.9,0,0,201026458704we,168032010040343161,SPOTTED SEATROUT,,602.50891683,18,47,201026458704we,,0,05/04/2021
2010,45,7,1,1680320100403002,6,2,04,we,,,,0,0,201026458704we,168032010040343161,,,1807.5267505,,,201026458704we,,0,05/04/2021
2010,45,7,1,1680320100403004,6,2,04,we,,,,0,0,201026458704we,168032010040343161,,,602.50891683,,,201026458704we,,0,05/04/2021
2010,45,7,5,1680320100418001,6,2,04,we,8857030304,432,0.8,0,0,201026458704we,1680320100418431569,SOUTHERN FLOUNDER,,8103.1541024,17,43,201026458704we,,0,05/04/2021
2010,45,7,5,1680320100418002,6,2,04,we,8857030304,422,0.8,0,0,201026458704we,1680320100418431569,SOUTHERN FLOUNDER,,4051.5770512,16,42,201026458704we,,0,05/04/2021
2010,45,7,5,1680320100418003,6,2,04,we,8857030304,356,0.5,0,0,201026458704we,1680320100418431569,SOUTHERN FLOUNDER,,8103.1541024,14,35,201026458704we,,0,05/04/2021
2010,45,7,5,1685320100328001,6,2,03,we,,,,0,0,201026458703we,16853201003281397,,,2934.900028,,,201026458703we,,0,05/04/2021
2010,45,7,5,1685320100417001,6,2,04,we,8835440601,205,0.2,0,0,201026458704we,16853201004171399,SOUTHERN KINGFISH,,1068.3573648,8,20,201026458704we,,0,05/04/2021
2010,45,7,5,1685320100417001,6,2,04,we,8835440601,234,0.1572160226,0,1,201026458704we,16853201004171399,SOUTHERN KINGFISH,,1068.3573648,9,23,201026458704we,,0,05/04/2021
2010,45,7,5,1685320100417001,6,2,04,we,8835440601,205,0.2,0,0,201026458704we,16853201004171399,SOUTHERN KINGFISH,,1068.3573648,8,20,201026458704we,,0,05/04/2021
2010,45,7,5,1685320100417005,6,2,04,we,8835440901,375,0.6221961589,0,1,201026458704we,16853201004171399,RED DRUM,,1068.3573648,14,37,201026458704we,,0,05/04/2021
2010,45,7,5,1685320100417006,6,2,04,we,8835440901,379,0.6425097853,0,1,201026458704we,16853201004171399,RED DRUM,,1068.3573648,14,37,201026458704we,,0,05/04/2021
2010,45,7,5,1685320100417007,6,2,04,we,,,,0,0,201026458704we,16853201004171399,,,1068.3573648,,,201026458704we,,0,05/04/2021
2010,45,7,5,1685320100417009,6,2,04,we,,,,0,0,201026458704we,16853201004171399,,,1068.3573648,,,201026458704we,,0,05/04/2021
2010,45,7,5,1685320100417011,6,2,04,we,,,,0,0,201026458704we,16853201004171399,,,1068.3573648,,,201026458704we,,0,05/04/2021
2010,45,7,5,1685320100417012,6,2,04,we,,,,0,0,201026458704we,16853201004171399,,,1068.3573648,,,201026458704we,,0,05/04/2021
2010,45,7,5,1685320100417013,6,2,04,we,,,,0,0,201026458704we,16853201004171399,,,1068.3573648,,,201026458704we,,0,05/04/2021
2010,45,7,5,1685320100417014,6,2,04,we,,,,0,0,201026458704we,16853201004171399,,,1068.3573648,,,201026458704we,,0,05/04/2021
2010,45,7,5,2656320100313003,6,2,03,we,,,,0,0,201026458703we,26563201003131979,,,524.8268762,,,201026458703we,,0,05/04/2021
2010,45,7,5,2656320100326003,6,2,03,wd,,,,0,0,201026458703wd,26563201003261968,,,3227.9626343,,,201026458703wd,,0,05/04/2021
2010,45,7,5,2656320100417002,6,2,04,we,8835440801,427,1.85,0,0,201026458704we,26563201004171975,BLACK DRUM,,1912.9736267,16,42,201026458704we,,0,05/04/2021
2010,45,7,5,2656320100417003,6,2,04,we,8835440801,378,0.8,0,0,201026458704we,26563201004171975,BLACK DRUM,,2470.828361,14,37,201026458704we,,0,05/04/2021
2010,45,7,5,2656320100417004,6,2,04,we,8713050105,523,7.2,0,0,201026458704we,26563201004171975,ATLANTIC STINGRAY,,2470.828361,20,52,201026458704we,,0,05/04/2021
2010,45,7,5,2656320100417006,6,2,04,we,,,,0,0,201026458704we,26563201004171975,,,1912.9736267,,,201026458704we,,0,05/04/2021
2010,45,7,5,2656320100418002,6,2,04,we,8835440901,375,0.6221961589,1,1,201026458704we,26563201004181957,RED DRUM,,1022.7275299,14,37,201026458704we,,0,05/04/2021
2010,45,7,5,2656320100418002,6,2,04,we,8835440901,548,1.85,1,1,201026458704we,26563201004181957,RED DRUM,,1022.7275299,21,54,201026458704we,,0,05/04/2021
2010,45,7,5,2656320100418003,6,2,04,we,,,,0,0,201026458704we,26563201004181957,,,1022.7275299,,,201026458704we,,0,05/04/2021
2010,45,7,1,2680320100426001,6,2,04,wd,,,,0,0,201026458704wd,268032010042643161,,,3042.2924037,,,201026458704wd,,0,05/04/2021
2010,1,3,1,1502320100304001,7,2,03,wd,,,,0,0,20102718303wd,1502320100304310,,,1502.0532876,,,20102718303wd,,0,05/04/2021
2010,1,3,1,1502320100304007,7,2,03,wd,,,,0,0,20102718303wd,1502320100304310,,,1636.3603214,,,20102718303wd,,0,05/04/2021
2010,1,3,5,1502320100331001,7,2,03,wd,,,,0,0,20102718303wd,150232010033131,,,11344.942586,,,20102718303wd,,0,05/04/2021
2010,1,3,5,1502320100419001,7,2,04,wd,8857030304,405,0.9,1,1,20102718304wd,150232010041931,SOUTHERN FLOUNDER,,3544.3624987,15,40,20102718304wd,,0,05/04/2021
2010,1,3,5,1502320100419004,7,2,04,wd,,,,0,0,20102718304wd,150232010041931,,,3544.3624987,,,20102718304wd,,0,05/04/2021
2010,1,3,5,1502320100419006,7,2,04,wd,8857030304,425,0.83062865,0,1,20102718304wd,150232010041931,SOUTHERN FLOUNDER,,3544.3624987,16,42,20102718304wd,,0,05/04/2021
2010,1,3,1,1503220100308001,7,2,03,wd,8835440602,216,0.2,0,0,20102718303wd,1503220100308310,GULF KINGFISH,,6348.7596446,8,21,20102718303wd,,0,05/04/2021
2010,1,3,1,1503220100308001,7,2,03,wd,8835440602,226,0.2,0,0,20102718303wd,1503220100308310,GULF KINGFISH,,6348.7596446,8,22,20102718303wd,,0,05/04/2021
2010,1,3,1,1503220100308001,7,2,03,wd,8835440602,227,0.2,0,0,20102718303wd,1503220100308310,GULF KINGFISH,,6348.7596446,8,22,20102718303wd,,0,05/04/2021
2010,1,3,1,1503220100308001,7,2,03,wd,8835440602,234,0.2,0,0,20102718303wd,1503220100308310,GULF KINGFISH,,6348.7596446,9,23,20102718303wd,,0,05/04/2021
2010,1,3,1,1503220100308001,7,2,03,wd,8835440602,228,0.2,0,0,20102718303wd,1503220100308310,GULF KINGFISH,,6348.7596446,8,22,20102718303wd,,0,05/04/2021
2010,1,3,1,1503220100308001,7,2,03,wd,8835440602,235,0.2,0,0,20102718303wd,1503220100308310,GULF KINGFISH,,6348.7596446,9,23,20102718303wd,,0,05/04/2021
2010,1,3,1,1503220100308001,7,2,03,wd,8835440602,239,0.2,0,0,20102718303wd,1503220100308310,GULF KINGFISH,,6348.7596446,9,23,20102718303wd,,0,05/04/2021
2010,1,3,1,1503220100308001,7,2,03,wd,8835440602,245,0.25,0,0,20102718303wd,1503220100308310,GULF KINGFISH,,6348.7596446,9,24,20102718303wd,,0,05/04/2021
2010,1,3,1,1503220100308001,7,2,03,wd,8835440602,254,0.25,0,0,20102718303wd,1503220100308310,GULF KINGFISH,,6348.7596446,9,25,20102718303wd,,0,05/04/2021
2010,1,3,1,1503220100308001,7,2,03,wd,8835440602,255,0.25,0,0,20102718303wd,1503220100308310,GULF KINGFISH,,6348.7596446,10,25,20102718303wd,,0,05/04/2021
2010,1,3,1,1503220100308001,7,2,03,wd,8835440602,260,0.25,0,0,20102718303wd,1503220100308310,GULF KINGFISH,,6348.7596446,10,26,20102718303wd,,0,05/04/2021
2010,1,3,1,1503220100308001,7,2,03,wd,8835440602,265,0.3,0,0,20102718303wd,1503220100308310,GULF KINGFISH,,6348.7596446,10,26,20102718303wd,,0,05/04/2021
2010,1,3,1,1503220100308001,7,2,03,wd,8835440602,265,0.3,1,1,20102718303wd,1503220100308310,GULF KINGFISH,,6348.7596446,10,26,20102718303wd,,0,05/04/2021
2010,1,3,1,1503220100308001,7,2,03,wd,8835440602,270,0.3,0,0,20102718303wd,1503220100308310,GULF KINGFISH,,6348.7596446,10,27,20102718303wd,,0,05/04/2021
2010,1,3,1,1503220100308001,7,2,03,wd,8835440602,270,0.3,1,1,20102718303wd,1503220100308310,GULF KINGFISH,,6348.7596446,10,27,20102718303wd,,0,05/04/2021
2010,1,3,1,1503220100308001,7,2,03,wd,8835440602,273,0.25,0,0,20102718303wd,1503220100308310,GULF KINGFISH,,6348.7596446,10,27,20102718303wd,,0,05/04/2021
2010,1,3,1,1503220100308001,7,2,03,wd,8835440602,273,0.25,1,1,20102718303wd,1503220100308310,GULF KINGFISH,,6348.7596446,10,27,20102718303wd,,0,05/04/2021
2010,1,3,1,1503220100308001,7,2,03,wd,8835440602,295,0.35,0,0,20102718303wd,1503220100308310,GULF KINGFISH,,6348.7596446,11,29,20102718303wd,,0,05/04/2021
2010,1,3,1,1503220100308001,7,2,03,wd,8835440602,295,0.35,1,1,20102718303wd,1503220100308310,GULF KINGFISH,,6348.7596446,11,29,20102718303wd,,0,05/04/2021
2010,1,3,1,1503220100308002,7,2,03,wd,8835440602,254,0.25,1,1,20102718303wd,1503220100308310,GULF KINGFISH,,3015.6608312,9,25,20102718303wd,,0,05/04/2021
2010,1,3,1,1503220100308003,7,2,03,wd,8835440602,227,0.2,1,1,20102718303wd,1503220100308310,GULF KINGFISH,,12062.643325,8,22,20102718303wd,,0,05/04/2021
2010,1,3,1,1503220100308003,7,2,03,wd,8835440602,228,0.2,1,1,20102718303wd,1503220100308310,GULF KINGFISH,,12062.643325,8,22,20102718303wd,,0,05/04/2021
2010,1,3,1,1503220100308003,7,2,03,wd,8835440602,234,0.2,1,1,20102718303wd,1503220100308310,GULF KINGFISH,,12062.643325,9,23,20102718303wd,,0,05/04/2021
2010,1,3,1,1503220100308003,7,2,03,wd,8835440602,235,0.2,1,1,20102718303wd,1503220100308310,GULF KINGFISH,,12062.643325,9,23,20102718303wd,,0,05/04/2021
2010,1,3,1,1503220100308003,7,2,03,wd,8835440602,245,0.25,1,1,20102718303wd,1503220100308310,GULF KINGFISH,,12062.643325,9,24,20102718303wd,,0,05/04/2021
2010,1,3,1,1503220100308004,7,2,03,wd,8835440602,219,0.15,0,0,20102718303wd,1503220100308310,GULF KINGFISH,,3685.8076826,8,21,20102718303wd,,0,05/04/2021
2010,1,3,1,1503220100308004,7,2,03,wd,8835440602,219,0.15,0,0,20102718303wd,1503220100308310,GULF KINGFISH,,3685.8076826,8,21,20102718303wd,,0,05/04/2021
2010,1,3,1,1503220100308004,7,2,03,wd,8835440602,226,0.2,1,1,20102718303wd,1503220100308310,GULF KINGFISH,,3685.8076826,8,22,20102718303wd,,0,05/04/2021
2010,1,3,1,1503220100308004,7,2,03,wd,8835440602,247,0.2,0,0,20102718303wd,1503220100308310,GULF KINGFISH,,3685.8076826,9,24,20102718303wd,,0,05/04/2021
2010,1,3,1,1503220100308004,7,2,03,wd,8835440602,247,0.2,1,1,20102718303wd,1503220100308310,GULF KINGFISH,,3685.8076826,9,24,20102718303wd,,0,05/04/2021
2010,1,3,1,1503220100308004,7,2,03,wd,8835440602,250,0.2,0,0,20102718303wd,1503220100308310,GULF KINGFISH,,3685.8076826,9,25,20102718303wd,,0,05/04/2021
2010,1,3,1,1503220100308004,7,2,03,wd,8835440602,250,0.2,1,1,20102718303wd,1503220100308310,GULF KINGFISH,,3685.8076826,9,25,20102718303wd,,0,05/04/2021
2010,1,3,1,1503220100308004,7,2,03,wd,8835440602,261,0.25,0,0,20102718303wd,1503220100308310,GULF KINGFISH,,3685.8076826,10,26,20102718303wd,,0,05/04/2021
2010,1,3,1,1503220100308004,7,2,03,wd,8835440602,261,0.25,1,1,20102718303wd,1503220100308310,GULF KINGFISH,,3685.8076826,10,26,20102718303wd,,0,05/04/2021
2010,1,3,1,1503220100308005,7,2,03,wd,8835440602,219,0.15,1,1,20102718303wd,1503220100308310,GULF KINGFISH,,3015.6608312,8,21,20102718303wd,,0,05/04/2021
2010,1,3,1,1503220100308005,7,2,03,wd,8835440602,305,0.4,1,1,20102718303wd,1503220100308310,GULF KINGFISH,,3015.6608312,12,30,20102718303wd,,0,05/04/2021
2010,1,3,1,1503220100308005,7,2,03,wd,8835440602,311,0.45,1,1,20102718303wd,1503220100308310,GULF KINGFISH,,3015.6608312,12,31,20102718303wd,,0,05/04/2021
2010,1,3,1,1503220100308006,7,2,03,wd,8835440602,259,0.25,0,0,20102718303wd,1503220100308310,GULF KINGFISH,,5237.7267068,10,25,20102718303wd,,0,05/04/2021
2010,1,3,1,1503220100308006,7,2,03,wd,8835440602,263,0.25,0,0,20102718303wd,1503220100308310,GULF KINGFISH,,5237.7267068,10,26,20102718303wd,,0,05/04/2021
2010,1,3,1,1503220100308006,7,2,03,wd,8835440602,266,0.25,0,0,20102718303wd,1503220100308310,GULF KINGFISH,,5237.7267068,10,26,20102718303wd,,0,05/04/2021
2010,1,3,1,1503220100308006,7,2,03,wd,8835440602,269,0.3,0,0,20102718303wd,1503220100308310,GULF KINGFISH,,5237.7267068,10,26,20102718303wd,,0,05/04/2021
2010,1,3,1,1503220100308006,7,2,03,wd,8835440602,270,0.3,0,0,20102718303wd,1503220100308310,GULF KINGFISH,,5237.7267068,10,27,20102718303wd,,0,05/04/2021
2010,1,3,1,1503220100308006,7,2,03,wd,8835440602,271,0.3,0,0,20102718303wd,1503220100308310,GULF KINGFISH,,5237.7267068,10,27,20102718303wd,,0,05/04/2021
2010,1,3,1,1503220100308006,7,2,03,wd,8835440602,274,0.3,0,0,20102718303wd,1503220100308310,GULF KINGFISH,,5237.7267068,10,27,20102718303wd,,0,05/04/2021
2010,1,3,1,1503220100308006,7,2,03,wd,8835440602,250,0.25,0,0,20102718303wd,1503220100308310,GULF KINGFISH,,5237.7267068,9,25,20102718303wd,,0,05/04/2021
2010,1,3,1,1503220100308006,7,2,03,wd,8835440602,284,0.3,0,0,20102718303wd,1503220100308310,GULF KINGFISH,,5237.7267068,11,28,20102718303wd,,0,05/04/2021
2010,1,3,1,1503220100308006,7,2,03,wd,8835440602,284,0.3,1,1,20102718303wd,1503220100308310,GULF KINGFISH,,5237.7267068,11,28,20102718303wd,,0,05/04/2021
2010,1,3,1,1503220100308006,7,2,03,wd,8835440602,285,0.3,0,0,20102718303wd,1503220100308310,GULF KINGFISH,,5237.7267068,11,28,20102718303wd,,0,05/04/2021
2010,1,3,1,1503220100308006,7,2,03,wd,8835440602,285,0.3,1,1,20102718303wd,1503220100308310,GULF KINGFISH,,5237.7267068,11,28,20102718303wd,,0,05/04/2021
2010,1,3,1,1503220100308006,7,2,03,wd,8835440602,286,0.3,0,0,20102718303wd,1503220100308310,GULF KINGFISH,,5237.7267068,11,28,20102718303wd,,0,05/04/2021
2010,1,3,1,1503220100308006,7,2,03,wd,8835440602,300,0.4,0,0,20102718303wd,1503220100308310,GULF KINGFISH,,5237.7267068,11,30,20102718303wd,,0,05/04/2021
2010,1,3,1,1503220100308006,7,2,03,wd,8835440602,300,0.4,1,1,20102718303wd,1503220100308310,GULF KINGFISH,,5237.7267068,11,30,20102718303wd,,0,05/04/2021
2010,1,3,1,1503220100308006,7,2,03,wd,8835440602,301,0.4,0,0,20102718303wd,1503220100308310,GULF KINGFISH,,5237.7267068,11,30,20102718303wd,,0,05/04/2021
2010,1,3,1,1503220100308006,7,2,03,wd,8835440602,301,0.4,1,1,20102718303wd,1503220100308310,GULF KINGFISH,,5237.7267068,11,30,20102718303wd,,0,05/04/2021
2010,1,3,1,1503220100308006,7,2,03,wd,8835440602,305,0.4,0,0,20102718303wd,1503220100308310,GULF KINGFISH,,5237.7267068,12,30,20102718303wd,,0,05/04/2021
2010,1,3,1,1503220100308006,7,2,03,wd,8835440602,311,0.45,0,0,20102718303wd,1503220100308310,GULF KINGFISH,,5237.7267068,12,31,20102718303wd,,0,05/04/2021
2010,1,3,1,1503220100308007,7,2,03,wd,,,,0,0,20102718303wd,1503220100308310,,,3015.6608312,,,20102718303wd,,0,05/04/2021
2010,1,3,1,1503220100308009,7,2,03,wd,,,,0,0,20102718303wd,1503220100308310,,,3015.6608312,,,20102718303wd,,0,05/04/2021
2010,1,3,1,1503220100308010,7,2,03,wd,8835440602,274,0.3,1,1,20102718303wd,1503220100308310,GULF KINGFISH,,3285.30803,10,27,20102718303wd,,0,05/04/2021
2010,1,3,1,1518020100309002,7,2,03,wd,8835430301,509,3.5,0,0,20102718303wd,1518020100309312,SHEEPSHEAD,,13996.685376,20,50,20102718303wd,,0,05/04/2021
2010,1,3,1,1518020100309002,7,2,03,wd,8835430301,292,0.6,0,0,20102718303wd,1518020100309312,SHEEPSHEAD,,13996.685376,11,29,20102718303wd,,0,05/04/2021
2010,1,3,1,1518020100309003,7,2,03,wd,8835430301,314,0.8,0,0,20102718303wd,1518020100309312,SHEEPSHEAD,,13996.685376,12,31,20102718303wd,,0,05/04/2021
2010,1,3,1,1518020100309004,7,2,03,wd,8835430301,509,3.5,1,1,20102718303wd,1518020100309312,SHEEPSHEAD,,6998.3426878,20,50,20102718303wd,,0,05/04/2021
2010,1,3,1,1518020100309004,7,2,03,wd,8835430301,314,0.8,1,1,20102718303wd,1518020100309312,SHEEPSHEAD,,6998.3426878,12,31,20102718303wd,,0,05/04/2021
2010,1,3,1,1518020100309004,7,2,03,wd,8835430301,292,0.6,1,1,20102718303wd,1518020100309312,SHEEPSHEAD,,6998.3426878,11,29,20102718303wd,,0,05/04/2021
2010,1,3,1,1518020100404004,7,2,04,we,8835440106,310,0.4,1,1,20102718304we,1518020100404310,SAND SEATROUT,,8484.8076386,12,31,20102718304we,,0,05/04/2021
2010,1,3,1,1518020100404004,7,2,04,we,8835440106,198,0.1,1,1,20102718304we,1518020100404310,SAND SEATROUT,,8484.8076386,7,19,20102718304we,,0,05/04/2021
2010,1,3,1,1518020100404004,7,2,04,we,8835440106,245,0.2,1,1,20102718304we,1518020100404310,SAND SEATROUT,,8484.8076386,9,24,20102718304we,,0,05/04/2021
2010,1,3,1,1518020100404005,7,2,04,we,8835440106,201,0.1,1,1,20102718304we,1518020100404310,SAND SEATROUT,,8484.8076386,7,20,20102718304we,,0,05/04/2021
2010,1,3,1,1518020100404005,7,2,04,we,8835440106,198,0.1,1,1,20102718304we,1518020100404310,SAND SEATROUT,,8484.8076386,7,19,20102718304we,,0,05/04/2021
2010,1,3,1,1518020100404006,7,2,04,we,8835440106,311,0.4,1,1,20102718304we,1518020100404310,SAND SEATROUT,,23365.208214,12,31,20102718304we,,0,05/04/2021
2010,1,3,1,1518020100404006,7,2,04,we,8835440106,197,0.1,1,1,20102718304we,1518020100404310,SAND SEATROUT,,23365.208214,7,19,20102718304we,,0,05/04/2021
2010,1,3,1,1518020100404006,7,2,04,we,8835440106,243,0.2,1,1,20102718304we,1518020100404310,SAND SEATROUT,,23365.208214,9,24,20102718304we,,0,05/04/2021
2010,1,3,1,1518020100404006,7,2,04,we,8835440106,239,0.2,1,1,20102718304we,1518020100404310,SAND SEATROUT,,23365.208214,9,23,20102718304we,,0,05/04/2021
2010,1,3,1,1518020100404006,7,2,04,we,8835440106,241,0.2,1,1,20102718304we,1518020100404310,SAND SEATROUT,,23365.208214,9,24,20102718304we,,0,05/04/2021
2010,1,3,1,1518020100404007,7,2,04,we,8835440106,192,0.1,1,1,20102718304we,1518020100404310,SAND SEATROUT,,20363.538333,7,19,20102718304we,,0,05/04/2021
2010,1,3,1,1518020100404007,7,2,04,we,8835440106,203,0.1,1,1,20102718304we,1518020100404310,SAND SEATROUT,,20363.538333,7,20,20102718304we,,0,05/04/2021
2010,1,3,1,1518020100404007,7,2,04,we,8835440106,245,0.2,1,1,20102718304we,1518020100404310,SAND SEATROUT,,20363.538333,9,24,20102718304we,,0,05/04/2021
2010,1,3,1,1518020100404007,7,2,04,we,8835440106,192,0.1,1,1,20102718304we,1518020100404310,SAND SEATROUT,,20363.538333,7,19,20102718304we,,0,05/04/2021
2010,1,3,1,1518020100404007,7,2,04,we,8835440106,310,0.4,1,1,20102718304we,1518020100404310,SAND SEATROUT,,20363.538333,12,31,20102718304we,,0,05/04/2021
2010,1,3,1,1518020100404012,7,2,04,we,8835440106,243,0.2,1,1,20102718304we,1518020100404310,SAND SEATROUT,,30545.307499,9,24,20102718304we,,0,05/04/2021
2010,1,3,1,1518020100404012,7,2,04,we,8835440106,311,0.4,1,1,20102718304we,1518020100404310,SAND SEATROUT,,30545.307499,12,31,20102718304we,,0,05/04/2021
2010,1,3,1,1518020100404012,7,2,04,we,8835440106,201,0.1,1,1,20102718304we,1518020100404310,SAND SEATROUT,,30545.307499,7,20,20102718304we,,0,05/04/2021
2010,1,3,1,1518020100404012,7,2,04,we,8835440106,241,0.2,1,1,20102718304we,1518020100404310,SAND SEATROUT,,30545.307499,9,24,20102718304we,,0,05/04/2021
2010,1,3,1,1518020100404012,7,2,04,we,8835440106,239,0.2,1,1,20102718304we,1518020100404310,SAND SEATROUT,,30545.307499,9,23,20102718304we,,0,05/04/2021
2010,1,3,1,1518020100404016,7,2,04,we,8835440702,214,0.1,1,1,20102718304we,1518020100404310,ATLANTIC CROAKER,,7788.4027381,8,21,20102718304we,,0,05/04/2021
2010,1,3,1,1518020100404016,7,2,04,we,8835440602,259,0.25,1,1,20102718304we,1518020100404310,GULF KINGFISH,,17134.486024,10,25,20102718304we,,0,05/04/2021
2010,1,3,1,1518020100404016,7,2,04,we,8835440602,263,0.25,1,1,20102718304we,1518020100404310,GULF KINGFISH,,17134.486024,10,26,20102718304we,,0,05/04/2021
2010,1,3,1,1518020100404016,7,2,04,we,8835440602,266,0.25,1,1,20102718304we,1518020100404310,GULF KINGFISH,,17134.486024,10,26,20102718304we,,0,05/04/2021
2010,1,3,1,1518020100404016,7,2,04,we,8835440602,269,0.3,1,1,20102718304we,1518020100404310,GULF KINGFISH,,17134.486024,10,26,20102718304we,,0,05/04/2021
2010,1,3,1,1518020100404016,7,2,04,we,8835440602,270,0.3,1,1,20102718304we,1518020100404310,GULF KINGFISH,,17134.486024,10,27,20102718304we,,0,05/04/2021
2010,1,3,1,1518020100404018,7,2,04,we,8835440106,255,0.22,1,1,20102718304we,1518020100404310,SAND SEATROUT,,14019.124929,10,25,20102718304we,,0,05/04/2021
2010,1,3,1,1518020100404018,7,2,04,we,8835440106,259,0.2,1,1,20102718304we,1518020100404310,SAND SEATROUT,,14019.124929,10,25,20102718304we,,0,05/04/2021
2010,1,3,1,1518020100404018,7,2,04,we,8835440106,197,0.1,1,1,20102718304we,1518020100404310,SAND SEATROUT,,14019.124929,7,19,20102718304we,,0,05/04/2021
2010,1,3,1,1518020100404018,7,2,04,we,8835440106,203,0.1,1,1,20102718304we,1518020100404310,SAND SEATROUT,,14019.124929,7,20,20102718304we,,0,05/04/2021
2010,1,3,1,1518020100404018,7,2,04,we,8835440106,259,0.2,1,1,20102718304we,1518020100404310,SAND SEATROUT,,14019.124929,10,25,20102718304we,,0,05/04/2021
2010,1,3,1,1518020100404019,7,2,04,we,,,,0,0,20102718304we,1518020100404310,,,7788.4027381,,,20102718304we,,0,05/04/2021
2010,1,3,1,1518120100306010,7,2,03,we,,,,0,0,20102718303we,151812010030631330,,,4358.585058,,,20102718303we,,0,05/04/2021
2010,1,3,1,1526720100411002,7,2,04,we,8835440106,280,0.2,1,1,20102718304we,1526720100411310,SAND SEATROUT,,51990.08575,11,28,20102718304we,,0,05/04/2021
2010,1,3,1,1526720100411002,7,2,04,we,8835440106,255,0.22,1,1,20102718304we,1526720100411310,SAND SEATROUT,,51990.08575,10,25,20102718304we,,0,05/04/2021
2010,1,3,1,1526720100411002,7,2,04,we,8835440106,255,0.22,1,1,20102718304we,1526720100411310,SAND SEATROUT,,51990.08575,10,25,20102718304we,,0,05/04/2021
2010,1,3,1,1526720100411002,7,2,04,we,8835440106,272,0.24,1,1,20102718304we,1526720100411310,SAND SEATROUT,,51990.08575,10,27,20102718304we,,0,05/04/2021
2010,1,3,1,1526720100411002,7,2,04,we,8835440106,280,0.2,1,1,20102718304we,1526720100411310,SAND SEATROUT,,51990.08575,11,28,20102718304we,,0,05/04/2021
2010,1,3,1,1526720100411004,7,2,04,we,8835440106,283,0.24,1,1,20102718304we,1526720100411310,SAND SEATROUT,,56638.811774,11,28,20102718304we,,0,05/04/2021
2010,1,3,1,1526720100411004,7,2,04,we,8835440106,259,0.2,1,1,20102718304we,1526720100411310,SAND SEATROUT,,56638.811774,10,25,20102718304we,,0,05/04/2021
2010,1,3,1,1526720100411004,7,2,04,we,8835440106,279,0.18,1,1,20102718304we,1526720100411310,SAND SEATROUT,,56638.811774,10,27,20102718304we,,0,05/04/2021
2010,1,3,1,1526720100411004,7,2,04,we,8835440106,279,0.18,1,1,20102718304we,1526720100411310,SAND SEATROUT,,56638.811774,10,27,20102718304we,,0,05/04/2021
2010,1,3,1,1526720100411004,7,2,04,we,8835440106,279,0.18,1,1,20102718304we,1526720100411310,SAND SEATROUT,,56638.811774,10,27,20102718304we,,0,05/04/2021
2010,1,3,1,1526720100411005,7,2,04,we,8835280901,321,0.8,0,0,20102718304we,1526720100411310,FLORIDA POMPANO,,9439.8019624,12,32,20102718304we,,0,05/04/2021
2010,1,3,1,1526720100411007,7,2,04,we,8835280901,402,1.35,1,1,20102718304we,1526720100411310,FLORIDA POMPANO,,8665.0142916,15,40,20102718304we,,0,05/04/2021
2010,1,3,1,1526720100411007,7,2,04,we,8835280901,296,0.55,1,1,20102718304we,1526720100411310,FLORIDA POMPANO,,8665.0142916,11,29,20102718304we,,0,05/04/2021
2010,1,3,1,1526720100411008,7,2,04,we,8835280901,370,1,0,0,20102718304we,1526720100411310,FLORIDA POMPANO,,8665.0142916,14,37,20102718304we,,0,05/04/2021
2010,1,3,1,1526720100411010,7,2,04,we,8850030502,353,0.35,0,0,20102718304we,1526720100411310,SPANISH MACKEREL,,9439.8019624,13,35,20102718304we,,0,05/04/2021
2010,1,3,1,1526720100411010,7,2,04,we,8835430301,400,1.5,0,0,20102718304we,1526720100411310,SHEEPSHEAD,,9439.8019624,15,40,20102718304we,,0,05/04/2021
2010,1,3,1,1526720100411010,7,2,04,we,8835430301,450,2.3,0,0,20102718304we,1526720100411310,SHEEPSHEAD,,9439.8019624,17,45,20102718304we,,0,05/04/2021
2010,1,3,1,1526720100411010,7,2,04,we,8835430301,331,0.9,0,0,20102718304we,1526720100411310,SHEEPSHEAD,,9439.8019624,13,33,20102718304we,,0,05/04/2021
2010,1,3,1,1526720100411010,7,2,04,we,8835280901,296,0.55,0,0,20102718304we,1526720100411310,FLORIDA POMPANO,,9439.8019624,11,29,20102718304we,,0,05/04/2021
2010,1,3,1,1526720100411010,7,2,04,we,8835430301,420,2,0,0,20102718304we,1526720100411310,SHEEPSHEAD,,9439.8019624,16,42,20102718304we,,0,05/04/2021
2010,1,3,5,1540720100327008,7,2,03,we,,,,0,0,20102718303we,1540720100327312,,,1518.6909891,,,20102718303we,,0,05/04/2021
2010,1,3,1,1543220100314001,7,2,03,we,8835440106,280,0.2,1,1,20102718303we,1543220100314310,SAND SEATROUT,,3948.6474646,11,28,20102718303we,,0,05/04/2021
2010,1,3,1,1543220100314001,7,2,03,we,8835440106,272,0.24,1,1,20102718303we,1543220100314310,SAND SEATROUT,,3948.6474646,10,27,20102718303we,,0,05/04/2021
2010,1,3,1,1543220100314001,7,2,03,we,8835440106,255,0.22,1,1,20102718303we,1543220100314310,SAND SEATROUT,,3948.6474646,10,25,20102718303we,,0,05/04/2021
2010,1,3,1,1543220100314006,7,2,03,we,,,,0,0,20102718303we,1543220100314310,,,3948.6474646,,,20102718303we,,0,05/04/2021
2010,1,3,1,1543220100330002,7,2,03,wd,8835430301,380,1.15,0,0,20102718303wd,154322010033031255,SHEEPSHEAD,,1568.9652752,14,38,20102718303wd,,0,05/04/2021
2010,1,3,1,1543220100330002,7,2,03,wd,8835430301,410,1.7,0,0,20102718303wd,154322010033031255,SHEEPSHEAD,,1568.9652752,16,41,20102718303wd,,0,05/04/2021
2010,1,3,1,1543220100330002,7,2,03,wd,8835280901,402,1.35,0,0,20102718303wd,154322010033031255,FLORIDA POMPANO,,1568.9652752,15,40,20102718303wd,,0,05/04/2021
2010,1,3,1,1543220100330004,7,2,03,wd,8835280901,280,0.51,0,0,20102718303wd,154322010033031255,FLORIDA POMPANO,,1141.0656547,11,28,20102718303wd,,0,05/04/2021
2010,1,3,1,1543220100330004,7,2,03,wd,8835280901,292,0.58,0,0,20102718303wd,154322010033031255,FLORIDA POMPANO,,1141.0656547,11,29,20102718303wd,,0,05/04/2021
2010,1,3,1,1543220100330005,7,2,03,wd,,,,0,0,20102718303wd,154322010033031255,,,3667.8656907,,,20102718303wd,,0,05/04/2021
2010,1,3,1,1543220100414001,7,2,04,wd,,,,0,0,20102718304wd,154322010041431330,,,8348.4029155,,,20102718304wd,,0,05/04/2021
2010,1,3,1,1543220100414003,7,2,04,wd,,,,0,0,20102718304wd,154322010041431330,,,8348.4029155,,,20102718304wd,,0,05/04/2021
2010,1,3,5,1543320100428001,7,2,04,wd,8835440106,272,0.24,1,1,20102718304wd,154332010042897114,SAND SEATROUT,,11789.207884,10,27,20102718304wd,,0,05/04/2021
2010,1,3,5,1543320100428001,7,2,04,wd,8835440106,276,0.2,1,1,20102718304wd,154332010042897114,SAND SEATROUT,,11789.207884,10,27,20102718304wd,,0,05/04/2021
2010,1,3,5,1543320100428001,7,2,04,wd,8835440106,283,0.24,1,1,20102718304wd,154332010042897114,SAND SEATROUT,,11789.207884,11,28,20102718304wd,,0,05/04/2021
2010,1,3,5,1543320100428001,7,2,04,wd,8835440106,276,0.2,1,1,20102718304wd,154332010042897114,SAND SEATROUT,,11789.207884,10,27,20102718304wd,,0,05/04/2021
2010,1,3,5,1543320100428001,7,2,04,wd,8835440106,290,0.28,1,1,20102718304wd,154332010042897114,SAND SEATROUT,,11789.207884,11,29,20102718304wd,,0,05/04/2021
2010,1,3,5,1543320100428002,7,2,04,wd,,,,0,0,20102718304wd,154332010042897114,,,4366.3732902,,,20102718304wd,,0,05/04/2021
2010,1,3,5,1543320100428005,7,2,04,wd,8835440601,220,0.1,1,1,20102718304wd,154332010042897114,SOUTHERN KINGFISH,,2183.1866451,8,22,20102718304wd,,0,05/04/2021
2010,1,3,5,1543320100428005,7,2,04,wd,8835440601,220,0.1,1,1,20102718304wd,154332010042897114,SOUTHERN KINGFISH,,2183.1866451,8,22,20102718304wd,,0,05/04/2021
2010,1,3,5,1543320100428005,7,2,04,wd,8835440601,220,0.1,1,1,20102718304wd,154332010042897114,SOUTHERN KINGFISH,,2183.1866451,8,22,20102718304wd,,0,05/04/2021
2010,1,3,5,1543320100428005,7,2,04,wd,8835440601,220,0.1,1,1,20102718304wd,154332010042897114,SOUTHERN KINGFISH,,2183.1866451,8,22,20102718304wd,,0,05/04/2021
2010,1,3,5,1543320100428005,7,2,04,wd,8835440601,220,0.1,1,1,20102718304wd,154332010042897114,SOUTHERN KINGFISH,,2183.1866451,8,22,20102718304wd,,0,05/04/2021
2010,1,3,5,1543320100428007,7,2,04,wd,8835440601,220,0.1,1,1,20102718304wd,154332010042897114,SOUTHERN KINGFISH,,2183.1866451,8,22,20102718304wd,,0,05/04/2021
2010,1,3,5,1543320100428007,7,2,04,wd,8835440601,257,0.2,1,1,20102718304wd,154332010042897114,SOUTHERN KINGFISH,,2183.1866451,10,25,20102718304wd,,0,05/04/2021
2010,1,3,5,1543320100428007,7,2,04,wd,8835440601,257,0.2,1,1,20102718304wd,154332010042897114,SOUTHERN KINGFISH,,2183.1866451,10,25,20102718304wd,,0,05/04/2021
2010,1,3,5,1543320100428007,7,2,04,wd,8835440601,257,0.2,1,1,20102718304wd,154332010042897114,SOUTHERN KINGFISH,,2183.1866451,10,25,20102718304wd,,0,05/04/2021
2010,1,3,5,1543320100428007,7,2,04,wd,8835440106,290,0.28,1,1,20102718304wd,154332010042897114,SAND SEATROUT,,2619.8239741,11,29,20102718304wd,,0,05/04/2021
2010,1,3,5,1543320100428007,7,2,04,wd,8835440106,283,0.24,1,1,20102718304wd,154332010042897114,SAND SEATROUT,,2619.8239741,11,28,20102718304wd,,0,05/04/2021
2010,1,3,5,1543320100428007,7,2,04,wd,8835440106,276,0.2,1,1,20102718304wd,154332010042897114,SAND SEATROUT,,2619.8239741,10,27,20102718304wd,,0,05/04/2021
2010,1,3,5,1543320100428007,7,2,04,wd,8835440106,279,0.18,1,1,20102718304wd,154332010042897114,SAND SEATROUT,,2619.8239741,10,27,20102718304wd,,0,05/04/2021
2010,1,3,5,1543320100428007,7,2,04,wd,8835440106,290,0.28,1,1,20102718304wd,154332010042897114,SAND SEATROUT,,2619.8239741,11,29,20102718304wd,,0,05/04/2021
2010,1,3,5,1543320100428008,7,2,04,wd,,,,0,0,20102718304wd,154332010042897114,,,4366.3732902,,,20102718304wd,,0,05/04/2021
2010,1,3,5,1545820100328002,7,2,03,we,,,,0,0,20102718303we,154582010032897114,,,1478.8963841,,,20102718303we,,0,05/04/2021
2010,1,3,5,1545820100328003,7,2,03,we,,,,0,0,20102718303we,154582010032897114,,,1611.1328289,,,20102718303we,,0,05/04/2021
2010,1,3,5,1545820100328004,7,2,03,we,8835440702,207,0.12,1,1,20102718303we,154582010032897114,ATLANTIC CROAKER,,1611.1328289,8,20,20102718303we,,0,05/04/2021
2010,1,3,5,1545820100328005,7,2,03,we,8835440702,206,0.1,1,1,20102718303we,154582010032897114,ATLANTIC CROAKER,,1611.1328289,8,20,20102718303we,,0,05/04/2021
2010,1,3,5,1545820100328005,7,2,03,we,8835440601,321,0.5,0,0,20102718303we,154582010032897114,SOUTHERN KINGFISH,,1611.1328289,12,32,20102718303we,,0,05/04/2021
2010,1,3,5,1545820100328006,7,2,03,we,,,,0,0,20102718303we,154582010032897114,,,1611.1328289,,,20102718303we,,0,05/04/2021
2010,1,3,5,1545820100328014,7,2,03,we,,,,0,0,20102718303we,154582010032897114,,,1611.1328289,,,20102718303we,,0,05/04/2021
2010,1,3,5,1545820100328015,7,2,03,we,8835440106,294,0.28,1,1,20102718303we,154582010032897114,SAND SEATROUT,,1571.10713,11,29,20102718303we,,0,05/04/2021
2010,1,3,5,1545820100328016,7,2,03,we,,,,0,0,20102718303we,154582010032897114,,,1571.10713,,,20102718303we,,0,05/04/2021
2010,1,3,5,1545820100328018,7,2,03,we,,,,0,0,20102718303we,154582010032897114,,,1611.1328289,,,20102718303we,,0,05/04/2021
2010,1,3,5,1545820100328023,7,2,03,we,8835440702,200,0.1,0,0,20102718303we,154582010032897114,ATLANTIC CROAKER,,1478.8963841,7,20,20102718303we,,0,05/04/2021
2010,1,3,5,1545820100328023,7,2,03,we,8835440702,234,0.15,0,0,20102718303we,154582010032897114,ATLANTIC CROAKER,,1478.8963841,9,23,20102718303we,,0,05/04/2021
2010,1,3,5,1545820100328027,7,2,03,we,,,,0,0,20102718303we,154582010032897114,,,1611.1328289,,,20102718303we,,0,05/04/2021
2010,1,3,5,1545820100328029,7,2,03,we,8835430301,331,0.9,1,1,20102718303we,154582010032897114,SHEEPSHEAD,,1478.8963841,13,33,20102718303we,,0,05/04/2021
2010,1,3,5,1545820100328029,7,2,03,we,8835430301,400,1.5,1,1,20102718303we,154582010032897114,SHEEPSHEAD,,1478.8963841,15,40,20102718303we,,0,05/04/2021
2010,1,3,5,1545820100328029,7,2,03,we,8835430301,410,1.7,1,1,20102718303we,154582010032897114,SHEEPSHEAD,,1478.8963841,16,41,20102718303we,,0,05/04/2021
2010,1,3,5,1545820100328029,7,2,03,we,8835430301,450,2.3,1,1,20102718303we,154582010032897114,SHEEPSHEAD,,1478.8963841,17,45,20102718303we,,0,05/04/2021
2010,1,3,5,1547420100424001,7,2,04,we,,,,0,0,20102718304we,1547420100424971692,,,3568.7889024,,,20102718304we,,0,05/04/2021
2010,1,3,5,1547420100424003,7,2,04,we,,,,0,0,20102718304we,1547420100424971692,,,3568.7889024,,,20102718304we,,0,05/04/2021
2010,1,3,5,1547420100424004,7,2,04,we,,,,0,0,20102718304we,154742010042497126,,,3659.7077629,,,20102718304we,,0,05/04/2021
2010,1,5,5,1502320100430001,7,2,04,wd,8835430301,292,0.64,0,0,20102718504wd,15023201004303116,SHEEPSHEAD,,153.50373456,11,29,20102718504wd,,0,05/04/2021
2010,1,5,5,1502320100430001,7,2,04,wd,8835430301,291,0.64,0,0,20102718504wd,15023201004303116,SHEEPSHEAD,,153.50373456,11,29,20102718504wd,,0,05/04/2021
2010,1,5,5,1502320100430001,7,2,04,wd,8835430301,291,0.52,0,0,20102718504wd,15023201004303116,SHEEPSHEAD,,153.50373456,11,29,20102718504wd,,0,05/04/2021
2010,1,5,5,1502320100430001,7,2,04,wd,8835430301,335,0.88,0,0,20102718504wd,15023201004303116,SHEEPSHEAD,,153.50373456,13,33,20102718504wd,,0,05/04/2021
2010,1,5,5,1502320100430001,7,2,04,wd,8835430301,341,0.92,0,0,20102718504wd,15023201004303116,SHEEPSHEAD,,153.50373456,13,34,20102718504wd,,0,05/04/2021
2010,1,5,5,1502320100430001,7,2,04,wd,8835430301,266,0.54,0,0,20102718504wd,15023201004303116,SHEEPSHEAD,,153.50373456,10,26,20102718504wd,,0,05/04/2021
2010,1,5,5,1502320100430001,7,2,04,wd,8835430301,272,0.54,0,0,20102718504wd,15023201004303116,SHEEPSHEAD,,153.50373456,10,27,20102718504wd,,0,05/04/2021
2010,1,5,5,1502320100430001,7,2,04,wd,8835430301,322,0.8,0,0,20102718504wd,15023201004303116,SHEEPSHEAD,,153.50373456,12,32,20102718504wd,,0,05/04/2021
2010,1,5,5,1502320100430002,7,2,04,wd,8835440901,515,1.7,0,0,20102718504wd,15023201004303116,RED DRUM,,153.50373456,20,51,20102718504wd,,0,05/04/2021
2010,1,5,5,1502320100430002,7,2,04,wd,8835440901,520,1.72,0,0,20102718504wd,15023201004303116,RED DRUM,,153.50373456,20,52,20102718504wd,,0,05/04/2021
2010,1,5,5,1502320100430002,7,2,04,wd,8835440901,540,1.98,0,0,20102718504wd,15023201004303116,RED DRUM,,153.50373456,21,54,20102718504wd,,0,05/04/2021
2010,1,5,5,1502320100430002,7,2,04,wd,8835440901,561,2.16,0,0,20102718504wd,15023201004303116,RED DRUM,,153.50373456,22,56,20102718504wd,,0,05/04/2021
2010,1,5,5,1502320100430002,7,2,04,wd,8835440901,558,2.12,0,0,20102718504wd,15023201004303116,RED DRUM,,153.50373456,21,55,20102718504wd,,0,05/04/2021
2010,1,5,5,1502320100430002,7,2,04,wd,8835440901,569,2.28,0,0,20102718504wd,15023201004303116,RED DRUM,,153.50373456,22,56,20102718504wd,,0,05/04/2021
2010,1,5,5,1502320100430002,7,2,04,wd,8835440106,336,0.32,0,0,20102718504wd,15023201004303116,SAND SEATROUT,,251.18792927,13,33,20102718504wd,,0,05/04/2021
2010,1,5,5,1502320100430002,7,2,04,wd,8835440106,328,0.38,1,1,20102718504wd,15023201004303116,SAND SEATROUT,,251.18792927,12,32,20102718504wd,,0,05/04/2021
2010,1,5,5,1502320100430002,7,2,04,wd,8835440106,265,0.2,1,1,20102718504wd,15023201004303116,SAND SEATROUT,,251.18792927,10,26,20102718504wd,,0,05/04/2021
2010,1,5,5,1502320100430002,7,2,04,wd,8835440106,271,0.3,1,1,20102718504wd,15023201004303116,SAND SEATROUT,,251.18792927,10,27,20102718504wd,,0,05/04/2021
2010,1,5,5,1502320100430002,7,2,04,wd,8835440106,298,0.26,0,0,20102718504wd,15023201004303116,SAND SEATROUT,,251.18792927,11,29,20102718504wd,,0,05/04/2021
2010,1,5,5,1502320100430002,7,2,04,wd,8835440106,304,0.26,0,0,20102718504wd,15023201004303116,SAND SEATROUT,,251.18792927,11,30,20102718504wd,,0,05/04/2021
2010,1,5,5,1502320100430002,7,2,04,wd,8835440106,310,0.3,0,0,20102718504wd,15023201004303116,SAND SEATROUT,,251.18792927,12,31,20102718504wd,,0,05/04/2021
2010,1,5,5,1502320100430002,7,2,04,wd,8835440106,335,0.36,0,0,20102718504wd,15023201004303116,SAND SEATROUT,,251.18792927,13,33,20102718504wd,,0,05/04/2021
2010,1,5,5,1502320100430002,7,2,04,wd,8835440106,303,0.26,1,1,20102718504wd,15023201004303116,SAND SEATROUT,,251.18792927,11,30,20102718504wd,,0,05/04/2021
2010,1,5,5,1502320100430002,7,2,04,wd,8835440106,393,0.64,0,0,20102718504wd,15023201004303116,SAND SEATROUT,,251.18792927,15,39,20102718504wd,,0,05/04/2021
2010,1,5,5,1502320100430002,7,2,04,wd,8835440106,325,0.34,0,0,20102718504wd,15023201004303116,SAND SEATROUT,,251.18792927,12,32,20102718504wd,,0,05/04/2021
2010,1,5,5,1502320100430002,7,2,04,wd,8835430301,518,2.98,0,0,20102718504wd,15023201004303116,SHEEPSHEAD,,153.50373456,20,51,20102718504wd,,0,05/04/2021
2010,1,5,5,1502320100430002,7,2,04,wd,8835430301,445,2.06,0,0,20102718504wd,15023201004303116,SHEEPSHEAD,,153.50373456,17,44,20102718504wd,,0,05/04/2021
2010,1,5,5,1502320100430003,7,2,04,wd,,,,0,0,20102718504wd,15023201004303116,,,158.12822873,,,20102718504wd,,0,05/04/2021
2010,1,5,5,1502320100430004,7,2,04,wd,,,,0,0,20102718504wd,15023201004303116,,,158.12822873,,,20102718504wd,,0,05/04/2021
2010,1,5,1,1503220100306001,7,2,03,we,8835430301,320,0.85,0,0,20102718503we,15032201003063116,SHEEPSHEAD,,72.147761652,12,32,20102718503we,,0,05/04/2021
2010,1,5,1,1503220100306001,7,2,03,we,8835430301,455,2.5,0,0,20102718503we,15032201003063116,SHEEPSHEAD,,72.147761652,17,45,20102718503we,,0,05/04/2021
2010,1,5,1,1503220100306001,7,2,03,we,8835430301,327,0.85,0,0,20102718503we,15032201003063116,SHEEPSHEAD,,72.147761652,12,32,20102718503we,,0,05/04/2021
2010,1,5,1,1503220100306001,7,2,03,we,8835430301,317,0.85,0,0,20102718503we,15032201003063116,SHEEPSHEAD,,72.147761652,12,31,20102718503we,,0,05/04/2021
2010,1,5,1,1503220100306001,7,2,03,we,8835430301,305,0.8,0,0,20102718503we,15032201003063116,SHEEPSHEAD,,72.147761652,12,30,20102718503we,,0,05/04/2021
2010,1,5,1,1503220100306001,7,2,03,we,8835280901,333,0.85,0,0,20102718503we,15032201003063116,FLORIDA POMPANO,,72.147761652,13,33,20102718503we,,0,05/04/2021
2010,1,5,1,1503220100306001,7,2,03,we,8835280901,341,0.85,0,0,20102718503we,15032201003063116,FLORIDA POMPANO,,72.147761652,13,34,20102718503we,,0,05/04/2021
2010,1,5,1,1503220100306001,7,2,03,we,8835280901,360,1.15,0,0,20102718503we,15032201003063116,FLORIDA POMPANO,,72.147761652,14,36,20102718503we,,0,05/04/2021
2010,1,5,1,1503220100306001,7,2,03,we,8835280901,345,0.85,0,0,20102718503we,15032201003063116,FLORIDA POMPANO,,72.147761652,13,34,20102718503we,,0,05/04/2021
2010,1,5,1,1503220100306004,7,2,03,we,,,,0,0,20102718503we,15032201003063116,,,120.10912239,,,20102718503we,,0,05/04/2021
2010,1,5,1,1509820100327001,7,2,03,we,8850030502,360,0.36,0,0,20102718503we,150982010032731474,SPANISH MACKEREL,,96.492252091,14,36,20102718503we,,0,05/04/2021
2010,1,5,1,1509820100327001,7,2,03,we,8850030502,416,0.6,0,0,20102718503we,150982010032731474,SPANISH MACKEREL,,96.492252091,16,41,20102718503we,,0,05/04/2021
2010,1,5,1,1509820100327001,7,2,03,we,8835440901,880,8.86,0,0,20102718503we,150982010032731474,RED DRUM,,96.492252091,34,88,20102718503we,,0,05/04/2021
2010,1,5,2,1509820100327002,7,2,03,we,8835430602,252,0.3,1,1,20102718503we,15098201003273116,RED PORGY,,355.91716225,9,25,20102718503we,,0,05/04/2021
2010,1,5,2,1509820100327002,7,2,03,we,8835430602,253,0.38,0,0,20102718503we,15098201003273116,RED PORGY,,355.91716225,9,25,20102718503we,,0,05/04/2021
2010,1,5,2,1509820100327002,7,2,03,we,8835430602,255,0.32,0,0,20102718503we,15098201003273116,RED PORGY,,355.91716225,10,25,20102718503we,,0,05/04/2021
2010,1,5,2,1509820100327002,7,2,03,we,8835430602,244,0.28,0,0,20102718503we,15098201003273116,RED PORGY,,355.91716225,9,24,20102718503we,,0,05/04/2021
2010,1,5,2,1509820100327002,7,2,03,we,8835430602,238,0.28,0,0,20102718503we,15098201003273116,RED PORGY,,355.91716225,9,23,20102718503we,,0,05/04/2021
2010,1,5,2,1509820100327002,7,2,03,we,8835430602,220,0.22,0,0,20102718503we,15098201003273116,RED PORGY,,355.91716225,8,22,20102718503we,,0,05/04/2021
2010,1,5,2,1509820100327002,7,2,03,we,8835430602,300,0.52,1,1,20102718503we,15098201003273116,RED PORGY,,355.91716225,11,30,20102718503we,,0,05/04/2021
2010,1,5,2,1509820100327002,7,2,03,we,8835430602,287,0.44,0,0,20102718503we,15098201003273116,RED PORGY,,355.91716225,11,28,20102718503we,,0,05/04/2021
2010,1,5,2,1509820100327002,7,2,03,we,8835430602,275,0.42,0,0,20102718503we,15098201003273116,RED PORGY,,355.91716225,10,27,20102718503we,,0,05/04/2021
2010,1,5,2,1509820100327002,7,2,03,we,8835430602,272,0.4,1,1,20102718503we,15098201003273116,RED PORGY,,355.91716225,10,27,20102718503we,,0,05/04/2021
2010,1,5,2,1509820100327002,7,2,03,we,8835430602,300,0.52,0,0,20102718503we,15098201003273116,RED PORGY,,355.91716225,11,30,20102718503we,,0,05/04/2021
2010,1,5,2,1509820100327002,7,2,03,we,8835430602,250,0.34,0,0,20102718503we,15098201003273116,RED PORGY,,355.91716225,9,25,20102718503we,,0,05/04/2021
2010,1,5,2,1509820100327002,7,2,03,we,8835430602,233,0.24,0,0,20102718503we,15098201003273116,RED PORGY,,355.91716225,9,23,20102718503we,,0,05/04/2021
2010,1,5,2,1509820100327002,7,2,03,we,8835430602,276,0.42,0,0,20102718503we,15098201003273116,RED PORGY,,355.91716225,10,27,20102718503we,,0,05/04/2021
2010,1,5,2,1509820100327002,7,2,03,we,8835430602,237,0.26,0,0,20102718503we,15098201003273116,RED PORGY,,355.91716225,9,23,20102718503we,,0,05/04/2021
2010,1,5,2,1509820100327002,7,2,03,we,8835430602,253,0.34,0,0,20102718503we,15098201003273116,RED PORGY,,355.91716225,9,25,20102718503we,,0,05/04/2021
2010,1,5,2,1509820100327002,7,2,03,we,8835430602,260,0.38,0,0,20102718503we,15098201003273116,RED PORGY,,355.91716225,10,26,20102718503we,,0,05/04/2021
2010,1,5,2,1509820100327002,7,2,03,we,8835430602,260,0.34,0,0,20102718503we,15098201003273116,RED PORGY,,355.91716225,10,26,20102718503we,,0,05/04/2021
2010,1,5,2,1509820100327002,7,2,03,we,8835430602,260,0.34,1,1,20102718503we,15098201003273116,RED PORGY,,355.91716225,10,26,20102718503we,,0,05/04/2021
2010,1,5,2,1509820100327002,7,2,03,we,8835430602,252,0.3,0,0,20102718503we,15098201003273116,RED PORGY,,355.91716225,9,25,20102718503we,,0,05/04/2021
2010,1,5,2,1509820100327002,7,2,03,we,8835430602,267,0.4,0,0,20102718503we,15098201003273116,RED PORGY,,355.91716225,10,26,20102718503we,,0,05/04/2021
2010,1,5,2,1509820100327002,7,2,03,we,8835430602,270,0.4,0,0,20102718503we,15098201003273116,RED PORGY,,355.91716225,10,27,20102718503we,,0,05/04/2021
2010,1,5,2,1509820100327002,7,2,03,we,8835430602,271,0.42,0,0,20102718503we,15098201003273116,RED PORGY,,355.91716225,10,27,20102718503we,,0,05/04/2021
2010,1,5,2,1509820100327002,7,2,03,we,8835430602,272,0.46,0,0,20102718503we,15098201003273116,RED PORGY,,355.91716225,10,27,20102718503we,,0,05/04/2021
2010,1,5,2,1509820100327002,7,2,03,we,8835430602,272,0.4,0,0,20102718503we,15098201003273116,RED PORGY,,355.91716225,10,27,20102718503we,,0,05/04/2021
2010,1,5,2,1509820100327002,7,2,03,we,8835430602,272,0.4,0,0,20102718503we,15098201003273116,RED PORGY,,355.91716225,10,27,20102718503we,,0,05/04/2021
2010,1,5,2,1509820100327002,7,2,03,we,8835430602,273,0.4,0,0,20102718503we,15098201003273116,RED PORGY,,355.91716225,10,27,20102718503we,,0,05/04/2021
2010,1,5,2,1509820100327002,7,2,03,we,8835430602,257,0.32,0,0,20102718503we,15098201003273116,RED PORGY,,355.91716225,10,25,20102718503we,,0,05/04/2021
2010,1,5,2,1509820100327002,7,2,03,we,8835430602,330,0.72,0,0,20102718503we,15098201003273116,RED PORGY,,355.91716225,12,33,20102718503we,,0,05/04/2021
2010,1,5,2,1509820100327002,7,2,03,we,8835280801,365,0.8,0,0,20102718503we,15098201003273116,GREATER AMBERJACK,,117.29088302,14,36,20102718503we,,0,05/04/2021
2010,1,5,2,1509820100327003,7,2,03,we,,,,0,0,20102718503we,15098201003273116,,,208.84324733,,,20102718503we,,0,05/04/2021
2010,1,5,2,1509820100327004,7,2,03,we,,,,0,0,20102718503we,15098201003273116,,,208.84324733,,,20102718503we,,0,05/04/2021
2010,1,5,1,1526720100304001,7,2,03,wd,8835440901,395,0.8,0,0,20102718503wd,15267201003043116,RED DRUM,,30.141598415,15,39,20102718503wd,,0,05/04/2021
2010,1,5,1,1526720100304001,7,2,03,wd,8835440901,604,3.5,0,0,20102718503wd,15267201003043116,RED DRUM,,30.141598415,23,60,20102718503wd,,0,05/04/2021
2010,1,5,1,1526720100304001,7,2,03,wd,8835440801,385,0.9,0,0,20102718503wd,15267201003043116,BLACK DRUM,,30.141598415,15,38,20102718503wd,,0,05/04/2021
2010,1,5,1,1526720100304001,7,2,03,wd,8835440801,411,1,0,0,20102718503wd,15267201003043116,BLACK DRUM,,30.141598415,16,41,20102718503wd,,0,05/04/2021
2010,1,5,1,1526720100304001,7,2,03,wd,8835430301,306,0.7,0,0,20102718503wd,15267201003043116,SHEEPSHEAD,,30.141598415,12,30,20102718503wd,,0,05/04/2021
2010,1,5,1,1526720100304001,7,2,03,wd,8835430301,490,3.4,0,0,20102718503wd,15267201003043116,SHEEPSHEAD,,30.141598415,19,49,20102718503wd,,0,05/04/2021
2010,1,5,1,1526720100304001,7,2,03,wd,8835430301,304,0.7,0,0,20102718503wd,15267201003043116,SHEEPSHEAD,,30.141598415,11,30,20102718503wd,,0,05/04/2021
2010,1,5,1,1526720100304001,7,2,03,wd,8835430301,300,0.65,0,0,20102718503wd,15267201003043116,SHEEPSHEAD,,30.141598415,11,30,20102718503wd,,0,05/04/2021
2010,1,5,1,1526720100304001,7,2,03,wd,8835280901,349,0.95,0,0,20102718503wd,15267201003043116,FLORIDA POMPANO,,30.141598415,13,34,20102718503wd,,0,05/04/2021
2010,1,5,1,1526720100325001,7,2,03,wd,8835430301,455,2.5,1,1,20102718503wd,15267201003253116,SHEEPSHEAD,,267.59904118,17,45,20102718503wd,,0,05/04/2021
2010,1,5,1,1526720100325003,7,2,03,wd,8835430301,317,0.85,1,1,20102718503wd,15267201003253116,SHEEPSHEAD,,267.59904118,12,31,20102718503wd,,0,05/04/2021
2010,1,5,1,1526720100325003,7,2,03,wd,8835430301,306,0.7,1,1,20102718503wd,15267201003253116,SHEEPSHEAD,,267.59904118,12,30,20102718503wd,,0,05/04/2021
2010,1,5,1,1526720100325005,7,2,03,wd,8835440901,421,1,1,1,20102718503wd,15267201003253116,RED DRUM,,267.59904118,16,42,20102718503wd,,0,05/04/2021
2010,1,5,1,1526720100325006,7,2,03,wd,8835430301,421,2,1,1,20102718503wd,15267201003253116,SHEEPSHEAD,,267.59904118,16,42,20102718503wd,,0,05/04/2021
2010,1,5,1,1526720100327001,7,2,03,we,8835430301,391,1.7,1,1,20102718503we,152672010032733198,SHEEPSHEAD,,59.986825137,15,39,20102718503we,,0,05/04/2021
2010,1,5,1,1526720100327001,7,2,03,we,8835430301,390,1.7,0,0,20102718503we,152672010032733198,SHEEPSHEAD,,59.986825137,15,39,20102718503we,,0,05/04/2021
2010,1,5,1,1526720100327001,7,2,03,we,8835430301,385,1.2,1,1,20102718503we,152672010032733198,SHEEPSHEAD,,59.986825137,15,38,20102718503we,,0,05/04/2021
2010,1,5,1,1526720100327001,7,2,03,we,8835430301,390,1.5,0,0,20102718503we,152672010032733198,SHEEPSHEAD,,59.986825137,15,39,20102718503we,,0,05/04/2021
2010,1,5,1,1526720100327001,7,2,03,we,8835430301,305,0.6,0,0,20102718503we,152672010032733198,SHEEPSHEAD,,59.986825137,12,30,20102718503we,,0,05/04/2021
2010,1,5,1,1526720100327001,7,2,03,we,8835430301,450,2.3,0,0,20102718503we,152672010032733198,SHEEPSHEAD,,59.986825137,17,45,20102718503we,,0,05/04/2021
2010,1,5,1,1526720100327001,7,2,03,we,8835430301,421,2,0,0,20102718503we,152672010032733198,SHEEPSHEAD,,59.986825137,16,42,20102718503we,,0,05/04/2021
2010,1,5,1,1526720100327001,7,2,03,we,8835430301,407,2,0,0,20102718503we,152672010032733198,SHEEPSHEAD,,59.986825137,16,40,20102718503we,,0,05/04/2021
2010,1,5,1,1526720100327001,7,2,03,we,8835430301,385,1.5,0,0,20102718503we,152672010032733198,SHEEPSHEAD,,59.986825137,15,38,20102718503we,,0,05/04/2021
2010,1,5,1,1526720100327001,7,2,03,we,8835430301,400,1.6,0,0,20102718503we,152672010032733198,SHEEPSHEAD,,59.986825137,15,40,20102718503we,,0,05/04/2021
2010,1,5,1,1526720100327001,7,2,03,we,8835430301,464,3,0,0,20102718503we,152672010032733198,SHEEPSHEAD,,59.986825137,18,46,20102718503we,,0,05/04/2021
2010,1,5,1,1526720100327001,7,2,03,we,8835430301,281,0.65,0,0,20102718503we,152672010032733198,SHEEPSHEAD,,59.986825137,11,28,20102718503we,,0,05/04/2021
2010,1,5,1,1526720100327001,7,2,03,we,8835430301,333,1.1,0,0,20102718503we,152672010032733198,SHEEPSHEAD,,59.986825137,13,33,20102718503we,,0,05/04/2021
2010,1,5,1,1526720100327001,7,2,03,we,8835430301,375,1.5,0,0,20102718503we,152672010032733198,SHEEPSHEAD,,59.986825137,14,37,20102718503we,,0,05/04/2021
2010,1,5,1,1526720100327001,7,2,03,we,8835430301,376,1.5,0,0,20102718503we,152672010032733198,SHEEPSHEAD,,59.986825137,14,37,20102718503we,,0,05/04/2021
2010,1,5,1,1526720100327001,7,2,03,we,8835430301,385,1.2,0,0,20102718503we,152672010032733198,SHEEPSHEAD,,59.986825137,15,38,20102718503we,,0,05/04/2021
2010,1,5,1,1526720100327001,7,2,03,we,8835430301,390,1.5,1,1,20102718503we,152672010032733198,SHEEPSHEAD,,59.986825137,15,39,20102718503we,,0,05/04/2021
2010,1,5,1,1526720100327001,7,2,03,we,8835430301,391,1.7,0,0,20102718503we,152672010032733198,SHEEPSHEAD,,59.986825137,15,39,20102718503we,,0,05/04/2021
2010,1,5,1,1526720100327001,7,2,03,we,8835430301,402,2,0,0,20102718503we,152672010032733198,SHEEPSHEAD,,59.986825137,15,40,20102718503we,,0,05/04/2021
2010,1,5,1,1526720100327001,7,2,03,we,8835280901,350,0.8,0,0,20102718503we,152672010032733198,FLORIDA POMPANO,,59.986825137,13,35,20102718503we,,0,05/04/2021
2010,1,5,1,1526720100327002,7,2,03,we,,,,0,0,20102718503we,152672010032733198,,,73.099209639,,,20102718503we,,0,05/04/2021
2010,1,5,1,1526720100327004,7,2,03,we,8835430301,314,0.7,0,0,20102718503we,152672010032733198,SHEEPSHEAD,,58.30820184,12,31,20102718503we,,0,05/04/2021
2010,1,5,1,1526720100327004,7,2,03,we,8835430301,426,2.1,1,1,20102718503we,152672010032733198,SHEEPSHEAD,,58.30820184,16,42,20102718503we,,0,05/04/2021
2010,1,5,1,1526720100327004,7,2,03,we,8835430301,370,1.2,0,0,20102718503we,152672010032733198,SHEEPSHEAD,,58.30820184,14,37,20102718503we,,0,05/04/2021
2010,1,5,1,1526720100327004,7,2,03,we,8835430301,370,1.4,0,0,20102718503we,152672010032733198,SHEEPSHEAD,,58.30820184,14,37,20102718503we,,0,05/04/2021
2010,1,5,1,1526720100327004,7,2,03,we,8835430301,340,1,0,0,20102718503we,152672010032733198,SHEEPSHEAD,,58.30820184,13,34,20102718503we,,0,05/04/2021
2010,1,5,1,1526720100327004,7,2,03,we,8835430301,430,1.8,0,0,20102718503we,152672010032733198,SHEEPSHEAD,,58.30820184,16,43,20102718503we,,0,05/04/2021
2010,1,5,1,1526720100327004,7,2,03,we,8835430301,281,0.65,1,1,20102718503we,152672010032733198,SHEEPSHEAD,,58.30820184,11,28,20102718503we,,0,05/04/2021
2010,1,5,1,1526720100327004,7,2,03,we,8835430301,290,0.6,0,0,20102718503we,152672010032733198,SHEEPSHEAD,,58.30820184,11,29,20102718503we,,0,05/04/2021
2010,1,5,1,1526720100327004,7,2,03,we,8835430301,314,0.7,1,1,20102718503we,152672010032733198,SHEEPSHEAD,,58.30820184,12,31,20102718503we,,0,05/04/2021
2010,1,5,1,1526720100327004,7,2,03,we,8835430301,370,1.2,1,1,20102718503we,152672010032733198,SHEEPSHEAD,,58.30820184,14,37,20102718503we,,0,05/04/2021
2010,1,5,1,1526720100327004,7,2,03,we,8835280901,320,0.7,0,0,20102718503we,152672010032733198,FLORIDA POMPANO,,44.852462954,12,32,20102718503we,,0,05/04/2021
2010,1,5,1,1526720100327004,7,2,03,we,8835280901,315,0.7,0,0,20102718503we,152672010032733198,FLORIDA POMPANO,,44.852462954,12,31,20102718503we,,0,05/04/2021
2010,1,5,1,1526720100327006,7,2,03,we,,,,0,0,20102718503we,152672010032733198,,,54.656661438,,,20102718503we,,0,05/04/2021
2010,1,5,2,1526720100409001,7,2,04,wd,8860020201,352,1.1,1,1,20102718504wd,15267201004093116,GRAY TRIGGERFISH,,124.78410101,13,35,20102718504wd,,0,05/04/2021
2010,1,5,2,1526720100409001,7,2,04,wd,8835430602,253,0.35,1,1,20102718504wd,15267201004093116,RED PORGY,,124.78410101,9,25,20102718504wd,,0,05/04/2021
2010,1,5,2,1526720100409002,7,2,04,wd,,,,0,0,20102718504wd,15267201004093116,,,129.58138974,,,20102718504wd,,0,05/04/2021
2010,1,5,2,1526720100409003,7,2,04,wd,,,,0,0,20102718504wd,15267201004093116,,,129.58138974,,,20102718504wd,,0,05/04/2021
2010,1,5,2,1526720100409004,7,2,04,wd,,,,0,0,20102718504wd,15267201004093116,,,129.58138974,,,20102718504wd,,0,05/04/2021
2010,1,5,2,1526720100409005,7,2,04,wd,,,,0,0,20102718504wd,15267201004093116,,,129.58138974,,,20102718504wd,,0,05/04/2021
2010,1,5,2,1526720100409006,7,2,04,wd,,,,0,0,20102718504wd,15267201004093116,,,129.58138974,,,20102718504wd,,0,05/04/2021
2010,1,5,1,1526720100409007,7,2,04,wd,8850030502,320,0.25,0,0,20102718504wd,15267201004093116,SPANISH MACKEREL,,21.400939304,12,32,20102718504wd,,0,05/04/2021
2010,1,5,1,1526720100409007,7,2,04,wd,8850030502,347,0.4,0,0,20102718504wd,15267201004093116,SPANISH MACKEREL,,21.400939304,13,34,20102718504wd,,0,05/04/2021
2010,1,5,1,1526720100409007,7,2,04,wd,8850030502,363,0.35,0,0,20102718504wd,15267201004093116,SPANISH MACKEREL,,21.400939304,14,36,20102718504wd,,0,05/04/2021
2010,1,5,1,1526720100409007,7,2,04,wd,8850030502,376,0.45,0,0,20102718504wd,15267201004093116,SPANISH MACKEREL,,21.400939304,14,37,20102718504wd,,0,05/04/2021
2010,1,5,1,1526720100409007,7,2,04,wd,8850030502,379,0.45,0,0,20102718504wd,15267201004093116,SPANISH MACKEREL,,21.400939304,14,37,20102718504wd,,0,05/04/2021
2010,1,5,1,1526720100409016,7,2,04,wd,8835440901,440,1,1,1,20102718504wd,15267201004093116,RED DRUM,,32.101408955,17,44,20102718504wd,,0,05/04/2021
2010,1,5,1,1526720100409016,7,2,04,wd,8835440901,515,1.7,1,1,20102718504wd,15267201004093116,RED DRUM,,32.101408955,20,51,20102718504wd,,0,05/04/2021
2010,1,5,1,1526720100409016,7,2,04,wd,8835440901,569,2.28,1,1,20102718504wd,15267201004093116,RED DRUM,,32.101408955,22,56,20102718504wd,,0,05/04/2021
2010,1,5,1,1526720100409018,7,2,04,wd,8835440801,450,1.4,0,0,20102718504wd,15267201004093116,BLACK DRUM,,21.400939304,17,45,20102718504wd,,0,05/04/2021
2010,1,5,1,1526720100409018,7,2,04,wd,8835440801,540,2.6,0,0,20102718504wd,15267201004093116,BLACK DRUM,,21.400939304,21,54,20102718504wd,,0,05/04/2021
2010,1,5,1,1526720100409018,7,2,04,wd,8835430301,383,1.25,0,0,20102718504wd,15267201004093116,SHEEPSHEAD,,21.400939304,15,38,20102718504wd,,0,05/04/2021
2010,1,5,1,1526720100409018,7,2,04,wd,8835430301,405,1.6,0,0,20102718504wd,15267201004093116,SHEEPSHEAD,,21.400939304,15,40,20102718504wd,,0,05/04/2021
2010,1,5,1,1526720100409018,7,2,04,wd,8835430301,442,2,1,1,20102718504wd,15267201004093116,SHEEPSHEAD,,21.400939304,17,44,20102718504wd,,0,05/04/2021
2010,1,5,1,1526720100409018,7,2,04,wd,8835430301,395,1.45,1,1,20102718504wd,15267201004093116,SHEEPSHEAD,,21.400939304,15,39,20102718504wd,,0,05/04/2021
2010,1,5,1,1526720100409018,7,2,04,wd,8835430301,423,2,0,0,20102718504wd,15267201004093116,SHEEPSHEAD,,21.400939304,16,42,20102718504wd,,0,05/04/2021
2010,1,5,1,1526720100409018,7,2,04,wd,8835440901,595,3,0,0,20102718504wd,15267201004093116,RED DRUM,,21.400939304,23,59,20102718504wd,,0,05/04/2021
2010,1,5,1,1526720100409018,7,2,04,wd,8835430301,426,2.1,0,0,20102718504wd,15267201004093116,SHEEPSHEAD,,21.400939304,16,42,20102718504wd,,0,05/04/2021
2010,1,5,1,1526720100409018,7,2,04,wd,8835430301,395,1.45,0,0,20102718504wd,15267201004093116,SHEEPSHEAD,,21.400939304,15,39,20102718504wd,,0,05/04/2021
2010,1,5,1,1526720100409018,7,2,04,wd,8835430301,380,1.2,1,1,20102718504wd,15267201004093116,SHEEPSHEAD,,21.400939304,14,38,20102718504wd,,0,05/04/2021
2010,1,5,1,1526720100409018,7,2,04,wd,8835430301,380,1.2,0,0,20102718504wd,15267201004093116,SHEEPSHEAD,,21.400939304,14,38,20102718504wd,,0,05/04/2021
2010,1,5,1,1526720100409018,7,2,04,wd,8835430301,302,0.7,1,1,20102718504wd,15267201004093116,SHEEPSHEAD,,21.400939304,11,30,20102718504wd,,0,05/04/2021
2010,1,5,1,1526720100409018,7,2,04,wd,8835430301,312,0.6,0,0,20102718504wd,15267201004093116,SHEEPSHEAD,,21.400939304,12,31,20102718504wd,,0,05/04/2021
2010,1,5,1,1526720100409018,7,2,04,wd,8835430301,389,1.38,0,0,20102718504wd,15267201004093116,SHEEPSHEAD,,21.400939304,15,38,20102718504wd,,0,05/04/2021
2010,1,5,1,1526720100409018,7,2,04,wd,8835430301,420,2,0,0,20102718504wd,15267201004093116,SHEEPSHEAD,,21.400939304,16,42,20102718504wd,,0,05/04/2021
2010,1,5,1,1526720100409018,7,2,04,wd,8835280901,333,0.85,0,0,20102718504wd,15267201004093116,FLORIDA POMPANO,,21.400939304,13,33,20102718504wd,,0,05/04/2021
2010,1,5,1,1526720100409018,7,2,04,wd,8835250101,351,0.65,0,0,20102718504wd,15267201004093116,BLUEFISH,,21.400939304,13,35,20102718504wd,,0,05/04/2021
2010,1,5,1,1526720100409021,7,2,04,wd,8835430301,302,0.7,0,0,20102718504wd,15267201004093116,SHEEPSHEAD,,21.400939304,11,30,20102718504wd,,0,05/04/2021
2010,1,5,1,1526720100409021,7,2,04,wd,8835430301,291,0.65,0,0,20102718504wd,15267201004093116,SHEEPSHEAD,,21.400939304,11,29,20102718504wd,,0,05/04/2021
2010,1,5,1,1526720100409022,7,2,04,wd,8835430301,444,2.1,0,0,20102718504wd,15267201004093116,SHEEPSHEAD,,21.400939304,17,44,20102718504wd,,0,05/04/2021
2010,1,5,1,1526720100409022,7,2,04,wd,8835430301,363,1.1,0,0,20102718504wd,15267201004093116,SHEEPSHEAD,,21.400939304,14,36,20102718504wd,,0,05/04/2021
2010,1,5,1,1526720100409022,7,2,04,wd,8835430301,470,2.4,1,1,20102718504wd,15267201004093116,SHEEPSHEAD,,21.400939304,18,47,20102718504wd,,0,05/04/2021
2010,1,5,1,1526720100409022,7,2,04,wd,8835430301,449,1.92,1,1,20102718504wd,15267201004093116,SHEEPSHEAD,,21.400939304,17,44,20102718504wd,,0,05/04/2021
2010,1,5,1,1526720100409022,7,2,04,wd,8835430301,342,1,0,0,20102718504wd,15267201004093116,SHEEPSHEAD,,21.400939304,13,34,20102718504wd,,0,05/04/2021
2010,1,5,1,1526720100409022,7,2,04,wd,8835430301,331,1,1,1,20102718504wd,15267201004093116,SHEEPSHEAD,,21.400939304,13,33,20102718504wd,,0,05/04/2021
2010,1,5,1,1526720100409022,7,2,04,wd,8835430301,446,2.1,0,0,20102718504wd,15267201004093116,SHEEPSHEAD,,21.400939304,17,44,20102718504wd,,0,05/04/2021
2010,1,5,1,1526720100409022,7,2,04,wd,8835430301,442,2,0,0,20102718504wd,15267201004093116,SHEEPSHEAD,,21.400939304,17,44,20102718504wd,,0,05/04/2021
2010,1,5,1,1526720100409022,7,2,04,wd,8835430301,331,1,0,0,20102718504wd,15267201004093116,SHEEPSHEAD,,21.400939304,13,33,20102718504wd,,0,05/04/2021
2010,1,5,5,1543220100311001,7,2,03,wd,8835440901,400,0.72,0,0,20102718503wd,15432201003113116,RED DRUM,,62.157225338,15,40,20102718503wd,,0,05/04/2021
2010,1,5,5,1543220100311001,7,2,03,wd,8835430301,310,0.8,0,0,20102718503wd,15432201003113116,SHEEPSHEAD,,62.157225338,12,31,20102718503wd,,0,05/04/2021
2010,1,5,5,1543220100311001,7,2,03,wd,8777180101,430,1.26,0,0,20102718503wd,15432201003113116,GAFFTOPSAIL CATFISH,,62.157225338,16,43,20102718503wd,,0,05/04/2021
2010,1,5,5,1543220100311001,7,2,03,wd,8777180101,550,3.06,0,0,20102718503wd,15432201003113116,GAFFTOPSAIL CATFISH,,62.157225338,21,55,20102718503wd,,0,05/04/2021
2010,1,5,5,1543220100311002,7,2,03,wd,,,,0,0,20102718503wd,15432201003113116,,,68.342141512,,,20102718503wd,,0,05/04/2021
2010,1,5,5,1543220100311004,7,2,03,wd,,,,0,0,20102718503wd,15432201003113116,,,68.342141512,,,20102718503wd,,0,05/04/2021
2010,1,5,5,1543220100311005,7,2,03,wd,,,,0,0,20102718503wd,15432201003113116,,,68.342141512,,,20102718503wd,,0,05/04/2021
2010,1,5,1,1543220100328001,7,2,03,we,8835430301,449,1.92,0,0,20102718503we,15432201003283116,SHEEPSHEAD,,31.789541405,17,44,20102718503we,,0,05/04/2021
2010,1,5,1,1543220100328001,7,2,03,we,8835430301,390,1.3,0,0,20102718503we,15432201003283116,SHEEPSHEAD,,31.789541405,15,39,20102718503we,,0,05/04/2021
2010,1,5,1,1543220100328001,7,2,03,we,8835430301,470,2.4,0,0,20102718503we,15432201003283116,SHEEPSHEAD,,31.789541405,18,47,20102718503we,,0,05/04/2021
2010,1,5,1,1543220100328001,7,2,03,we,8835430301,362,0.9,0,0,20102718503we,15432201003283116,SHEEPSHEAD,,31.789541405,14,36,20102718503we,,0,05/04/2021
2010,1,5,1,1543220100328001,7,2,03,we,8835430301,365,1,0,0,20102718503we,15432201003283116,SHEEPSHEAD,,31.789541405,14,36,20102718503we,,0,05/04/2021
2010,1,5,1,1543220100328001,7,2,03,we,8835430301,392,1.1,0,0,20102718503we,15432201003283116,SHEEPSHEAD,,31.789541405,15,39,20102718503we,,0,05/04/2021
2010,1,5,1,1543220100328001,7,2,03,we,8835430301,468,2,0,0,20102718503we,15432201003283116,SHEEPSHEAD,,31.789541405,18,46,20102718503we,,0,05/04/2021
2010,1,5,1,1543220100328001,7,2,03,we,8835430301,510,3.1,0,0,20102718503we,15432201003283116,SHEEPSHEAD,,31.789541405,20,51,20102718503we,,0,05/04/2021
2010,1,5,1,1543220100328001,7,2,03,we,8835430301,425,1.5,0,0,20102718503we,15432201003283116,SHEEPSHEAD,,31.789541405,16,42,20102718503we,,0,05/04/2021
2010,1,5,1,1543220100328001,7,2,03,we,8835430301,365,1,1,1,20102718503we,15432201003283116,SHEEPSHEAD,,31.789541405,14,36,20102718503we,,0,05/04/2021
2010,1,5,1,1543220100328001,7,2,03,we,8835430301,440,1.9,0,0,20102718503we,15432201003283116,SHEEPSHEAD,,31.789541405,17,44,20102718503we,,0,05/04/2021
2010,1,5,1,1543220100328002,7,2,03,we,,,,0,0,20102718503we,15432201003283116,,,44.901925907,,,20102718503we,,0,05/04/2021
2010,1,5,2,1543220100328004,7,2,03,we,8860020201,352,1.1,0,0,20102718503we,15432201003283116,GRAY TRIGGERFISH,,69.509145535,13,35,20102718503we,,0,05/04/2021
2010,1,5,2,1543220100328004,7,2,03,we,8835430602,213,0.2,0,0,20102718503we,15432201003283116,RED PORGY,,69.509145535,8,21,20102718503we,,0,05/04/2021
2010,1,5,2,1543220100328004,7,2,03,we,8835430602,223,0.25,0,0,20102718503we,15432201003283116,RED PORGY,,69.509145535,8,22,20102718503we,,0,05/04/2021
2010,1,5,2,1543220100328004,7,2,03,we,8835430602,243,0.31,0,0,20102718503we,15432201003283116,RED PORGY,,69.509145535,9,24,20102718503we,,0,05/04/2021
2010,1,5,2,1543220100328004,7,2,03,we,8835430602,245,0.33,0,0,20102718503we,15432201003283116,RED PORGY,,69.509145535,9,24,20102718503we,,0,05/04/2021
2010,1,5,2,1543220100328004,7,2,03,we,8835430602,251,0.35,0,0,20102718503we,15432201003283116,RED PORGY,,69.509145535,9,25,20102718503we,,0,05/04/2021
2010,1,5,2,1543220100328004,7,2,03,we,8835430602,253,0.35,0,0,20102718503we,15432201003283116,RED PORGY,,69.509145535,9,25,20102718503we,,0,05/04/2021
2010,1,5,2,1543220100328004,7,2,03,we,8835430602,263,0.41,0,0,20102718503we,15432201003283116,RED PORGY,,69.509145535,10,26,20102718503we,,0,05/04/2021
2010,1,5,2,1543220100328004,7,2,03,we,8835430602,277,0.46,0,0,20102718503we,15432201003283116,RED PORGY,,69.509145535,10,27,20102718503we,,0,05/04/2021
2010,1,5,2,1543220100328004,7,2,03,we,8835430505,303,0.68,0,0,20102718503we,15432201003283116,WHITEBONE PORGY,,69.509145535,11,30,20102718503we,,0,05/04/2021
2010,1,5,2,1543220100328004,7,2,03,we,8835430201,259,0.4,0,0,20102718503we,15432201003283116,PINFISH,,69.509145535,10,25,20102718503we,,0,05/04/2021
2010,1,5,2,1543220100328004,7,2,03,we,8835430602,273,0.43,0,0,20102718503we,15432201003283116,RED PORGY,,69.509145535,10,27,20102718503we,,0,05/04/2021
2010,1,5,2,1543220100328004,7,2,03,we,8835430201,285,0.5,0,0,20102718503we,15432201003283116,PINFISH,,69.509145535,11,28,20102718503we,,0,05/04/2021
2010,1,5,2,1543220100328004,7,2,03,we,8835360501,270,0.33,0,0,20102718503we,15432201003283116,VERMILION SNAPPER,,69.509145535,10,27,20102718503we,,0,05/04/2021
2010,1,5,2,1543220100328004,7,2,03,we,8835430602,248,0.32,0,0,20102718503we,15432201003283116,RED PORGY,,69.509145535,9,24,20102718503we,,0,05/04/2021
2010,1,5,2,1543220100328004,7,2,03,we,8835360501,272,0.36,0,0,20102718503we,15432201003283116,VERMILION SNAPPER,,69.509145535,10,27,20102718503we,,0,05/04/2021
2010,1,5,2,1543220100328004,7,2,03,we,8835360501,276,0.35,0,0,20102718503we,15432201003283116,VERMILION SNAPPER,,69.509145535,10,27,20102718503we,,0,05/04/2021
2010,1,5,2,1543220100328004,7,2,03,we,8835360501,282,0.45,0,0,20102718503we,15432201003283116,VERMILION SNAPPER,,69.509145535,11,28,20102718503we,,0,05/04/2021
2010,1,5,2,1543220100328004,7,2,03,we,8835360501,284,0.42,0,0,20102718503we,15432201003283116,VERMILION SNAPPER,,69.509145535,11,28,20102718503we,,0,05/04/2021
2010,1,5,2,1543220100328004,7,2,03,we,8835360501,306,0.55,0,0,20102718503we,15432201003283116,VERMILION SNAPPER,,69.509145535,12,30,20102718503we,,0,05/04/2021
2010,1,5,2,1543220100328004,7,2,03,we,8835360501,277,0.45,0,0,20102718503we,15432201003283116,VERMILION SNAPPER,,69.509145535,10,27,20102718503we,,0,05/04/2021
2010,1,5,2,1543220100328004,7,2,03,we,8835360501,265,0.4,0,0,20102718503we,15432201003283116,VERMILION SNAPPER,,69.509145535,10,26,20102718503we,,0,05/04/2021
2010,1,5,2,1543220100328004,7,2,03,we,8835360501,250,0.31,0,0,20102718503we,15432201003283116,VERMILION SNAPPER,,69.509145535,9,25,20102718503we,,0,05/04/2021
2010,1,5,2,1543220100328004,7,2,03,we,8835360501,250,0.3,0,0,20102718503we,15432201003283116,VERMILION SNAPPER,,69.509145535,9,25,20102718503we,,0,05/04/2021
2010,1,5,2,1543220100328004,7,2,03,we,8835360501,258,0.3,0,0,20102718503we,15432201003283116,VERMILION SNAPPER,,69.509145535,10,25,20102718503we,,0,05/04/2021
2010,1,5,2,1543220100328004,7,2,03,we,8835360112,300,0.42,0,0,20102718503we,15432201003283116,LANE SNAPPER,,69.509145535,11,30,20102718503we,,0,05/04/2021
2010,1,5,2,1543220100328004,7,2,03,we,8835360112,325,0.55,0,0,20102718503we,15432201003283116,LANE SNAPPER,,69.509145535,12,32,20102718503we,,0,05/04/2021
2010,1,5,2,1543220100328004,7,2,03,we,8835360112,326,0.52,0,0,20102718503we,15432201003283116,LANE SNAPPER,,69.509145535,12,32,20102718503we,,0,05/04/2021
2010,1,5,2,1543220100328004,7,2,03,we,8835360112,350,0.61,0,0,20102718503we,15432201003283116,LANE SNAPPER,,69.509145535,13,35,20102718503we,,0,05/04/2021
2010,1,5,2,1543220100328005,7,2,03,we,,,,0,0,20102718503we,15432201003283116,,,98.179915932,,,20102718503we,,0,05/04/2021
2010,1,5,2,1543220100328006,7,2,03,we,,,,0,0,20102718503we,15432201003283116,,,98.179915932,,,20102718503we,,0,05/04/2021
2010,1,5,2,1543220100328007,7,2,03,we,,,,0,0,20102718503we,15432201003283116,,,98.179915932,,,20102718503we,,0,05/04/2021
2010,1,5,2,1543220100328008,7,2,03,we,,,,0,0,20102718503we,15432201003283116,,,98.179915932,,,20102718503we,,0,05/04/2021
2010,1,5,2,1543220100411001,7,2,04,we,8860020201,372,1.25,0,0,20102718504we,15432201004113116,GRAY TRIGGERFISH,,60.716075709,14,37,20102718504we,,0,05/04/2021
2010,1,5,2,1543220100411001,7,2,04,we,8835430602,205,0.2,0,0,20102718504we,15432201004113116,RED PORGY,,60.716075709,8,20,20102718504we,,0,05/04/2021
2010,1,5,2,1543220100411001,7,2,04,we,8835430602,235,0.3,0,0,20102718504we,15432201004113116,RED PORGY,,60.716075709,9,23,20102718504we,,0,05/04/2021
2010,1,5,2,1543220100411001,7,2,04,we,8835430602,253,0.4,0,0,20102718504we,15432201004113116,RED PORGY,,60.716075709,9,25,20102718504we,,0,05/04/2021
2010,1,5,2,1543220100411001,7,2,04,we,8835430602,262,0.5,0,0,20102718504we,15432201004113116,RED PORGY,,60.716075709,10,26,20102718504we,,0,05/04/2021
2010,1,5,2,1543220100411001,7,2,04,we,8835430505,265,0.45,0,0,20102718504we,15432201004113116,WHITEBONE PORGY,,60.716075709,10,26,20102718504we,,0,05/04/2021
2010,1,5,2,1543220100411001,7,2,04,we,8835360501,240,0.25,0,0,20102718504we,15432201004113116,VERMILION SNAPPER,,60.716075709,9,24,20102718504we,,0,05/04/2021
2010,1,5,2,1543220100411001,7,2,04,we,8835360501,252,0.31,0,0,20102718504we,15432201004113116,VERMILION SNAPPER,,60.716075709,9,25,20102718504we,,0,05/04/2021
2010,1,5,2,1543220100411001,7,2,04,we,8835360501,260,0.36,0,0,20102718504we,15432201004113116,VERMILION SNAPPER,,60.716075709,10,26,20102718504we,,0,05/04/2021
2010,1,5,2,1543220100411001,7,2,04,we,8835360501,263,0.35,0,0,20102718504we,15432201004113116,VERMILION SNAPPER,,60.716075709,10,26,20102718504we,,0,05/04/2021
2010,1,5,2,1543220100411001,7,2,04,we,8835360501,286,0.5,0,0,20102718504we,15432201004113116,VERMILION SNAPPER,,60.716075709,11,28,20102718504we,,0,05/04/2021
2010,1,5,2,1543220100411001,7,2,04,we,8835360112,352,0.75,0,0,20102718504we,15432201004113116,LANE SNAPPER,,60.716075709,13,35,20102718504we,,0,05/04/2021
2010,1,5,2,1543220100411001,7,2,04,we,8835020501,580,2.75,0,0,20102718504we,15432201004113116,GAG,,60.716075709,22,58,20102718504we,,0,05/04/2021
2010,1,5,2,1543220100411002,7,2,04,we,8860020201,372,1.25,1,1,20102718504we,15432201004113116,GRAY TRIGGERFISH,,82.153360715,14,37,20102718504we,,0,05/04/2021
2010,1,5,2,1543220100411003,7,2,04,we,,,,0,0,20102718504we,15432201004113116,,,109.87399485,,,20102718504we,,0,05/04/2021
2010,1,5,2,1543220100411004,7,2,04,we,,,,0,0,20102718504we,15432201004113116,,,109.87399485,,,20102718504we,,0,05/04/2021
2010,1,5,2,1543220100411005,7,2,04,we,8860020201,370,1.34,0,0,20102718504we,15432201004113116,GRAY TRIGGERFISH,,60.716075709,14,37,20102718504we,,0,05/04/2021
2010,1,5,2,1543220100411005,7,2,04,we,8860020201,325,0.92,0,0,20102718504we,15432201004113116,GRAY TRIGGERFISH,,60.716075709,12,32,20102718504we,,0,05/04/2021
2010,1,5,2,1543220100411005,7,2,04,we,8835430602,270,0.46,0,0,20102718504we,15432201004113116,RED PORGY,,70.302824505,10,27,20102718504we,,0,05/04/2021
2010,1,5,2,1543220100411005,7,2,04,we,8835430602,269,0.46,1,1,20102718504we,15432201004113116,RED PORGY,,70.302824505,10,26,20102718504we,,0,05/04/2021
2010,1,5,2,1543220100411005,7,2,04,we,8835430602,242,0.39,0,0,20102718504we,15432201004113116,RED PORGY,,70.302824505,9,24,20102718504we,,0,05/04/2021
2010,1,5,2,1543220100411005,7,2,04,we,8835430602,242,0.39,1,1,20102718504we,15432201004113116,RED PORGY,,70.302824505,9,24,20102718504we,,0,05/04/2021
2010,1,5,2,1543220100411005,7,2,04,we,8835430602,250,0.41,0,0,20102718504we,15432201004113116,RED PORGY,,70.302824505,9,25,20102718504we,,0,05/04/2021
2010,1,5,2,1543220100411005,7,2,04,we,8835430602,252,0.39,0,0,20102718504we,15432201004113116,RED PORGY,,70.302824505,9,25,20102718504we,,0,05/04/2021
2010,1,5,2,1543220100411005,7,2,04,we,8835430602,256,0.41,0,0,20102718504we,15432201004113116,RED PORGY,,70.302824505,10,25,20102718504we,,0,05/04/2021
2010,1,5,2,1543220100411005,7,2,04,we,8835430602,260,0.45,0,0,20102718504we,15432201004113116,RED PORGY,,70.302824505,10,26,20102718504we,,0,05/04/2021
2010,1,5,2,1543220100411005,7,2,04,we,8835430602,260,0.42,0,0,20102718504we,15432201004113116,RED PORGY,,70.302824505,10,26,20102718504we,,0,05/04/2021
2010,1,5,2,1543220100411005,7,2,04,we,8835430602,260,0.45,1,1,20102718504we,15432201004113116,RED PORGY,,70.302824505,10,26,20102718504we,,0,05/04/2021
2010,1,5,2,1543220100411005,7,2,04,we,8835430602,264,0.42,0,0,20102718504we,15432201004113116,RED PORGY,,70.302824505,10,26,20102718504we,,0,05/04/2021
2010,1,5,2,1543220100411005,7,2,04,we,8835430602,260,0.45,0,0,20102718504we,15432201004113116,RED PORGY,,70.302824505,10,26,20102718504we,,0,05/04/2021
2010,1,5,2,1543220100411005,7,2,04,we,8835430602,266,0.43,0,0,20102718504we,15432201004113116,RED PORGY,,70.302824505,10,26,20102718504we,,0,05/04/2021
2010,1,5,2,1543220100411005,7,2,04,we,8835430602,269,0.46,0,0,20102718504we,15432201004113116,RED PORGY,,70.302824505,10,26,20102718504we,,0,05/04/2021
2010,1,5,2,1543220100411005,7,2,04,we,8835430602,272,0.41,0,0,20102718504we,15432201004113116,RED PORGY,,70.302824505,10,27,20102718504we,,0,05/04/2021
2010,1,5,2,1543220100411005,7,2,04,we,8835430602,274,0.51,0,0,20102718504we,15432201004113116,RED PORGY,,70.302824505,10,27,20102718504we,,0,05/04/2021
2010,1,5,2,1543220100411005,7,2,04,we,8835430602,252,0.4,0,0,20102718504we,15432201004113116,RED PORGY,,70.302824505,9,25,20102718504we,,0,05/04/2021
2010,1,5,2,1543220100411005,7,2,04,we,8835430602,275,0.43,0,0,20102718504we,15432201004113116,RED PORGY,,70.302824505,10,27,20102718504we,,0,05/04/2021
2010,1,5,2,1543220100411005,7,2,04,we,8835360501,270,0.4,0,0,20102718504we,15432201004113116,VERMILION SNAPPER,,60.716075709,10,27,20102718504we,,0,05/04/2021
2010,1,5,2,1543220100411005,7,2,04,we,8835430602,223,0.25,1,1,20102718504we,15432201004113116,RED PORGY,,70.302824505,8,22,20102718504we,,0,05/04/2021
2010,1,5,2,1543220100411005,7,2,04,we,8835360501,290,0.5,0,0,20102718504we,15432201004113116,VERMILION SNAPPER,,60.716075709,11,29,20102718504we,,0,05/04/2021
2010,1,5,2,1543220100411005,7,2,04,we,8835360501,295,0.51,0,0,20102718504we,15432201004113116,VERMILION SNAPPER,,60.716075709,11,29,20102718504we,,0,05/04/2021
2010,1,5,2,1543220100411005,7,2,04,we,8835360501,311,0.61,0,0,20102718504we,15432201004113116,VERMILION SNAPPER,,60.716075709,12,31,20102718504we,,0,05/04/2021
2010,1,5,2,1543220100411005,7,2,04,we,8835360501,323,0.65,0,0,20102718504we,15432201004113116,VERMILION SNAPPER,,60.716075709,12,32,20102718504we,,0,05/04/2021
2010,1,5,2,1543220100411005,7,2,04,we,8835360501,328,0.65,0,0,20102718504we,15432201004113116,VERMILION SNAPPER,,60.716075709,12,32,20102718504we,,0,05/04/2021
2010,1,5,2,1543220100411005,7,2,04,we,8835360501,332,0.72,0,0,20102718504we,15432201004113116,VERMILION SNAPPER,,60.716075709,13,33,20102718504we,,0,05/04/2021
2010,1,5,2,1543220100411005,7,2,04,we,8835280801,1105,13,0,0,20102718504we,15432201004113116,GREATER AMBERJACK,,60.716075709,43,110,20102718504we,,0,05/04/2021
2010,1,5,2,1543220100411005,7,2,04,we,8835280801,760,6.25,0,0,20102718504we,15432201004113116,GREATER AMBERJACK,,60.716075709,29,76,20102718504we,,0,05/04/2021
2010,1,5,2,1543220100411005,7,2,04,we,8835280801,800,7.48,0,0,20102718504we,15432201004113116,GREATER AMBERJACK,,60.716075709,31,80,20102718504we,,0,05/04/2021
2010,1,5,2,1543220100411005,7,2,04,we,8835280801,980,11.8,0,0,20102718504we,15432201004113116,GREATER AMBERJACK,,60.716075709,38,98,20102718504we,,0,05/04/2021
2010,1,5,2,1543220100411005,7,2,04,we,8835280801,1082,15.75,0,0,20102718504we,15432201004113116,GREATER AMBERJACK,,60.716075709,42,108,20102718504we,,0,05/04/2021
2010,1,5,2,1543220100411005,7,2,04,we,8835280801,1090,14.5,0,0,20102718504we,15432201004113116,GREATER AMBERJACK,,60.716075709,42,109,20102718504we,,0,05/04/2021
2010,1,5,2,1543220100411005,7,2,04,we,8835280801,938,11.25,0,0,20102718504we,15432201004113116,GREATER AMBERJACK,,60.716075709,36,93,20102718504we,,0,05/04/2021
2010,1,5,2,1543220100411005,7,2,04,we,8835220301,450,0.8,0,0,20102718504we,15432201004113116,SAND TILEFISH,,60.716075709,17,45,20102718504we,,0,05/04/2021
2010,1,5,2,1543220100411009,7,2,04,we,,,,0,0,20102718504we,15432201004113116,,,82.153360715,,,20102718504we,,0,05/04/2021
2010,1,5,2,1543220100411010,7,2,04,we,,,,0,0,20102718504we,15432201004113116,,,82.153360715,,,20102718504we,,0,05/04/2021
2010,1,5,2,1543220100411011,7,2,04,we,,,,0,0,20102718504we,15432201004113116,,,82.153360715,,,20102718504we,,0,05/04/2021
2010,1,5,2,1543220100411012,7,2,04,we,8835260101,910,8.25,0,0,20102718504we,15432201004113116,COBIA,,81.203224455,35,91,20102718504we,,0,05/04/2021
2010,1,5,2,1545720100410001,7,2,04,we,8860020201,370,1.34,1,1,20102718504we,15457201004109740,GRAY TRIGGERFISH,,406.07087229,14,37,20102718504we,,0,05/04/2021
2010,1,5,2,1545720100410001,7,2,04,we,8860020201,389,1.28,1,1,20102718504we,15457201004109740,GRAY TRIGGERFISH,,406.07087229,15,38,20102718504we,,0,05/04/2021
2010,1,5,2,1545720100410001,7,2,04,we,8860020201,400,1.5,1,1,20102718504we,15457201004109740,GRAY TRIGGERFISH,,406.07087229,15,40,20102718504we,,0,05/04/2021
2010,1,5,2,1545720100410001,7,2,04,we,8835430301,448,2.1,1,1,20102718504we,15457201004109740,SHEEPSHEAD,,580.10124613,17,44,20102718504we,,0,05/04/2021
2010,1,5,2,1545720100410001,7,2,04,we,8835430301,460,2.2,0,0,20102718504we,15457201004109740,SHEEPSHEAD,,580.10124613,18,46,20102718504we,,0,05/04/2021
2010,1,5,2,1545720100410001,7,2,04,we,8835430301,503,2.7,0,0,20102718504we,15457201004109740,SHEEPSHEAD,,580.10124613,19,50,20102718504we,,0,05/04/2021
2010,1,5,2,1545720100410001,7,2,04,we,8835430301,391,1.3,0,0,20102718504we,15457201004109740,SHEEPSHEAD,,580.10124613,15,39,20102718504we,,0,05/04/2021
2010,1,5,2,1545720100410001,7,2,04,we,8835430301,434,1.8,0,0,20102718504we,15457201004109740,SHEEPSHEAD,,580.10124613,17,43,20102718504we,,0,05/04/2021
2010,1,5,2,1545720100410001,7,2,04,we,8835430301,437,2,0,0,20102718504we,15457201004109740,SHEEPSHEAD,,580.10124613,17,43,20102718504we,,0,05/04/2021
2010,1,5,2,1545720100410001,7,2,04,we,8835430301,448,2.1,0,0,20102718504we,15457201004109740,SHEEPSHEAD,,580.10124613,17,44,20102718504we,,0,05/04/2021
2010,1,5,2,1545720100410001,7,2,04,we,8860020201,350,0.9,1,1,20102718504we,15457201004109740,GRAY TRIGGERFISH,,406.07087229,13,35,20102718504we,,0,05/04/2021
2010,1,5,2,1545720100410001,7,2,04,we,8835430301,464,2.3,0,0,20102718504we,15457201004109740,SHEEPSHEAD,,580.10124613,18,46,20102718504we,,0,05/04/2021
2010,1,5,2,1545720100410001,7,2,04,we,8835430301,368,1.2,0,0,20102718504we,15457201004109740,SHEEPSHEAD,,580.10124613,14,36,20102718504we,,0,05/04/2021
2010,1,5,2,1545720100410001,7,2,04,we,8835430301,391,1.3,1,1,20102718504we,15457201004109740,SHEEPSHEAD,,580.10124613,15,39,20102718504we,,0,05/04/2021
2010,1,5,2,1545720100410001,7,2,04,we,8835430301,464,2.3,1,1,20102718504we,15457201004109740,SHEEPSHEAD,,580.10124613,18,46,20102718504we,,0,05/04/2021
2010,1,5,2,1545720100410001,7,2,04,we,8835430301,393,1.4,0,0,20102718504we,15457201004109740,SHEEPSHEAD,,580.10124613,15,39,20102718504we,,0,05/04/2021
2010,1,5,2,1545720100410001,7,2,04,we,8835430301,393,1.4,1,1,20102718504we,15457201004109740,SHEEPSHEAD,,580.10124613,15,39,20102718504we,,0,05/04/2021
2010,1,5,2,1545720100410001,7,2,04,we,8835430301,400,1.5,0,0,20102718504we,15457201004109740,SHEEPSHEAD,,580.10124613,15,40,20102718504we,,0,05/04/2021
2010,1,5,2,1545720100410001,7,2,04,we,8835360501,270,0.4,1,1,20102718504we,15457201004109740,VERMILION SNAPPER,,406.07087229,10,27,20102718504we,,0,05/04/2021
2010,1,5,2,1545720100410001,7,2,04,we,8835360112,300,0.42,1,1,20102718504we,15457201004109740,LANE SNAPPER,,406.07087229,11,30,20102718504we,,0,05/04/2021
2010,1,5,2,1545720100410001,7,2,04,we,8835020501,555,2.19,1,1,20102718504we,15457201004109740,GAG,,406.07087229,21,55,20102718504we,,0,05/04/2021
2010,1,5,2,1545720100410002,7,2,04,we,,,,0,0,20102718504we,15457201004109740,,,406.07087229,,,20102718504we,,0,05/04/2021
2010,1,7,1,1501720100318001,7,2,03,wd,8835280901,316,0.65,1,1,20102718703wd,150172010031835,FLORIDA POMPANO,,5715.9183932,12,31,20102718703wd,,0,05/04/2021
2010,1,7,1,1501720100318001,7,2,03,wd,8835280901,328,0.8,1,1,20102718703wd,150172010031835,FLORIDA POMPANO,,5715.9183932,12,32,20102718703wd,,0,05/04/2021
2010,1,7,1,1501720100318001,7,2,03,wd,8835280901,330,0.8,1,1,20102718703wd,150172010031835,FLORIDA POMPANO,,5715.9183932,12,33,20102718703wd,,0,05/04/2021
2010,1,7,1,1501720100318001,7,2,03,wd,8835280901,353,1.1,1,1,20102718703wd,150172010031835,FLORIDA POMPANO,,5715.9183932,13,35,20102718703wd,,0,05/04/2021
2010,1,7,1,1501720100318001,7,2,03,wd,8835280901,328,0.8,1,1,20102718703wd,150172010031835,FLORIDA POMPANO,,5715.9183932,12,32,20102718703wd,,0,05/04/2021
2010,1,7,1,1501720100318003,7,2,03,wd,,,,0,0,20102718703wd,150172010031835,,,4678.7367658,,,20102718703wd,,0,05/04/2021
2010,1,7,1,1501720100318005,7,2,03,wd,,,,0,0,20102718703wd,150172010031835,,,4678.7367658,,,20102718703wd,,0,05/04/2021
2010,1,7,5,1509820100308001,7,2,03,wd,8835440901,500,1.55,1,1,20102718703wd,15098201003083140,RED DRUM,,3652.3966359,19,50,20102718703wd,,0,05/04/2021
2010,1,7,5,1509820100308001,7,2,03,wd,8835440901,505,1.3,1,1,20102718703wd,15098201003083140,RED DRUM,,3652.3966359,19,50,20102718703wd,,0,05/04/2021
2010,1,7,5,1509820100308001,7,2,03,wd,8835440901,555,2,1,1,20102718703wd,15098201003083140,RED DRUM,,3652.3966359,21,55,20102718703wd,,0,05/04/2021
2010,1,7,5,1509820100308001,7,2,03,wd,8777020102,676,5,1,1,20102718703wd,15098201003083140,BLUE CATFISH,,3652.3966359,26,67,20102718703wd,,0,05/04/2021
2010,1,7,5,1509820100308002,7,2,03,wd,8835440702,204,0.1,1,1,20102718703wd,15098201003083140,ATLANTIC CROAKER,,7304.7932718,8,20,20102718703wd,,0,05/04/2021
2010,1,7,5,1509820100308002,7,2,03,wd,8835440702,204,0.1,1,1,20102718703wd,15098201003083140,ATLANTIC CROAKER,,7304.7932718,8,20,20102718703wd,,0,05/04/2021
2010,1,7,5,1509820100308002,7,2,03,wd,8835440702,215,0.1,1,1,20102718703wd,15098201003083140,ATLANTIC CROAKER,,7304.7932718,8,21,20102718703wd,,0,05/04/2021
2010,1,7,5,1509820100308002,7,2,03,wd,8835440702,215,0.1,1,1,20102718703wd,15098201003083140,ATLANTIC CROAKER,,7304.7932718,8,21,20102718703wd,,0,05/04/2021
2010,1,7,5,1509820100308002,7,2,03,wd,8835440702,215,0.1,1,1,20102718703wd,15098201003083140,ATLANTIC CROAKER,,7304.7932718,8,21,20102718703wd,,0,05/04/2021
2010,1,7,5,1509820100308003,7,2,03,wd,8835440702,189,0.1,1,1,20102718703wd,15098201003083140,ATLANTIC CROAKER,,4382.8759631,7,18,20102718703wd,,0,05/04/2021
2010,1,7,5,1509820100308003,7,2,03,wd,8835440702,189,0.1,1,1,20102718703wd,15098201003083140,ATLANTIC CROAKER,,4382.8759631,7,18,20102718703wd,,0,05/04/2021
2010,1,7,5,1509820100308003,7,2,03,wd,8835440702,200,0.1,1,1,20102718703wd,15098201003083140,ATLANTIC CROAKER,,4382.8759631,7,20,20102718703wd,,0,05/04/2021
2010,1,7,5,1509820100308003,7,2,03,wd,8835440702,200,0.1,1,1,20102718703wd,15098201003083140,ATLANTIC CROAKER,,4382.8759631,7,20,20102718703wd,,0,05/04/2021
2010,1,7,5,1509820100308003,7,2,03,wd,8835440702,200,0.1,1,1,20102718703wd,15098201003083140,ATLANTIC CROAKER,,4382.8759631,7,20,20102718703wd,,0,05/04/2021
2010,1,7,5,1509820100308003,7,2,03,wd,8835430301,309,0.69,1,1,20102718703wd,15098201003083140,SHEEPSHEAD,,3652.3966359,12,30,20102718703wd,,0,05/04/2021
2010,1,7,5,1509820100308004,7,2,03,wd,8835440801,550,2.5081991072,1,1,20102718703wd,15098201003083140,BLACK DRUM,,3652.3966359,21,55,20102718703wd,,0,05/04/2021
2010,1,7,5,1509820100308005,7,2,03,wd,8835440702,198,0.1,1,1,20102718703wd,15098201003083140,ATLANTIC CROAKER,,3652.3966359,7,19,20102718703wd,,0,05/04/2021
2010,1,7,5,1509820100308005,7,2,03,wd,8835430301,450,2.5,1,1,20102718703wd,15098201003083140,SHEEPSHEAD,,3652.3966359,17,45,20102718703wd,,0,05/04/2021
2010,1,7,5,1509820100308006,7,2,03,wd,8835440801,342,0.6,1,1,20102718703wd,15098201003083140,BLACK DRUM,,4261.1294085,13,34,20102718703wd,,0,05/04/2021
2010,1,7,5,1509820100308006,7,2,03,wd,8835440801,364,0.65,0,0,20102718703wd,15098201003083140,BLACK DRUM,,4261.1294085,14,36,20102718703wd,,0,05/04/2021
2010,1,7,5,1509820100308006,7,2,03,wd,8835440801,364,0.65,1,1,20102718703wd,15098201003083140,BLACK DRUM,,4261.1294085,14,36,20102718703wd,,0,05/04/2021
2010,1,7,5,1509820100308006,7,2,03,wd,8835440901,530,1.95,0,0,20102718703wd,15098201003083140,RED DRUM,,3652.3966359,20,53,20102718703wd,,0,05/04/2021
2010,1,7,5,1509820100308006,7,2,03,wd,8835440801,380,0.7,0,0,20102718703wd,15098201003083140,BLACK DRUM,,4261.1294085,14,38,20102718703wd,,0,05/04/2021
2010,1,7,5,1509820100308006,7,2,03,wd,8835440801,380,0.7,1,1,20102718703wd,15098201003083140,BLACK DRUM,,4261.1294085,14,38,20102718703wd,,0,05/04/2021
2010,1,7,5,1509820100308006,7,2,03,wd,8835440801,550,2.5081991072,1,1,20102718703wd,15098201003083140,BLACK DRUM,,4261.1294085,21,55,20102718703wd,,0,05/04/2021
2010,1,7,5,1509820100308006,7,2,03,wd,8835440702,190,0.1,1,1,20102718703wd,15098201003083140,ATLANTIC CROAKER,,3652.3966359,7,19,20102718703wd,,0,05/04/2021
2010,1,7,5,1509820100308006,7,2,03,wd,8835440702,198,0.1,1,1,20102718703wd,15098201003083140,ATLANTIC CROAKER,,3652.3966359,7,19,20102718703wd,,0,05/04/2021
2010,1,7,5,1509820100308006,7,2,03,wd,8835440702,198,0.1,1,1,20102718703wd,15098201003083140,ATLANTIC CROAKER,,3652.3966359,7,19,20102718703wd,,0,05/04/2021
2010,1,7,5,1509820100308006,7,2,03,wd,8835440702,215,0.1,0,0,20102718703wd,15098201003083140,ATLANTIC CROAKER,,3652.3966359,8,21,20102718703wd,,0,05/04/2021
2010,1,7,5,1509820100308006,7,2,03,wd,8835430301,309,0.69,0,0,20102718703wd,15098201003083140,SHEEPSHEAD,,3652.3966359,12,30,20102718703wd,,0,05/04/2021
2010,1,7,5,1509820100308007,7,2,03,wd,,,,0,0,20102718703wd,15098201003083140,,,3652.3966359,,,20102718703wd,,0,05/04/2021
2010,1,7,5,1509820100308008,7,2,03,wd,8835440901,376,0.67,1,1,20102718703wd,15098201003083140,RED DRUM,,3682.5560062,14,37,20102718703wd,,0,05/04/2021
2010,1,7,5,1509820100308008,7,2,03,wd,8835440702,174,0.1,1,1,20102718703wd,15098201003083140,ATLANTIC CROAKER,,3682.5560062,6,17,20102718703wd,,0,05/04/2021
2010,1,7,5,1509820100308008,7,2,03,wd,8835440702,190,0.1,1,1,20102718703wd,15098201003083140,ATLANTIC CROAKER,,3682.5560062,7,19,20102718703wd,,0,05/04/2021
2010,1,7,5,1509820100308008,7,2,03,wd,8777020102,582,2.5,1,1,20102718703wd,15098201003083140,BLUE CATFISH,,3682.5560062,22,58,20102718703wd,,0,05/04/2021
2010,1,7,5,1518020100406003,7,2,04,wd,,,,0,0,20102718704wd,15180201004063115,,,2900.6602192,,,20102718704wd,,0,05/04/2021
2010,1,7,5,1518020100406006,7,2,04,wd,8835440602,385,0.7,1,1,20102718704wd,15180201004063115,GULF KINGFISH,,2900.6602192,15,38,20102718704wd,,0,05/04/2021
2010,1,7,1,1518020100406009,7,2,04,wd,8835430301,411,2,1,1,20102718704wd,15180201004063115,SHEEPSHEAD,,4446.5492329,16,41,20102718704wd,,0,05/04/2021
2010,1,7,1,1518020100406009,7,2,04,wd,8835430301,475,2.5,1,1,20102718704wd,15180201004063115,SHEEPSHEAD,,4446.5492329,18,47,20102718704wd,,0,05/04/2021
2010,1,7,1,1518020100406009,7,2,04,wd,8835430301,435,2.2,0,0,20102718704wd,15180201004063115,SHEEPSHEAD,,4446.5492329,17,43,20102718704wd,,0,05/04/2021
2010,1,7,1,1518020100406009,7,2,04,wd,8835430301,434,2,0,0,20102718704wd,15180201004063115,SHEEPSHEAD,,4446.5492329,17,43,20102718704wd,,0,05/04/2021
2010,1,7,1,1518020100406009,7,2,04,wd,8835430301,421,2,1,1,20102718704wd,15180201004063115,SHEEPSHEAD,,4446.5492329,16,42,20102718704wd,,0,05/04/2021
2010,1,7,1,1518020100406009,7,2,04,wd,8835430301,473,3,1,1,20102718704wd,15180201004063115,SHEEPSHEAD,,4446.5492329,18,47,20102718704wd,,0,05/04/2021
2010,1,7,1,1518020100406009,7,2,04,wd,8835430301,363,1.3,0,0,20102718704wd,15180201004063115,SHEEPSHEAD,,4446.5492329,14,36,20102718704wd,,0,05/04/2021
2010,1,7,1,1518020100406009,7,2,04,wd,8835430301,395,1.5,0,0,20102718704wd,15180201004063115,SHEEPSHEAD,,4446.5492329,15,39,20102718704wd,,0,05/04/2021
2010,1,7,1,1518020100406009,7,2,04,wd,8835430301,411,2,0,0,20102718704wd,15180201004063115,SHEEPSHEAD,,4446.5492329,16,41,20102718704wd,,0,05/04/2021
2010,1,7,1,1518020100406009,7,2,04,wd,8835430301,421,2,0,0,20102718704wd,15180201004063115,SHEEPSHEAD,,4446.5492329,16,42,20102718704wd,,0,05/04/2021
2010,1,7,1,1518020100406009,7,2,04,wd,8835430301,473,3,0,0,20102718704wd,15180201004063115,SHEEPSHEAD,,4446.5492329,18,47,20102718704wd,,0,05/04/2021
2010,1,7,1,1518020100406009,7,2,04,wd,8835430301,475,2.5,0,0,20102718704wd,15180201004063115,SHEEPSHEAD,,4446.5492329,18,47,20102718704wd,,0,05/04/2021
2010,1,7,5,1518120100313003,7,2,03,we,8857030304,372,0.6,1,1,20102718703we,151812010031331691,SOUTHERN FLOUNDER,,1046.5800165,14,37,20102718703we,,0,05/04/2021
2010,1,7,5,1518120100313003,7,2,03,we,8857030304,415,0.8,1,1,20102718703we,151812010031331691,SOUTHERN FLOUNDER,,1046.5800165,16,41,20102718703we,,0,05/04/2021
2010,1,7,5,1518120100313003,7,2,03,we,8835440901,473,1.2566976561,1,1,20102718703we,151812010031331691,RED DRUM,,1046.5800165,18,47,20102718703we,,0,05/04/2021
2010,1,7,5,1518120100313003,7,2,03,we,8835440901,555,2.2,1,1,20102718703we,151812010031331691,RED DRUM,,1046.5800165,21,55,20102718703we,,0,05/04/2021
2010,1,7,5,1518120100313003,7,2,03,we,8835440901,910,8,1,1,20102718703we,151812010031331691,RED DRUM,,1046.5800165,35,91,20102718703we,,0,05/04/2021
2010,1,7,5,1518120100313003,7,2,03,we,8835430301,438,2.4,1,1,20102718703we,151812010031331691,SHEEPSHEAD,,1046.5800165,17,43,20102718703we,,0,05/04/2021
2010,1,7,5,1518120100313004,7,2,03,we,,,,0,0,20102718703we,151812010031331691,,,1046.5800165,,,20102718703we,,0,05/04/2021
2010,1,7,1,1526720100410005,7,2,04,we,8835430301,395,1.5,1,1,20102718704we,152672010041035,SHEEPSHEAD,,725.22422957,15,39,20102718704we,,0,05/04/2021
2010,1,7,1,1526720100410005,7,2,04,we,8835430301,434,2,1,1,20102718704we,152672010041035,SHEEPSHEAD,,725.22422957,17,43,20102718704we,,0,05/04/2021
2010,1,7,1,1526720100410005,7,2,04,we,8835430301,317,0.65,1,1,20102718704we,152672010041035,SHEEPSHEAD,,725.22422957,12,31,20102718704we,,0,05/04/2021
2010,1,7,1,1526720100410005,7,2,04,we,8835430301,363,1.3,1,1,20102718704we,152672010041035,SHEEPSHEAD,,725.22422957,14,36,20102718704we,,0,05/04/2021
2010,1,7,1,1526720100410010,7,2,04,we,8850030502,340,0.35,0,0,20102718704we,152672010041035,SPANISH MACKEREL,,709.88446182,13,34,20102718704we,,0,05/04/2021
2010,1,7,1,1526720100410010,7,2,04,we,8850030502,345,0.35,0,0,20102718704we,152672010041035,SPANISH MACKEREL,,709.88446182,13,34,20102718704we,,0,05/04/2021
2010,1,7,1,1526720100410010,7,2,04,we,8850030502,347,0.4,0,0,20102718704we,152672010041035,SPANISH MACKEREL,,709.88446182,13,34,20102718704we,,0,05/04/2021
2010,1,7,1,1526720100410010,7,2,04,we,8850030502,420,0.55,0,0,20102718704we,152672010041035,SPANISH MACKEREL,,709.88446182,16,42,20102718704we,,0,05/04/2021
2010,1,7,1,1526720100410013,7,2,04,we,,,,0,0,20102718704we,152672010041035,,,709.88446182,,,20102718704we,,0,05/04/2021
2010,1,7,1,1526720100410014,7,2,04,we,,,,0,0,20102718704we,152672010041035,,,709.88446182,,,20102718704we,,0,05/04/2021
2010,1,7,1,1526720100410015,7,2,04,we,,,,0,0,20102718704we,152672010041035,,,709.88446182,,,20102718704we,,0,05/04/2021
2010,1,7,1,1526720100410020,7,2,04,we,8850030502,341,0.35,0,0,20102718704we,152672010041035,SPANISH MACKEREL,,1183.1407697,13,34,20102718704we,,0,05/04/2021
2010,1,7,1,1526720100410022,7,2,04,we,8850030502,420,0.55,1,1,20102718704we,152672010041035,SPANISH MACKEREL,,725.22422957,16,42,20102718704we,,0,05/04/2021
2010,1,7,1,1526720100410022,7,2,04,we,8835430301,556,4.3,1,1,20102718704we,152672010041035,SHEEPSHEAD,,1015.3139214,21,55,20102718704we,,0,05/04/2021
2010,1,7,1,1526720100410022,7,2,04,we,8835430301,478,3.6,1,1,20102718704we,152672010041035,SHEEPSHEAD,,1015.3139214,18,47,20102718704we,,0,05/04/2021
2010,1,7,1,1526720100410022,7,2,04,we,8835430301,295,0.6,1,1,20102718704we,152672010041035,SHEEPSHEAD,,1015.3139214,11,29,20102718704we,,0,05/04/2021
2010,1,7,1,1526720100410022,7,2,04,we,8835430301,473,2.5,1,1,20102718704we,152672010041035,SHEEPSHEAD,,1015.3139214,18,47,20102718704we,,0,05/04/2021
2010,1,7,1,1526720100410022,7,2,04,we,8835430301,492,2.9,1,1,20102718704we,152672010041035,SHEEPSHEAD,,1015.3139214,19,49,20102718704we,,0,05/04/2021
2010,1,7,2,1526720100410029,7,2,04,we,8835430602,285,0.6,1,1,20102718704we,152672010041035,RED PORGY,,1406.5263144,11,28,20102718704we,,0,05/04/2021
2010,1,7,2,1526720100410029,7,2,04,we,8835430201,471,2.7,1,1,20102718704we,152672010041035,PINFISH,,5626.1052574,18,47,20102718704we,,0,05/04/2021
2010,1,7,2,1526720100410029,7,2,04,we,8835430201,333,0.85,1,1,20102718704we,152672010041035,PINFISH,,5626.1052574,13,33,20102718704we,,0,05/04/2021
2010,1,7,2,1526720100410029,7,2,04,we,8835430201,470,2.5,1,1,20102718704we,152672010041035,PINFISH,,5626.1052574,18,47,20102718704we,,0,05/04/2021
2010,1,7,2,1526720100410029,7,2,04,we,8835430201,495,3.4,1,1,20102718704we,152672010041035,PINFISH,,5626.1052574,19,49,20102718704we,,0,05/04/2021
2010,1,7,2,1526720100410029,7,2,04,we,8835430201,502,3.3,1,1,20102718704we,152672010041035,PINFISH,,5626.1052574,19,50,20102718704we,,0,05/04/2021
2010,1,7,2,1526720100410029,7,2,04,we,8835360501,310,0.5,1,1,20102718704we,152672010041035,VERMILION SNAPPER,,1406.5263144,12,31,20102718704we,,0,05/04/2021
2010,1,7,2,1526720100410029,7,2,04,we,8835280801,829,8.4,1,1,20102718704we,152672010041035,GREATER AMBERJACK,,1406.5263144,32,82,20102718704we,,0,05/04/2021
2010,1,7,2,1526720100410029,7,2,04,we,8835020505,505,2.04,1,1,20102718704we,152672010041035,SCAMP,,1406.5263144,19,50,20102718704we,,0,05/04/2021
2010,1,7,2,1526720100410029,7,2,04,we,8835020408,640,4.46,1,1,20102718704we,152672010041035,RED GROUPER,,1406.5263144,25,64,20102718704we,,0,05/04/2021
2010,1,7,5,1532920100423001,7,2,04,wd,8835440702,174,0.1,1,1,20102718704wd,1532920100423319,ATLANTIC CROAKER,,3320.3071056,6,17,20102718704wd,,0,05/04/2021
2010,1,7,5,1532920100423002,7,2,04,wd,8835440702,174,0.1,1,1,20102718704wd,1532920100423319,ATLANTIC CROAKER,,3320.3071056,6,17,20102718704wd,,0,05/04/2021
2010,1,7,5,1532920100423003,7,2,04,wd,8835440901,608,2.3,0,0,20102718704wd,1532920100423319,RED DRUM,,3320.3071056,23,60,20102718704wd,,0,05/04/2021
2010,1,7,5,1532920100423005,7,2,04,wd,8835440702,189,0.1,1,1,20102718704wd,1532920100423319,ATLANTIC CROAKER,,3320.3071056,7,18,20102718704wd,,0,05/04/2021
2010,1,7,5,1532920100423005,7,2,04,wd,8835440702,189,0.1,1,1,20102718704wd,1532920100423319,ATLANTIC CROAKER,,3320.3071056,7,18,20102718704wd,,0,05/04/2021
2010,1,7,5,1532920100423005,7,2,04,wd,8835440702,189,0.1,1,1,20102718704wd,1532920100423319,ATLANTIC CROAKER,,3320.3071056,7,18,20102718704wd,,0,05/04/2021
2010,1,7,5,1532920100423008,7,2,04,wd,,,,0,0,20102718704wd,1532920100423319,,,3320.3071056,,,20102718704wd,,0,05/04/2021
2010,1,7,5,1541620100413001,7,2,04,wd,,,,0,0,20102718704wd,15416201004139728,,,2412.4942135,,,20102718704wd,,0,05/04/2021
2010,1,7,5,1541620100413002,7,2,04,wd,,,,0,0,20102718704wd,15416201004139728,,,2412.4942135,,,20102718704wd,,0,05/04/2021
2010,1,7,5,1541620100413003,7,2,04,wd,,,,0,0,20102718704wd,15416201004139728,,,2412.4942135,,,20102718704wd,,0,05/04/2021
2010,1,7,5,1541620100413004,7,2,04,wd,8835440601,291,0.25,0,0,20102718704wd,15416201004139728,SOUTHERN KINGFISH,,2728.9773609,11,29,20102718704wd,,0,05/04/2021
2010,1,7,5,1541620100413004,7,2,04,wd,8835440601,293,0.25,0,0,20102718704wd,15416201004139728,SOUTHERN KINGFISH,,2728.9773609,11,29,20102718704wd,,0,05/04/2021
2010,1,7,5,1541620100413004,7,2,04,wd,8835440601,333,0.4,0,0,20102718704wd,15416201004139728,SOUTHERN KINGFISH,,2728.9773609,13,33,20102718704wd,,0,05/04/2021
2010,1,7,5,1541620100413004,7,2,04,wd,8835440601,344,0.4,0,0,20102718704wd,15416201004139728,SOUTHERN KINGFISH,,2728.9773609,13,34,20102718704wd,,0,05/04/2021
2010,1,7,5,1541620100413004,7,2,04,wd,8835440601,346,0.6,0,0,20102718704wd,15416201004139728,SOUTHERN KINGFISH,,2728.9773609,13,34,20102718704wd,,0,05/04/2021
2010,1,7,5,1541620100413004,7,2,04,wd,8835440601,346,0.6,1,1,20102718704wd,15416201004139728,SOUTHERN KINGFISH,,2728.9773609,13,34,20102718704wd,,0,05/04/2021
2010,1,7,5,1541620100413004,7,2,04,wd,8835440601,333,0.4,1,1,20102718704wd,15416201004139728,SOUTHERN KINGFISH,,2728.9773609,13,33,20102718704wd,,0,05/04/2021
2010,1,7,5,1541620100413004,7,2,04,wd,8835440601,302,0.3,1,1,20102718704wd,15416201004139728,SOUTHERN KINGFISH,,2728.9773609,11,30,20102718704wd,,0,05/04/2021
2010,1,7,5,1541620100413004,7,2,04,wd,8835440601,215,0.1,1,1,20102718704wd,15416201004139728,SOUTHERN KINGFISH,,2728.9773609,8,21,20102718704wd,,0,05/04/2021
2010,1,7,5,1541620100413004,7,2,04,wd,8835440106,276,0.2,1,1,20102718704wd,15416201004139728,SAND SEATROUT,,3547.6705691,10,27,20102718704wd,,0,05/04/2021
2010,1,7,5,1541620100413004,7,2,04,wd,8835440106,310,0.25,0,0,20102718704wd,15416201004139728,SAND SEATROUT,,3547.6705691,12,31,20102718704wd,,0,05/04/2021
2010,1,7,5,1541620100413004,7,2,04,wd,8835440106,245,0.15,0,0,20102718704wd,15416201004139728,SAND SEATROUT,,3547.6705691,9,24,20102718704wd,,0,05/04/2021
2010,1,7,5,1541620100413004,7,2,04,wd,8835440106,271,0.23,0,0,20102718704wd,15416201004139728,SAND SEATROUT,,3547.6705691,10,27,20102718704wd,,0,05/04/2021
2010,1,7,5,1541620100413004,7,2,04,wd,8835440106,271,0.23,1,1,20102718704wd,15416201004139728,SAND SEATROUT,,3547.6705691,10,27,20102718704wd,,0,05/04/2021
2010,1,7,5,1541620100413004,7,2,04,wd,8835440106,285,0.2,0,0,20102718704wd,15416201004139728,SAND SEATROUT,,3547.6705691,11,28,20102718704wd,,0,05/04/2021
2010,1,7,5,1541620100413004,7,2,04,wd,8835440106,276,0.2,0,0,20102718704wd,15416201004139728,SAND SEATROUT,,3547.6705691,10,27,20102718704wd,,0,05/04/2021
2010,1,7,5,1541620100413004,7,2,04,wd,8835440106,290,0.2,1,1,20102718704wd,15416201004139728,SAND SEATROUT,,3547.6705691,11,29,20102718704wd,,0,05/04/2021
2010,1,7,5,1541620100413004,7,2,04,wd,8835440106,285,0.2,1,1,20102718704wd,15416201004139728,SAND SEATROUT,,3547.6705691,11,28,20102718704wd,,0,05/04/2021
2010,1,7,1,1543220100327001,7,2,03,we,8835430301,307,0.5,0,0,20102718703we,1543220100327373,SHEEPSHEAD,,2444.814017,12,30,20102718703we,,0,05/04/2021
2010,1,7,1,1543220100327001,7,2,03,we,8835430301,329,0.7,0,0,20102718703we,1543220100327373,SHEEPSHEAD,,2444.814017,12,32,20102718703we,,0,05/04/2021
2010,1,7,1,1543220100327001,7,2,03,we,8835430301,295,0.6,0,0,20102718703we,1543220100327373,SHEEPSHEAD,,2444.814017,11,29,20102718703we,,0,05/04/2021
2010,1,7,1,1543220100327001,7,2,03,we,8835430301,317,0.65,0,0,20102718703we,1543220100327373,SHEEPSHEAD,,2444.814017,12,31,20102718703we,,0,05/04/2021
2010,1,7,1,1543220100327001,7,2,03,we,8835430301,345,0.85,0,0,20102718703we,1543220100327373,SHEEPSHEAD,,2444.814017,13,34,20102718703we,,0,05/04/2021
2010,1,7,5,1543220100327005,7,2,03,we,,,,0,0,20102718703we,154322010032735,,,735.97599832,,,20102718703we,,0,05/04/2021
2010,1,7,1,1543220100410002,7,2,04,we,8835440901,655,3.1,0,0,20102718704we,15432201004103115,RED DRUM,,3673.2432797,25,65,20102718704we,,0,05/04/2021
2010,1,7,5,1543220100410003,7,2,04,we,8835440702,177,0.1,1,1,20102718704we,154322010041031256,ATLANTIC CROAKER,,11619.195084,6,17,20102718704we,,0,05/04/2021
2010,1,7,5,1543220100410003,7,2,04,we,8835440702,177,0.1,1,1,20102718704we,154322010041031256,ATLANTIC CROAKER,,11619.195084,6,17,20102718704we,,0,05/04/2021
2010,1,7,5,1543220100410003,7,2,04,we,8835440702,192,0.1,1,1,20102718704we,154322010041031256,ATLANTIC CROAKER,,11619.195084,7,19,20102718704we,,0,05/04/2021
2010,1,7,5,1543220100410003,7,2,04,we,8835440702,192,0.1,1,1,20102718704we,154322010041031256,ATLANTIC CROAKER,,11619.195084,7,19,20102718704we,,0,05/04/2021
2010,1,7,5,1543220100410003,7,2,04,we,8835440702,192,0.1,1,1,20102718704we,154322010041031256,ATLANTIC CROAKER,,11619.195084,7,19,20102718704we,,0,05/04/2021
2010,1,7,5,1543220100410003,7,2,04,we,8835440106,263,0.15,1,1,20102718704we,154322010041031256,SAND SEATROUT,,2904.7987711,10,26,20102718704we,,0,05/04/2021
2010,1,7,5,1543220100410003,7,2,04,we,8835440106,268,0.2,1,1,20102718704we,154322010041031256,SAND SEATROUT,,2904.7987711,10,26,20102718704we,,0,05/04/2021
2010,1,7,5,1543220100410003,7,2,04,we,8835440106,272,0.15,1,1,20102718704we,154322010041031256,SAND SEATROUT,,2904.7987711,10,27,20102718704we,,0,05/04/2021
2010,1,7,5,1543220100410004,7,2,04,we,8835440702,175,0.1,1,1,20102718704we,154322010041031256,ATLANTIC CROAKER,,5809.5975421,6,17,20102718704we,,0,05/04/2021
2010,1,7,5,1543220100410004,7,2,04,we,8835440702,175,0.1,1,1,20102718704we,154322010041031256,ATLANTIC CROAKER,,5809.5975421,6,17,20102718704we,,0,05/04/2021
2010,1,7,5,1543220100410004,7,2,04,we,8835440702,175,0.1,1,1,20102718704we,154322010041031256,ATLANTIC CROAKER,,5809.5975421,6,17,20102718704we,,0,05/04/2021
2010,1,7,5,1543220100410004,7,2,04,we,8835440702,176,0.1,1,1,20102718704we,154322010041031256,ATLANTIC CROAKER,,5809.5975421,6,17,20102718704we,,0,05/04/2021
2010,1,7,5,1543220100410004,7,2,04,we,8835440702,176,0.1,1,1,20102718704we,154322010041031256,ATLANTIC CROAKER,,5809.5975421,6,17,20102718704we,,0,05/04/2021
2010,1,7,5,1543220100410005,7,2,04,we,8857030304,450,1.15,0,0,20102718704we,154322010041031256,SOUTHERN FLOUNDER,,2904.7987711,17,45,20102718704we,,0,05/04/2021
2010,1,7,5,1543220100410005,7,2,04,we,8835440602,361,0.65,0,0,20102718704we,154322010041031256,GULF KINGFISH,,2904.7987711,14,36,20102718704we,,0,05/04/2021
2010,1,7,5,1543220100410005,7,2,04,we,8835440602,385,0.7,0,0,20102718704we,154322010041031256,GULF KINGFISH,,2904.7987711,15,38,20102718704we,,0,05/04/2021
2010,1,7,5,1543220100410005,7,2,04,we,8835440602,425,0.95,0,0,20102718704we,154322010041031256,GULF KINGFISH,,2904.7987711,16,42,20102718704we,,0,05/04/2021
2010,1,7,5,1543220100410005,7,2,04,we,8835440102,492,1.15,0,0,20102718704we,154322010041031256,SPOTTED SEATROUT,,2904.7987711,19,49,20102718704we,,0,05/04/2021
2010,1,7,5,1543220100410006,7,2,04,we,,,,0,0,20102718704we,154322010041031256,,,2904.7987711,,,20102718704we,,0,05/04/2021
2010,1,7,5,1543220100410007,7,2,04,we,,,,0,0,20102718704we,154322010041031256,,,2904.7987711,,,20102718704we,,0,05/04/2021
2010,1,7,5,1543320100319001,7,2,03,wd,8857030304,475,1.3,0,0,20102718703wd,1543320100319971332,SOUTHERN FLOUNDER,,6019.1228165,18,47,20102718703wd,,0,05/04/2021
2010,1,7,5,1543320100319001,7,2,03,wd,8835440901,412,1,0,0,20102718703wd,1543320100319971332,RED DRUM,,6019.1228165,16,41,20102718703wd,,0,05/04/2021
2010,1,7,5,1543320100319001,7,2,03,wd,8835440901,467,1.4,0,0,20102718703wd,1543320100319971332,RED DRUM,,6019.1228165,18,46,20102718703wd,,0,05/04/2021
2010,1,7,5,1543320100319001,7,2,03,wd,8835430301,438,2.4,0,0,20102718703wd,1543320100319971332,SHEEPSHEAD,,8694.2885127,17,43,20102718703wd,,0,05/04/2021
2010,1,7,5,1543320100319001,7,2,03,wd,8835430301,410,2.25,0,0,20102718703wd,1543320100319971332,SHEEPSHEAD,,8694.2885127,16,41,20102718703wd,,0,05/04/2021
2010,1,7,5,1543320100319001,7,2,03,wd,8835430301,450,2.5,0,0,20102718703wd,1543320100319971332,SHEEPSHEAD,,8694.2885127,17,45,20102718703wd,,0,05/04/2021
2010,1,7,5,1543320100319001,7,2,03,wd,8835430301,454,2.4,1,1,20102718703wd,1543320100319971332,SHEEPSHEAD,,8694.2885127,17,45,20102718703wd,,0,05/04/2021
2010,1,7,5,1543320100319001,7,2,03,wd,8835430301,457,2.6,1,1,20102718703wd,1543320100319971332,SHEEPSHEAD,,8694.2885127,17,45,20102718703wd,,0,05/04/2021
2010,1,7,5,1543320100319001,7,2,03,wd,8835430301,410,2.25,1,1,20102718703wd,1543320100319971332,SHEEPSHEAD,,8694.2885127,16,41,20102718703wd,,0,05/04/2021
2010,1,7,5,1543320100319001,7,2,03,wd,8835430301,332,0.8876991294,1,1,20102718703wd,1543320100319971332,SHEEPSHEAD,,8694.2885127,13,33,20102718703wd,,0,05/04/2021
2010,1,7,5,1543320100319001,7,2,03,wd,8835430301,443,2.5,0,0,20102718703wd,1543320100319971332,SHEEPSHEAD,,8694.2885127,17,44,20102718703wd,,0,05/04/2021
2010,1,7,5,1543320100319001,7,2,03,wd,8835430301,332,0.8876991294,0,1,20102718703wd,1543320100319971332,SHEEPSHEAD,,8694.2885127,13,33,20102718703wd,,0,05/04/2021
2010,1,7,5,1543320100401001,7,2,04,wd,8835440901,473,1.2566976561,0,1,20102718704wd,15433201004019736,RED DRUM,,2438.2191933,18,47,20102718704wd,,0,05/04/2021
2010,1,7,5,1543320100401002,7,2,04,wd,8857030304,372,0.7,1,1,20102718704wd,15433201004019736,SOUTHERN FLOUNDER,,2438.2191933,14,37,20102718704wd,,0,05/04/2021
2010,1,7,5,1543320100401002,7,2,04,wd,8857030304,418,0.9,1,1,20102718704wd,15433201004019736,SOUTHERN FLOUNDER,,2438.2191933,16,41,20102718704wd,,0,05/04/2021
2010,1,7,5,1543320100401002,7,2,04,wd,8835440801,880,10.616537023,1,1,20102718704wd,15433201004019736,BLACK DRUM,,2438.2191933,34,88,20102718704wd,,0,05/04/2021
2010,1,7,5,1543320100401002,7,2,04,wd,8835440801,972,14.157465721,1,1,20102718704wd,15433201004019736,BLACK DRUM,,2438.2191933,38,97,20102718704wd,,0,05/04/2021
2010,1,7,5,1543320100401002,7,2,04,wd,8835440601,274,0.3,1,1,20102718704wd,15433201004019736,SOUTHERN KINGFISH,,2438.2191933,10,27,20102718704wd,,0,05/04/2021
2010,1,7,5,1543320100401002,7,2,04,wd,8835440601,287,0.3,1,1,20102718704wd,15433201004019736,SOUTHERN KINGFISH,,2438.2191933,11,28,20102718704wd,,0,05/04/2021
2010,1,7,5,1543320100401002,7,2,04,wd,8835440601,339,0.5,1,1,20102718704wd,15433201004019736,SOUTHERN KINGFISH,,2438.2191933,13,33,20102718704wd,,0,05/04/2021
2010,1,7,5,1543320100401002,7,2,04,wd,8835400201,279,0.4,1,1,20102718704wd,15433201004019736,PIGFISH,,2438.2191933,10,27,20102718704wd,,0,05/04/2021
2010,1,7,5,1543320100401002,7,2,04,wd,8835400201,198,0.1,1,1,20102718704wd,15433201004019736,PIGFISH,,2438.2191933,7,19,20102718704wd,,0,05/04/2021
2010,1,7,5,1543320100401004,7,2,04,wd,,,,0,0,20102718704wd,15433201004019736,,,2438.2191933,,,20102718704wd,,0,05/04/2021
2010,1,7,5,1543320100401005,7,2,04,wd,,,,0,0,20102718704wd,15433201004019736,,,2438.2191933,,,20102718704wd,,0,05/04/2021
2010,1,7,5,1543320100401008,7,2,04,wd,8835520101,269,0.8,0,0,20102718704wd,15433201004019736,ATLANTIC SPADEFISH,,2438.2191933,10,26,20102718704wd,,0,05/04/2021
2010,1,7,5,1543320100401008,7,2,04,wd,8835520101,330,1.4,0,0,20102718704wd,15433201004019736,ATLANTIC SPADEFISH,,2438.2191933,12,33,20102718704wd,,0,05/04/2021
2010,1,7,5,1543320100401008,7,2,04,wd,8835430301,454,2.4,0,0,20102718704wd,15433201004019736,SHEEPSHEAD,,2438.2191933,17,45,20102718704wd,,0,05/04/2021
2010,1,7,5,1543320100401008,7,2,04,wd,8835430301,423,2.2,0,0,20102718704wd,15433201004019736,SHEEPSHEAD,,2438.2191933,16,42,20102718704wd,,0,05/04/2021
2010,1,7,5,1543320100401008,7,2,04,wd,8835430301,371,1.3,0,0,20102718704wd,15433201004019736,SHEEPSHEAD,,2438.2191933,14,37,20102718704wd,,0,05/04/2021
2010,1,7,5,1543320100401008,7,2,04,wd,8835430301,375,1.5,0,0,20102718704wd,15433201004019736,SHEEPSHEAD,,2438.2191933,14,37,20102718704wd,,0,05/04/2021
2010,1,7,5,1543320100401008,7,2,04,wd,8835430301,457,2.6,0,0,20102718704wd,15433201004019736,SHEEPSHEAD,,2438.2191933,17,45,20102718704wd,,0,05/04/2021
2010,1,7,5,1543320100401009,7,2,04,wd,,,,0,0,20102718704wd,15433201004019736,,,2438.2191933,,,20102718704wd,,0,05/04/2021
2010,1,7,5,1545320100314002,7,2,03,we,8835430301,371,1.3,1,1,20102718703we,154532010031431686,SHEEPSHEAD,,981.75371755,14,37,20102718703we,,0,05/04/2021
2010,1,7,5,1545320100314002,7,2,03,we,8835430301,355,0.95,0,0,20102718703we,154532010031431686,SHEEPSHEAD,,981.75371755,13,35,20102718703we,,0,05/04/2021
2010,1,7,5,1545320100314002,7,2,03,we,8835430301,375,1.5,1,1,20102718703we,154532010031431686,SHEEPSHEAD,,981.75371755,14,37,20102718703we,,0,05/04/2021
2010,1,7,5,1545320100314002,7,2,03,we,8835430301,342,0.95,0,0,20102718703we,154532010031431686,SHEEPSHEAD,,981.75371755,13,34,20102718703we,,0,05/04/2021
2010,1,7,5,1545320100314002,7,2,03,we,8835430301,342,0.95,1,1,20102718703we,154532010031431686,SHEEPSHEAD,,981.75371755,13,34,20102718703we,,0,05/04/2021
2010,1,7,5,1545320100314002,7,2,03,we,8835430301,355,0.95,1,1,20102718703we,154532010031431686,SHEEPSHEAD,,981.75371755,13,35,20102718703we,,0,05/04/2021
2010,1,7,5,1545320100314003,7,2,03,we,8835430301,320,0.7,0,0,20102718703we,154532010031431686,SHEEPSHEAD,,981.75371755,12,32,20102718703we,,0,05/04/2021
2010,1,7,5,1545320100314003,7,2,03,we,8835430301,310,0.65,0,0,20102718703we,154532010031431686,SHEEPSHEAD,,981.75371755,12,31,20102718703we,,0,05/04/2021
2010,1,7,5,1545320100314004,7,2,03,we,,,,0,0,20102718703we,154532010031431686,,,981.75371755,,,20102718703we,,0,05/04/2021
2010,1,7,5,1545320100329001,7,2,03,wd,8835440702,173,0.1,1,1,20102718703wd,1545320100329319,ATLANTIC CROAKER,,4021.3944197,6,17,20102718703wd,,0,05/04/2021
2010,1,7,5,1545320100329001,7,2,03,wd,8835440702,173,0.1,1,1,20102718703wd,1545320100329319,ATLANTIC CROAKER,,4021.3944197,6,17,20102718703wd,,0,05/04/2021
2010,1,7,5,1545320100329001,7,2,03,wd,8835440702,173,0.1,1,1,20102718703wd,1545320100329319,ATLANTIC CROAKER,,4021.3944197,6,17,20102718703wd,,0,05/04/2021
2010,1,7,5,1545320100329002,7,2,03,wd,8835440702,168,0.1,1,1,20102718703wd,1545320100329319,ATLANTIC CROAKER,,4108.2920203,6,16,20102718703wd,,0,05/04/2021
2010,1,7,5,1545320100329002,7,2,03,wd,8835440702,168,0.1,1,1,20102718703wd,1545320100329319,ATLANTIC CROAKER,,4108.2920203,6,16,20102718703wd,,0,05/04/2021
2010,1,7,5,1545320100329002,7,2,03,wd,8835440702,182,0.1,1,1,20102718703wd,1545320100329319,ATLANTIC CROAKER,,4108.2920203,7,18,20102718703wd,,0,05/04/2021
2010,1,7,2,1545320100330001,7,2,03,wd,8835430301,348,1,1,1,20102718703wd,15453201003303115,SHEEPSHEAD,,11676.876106,13,34,20102718703wd,,0,05/04/2021
2010,1,7,2,1545320100330002,7,2,03,wd,8835430301,465,1.82,0,0,20102718703wd,15453201003303115,SHEEPSHEAD,,11676.876106,18,46,20102718703wd,,0,05/04/2021
2010,1,7,2,1545320100330003,7,2,03,wd,8835430301,444,2,1,1,20102718703wd,15453201003303115,SHEEPSHEAD,,11887.836798,17,44,20102718703wd,,0,05/04/2021
2010,1,7,1,1545320100330004,7,2,03,wd,8835440901,910,8,0,0,20102718703wd,15453201003303115,RED DRUM,,6129.5314528,35,91,20102718703wd,,0,05/04/2021
2010,1,7,1,1545320100330005,7,2,03,wd,8835440901,890,7.5,0,0,20102718703wd,15453201003303115,RED DRUM,,5999.881084,35,89,20102718703wd,,0,05/04/2021
2010,1,7,5,1545320100410001,7,2,04,we,,,,0,0,20102718704we,1545320100410375,,,958.33798966,,,20102718704we,,0,05/04/2021
2010,1,7,5,1545320100410002,7,2,04,we,,,,0,0,20102718704we,1545320100410375,,,1916.6759793,,,20102718704we,,0,05/04/2021
2010,1,7,5,1545320100410003,7,2,04,we,,,,0,0,20102718704we,1545320100410375,,,958.33798966,,,20102718704we,,0,05/04/2021
2010,1,7,5,1545320100410004,7,2,04,we,,,,0,0,20102718704we,1545320100410375,,,958.33798966,,,20102718704we,,0,05/04/2021
2010,1,7,1,1545320100410006,7,2,04,we,8850030501,895,6,0,0,20102718704we,1545320100410375,KING MACKEREL,,1602.4494417,35,89,20102718704we,,0,05/04/2021
2010,1,7,1,1545320100410006,7,2,04,we,8850030501,910,7.2,0,0,20102718704we,1545320100410375,KING MACKEREL,,1602.4494417,35,91,20102718704we,,0,05/04/2021
2010,1,7,1,1545320100410007,7,2,04,we,8850030501,960,8,0,0,20102718704we,1545320100410375,KING MACKEREL,,1637.0764882,37,96,20102718704we,,0,05/04/2021
2010,1,7,1,1545320100410008,7,2,04,we,8850030501,990,5.53,0,0,20102718704we,1545320100410375,KING MACKEREL,,1602.4494417,38,99,20102718704we,,0,05/04/2021
2010,1,7,1,1545320100410010,7,2,04,we,8835440901,395,0.85,0,0,20102718704we,1545320100410375,RED DRUM,,1281.9595533,15,39,20102718704we,,0,05/04/2021
2010,1,7,1,1545320100410010,7,2,04,we,8835440901,415,0.95,0,0,20102718704we,1545320100410375,RED DRUM,,1281.9595533,16,41,20102718704we,,0,05/04/2021
2010,1,7,1,1545320100410011,7,2,04,we,8835440901,382,0.8,0,0,20102718704we,1545320100410375,RED DRUM,,1281.9595533,15,38,20102718704we,,0,05/04/2021
2010,1,7,1,1545320100410011,7,2,04,we,8835440901,394,0.75,0,0,20102718704we,1545320100410375,RED DRUM,,1281.9595533,15,39,20102718704we,,0,05/04/2021
2010,1,7,1,1545320100410011,7,2,04,we,8835440702,189,0.1,1,1,20102718704we,1545320100410375,ATLANTIC CROAKER,,1281.9595533,7,18,20102718704we,,0,05/04/2021
2010,1,7,1,1545320100410011,7,2,04,we,8835440702,189,0.1,1,1,20102718704we,1545320100410375,ATLANTIC CROAKER,,1281.9595533,7,18,20102718704we,,0,05/04/2021
2010,1,7,1,1545320100410011,7,2,04,we,8835440702,198,0.1,1,1,20102718704we,1545320100410375,ATLANTIC CROAKER,,1281.9595533,7,19,20102718704we,,0,05/04/2021
2010,1,7,1,1545320100410011,7,2,04,we,8835440702,200,0.1,1,1,20102718704we,1545320100410375,ATLANTIC CROAKER,,1281.9595533,7,20,20102718704we,,0,05/04/2021
2010,1,7,5,1545320100411001,7,2,04,we,,,,0,0,20102718704we,154532010041131686,,,964.67336451,,,20102718704we,,0,05/04/2021
2010,1,7,5,1545320100411003,7,2,04,we,8835430301,310,0.65,1,1,20102718704we,154532010041131686,SHEEPSHEAD,,944.26882649,12,31,20102718704we,,0,05/04/2021
2010,1,7,5,1545320100411003,7,2,04,we,8835430301,359,1,1,1,20102718704we,154532010041131686,SHEEPSHEAD,,944.26882649,14,35,20102718704we,,0,05/04/2021
2010,1,7,5,1545320100411004,7,2,04,we,,,,0,0,20102718704we,154532010041131686,,,944.26882649,,,20102718704we,,0,05/04/2021
2010,1,7,5,1545320100411005,7,2,04,we,,,,0,0,20102718704we,154532010041131686,,,944.26882649,,,20102718704we,,0,05/04/2021
2010,1,7,5,1545320100411007,7,2,04,we,,,,0,0,20102718704we,154532010041131686,,,944.26882649,,,20102718704we,,0,05/04/2021
2010,1,7,1,1545320100412003,7,2,04,wd,,,,0,0,20102718704wd,1545320100412373,,,3532.3307524,,,20102718704wd,,0,05/04/2021
2010,1,7,5,1545320100414001,7,2,04,wd,8835440901,1016,12.5,0,0,20102718704wd,1545320100414375,RED DRUM,,3682.5560062,39,101,20102718704wd,,0,05/04/2021
2010,1,7,5,1545320100414002,7,2,04,wd,8835440901,1030,13.2,0,0,20102718704wd,1545320100414375,RED DRUM,,3762.1317074,40,103,20102718704wd,,0,05/04/2021
2010,1,7,5,1545320100414003,7,2,04,wd,8835440901,996,11.7,0,0,20102718704wd,1545320100414375,RED DRUM,,3617.2056338,39,99,20102718704wd,,0,05/04/2021
2010,1,7,5,1545320100414005,7,2,04,wd,8835440702,182,0.1,1,1,20102718704wd,1545320100414375,ATLANTIC CROAKER,,3682.5560062,7,18,20102718704wd,,0,05/04/2021
2010,1,7,5,1545320100414006,7,2,04,wd,,,,0,0,20102718704wd,1545320100414319,,,3373.5725811,,,20102718704wd,,0,05/04/2021
2010,1,7,5,1545320100414007,7,2,04,wd,,,,0,0,20102718704wd,1545320100414319,,,3373.5725811,,,20102718704wd,,0,05/04/2021
2010,1,7,5,1545320100414008,7,2,04,wd,,,,0,0,20102718704wd,1545320100414319,,,3373.5725811,,,20102718704wd,,0,05/04/2021
2010,1,7,5,1545320100414009,7,2,04,wd,,,,0,0,20102718704wd,1545320100414319,,,3373.5725811,,,20102718704wd,,0,05/04/2021
2010,1,7,5,1545320100414010,7,2,04,wd,,,,0,0,20102718704wd,1545320100414319,,,3373.5725811,,,20102718704wd,,0,05/04/2021
2010,1,7,5,1545320100414011,7,2,04,wd,8835440801,880,10.616537023,1,1,20102718704wd,1545320100414319,BLACK DRUM,,3373.5725811,34,88,20102718704wd,,0,05/04/2021
2010,1,7,5,1545320100414012,7,2,04,wd,,,,0,0,20102718704wd,1545320100414319,,,3373.5725811,,,20102718704wd,,0,05/04/2021
2010,1,7,5,1545320100417001,7,2,04,we,,,,0,0,20102718704we,15453201004173115,,,1067.8730073,,,20102718704we,,0,05/04/2021
2010,1,7,5,1545320100417002,7,2,04,we,,,,0,0,20102718704we,15453201004173115,,,1067.8730073,,,20102718704we,,0,05/04/2021
2010,1,7,5,1545320100417003,7,2,04,we,8835440102,414,0.75,1,1,20102718704we,15453201004173115,SPOTTED SEATROUT,,2135.7460146,16,41,20102718704we,,0,05/04/2021
2010,1,7,5,1545320100417003,7,2,04,we,8835440102,380,0.49,1,1,20102718704we,15453201004173115,SPOTTED SEATROUT,,2135.7460146,14,38,20102718704we,,0,05/04/2021
2010,1,7,5,1545320100417003,7,2,04,we,8835440102,452,0.9,1,1,20102718704we,15453201004173115,SPOTTED SEATROUT,,2135.7460146,17,45,20102718704we,,0,05/04/2021
2010,1,7,5,1545320100417003,7,2,04,we,8835440102,487,1.1,1,1,20102718704we,15453201004173115,SPOTTED SEATROUT,,2135.7460146,19,48,20102718704we,,0,05/04/2021
2010,1,7,5,1545320100417003,7,2,04,we,8835440102,490,1.03,1,1,20102718704we,15453201004173115,SPOTTED SEATROUT,,2135.7460146,19,49,20102718704we,,0,05/04/2021
2010,1,7,5,1545320100417004,7,2,04,we,8835440102,485,1.2,1,1,20102718704we,15453201004173115,SPOTTED SEATROUT,,1922.1714131,19,48,20102718704we,,0,05/04/2021
2010,1,7,5,1545320100417004,7,2,04,we,8835440102,332,0.3,1,1,20102718704we,15453201004173115,SPOTTED SEATROUT,,1922.1714131,13,33,20102718704we,,0,05/04/2021
2010,1,7,5,1545320100417004,7,2,04,we,8835440102,472,1.25,1,1,20102718704we,15453201004173115,SPOTTED SEATROUT,,1922.1714131,18,47,20102718704we,,0,05/04/2021
2010,1,7,5,1545320100417004,7,2,04,we,8835440102,555,1.8,1,1,20102718704we,15453201004173115,SPOTTED SEATROUT,,1922.1714131,21,55,20102718704we,,0,05/04/2021
2010,1,7,5,1545320100417004,7,2,04,we,8835440102,379,0.45,1,1,20102718704we,15453201004173115,SPOTTED SEATROUT,,1922.1714131,14,37,20102718704we,,0,05/04/2021
2010,1,7,5,1545320100417005,7,2,04,we,8857030304,412,0.6,0,0,20102718704we,15453201004173115,SOUTHERN FLOUNDER,,1067.8730073,16,41,20102718704we,,0,05/04/2021
2010,1,7,1,1545320100417006,7,2,04,we,,,,0,0,20102718704we,15453201004173115,,,1428.4834977,,,20102718704we,,0,05/04/2021
2010,1,7,1,1545320100417008,7,2,04,we,8850030502,475,0.95,0,0,20102718704we,15453201004173115,SPANISH MACKEREL,,2856.9669953,18,47,20102718704we,,0,05/04/2021
2010,1,7,2,1545320100417009,7,2,04,we,8835430301,310,0.51,1,1,20102718704we,15453201004173115,SHEEPSHEAD,,3234.6505256,12,31,20102718704we,,0,05/04/2021
2010,1,7,2,1545320100417009,7,2,04,we,8835430301,320,0.81,1,1,20102718704we,15453201004173115,SHEEPSHEAD,,3234.6505256,12,32,20102718704we,,0,05/04/2021
2010,1,7,2,1545320100417009,7,2,04,we,8835430301,326,0.9,1,1,20102718704we,15453201004173115,SHEEPSHEAD,,3234.6505256,12,32,20102718704we,,0,05/04/2021
2010,1,7,2,1545320100417009,7,2,04,we,8835430301,336,0.8,1,1,20102718704we,15453201004173115,SHEEPSHEAD,,3234.6505256,13,33,20102718704we,,0,05/04/2021
2010,1,7,2,1545320100417009,7,2,04,we,8835430301,507,2.5,0,0,20102718704we,15453201004173115,SHEEPSHEAD,,3234.6505256,19,50,20102718704we,,0,05/04/2021
2010,1,7,2,1545320100417009,7,2,04,we,8835430301,550,2.7,0,0,20102718704we,15453201004173115,SHEEPSHEAD,,3234.6505256,21,55,20102718704we,,0,05/04/2021
2010,1,7,2,1545320100417009,7,2,04,we,8835430301,580,3.4,0,0,20102718704we,15453201004173115,SHEEPSHEAD,,3234.6505256,22,58,20102718704we,,0,05/04/2021
2010,1,7,2,1545320100417010,7,2,04,we,8835430301,421,2,1,1,20102718704we,15453201004173115,SHEEPSHEAD,,8490.9576297,16,42,20102718704we,,0,05/04/2021
2010,1,7,2,1545320100417010,7,2,04,we,8835430301,363,1.3,1,1,20102718704we,15453201004173115,SHEEPSHEAD,,8490.9576297,14,36,20102718704we,,0,05/04/2021
2010,1,7,2,1545320100417010,7,2,04,we,8835430301,270,0.45,1,1,20102718704we,15453201004173115,SHEEPSHEAD,,8490.9576297,10,27,20102718704we,,0,05/04/2021
2010,1,7,2,1545320100417010,7,2,04,we,8835430301,492,2.9,1,1,20102718704we,15453201004173115,SHEEPSHEAD,,8490.9576297,19,49,20102718704we,,0,05/04/2021
2010,1,7,2,1545320100417010,7,2,04,we,8835430301,435,2.2,1,1,20102718704we,15453201004173115,SHEEPSHEAD,,8490.9576297,17,43,20102718704we,,0,05/04/2021
2010,1,7,2,1545320100417011,7,2,04,we,8835430301,450,2.5,1,1,20102718704we,15453201004173115,SHEEPSHEAD,,2830.3192099,17,45,20102718704we,,0,05/04/2021
2010,1,7,2,1545320100417011,7,2,04,we,8835430301,307,0.5,1,1,20102718704we,15453201004173115,SHEEPSHEAD,,2830.3192099,12,30,20102718704we,,0,05/04/2021
2010,1,7,2,1545320100417011,7,2,04,we,8835430301,507,2.5,1,1,20102718704we,15453201004173115,SHEEPSHEAD,,2830.3192099,19,50,20102718704we,,0,05/04/2021
2010,1,7,2,1545320100417011,7,2,04,we,8835430301,345,0.85,1,1,20102718704we,15453201004173115,SHEEPSHEAD,,2830.3192099,13,34,20102718704we,,0,05/04/2021
2010,1,7,5,1545320100429001,7,2,04,wd,,,,0,0,20102718704wd,1545320100429319,,,3446.4715142,,,20102718704wd,,0,05/04/2021
2010,1,7,5,1545320100429005,7,2,04,wd,8835440106,264,0.15,1,1,20102718704wd,1545320100429319,SAND SEATROUT,,3373.5725811,10,26,20102718704wd,,0,05/04/2021
2010,1,7,5,1545320100429005,7,2,04,wd,8835440102,411,0.65,1,1,20102718704wd,1545320100429319,SPOTTED SEATROUT,,3373.5725811,16,41,20102718704wd,,0,05/04/2021
2010,1,7,5,1547420100410001,7,2,04,we,,,,0,0,20102718704we,15474201004109728,,,472.31888662,,,20102718704we,,0,05/04/2021
2010,1,7,5,1547420100410002,7,2,04,we,,,,0,0,20102718704we,15474201004109728,,,472.31888662,,,20102718704we,,0,05/04/2021
2010,1,7,5,1547420100410005,7,2,04,we,8835440601,260,0.2,0,0,20102718704we,15474201004109728,SOUTHERN KINGFISH,,472.31888662,10,26,20102718704we,,0,05/04/2021
2010,1,7,5,1547420100410005,7,2,04,we,8835440601,302,0.3,0,0,20102718704we,15474201004109728,SOUTHERN KINGFISH,,472.31888662,11,30,20102718704we,,0,05/04/2021
2010,1,7,5,1547420100410005,7,2,04,we,8835440106,263,0.15,0,0,20102718704we,15474201004109728,SAND SEATROUT,,2462.8056231,10,26,20102718704we,,0,05/04/2021
2010,1,7,5,1547420100410005,7,2,04,we,8835440601,215,0.1,0,0,20102718704we,15474201004109728,SOUTHERN KINGFISH,,472.31888662,8,21,20102718704we,,0,05/04/2021
2010,1,7,5,1547420100410005,7,2,04,we,8835440106,256,0.1,0,0,20102718704we,15474201004109728,SAND SEATROUT,,2462.8056231,10,25,20102718704we,,0,05/04/2021
2010,1,7,5,1547420100410005,7,2,04,we,8835440106,261,0.15,0,0,20102718704we,15474201004109728,SAND SEATROUT,,2462.8056231,10,26,20102718704we,,0,05/04/2021
2010,1,7,5,1547420100410005,7,2,04,we,8835440106,251,0.15,1,1,20102718704we,15474201004109728,SAND SEATROUT,,2462.8056231,9,25,20102718704we,,0,05/04/2021
2010,1,7,5,1547420100410005,7,2,04,we,8835440106,254,0.15,0,0,20102718704we,15474201004109728,SAND SEATROUT,,2462.8056231,9,25,20102718704we,,0,05/04/2021
2010,1,7,5,1547420100410005,7,2,04,we,8835440106,259,0.15,0,0,20102718704we,15474201004109728,SAND SEATROUT,,2462.8056231,10,25,20102718704we,,0,05/04/2021
2010,1,7,5,1547420100410005,7,2,04,we,8835440106,261,0.15,1,1,20102718704we,15474201004109728,SAND SEATROUT,,2462.8056231,10,26,20102718704we,,0,05/04/2021
2010,1,7,5,1547420100410005,7,2,04,we,8835440106,272,0.15,0,0,20102718704we,15474201004109728,SAND SEATROUT,,2462.8056231,10,27,20102718704we,,0,05/04/2021
2010,1,7,5,1547420100410005,7,2,04,we,8835440106,268,0.2,0,0,20102718704we,15474201004109728,SAND SEATROUT,,2462.8056231,10,26,20102718704we,,0,05/04/2021
2010,1,7,5,1547420100410005,7,2,04,we,8835440106,290,0.2,0,0,20102718704we,15474201004109728,SAND SEATROUT,,2462.8056231,11,29,20102718704we,,0,05/04/2021
2010,1,7,5,1547420100410005,7,2,04,we,8835440106,331,0.3,1,1,20102718704we,15474201004109728,SAND SEATROUT,,2462.8056231,13,33,20102718704we,,0,05/04/2021
2010,1,7,5,1547420100410005,7,2,04,we,8835440106,273,0.2,0,0,20102718704we,15474201004109728,SAND SEATROUT,,2462.8056231,10,27,20102718704we,,0,05/04/2021
2010,1,7,5,1547420100410005,7,2,04,we,8835440106,264,0.15,0,0,20102718704we,15474201004109728,SAND SEATROUT,,2462.8056231,10,26,20102718704we,,0,05/04/2021
2010,1,7,5,1547420100410005,7,2,04,we,8835440106,284,0.25,1,1,20102718704we,15474201004109728,SAND SEATROUT,,2462.8056231,11,28,20102718704we,,0,05/04/2021
2010,1,7,5,1547420100410006,7,2,04,we,,,,0,0,20102718704we,15474201004109728,,,472.31888662,,,20102718704we,,0,05/04/2021
2010,1,7,5,1547420100410007,7,2,04,we,,,,0,0,20102718704we,15474201004109728,,,472.31888662,,,20102718704we,,0,05/04/2021
2010,1,7,5,1547420100410008,7,2,04,we,8835440702,168,0.1,0,0,20102718704we,15474201004109728,ATLANTIC CROAKER,,522.03666416,6,16,20102718704we,,0,05/04/2021
2010,1,7,5,1547420100410008,7,2,04,we,8835440702,173,0.1,0,0,20102718704we,15474201004109728,ATLANTIC CROAKER,,522.03666416,6,17,20102718704we,,0,05/04/2021
2010,1,7,5,1547420100410008,7,2,04,we,8835440702,174,0.1,0,0,20102718704we,15474201004109728,ATLANTIC CROAKER,,522.03666416,6,17,20102718704we,,0,05/04/2021
2010,1,7,5,1547420100410008,7,2,04,we,8835440702,175,0.1,0,0,20102718704we,15474201004109728,ATLANTIC CROAKER,,522.03666416,6,17,20102718704we,,0,05/04/2021
2010,1,7,5,1547420100410008,7,2,04,we,8835440702,175,0.1,0,0,20102718704we,15474201004109728,ATLANTIC CROAKER,,522.03666416,6,17,20102718704we,,0,05/04/2021
2010,1,7,5,1547420100410008,7,2,04,we,8835440702,175,0.1,1,1,20102718704we,15474201004109728,ATLANTIC CROAKER,,522.03666416,6,17,20102718704we,,0,05/04/2021
2010,1,7,5,1547420100410008,7,2,04,we,8835440702,175,0.1,1,1,20102718704we,15474201004109728,ATLANTIC CROAKER,,522.03666416,6,17,20102718704we,,0,05/04/2021
2010,1,7,5,1547420100410008,7,2,04,we,8835440702,175,0.1,1,1,20102718704we,15474201004109728,ATLANTIC CROAKER,,522.03666416,6,17,20102718704we,,0,05/04/2021
2010,1,7,5,1547420100410008,7,2,04,we,8835440702,176,0.1,0,0,20102718704we,15474201004109728,ATLANTIC CROAKER,,522.03666416,6,17,20102718704we,,0,05/04/2021
2010,1,7,5,1547420100410008,7,2,04,we,8835440702,177,0.1,0,0,20102718704we,15474201004109728,ATLANTIC CROAKER,,522.03666416,6,17,20102718704we,,0,05/04/2021
2010,1,7,5,1547420100410008,7,2,04,we,8835440702,182,0.1,0,0,20102718704we,15474201004109728,ATLANTIC CROAKER,,522.03666416,7,18,20102718704we,,0,05/04/2021
2010,1,7,5,1547420100410008,7,2,04,we,8835440702,182,0.1,1,1,20102718704we,15474201004109728,ATLANTIC CROAKER,,522.03666416,7,18,20102718704we,,0,05/04/2021
2010,1,7,5,1547420100410008,7,2,04,we,8835440702,189,0.1,0,0,20102718704we,15474201004109728,ATLANTIC CROAKER,,522.03666416,7,18,20102718704we,,0,05/04/2021
2010,1,7,5,1547420100410008,7,2,04,we,8835440702,189,0.1,0,0,20102718704we,15474201004109728,ATLANTIC CROAKER,,522.03666416,7,18,20102718704we,,0,05/04/2021
2010,1,7,5,1547420100410008,7,2,04,we,8835440702,190,0.1,0,0,20102718704we,15474201004109728,ATLANTIC CROAKER,,522.03666416,7,19,20102718704we,,0,05/04/2021
2010,1,7,5,1547420100410008,7,2,04,we,8835440702,192,0.1,0,0,20102718704we,15474201004109728,ATLANTIC CROAKER,,522.03666416,7,19,20102718704we,,0,05/04/2021
2010,1,7,5,1547420100410008,7,2,04,we,8835440702,198,0.1,0,0,20102718704we,15474201004109728,ATLANTIC CROAKER,,522.03666416,7,19,20102718704we,,0,05/04/2021
2010,1,7,5,1547420100410008,7,2,04,we,8835440702,200,0.1,0,0,20102718704we,15474201004109728,ATLANTIC CROAKER,,522.03666416,7,20,20102718704we,,0,05/04/2021
2010,1,7,5,1547420100410008,7,2,04,we,8835440702,204,0.1,0,0,20102718704we,15474201004109728,ATLANTIC CROAKER,,522.03666416,8,20,20102718704we,,0,05/04/2021
2010,1,7,5,1547420100410008,7,2,04,we,8835440601,248,0.2,0,0,20102718704we,15474201004109728,SOUTHERN KINGFISH,,472.31888662,9,24,20102718704we,,0,05/04/2021
2010,1,7,5,1547420100410008,7,2,04,we,8835440601,274,0.3,0,0,20102718704we,15474201004109728,SOUTHERN KINGFISH,,472.31888662,10,27,20102718704we,,0,05/04/2021
2010,1,7,5,1547420100410008,7,2,04,we,8835440106,251,0.15,0,0,20102718704we,15474201004109728,SAND SEATROUT,,472.31888662,9,25,20102718704we,,0,05/04/2021
2010,1,7,5,1547420100410008,7,2,04,we,8835440106,271,0.2,0,0,20102718704we,15474201004109728,SAND SEATROUT,,472.31888662,10,27,20102718704we,,0,05/04/2021
2010,1,7,5,1547420100410009,7,2,04,we,,,,0,0,20102718704we,15474201004109728,,,472.31888662,,,20102718704we,,0,05/04/2021
2010,1,7,2,1547420100410010,7,2,04,we,,,,0,0,20102718704we,15474201004109728,,,5007.3864922,,,20102718704we,,0,05/04/2021
2010,1,7,5,1547420100410013,7,2,04,we,,,,0,0,20102718704we,15474201004109728,,,944.63777325,,,20102718704we,,0,05/04/2021
2010,1,7,5,1547420100410014,7,2,04,we,,,,0,0,20102718704we,15474201004109728,,,944.63777325,,,20102718704we,,0,05/04/2021
2010,1,7,5,1547420100410015,7,2,04,we,8857030304,358,0.5,0,0,20102718704we,15474201004109728,SOUTHERN FLOUNDER,,472.31888662,14,35,20102718704we,,0,05/04/2021
2010,1,7,5,1547420100410015,7,2,04,we,8835440901,632,3,0,0,20102718704we,15474201004109728,RED DRUM,,472.31888662,24,63,20102718704we,,0,05/04/2021
2010,1,7,5,1547420100410015,7,2,04,we,8835430301,359,1,0,0,20102718704we,15474201004109728,SHEEPSHEAD,,472.31888662,14,35,20102718704we,,0,05/04/2021
2010,1,7,5,1547420100410017,7,2,04,we,,,,0,0,20102718704we,15474201004109728,,,472.31888662,,,20102718704we,,0,05/04/2021
2010,1,7,5,1547420100410018,7,2,04,we,8835440601,239,0.15,0,0,20102718704we,15474201004109728,SOUTHERN KINGFISH,,472.31888662,9,23,20102718704we,,0,05/04/2021
2010,1,7,5,1547420100410018,7,2,04,we,8835440601,251,0.2,0,0,20102718704we,15474201004109728,SOUTHERN KINGFISH,,472.31888662,9,25,20102718704we,,0,05/04/2021
2010,1,7,5,1547420100410018,7,2,04,we,8835440601,257,0.2,0,0,20102718704we,15474201004109728,SOUTHERN KINGFISH,,472.31888662,10,25,20102718704we,,0,05/04/2021
2010,1,7,5,1547420100410018,7,2,04,we,8835440601,271,0.25,0,0,20102718704we,15474201004109728,SOUTHERN KINGFISH,,472.31888662,10,27,20102718704we,,0,05/04/2021
2010,1,7,5,1547420100410018,7,2,04,we,8835440601,272,0.25,0,0,20102718704we,15474201004109728,SOUTHERN KINGFISH,,472.31888662,10,27,20102718704we,,0,05/04/2021
2010,1,7,5,1547420100410018,7,2,04,we,8835440601,274,0.3,0,0,20102718704we,15474201004109728,SOUTHERN KINGFISH,,472.31888662,10,27,20102718704we,,0,05/04/2021
2010,1,7,5,1547420100410018,7,2,04,we,8835440601,275,0.3,0,0,20102718704we,15474201004109728,SOUTHERN KINGFISH,,472.31888662,10,27,20102718704we,,0,05/04/2021
2010,1,7,5,1547420100410018,7,2,04,we,8835440601,285,0.3,0,0,20102718704we,15474201004109728,SOUTHERN KINGFISH,,472.31888662,11,28,20102718704we,,0,05/04/2021
2010,1,7,5,1547420100410018,7,2,04,we,8835440601,287,0.3,0,0,20102718704we,15474201004109728,SOUTHERN KINGFISH,,472.31888662,11,28,20102718704we,,0,05/04/2021
2010,1,7,5,1547420100410018,7,2,04,we,8835440601,318,0.4,0,0,20102718704we,15474201004109728,SOUTHERN KINGFISH,,472.31888662,12,31,20102718704we,,0,05/04/2021
2010,1,7,5,1547420100410018,7,2,04,we,8835440601,339,0.5,0,0,20102718704we,15474201004109728,SOUTHERN KINGFISH,,472.31888662,13,33,20102718704we,,0,05/04/2021
2010,1,7,5,1547420100410018,7,2,04,we,8835440106,307,0.25,0,0,20102718704we,15474201004109728,SAND SEATROUT,,472.31888662,12,30,20102718704we,,0,05/04/2021
2010,1,7,5,1547420100410018,7,2,04,we,8835440106,286,0.2,0,0,20102718704we,15474201004109728,SAND SEATROUT,,472.31888662,11,28,20102718704we,,0,05/04/2021
2010,1,7,5,1547420100410018,7,2,04,we,8835440106,262,0.2,0,0,20102718704we,15474201004109728,SAND SEATROUT,,472.31888662,10,26,20102718704we,,0,05/04/2021
2010,1,7,5,1547420100410018,7,2,04,we,8835440106,297,0.25,0,0,20102718704we,15474201004109728,SAND SEATROUT,,472.31888662,11,29,20102718704we,,0,05/04/2021
2010,1,7,5,1547420100410018,7,2,04,we,8835440106,331,0.3,0,0,20102718704we,15474201004109728,SAND SEATROUT,,472.31888662,13,33,20102718704we,,0,05/04/2021
2010,1,7,5,1547420100410018,7,2,04,we,8835440106,284,0.25,0,0,20102718704we,15474201004109728,SAND SEATROUT,,472.31888662,11,28,20102718704we,,0,05/04/2021
2010,1,7,1,1547420100410019,7,2,04,we,8835430301,473,2.5,0,0,20102718704we,15474201004109728,SHEEPSHEAD,,631.8164525,18,47,20102718704we,,0,05/04/2021
2010,1,7,1,1547420100410019,7,2,04,we,8835430301,492,2.9,0,0,20102718704we,15474201004109728,SHEEPSHEAD,,631.8164525,19,49,20102718704we,,0,05/04/2021
2010,1,7,1,1547420100410019,7,2,04,we,8835430301,556,4.3,0,0,20102718704we,15474201004109728,SHEEPSHEAD,,631.8164525,21,55,20102718704we,,0,05/04/2021
2010,1,7,1,1547420100410019,7,2,04,we,8835430301,478,3.6,0,0,20102718704we,15474201004109728,SHEEPSHEAD,,631.8164525,18,47,20102718704we,,0,05/04/2021
2010,1,7,1,1547420100410019,7,2,04,we,8835020501,554,2.4,0,0,20102718704we,15474201004109728,GAG,,631.8164525,21,55,20102718704we,,0,05/04/2021
2010,1,7,1,1547420100410020,7,2,04,we,,,,0,0,20102718704we,15474201004109728,,,631.8164525,,,20102718704we,,0,05/04/2021
2010,1,7,5,1547420100410021,7,2,04,we,8835440601,208,0.1,0,0,20102718704we,15474201004109728,SOUTHERN KINGFISH,,472.31888662,8,20,20102718704we,,0,05/04/2021
2010,1,7,5,1547420100410021,7,2,04,we,8835440601,210,0.1,0,0,20102718704we,15474201004109728,SOUTHERN KINGFISH,,472.31888662,8,21,20102718704we,,0,05/04/2021
2010,1,7,5,1547420100410021,7,2,04,we,8835440601,228,0.15,0,0,20102718704we,15474201004109728,SOUTHERN KINGFISH,,472.31888662,8,22,20102718704we,,0,05/04/2021
2010,1,7,5,1547420100410021,7,2,04,we,8835440601,234,0.1,0,0,20102718704we,15474201004109728,SOUTHERN KINGFISH,,472.31888662,9,23,20102718704we,,0,05/04/2021
2010,1,7,5,1547420100410021,7,2,04,we,8835440601,238,0.15,0,0,20102718704we,15474201004109728,SOUTHERN KINGFISH,,472.31888662,9,23,20102718704we,,0,05/04/2021
2010,1,7,5,1547420100410021,7,2,04,we,8835440601,240,0.2,0,0,20102718704we,15474201004109728,SOUTHERN KINGFISH,,472.31888662,9,24,20102718704we,,0,05/04/2021
2010,1,7,5,1547420100410021,7,2,04,we,8835440601,254,0.25,0,0,20102718704we,15474201004109728,SOUTHERN KINGFISH,,472.31888662,9,25,20102718704we,,0,05/04/2021
2010,1,7,5,1547420100410021,7,2,04,we,8835440601,280,0.25,0,0,20102718704we,15474201004109728,SOUTHERN KINGFISH,,472.31888662,11,28,20102718704we,,0,05/04/2021
2010,1,7,5,1547420100410021,7,2,04,we,8835440601,283,0.25,0,0,20102718704we,15474201004109728,SOUTHERN KINGFISH,,472.31888662,11,28,20102718704we,,0,05/04/2021
2010,1,7,5,1547420100410021,7,2,04,we,8835440106,236,0.1,0,0,20102718704we,15474201004109728,SAND SEATROUT,,472.31888662,9,23,20102718704we,,0,05/04/2021
2010,1,7,5,1547420100410021,7,2,04,we,8835440106,297,0.25,0,0,20102718704we,15474201004109728,SAND SEATROUT,,472.31888662,11,29,20102718704we,,0,05/04/2021
2010,1,7,5,1547420100410021,7,2,04,we,8835440106,232,0.1,0,0,20102718704we,15474201004109728,SAND SEATROUT,,472.31888662,9,23,20102718704we,,0,05/04/2021
2010,1,7,5,1547420100410021,7,2,04,we,8835440106,245,0.15,0,0,20102718704we,15474201004109728,SAND SEATROUT,,472.31888662,9,24,20102718704we,,0,05/04/2021
2010,1,7,5,1547420100410022,7,2,04,we,,,,0,0,20102718704we,15474201004109728,,,472.31888662,,,20102718704we,,0,05/04/2021
2010,1,7,5,1547420100410023,7,2,04,we,,,,0,0,20102718704we,15474201004109728,,,472.31888662,,,20102718704we,,0,05/04/2021
2010,1,7,5,1547420100410026,7,2,04,we,8835440601,228,0.15,1,1,20102718704we,15474201004109728,SOUTHERN KINGFISH,,2078.2031011,8,22,20102718704we,,0,05/04/2021
2010,1,7,5,1547420100410026,7,2,04,we,8835440601,251,0.2,1,1,20102718704we,15474201004109728,SOUTHERN KINGFISH,,2078.2031011,9,25,20102718704we,,0,05/04/2021
2010,1,7,5,1547420100410026,7,2,04,we,8835440601,254,0.25,1,1,20102718704we,15474201004109728,SOUTHERN KINGFISH,,2078.2031011,9,25,20102718704we,,0,05/04/2021
2010,1,7,5,1547420100410026,7,2,04,we,8835440601,271,0.25,1,1,20102718704we,15474201004109728,SOUTHERN KINGFISH,,2078.2031011,10,27,20102718704we,,0,05/04/2021
2010,1,7,5,1547420100410026,7,2,04,we,8835440601,280,0.25,1,1,20102718704we,15474201004109728,SOUTHERN KINGFISH,,2078.2031011,11,28,20102718704we,,0,05/04/2021
2010,1,7,5,1547420100410026,7,2,04,we,8835440106,300,0.2,1,1,20102718704we,15474201004109728,SAND SEATROUT,,1605.8842145,11,30,20102718704we,,0,05/04/2021
2010,1,7,5,1547420100410026,7,2,04,we,8835440106,297,0.25,1,1,20102718704we,15474201004109728,SAND SEATROUT,,1605.8842145,11,29,20102718704we,,0,05/04/2021
2010,1,7,5,1547420100410026,7,2,04,we,8835440106,261,0.2,1,1,20102718704we,15474201004109728,SAND SEATROUT,,1605.8842145,10,26,20102718704we,,0,05/04/2021
2010,1,7,5,1547420100410026,7,2,04,we,8835440106,232,0.1,1,1,20102718704we,15474201004109728,SAND SEATROUT,,1605.8842145,9,23,20102718704we,,0,05/04/2021
2010,1,7,5,1547420100410026,7,2,04,we,8835440106,262,0.2,1,1,20102718704we,15474201004109728,SAND SEATROUT,,1605.8842145,10,26,20102718704we,,0,05/04/2021
2010,1,7,1,1547420100410028,7,2,04,we,8835440702,185,0.05,0,0,20102718704we,15474201004109728,ATLANTIC CROAKER,,947.72467875,7,18,20102718704we,,0,05/04/2021
2010,1,7,1,1547420100410028,7,2,04,we,8835440702,206,0.1,0,0,20102718704we,15474201004109728,ATLANTIC CROAKER,,947.72467875,8,20,20102718704we,,0,05/04/2021
2010,1,7,1,1547420100410029,7,2,04,we,,,,0,0,20102718704we,15474201004109728,,,947.72467875,,,20102718704we,,0,05/04/2021
2010,1,7,5,1547420100410030,7,2,04,we,8835440601,210,0.1,1,1,20102718704we,15474201004109728,SOUTHERN KINGFISH,,472.31888662,8,21,20102718704we,,0,05/04/2021
2010,1,7,5,1547420100410030,7,2,04,we,8835440601,234,0.1,1,1,20102718704we,15474201004109728,SOUTHERN KINGFISH,,472.31888662,9,23,20102718704we,,0,05/04/2021
2010,1,7,5,1547420100410030,7,2,04,we,8835440601,270,0.2,0,0,20102718704we,15474201004109728,SOUTHERN KINGFISH,,472.31888662,10,27,20102718704we,,0,05/04/2021
2010,1,7,5,1547420100410030,7,2,04,we,8835440106,302,0.2,0,0,20102718704we,15474201004109728,SAND SEATROUT,,472.31888662,11,30,20102718704we,,0,05/04/2021
2010,1,7,5,1547420100410030,7,2,04,we,8835440106,257,0.1,0,0,20102718704we,15474201004109728,SAND SEATROUT,,472.31888662,10,25,20102718704we,,0,05/04/2021
2010,1,7,5,1547420100410030,7,2,04,we,8835440106,258,0.15,0,0,20102718704we,15474201004109728,SAND SEATROUT,,472.31888662,10,25,20102718704we,,0,05/04/2021
2010,1,7,5,1547420100410030,7,2,04,we,8835440106,258,0.15,1,1,20102718704we,15474201004109728,SAND SEATROUT,,472.31888662,10,25,20102718704we,,0,05/04/2021
2010,1,7,5,1547420100410030,7,2,04,we,8835440106,263,0.2,0,0,20102718704we,15474201004109728,SAND SEATROUT,,472.31888662,10,26,20102718704we,,0,05/04/2021
2010,1,7,5,1547420100410030,7,2,04,we,8835440106,261,0.15,1,1,20102718704we,15474201004109728,SAND SEATROUT,,472.31888662,10,26,20102718704we,,0,05/04/2021
2010,1,7,5,1547420100410030,7,2,04,we,8835440106,261,0.2,0,0,20102718704we,15474201004109728,SAND SEATROUT,,472.31888662,10,26,20102718704we,,0,05/04/2021
2010,1,7,5,1547420100410030,7,2,04,we,8835440106,263,0.2,1,1,20102718704we,15474201004109728,SAND SEATROUT,,472.31888662,10,26,20102718704we,,0,05/04/2021
2010,1,7,5,1547420100410030,7,2,04,we,8835440106,261,0.15,0,0,20102718704we,15474201004109728,SAND SEATROUT,,472.31888662,10,26,20102718704we,,0,05/04/2021
2010,1,7,5,1547420100410030,7,2,04,we,8835440106,300,0.2,0,0,20102718704we,15474201004109728,SAND SEATROUT,,472.31888662,11,30,20102718704we,,0,05/04/2021
2010,12,3,5,1000920100303001,7,2,03,wd,,,,0,0,201027128303wd,1000920100303103338,,,6281.9358728,,,201027128303wd,,0,05/04/2021
2010,12,3,5,1000920100314002,7,2,03,we,,,,0,0,201027128303we,100092010031481632,,,354.40940254,,,201027128303we,,0,05/04/2021
2010,12,3,5,1000920100314004,7,2,03,we,8850030502,337,0.4,0,0,201027128303we,100092010031481632,SPANISH MACKEREL,,118.13646751,13,33,201027128303we,,0,05/04/2021
2010,12,3,5,1000920100314004,7,2,03,we,8850030502,318,0.28,0,0,201027128303we,100092010031481632,SPANISH MACKEREL,,118.13646751,12,31,201027128303we,,0,05/04/2021
2010,12,3,5,1000920100314004,7,2,03,we,8850030502,443,0.7,0,0,201027128303we,100092010031481632,SPANISH MACKEREL,,118.13646751,17,44,201027128303we,,0,05/04/2021
2010,12,3,5,1000920100314004,7,2,03,we,8850030502,356,0.38,0,0,201027128303we,100092010031481632,SPANISH MACKEREL,,118.13646751,14,35,201027128303we,,0,05/04/2021
2010,12,3,5,1000920100314004,7,2,03,we,8850030502,347,0.35,0,0,201027128303we,100092010031481632,SPANISH MACKEREL,,118.13646751,13,34,201027128303we,,0,05/04/2021
2010,12,3,5,1000920100314006,7,2,03,we,,,,0,0,201027128303we,100092010031481632,,,354.40940254,,,201027128303we,,0,05/04/2021
2010,12,3,5,1000920100314011,7,2,03,we,8850030502,356,0.38,1,1,201027128303we,100092010031481632,SPANISH MACKEREL,,459.2511515,14,35,201027128303we,,0,05/04/2021
2010,12,3,5,1000920100314011,7,2,03,we,8850030502,337,0.4,1,1,201027128303we,100092010031481632,SPANISH MACKEREL,,459.2511515,13,33,201027128303we,,0,05/04/2021
2010,12,3,5,1000920100314011,7,2,03,we,8850030502,337,0.4,1,1,201027128303we,100092010031481632,SPANISH MACKEREL,,459.2511515,13,33,201027128303we,,0,05/04/2021
2010,12,3,5,1000920100314011,7,2,03,we,8850030502,350,0.38,0,0,201027128303we,100092010031481632,SPANISH MACKEREL,,459.2511515,13,35,201027128303we,,0,05/04/2021
2010,12,3,5,1000920100314011,7,2,03,we,8850030502,443,0.7,1,1,201027128303we,100092010031481632,SPANISH MACKEREL,,459.2511515,17,44,201027128303we,,0,05/04/2021
2010,12,3,5,1000920100314012,7,2,03,we,8850030502,440,0.65,0,0,201027128303we,100092010031481632,SPANISH MACKEREL,,328.03653678,17,44,201027128303we,,0,05/04/2021
2010,12,3,5,1000920100314014,7,2,03,we,8850030502,347,0.35,1,1,201027128303we,100092010031481632,SPANISH MACKEREL,,354.40940254,13,34,201027128303we,,0,05/04/2021
2010,12,3,5,1000920100314015,7,2,03,we,,,,0,0,201027128303we,100092010031481632,,,328.03653678,,,201027128303we,,0,05/04/2021
2010,12,3,5,1000920100314016,7,2,03,we,,,,0,0,201027128303we,100092010031481632,,,328.03653678,,,201027128303we,,0,05/04/2021
2010,12,3,5,1000920100314017,7,2,03,we,8835430201,128,0.08,1,1,201027128303we,100092010031481632,PINFISH,,328.03653678,5,12,201027128303we,,0,05/04/2021
2010,12,3,5,1000920100314017,7,2,03,we,8835430201,128,0.08,1,1,201027128303we,100092010031481632,PINFISH,,328.03653678,5,12,201027128303we,,0,05/04/2021
2010,12,3,5,1000920100314018,7,2,03,we,8835430201,128,0.08,1,1,201027128303we,100092010031481632,PINFISH,,328.03653678,5,12,201027128303we,,0,05/04/2021
2010,12,3,5,1000920100314018,7,2,03,we,8835430201,128,0.08,1,1,201027128303we,100092010031481632,PINFISH,,328.03653678,5,12,201027128303we,,0,05/04/2021
2010,12,3,5,1000920100314019,7,2,03,we,8835430201,128,0.08,1,1,201027128303we,100092010031481632,PINFISH,,354.40940254,5,12,201027128303we,,0,05/04/2021
2010,12,3,5,1000920100314019,7,2,03,we,8835430201,128,0.08,1,1,201027128303we,100092010031481632,PINFISH,,354.40940254,5,12,201027128303we,,0,05/04/2021
2010,12,3,5,1000920100314020,7,2,03,we,,,,0,0,201027128303we,100092010031481632,,,354.40940254,,,201027128303we,,0,05/04/2021
2010,12,3,5,1000920100314026,7,2,03,we,,,,0,0,201027128303we,100092010031481632,,,354.40940254,,,201027128303we,,0,05/04/2021
2010,12,3,5,1000920100314027,7,2,03,we,,,,0,0,201027128303we,100092010031481632,,,354.40940254,,,201027128303we,,0,05/04/2021
2010,12,3,5,1000920100314028,7,2,03,we,8850030502,347,0.35,1,1,201027128303we,100092010031481632,SPANISH MACKEREL,,354.40940254,13,34,201027128303we,,0,05/04/2021
2010,12,3,5,1000920100314029,7,2,03,we,8850030502,318,0.28,1,1,201027128303we,100092010031481632,SPANISH MACKEREL,,354.40940254,12,31,201027128303we,,0,05/04/2021
2010,12,3,5,1000920100314030,7,2,03,we,8850030502,318,0.28,1,1,201027128303we,100092010031481632,SPANISH MACKEREL,,354.40940254,12,31,201027128303we,,0,05/04/2021
2010,12,3,5,1000920100407001,7,2,04,wd,8850030502,496,1.05,0,0,201027128304wd,100092010040757544,SPANISH MACKEREL,,1916.4986261,19,49,201027128304wd,,0,05/04/2021
2010,12,3,5,1000920100407001,7,2,04,wd,8850030502,587,1.35,0,0,201027128304wd,100092010040757544,SPANISH MACKEREL,,1916.4986261,23,58,201027128304wd,,0,05/04/2021
2010,12,3,5,1000920100407002,7,2,04,wd,8850030502,511,1,0,0,201027128304wd,100092010040757544,SPANISH MACKEREL,,2070.5776854,20,51,201027128304wd,,0,05/04/2021
2010,12,3,5,1000920100407008,7,2,04,wd,,,,0,0,201027128304wd,100092010040757544,,,1916.4986261,,,201027128304wd,,0,05/04/2021
2010,12,3,5,1000920100407009,7,2,04,wd,8836010102,310,0.4,1,1,201027128304wd,100092010040757544,WHITE MULLET,,3832.9972523,12,31,201027128304wd,,0,05/04/2021
2010,12,3,5,1000920100407009,7,2,04,wd,8836010102,279,0.3,1,1,201027128304wd,100092010040757544,WHITE MULLET,,3832.9972523,10,27,201027128304wd,,0,05/04/2021
2010,12,3,5,1000920100407009,7,2,04,wd,8836010102,277,0.32,1,1,201027128304wd,100092010040757544,WHITE MULLET,,3832.9972523,10,27,201027128304wd,,0,05/04/2021
2010,12,3,5,1000920100407009,7,2,04,wd,8836010102,297,0.38,1,1,201027128304wd,100092010040757544,WHITE MULLET,,3832.9972523,11,29,201027128304wd,,0,05/04/2021
2010,12,3,5,1000920100407009,7,2,04,wd,8836010102,325,0.56,1,1,201027128304wd,100092010040757544,WHITE MULLET,,3832.9972523,12,32,201027128304wd,,0,05/04/2021
2010,12,3,5,1000920100407010,7,2,04,wd,8835390102,,,0,0,201027128304wd,100092010040757544,SILVER JENNY,,1916.4986261,,,201027128304wd,,0,05/04/2021
2010,12,3,5,1000920100407010,7,2,04,wd,8835390101,,,0,0,201027128304wd,100092010040757544,SPOTFIN MOJARRA,,11498.991757,,,201027128304wd,,0,05/04/2021
2010,12,3,5,1000920100407010,7,2,04,wd,8803020202,405,0.1,1,1,201027128304wd,100092010040757544,REDFIN NEEDLEFISH,,1916.4986261,15,40,201027128304wd,,0,05/04/2021
2010,12,3,5,1000920100407010,7,2,04,wd,8803020202,405,0.1,1,1,201027128304wd,100092010040757544,REDFIN NEEDLEFISH,,1916.4986261,15,40,201027128304wd,,0,05/04/2021
2010,12,3,5,1000920100407010,7,2,04,wd,8803020202,405,0.1,1,1,201027128304wd,100092010040757544,REDFIN NEEDLEFISH,,1916.4986261,15,40,201027128304wd,,0,05/04/2021
2010,12,3,5,1000920100410005,7,2,04,we,,,,0,0,201027128304we,100092010041057614,,,3384.4330815,,,201027128304we,,0,05/04/2021
2010,12,3,5,1000920100410007,7,2,04,we,,,,0,0,201027128304we,100092010041057614,,,3656.5283797,,,201027128304we,,0,05/04/2021
2010,12,3,5,1000920100410015,7,2,04,we,,,,0,0,201027128304we,100092010041057614,,,3656.5283797,,,201027128304we,,0,05/04/2021
2010,12,3,5,1000920100410018,7,2,04,we,,,,0,0,201027128304we,100092010041057614,,,3656.5283797,,,201027128304we,,0,05/04/2021
2010,12,3,5,1000920100410021,7,2,04,we,,,,0,0,201027128304we,100092010041057614,,,3384.4330815,,,201027128304we,,0,05/04/2021
2010,12,3,5,1000920100410023,7,2,04,we,,,,0,0,201027128304we,100092010041057614,,,3384.4330815,,,201027128304we,,0,05/04/2021
2010,12,3,5,1000920100410024,7,2,04,we,,,,0,0,201027128304we,100092010041057614,,,3384.4330815,,,201027128304we,,0,05/04/2021
2010,12,3,5,1000920100410025,7,2,04,we,8850030502,350,0.38,1,1,201027128304we,100092010041057614,SPANISH MACKEREL,,3384.4330815,13,35,201027128304we,,0,05/04/2021
2010,12,3,5,1000920100410028,7,2,04,we,,,,0,0,201027128304we,100092010041057614,,,3384.4330815,,,201027128304we,,0,05/04/2021
2010,12,3,5,1000920100410030,7,2,04,we,,,,0,0,201027128304we,100092010041057614,,,3384.4330815,,,201027128304we,,0,05/04/2021
2010,12,3,5,1000920100410032,7,2,04,we,8747010804,130,0.06,1,1,201027128304we,100092010041057614,SCALED SARDINE,,3384.4330815,5,13,201027128304we,,0,05/04/2021
2010,12,3,5,1000920100410032,7,2,04,we,8747010804,151,0.06,1,1,201027128304we,100092010041057614,SCALED SARDINE,,3384.4330815,5,15,201027128304we,,0,05/04/2021
2010,12,3,5,1000920100410032,7,2,04,we,8747010804,151,0.06,1,1,201027128304we,100092010041057614,SCALED SARDINE,,3384.4330815,5,15,201027128304we,,0,05/04/2021
2010,12,3,5,1000920100410032,7,2,04,we,8747010804,155,0.06,1,1,201027128304we,100092010041057614,SCALED SARDINE,,3384.4330815,6,15,201027128304we,,0,05/04/2021
2010,12,3,5,1000920100410032,7,2,04,we,8747010804,155,0.06,1,1,201027128304we,100092010041057614,SCALED SARDINE,,3384.4330815,6,15,201027128304we,,0,05/04/2021
2010,12,3,5,1000920100411001,7,2,04,we,,,,0,0,201027128304we,1000920100411103769,,,1198.2650564,,,201027128304we,,0,05/04/2021
2010,12,3,5,1000920100411002,7,2,04,we,8835430201,128,0.08,1,1,201027128304we,1000920100411103769,PINFISH,,1198.2650564,5,12,201027128304we,,0,05/04/2021
2010,12,3,5,1000920100411002,7,2,04,we,8835430201,128,0.08,1,1,201027128304we,1000920100411103769,PINFISH,,1198.2650564,5,12,201027128304we,,0,05/04/2021
2010,12,3,5,1000920100411002,7,2,04,we,8835430201,128,0.08,1,1,201027128304we,1000920100411103769,PINFISH,,1198.2650564,5,12,201027128304we,,0,05/04/2021
2010,12,3,5,1000920100411002,7,2,04,we,8835430201,128,0.08,1,1,201027128304we,1000920100411103769,PINFISH,,1198.2650564,5,12,201027128304we,,0,05/04/2021
2010,12,3,5,1000920100411002,7,2,04,we,8747010701,67,0.0050368795,1,1,201027128304we,1000920100411103769,ATLANTIC THREAD HERRING,,71895.903383,2,6,201027128304we,,0,05/04/2021
2010,12,3,5,1000920100411002,7,2,04,we,8747010701,76,0.007466047,1,1,201027128304we,1000920100411103769,ATLANTIC THREAD HERRING,,71895.903383,2,7,201027128304we,,0,05/04/2021
2010,12,3,5,1000920100411002,7,2,04,we,8747010701,77,0.0077771114,1,1,201027128304we,1000920100411103769,ATLANTIC THREAD HERRING,,71895.903383,3,7,201027128304we,,0,05/04/2021
2010,12,3,5,1000920100411002,7,2,04,we,8747010701,82,0.009465388,1,1,201027128304we,1000920100411103769,ATLANTIC THREAD HERRING,,71895.903383,3,8,201027128304we,,0,05/04/2021
2010,12,3,5,1000920100411002,7,2,04,we,8747010701,86,0.0109831985,1,1,201027128304we,1000920100411103769,ATLANTIC THREAD HERRING,,71895.903383,3,8,201027128304we,,0,05/04/2021
2010,12,3,5,1000920100411003,7,2,04,we,8850030502,494,0.93,0,0,201027128304we,1000920100411103769,SPANISH MACKEREL,,1198.2650564,19,49,201027128304we,,0,05/04/2021
2010,12,3,5,1000920100411004,7,2,04,we,,,,0,0,201027128304we,1000920100411103769,,,1198.2650564,,,201027128304we,,0,05/04/2021
2010,12,3,5,1000920100411005,7,2,04,we,8747010804,139,0.06,1,1,201027128304we,1000920100411103769,SCALED SARDINE,,11503.344541,5,13,201027128304we,,0,05/04/2021
2010,12,3,5,1000920100411005,7,2,04,we,8747010804,155,0.06,1,1,201027128304we,1000920100411103769,SCALED SARDINE,,11503.344541,6,15,201027128304we,,0,05/04/2021
2010,12,3,5,1000920100411005,7,2,04,we,8747010804,155,0.06,1,1,201027128304we,1000920100411103769,SCALED SARDINE,,11503.344541,6,15,201027128304we,,0,05/04/2021
2010,12,3,5,1000920100411005,7,2,04,we,8747010804,155,0.06,1,1,201027128304we,1000920100411103769,SCALED SARDINE,,11503.344541,6,15,201027128304we,,0,05/04/2021
2010,12,3,5,1000920100411005,7,2,04,we,8747010804,155,0.06,1,1,201027128304we,1000920100411103769,SCALED SARDINE,,11503.344541,6,15,201027128304we,,0,05/04/2021
2010,12,3,5,1000920100411005,7,2,04,we,8747010701,69,0.0055214225,1,1,201027128304we,1000920100411103769,ATLANTIC THREAD HERRING,,5751.6722706,2,6,201027128304we,,0,05/04/2021
2010,12,3,5,1000920100411005,7,2,04,we,8747010701,71,0.0060367131,1,1,201027128304we,1000920100411103769,ATLANTIC THREAD HERRING,,5751.6722706,2,7,201027128304we,,0,05/04/2021
2010,12,3,5,1000920100411005,7,2,04,we,8747010701,76,0.007466047,1,1,201027128304we,1000920100411103769,ATLANTIC THREAD HERRING,,5751.6722706,2,7,201027128304we,,0,05/04/2021
2010,12,3,5,1000920100411005,7,2,04,we,8747010701,78,0.0080968702,1,1,201027128304we,1000920100411103769,ATLANTIC THREAD HERRING,,5751.6722706,3,7,201027128304we,,0,05/04/2021
2010,12,3,5,1000920100411005,7,2,04,we,8747010701,89,0.0122244604,1,1,201027128304we,1000920100411103769,ATLANTIC THREAD HERRING,,5751.6722706,3,8,201027128304we,,0,05/04/2021
2010,12,3,5,1000920100411008,7,2,04,we,8850030502,508,1.05,0,0,201027128304we,1000920100411103769,SPANISH MACKEREL,,1198.2650564,19,50,201027128304we,,0,05/04/2021
2010,12,3,5,1000920100411008,7,2,04,we,8850030502,506,0.95,0,0,201027128304we,1000920100411103769,SPANISH MACKEREL,,1198.2650564,19,50,201027128304we,,0,05/04/2021
2010,12,3,5,1000920100411009,7,2,04,we,8850030502,496,1.05,1,1,201027128304we,1000920100411103769,SPANISH MACKEREL,,776.76055273,19,49,201027128304we,,0,05/04/2021
2010,12,3,5,1000920100411009,7,2,04,we,8850030502,440,0.65,1,1,201027128304we,1000920100411103769,SPANISH MACKEREL,,776.76055273,17,44,201027128304we,,0,05/04/2021
2010,12,3,5,1000920100411009,7,2,04,we,8850030502,511,1,1,1,201027128304we,1000920100411103769,SPANISH MACKEREL,,776.76055273,20,51,201027128304we,,0,05/04/2021
2010,12,3,5,1000920100411009,7,2,04,we,8850030502,496,1.05,1,1,201027128304we,1000920100411103769,SPANISH MACKEREL,,776.76055273,19,49,201027128304we,,0,05/04/2021
2010,12,3,5,1000920100411009,7,2,04,we,8850030502,587,1.35,1,1,201027128304we,1000920100411103769,SPANISH MACKEREL,,776.76055273,23,58,201027128304we,,0,05/04/2021
2010,12,3,5,1000920100411009,7,2,04,we,8747010701,67,0.0050368795,1,1,201027128304we,1000920100411103769,ATLANTIC THREAD HERRING,,25892.018424,2,6,201027128304we,,0,05/04/2021
2010,12,3,5,1000920100411009,7,2,04,we,8747010701,77,0.0077771114,1,1,201027128304we,1000920100411103769,ATLANTIC THREAD HERRING,,25892.018424,3,7,201027128304we,,0,05/04/2021
2010,12,3,5,1000920100411009,7,2,04,we,8747010701,77,0.0077771114,1,1,201027128304we,1000920100411103769,ATLANTIC THREAD HERRING,,25892.018424,3,7,201027128304we,,0,05/04/2021
2010,12,3,5,1000920100411009,7,2,04,we,8747010701,86,0.0109831985,1,1,201027128304we,1000920100411103769,ATLANTIC THREAD HERRING,,25892.018424,3,8,201027128304we,,0,05/04/2021
2010,12,3,5,1000920100411009,7,2,04,we,8747010701,86,0.0109831985,1,1,201027128304we,1000920100411103769,ATLANTIC THREAD HERRING,,25892.018424,3,8,201027128304we,,0,05/04/2021
2010,12,3,5,1000920100411010,7,2,04,we,,,,0,0,201027128304we,1000920100411103769,,,1294.6009212,,,201027128304we,,0,05/04/2021
2010,12,3,5,1000920100411011,7,2,04,we,8835430201,128,0.08,1,1,201027128304we,1000920100411103769,PINFISH,,1198.2650564,5,12,201027128304we,,0,05/04/2021
2010,12,3,5,1000920100411011,7,2,04,we,8747010701,76,0.007466047,1,1,201027128304we,1000920100411103769,ATLANTIC THREAD HERRING,,1198.2650564,2,7,201027128304we,,0,05/04/2021
2010,12,3,5,1000920100411012,7,2,04,we,,,,0,0,201027128304we,1000920100411103769,,,1198.2650564,,,201027128304we,,0,05/04/2021
2010,12,3,5,1000920100411013,7,2,04,we,,,,0,0,201027128304we,1000920100411103769,,,1294.6009212,,,201027128304we,,0,05/04/2021
2010,12,3,5,1000920100411014,7,2,04,we,,,,0,0,201027128304we,1000920100411103769,,,1294.6009212,,,201027128304we,,0,05/04/2021
2010,12,3,5,1000920100411015,7,2,04,we,8835280306,245,0.25,0,0,201027128304we,1000920100411103769,BLUE RUNNER,,1198.2650564,9,24,201027128304we,,0,05/04/2021
2010,12,3,5,1000920100411015,7,2,04,we,8835280306,250,0.28,0,0,201027128304we,1000920100411103769,BLUE RUNNER,,1198.2650564,9,25,201027128304we,,0,05/04/2021
2010,12,3,5,1000920100411015,7,2,04,we,8747010804,135,0.06,1,1,201027128304we,1000920100411103769,SCALED SARDINE,,2396.5301128,5,13,201027128304we,,0,05/04/2021
2010,12,3,5,1000920100411015,7,2,04,we,8747010804,135,0.06,1,1,201027128304we,1000920100411103769,SCALED SARDINE,,2396.5301128,5,13,201027128304we,,0,05/04/2021
2010,12,3,5,1000920100411015,7,2,04,we,8747010804,151,0.06,1,1,201027128304we,1000920100411103769,SCALED SARDINE,,2396.5301128,5,15,201027128304we,,0,05/04/2021
2010,12,3,5,1000920100411015,7,2,04,we,8747010804,151,0.06,1,1,201027128304we,1000920100411103769,SCALED SARDINE,,2396.5301128,5,15,201027128304we,,0,05/04/2021
2010,12,3,5,1000920100411015,7,2,04,we,8747010804,155,0.06,1,1,201027128304we,1000920100411103769,SCALED SARDINE,,2396.5301128,6,15,201027128304we,,0,05/04/2021
2010,12,3,5,1000920100411016,7,2,04,we,8850030502,388,0.45,0,0,201027128304we,1000920100411103769,SPANISH MACKEREL,,1198.2650564,15,38,201027128304we,,0,05/04/2021
2010,12,3,5,1000920100411016,7,2,04,we,8850030502,372,0.43,0,0,201027128304we,1000920100411103769,SPANISH MACKEREL,,1198.2650564,14,37,201027128304we,,0,05/04/2021
2010,12,3,5,1000920100411016,7,2,04,we,8850030502,490,1,0,0,201027128304we,1000920100411103769,SPANISH MACKEREL,,1198.2650564,19,49,201027128304we,,0,05/04/2021
2010,12,3,5,1000920100411016,7,2,04,we,8850030502,376,0.4,0,0,201027128304we,1000920100411103769,SPANISH MACKEREL,,1198.2650564,14,37,201027128304we,,0,05/04/2021
2010,12,3,5,1000920100411016,7,2,04,we,8747010804,130,0.06,1,1,201027128304we,1000920100411103769,SCALED SARDINE,,2396.5301128,5,13,201027128304we,,0,05/04/2021
2010,12,3,5,1000920100411016,7,2,04,we,8747010804,133,0.06,1,1,201027128304we,1000920100411103769,SCALED SARDINE,,2396.5301128,5,13,201027128304we,,0,05/04/2021
2010,12,3,5,1000920100411016,7,2,04,we,8747010804,150,0.06,1,1,201027128304we,1000920100411103769,SCALED SARDINE,,2396.5301128,5,15,201027128304we,,0,05/04/2021
2010,12,3,5,1000920100411016,7,2,04,we,8747010804,155,0.06,1,1,201027128304we,1000920100411103769,SCALED SARDINE,,2396.5301128,6,15,201027128304we,,0,05/04/2021
2010,12,3,5,1000920100411016,7,2,04,we,8747010804,155,0.06,1,1,201027128304we,1000920100411103769,SCALED SARDINE,,2396.5301128,6,15,201027128304we,,0,05/04/2021
2010,12,3,5,1000920100411017,7,2,04,we,8747010804,133,0.06,1,1,201027128304we,1000920100411103769,SCALED SARDINE,,2396.5301128,5,13,201027128304we,,0,05/04/2021
2010,12,3,5,1000920100411017,7,2,04,we,8747010804,133,0.06,1,1,201027128304we,1000920100411103769,SCALED SARDINE,,2396.5301128,5,13,201027128304we,,0,05/04/2021
2010,12,3,5,1000920100411017,7,2,04,we,8747010804,135,0.06,1,1,201027128304we,1000920100411103769,SCALED SARDINE,,2396.5301128,5,13,201027128304we,,0,05/04/2021
2010,12,3,5,1000920100411017,7,2,04,we,8747010804,151,0.06,1,1,201027128304we,1000920100411103769,SCALED SARDINE,,2396.5301128,5,15,201027128304we,,0,05/04/2021
2010,12,3,5,1000920100411017,7,2,04,we,8747010804,155,0.06,1,1,201027128304we,1000920100411103769,SCALED SARDINE,,2396.5301128,6,15,201027128304we,,0,05/04/2021
2010,12,3,5,1000920100411018,7,2,04,we,8747010804,130,0.06,1,1,201027128304we,1000920100411103769,SCALED SARDINE,,2396.5301128,5,13,201027128304we,,0,05/04/2021
2010,12,3,5,1000920100411018,7,2,04,we,8747010804,130,0.06,1,1,201027128304we,1000920100411103769,SCALED SARDINE,,2396.5301128,5,13,201027128304we,,0,05/04/2021
2010,12,3,5,1000920100411018,7,2,04,we,8747010804,133,0.06,1,1,201027128304we,1000920100411103769,SCALED SARDINE,,2396.5301128,5,13,201027128304we,,0,05/04/2021
2010,12,3,5,1000920100411018,7,2,04,we,8747010804,133,0.06,1,1,201027128304we,1000920100411103769,SCALED SARDINE,,2396.5301128,5,13,201027128304we,,0,05/04/2021
2010,12,3,5,1000920100411018,7,2,04,we,8747010804,150,0.06,1,1,201027128304we,1000920100411103769,SCALED SARDINE,,2396.5301128,5,15,201027128304we,,0,05/04/2021
2010,12,3,5,1000920100411019,7,2,04,we,8850030502,373,0.43,0,0,201027128304we,1000920100411103769,SPANISH MACKEREL,,1198.2650564,14,37,201027128304we,,0,05/04/2021
2010,12,3,5,1000920100411019,7,2,04,we,8835430201,128,0.08,1,1,201027128304we,1000920100411103769,PINFISH,,1198.2650564,5,12,201027128304we,,0,05/04/2021
2010,12,3,5,1000920100411019,7,2,04,we,8835280306,250,0.28,1,1,201027128304we,1000920100411103769,BLUE RUNNER,,1198.2650564,9,25,201027128304we,,0,05/04/2021
2010,12,3,5,1000920100411019,7,2,04,we,8835280306,250,0.28,1,1,201027128304we,1000920100411103769,BLUE RUNNER,,1198.2650564,9,25,201027128304we,,0,05/04/2021
2010,12,3,5,1000920100411019,7,2,04,we,8747010804,133,0.06,1,1,201027128304we,1000920100411103769,SCALED SARDINE,,1437.9180677,5,13,201027128304we,,0,05/04/2021
2010,12,3,5,1000920100411019,7,2,04,we,8747010804,133,0.06,1,1,201027128304we,1000920100411103769,SCALED SARDINE,,1437.9180677,5,13,201027128304we,,0,05/04/2021
2010,12,3,5,1000920100411019,7,2,04,we,8747010804,133,0.06,1,1,201027128304we,1000920100411103769,SCALED SARDINE,,1437.9180677,5,13,201027128304we,,0,05/04/2021
2010,12,3,5,1000920100411019,7,2,04,we,8747010804,139,0.06,1,1,201027128304we,1000920100411103769,SCALED SARDINE,,1437.9180677,5,13,201027128304we,,0,05/04/2021
2010,12,3,5,1000920100411019,7,2,04,we,8747010804,150,0.06,1,1,201027128304we,1000920100411103769,SCALED SARDINE,,1437.9180677,5,15,201027128304we,,0,05/04/2021
2010,12,3,5,1000920100411019,7,2,04,we,8747010701,71,0.0060367131,1,1,201027128304we,1000920100411103769,ATLANTIC THREAD HERRING,,1437.9180677,2,7,201027128304we,,0,05/04/2021
2010,12,3,5,1000920100411019,7,2,04,we,8747010701,71,0.0060367131,1,1,201027128304we,1000920100411103769,ATLANTIC THREAD HERRING,,1437.9180677,2,7,201027128304we,,0,05/04/2021
2010,12,3,5,1000920100411019,7,2,04,we,8747010701,71,0.0060367131,1,1,201027128304we,1000920100411103769,ATLANTIC THREAD HERRING,,1437.9180677,2,7,201027128304we,,0,05/04/2021
2010,12,3,5,1000920100411019,7,2,04,we,8747010701,76,0.007466047,1,1,201027128304we,1000920100411103769,ATLANTIC THREAD HERRING,,1437.9180677,2,7,201027128304we,,0,05/04/2021
2010,12,3,5,1000920100411019,7,2,04,we,8747010701,89,0.0122244604,1,1,201027128304we,1000920100411103769,ATLANTIC THREAD HERRING,,1437.9180677,3,8,201027128304we,,0,05/04/2021
2010,12,3,5,1000920100411020,7,2,04,we,8850030502,352,0.4,0,0,201027128304we,1000920100411103769,SPANISH MACKEREL,,1198.2650564,13,35,201027128304we,,0,05/04/2021
2010,12,3,5,1000920100411020,7,2,04,we,8747010804,133,0.06,1,1,201027128304we,1000920100411103769,SCALED SARDINE,,1198.2650564,5,13,201027128304we,,0,05/04/2021
2010,12,3,5,1000920100411022,7,2,04,we,8835430201,128,0.08,1,1,201027128304we,1000920100411103769,PINFISH,,1198.2650564,5,12,201027128304we,,0,05/04/2021
2010,12,3,5,1000920100411022,7,2,04,we,8835430201,128,0.08,1,1,201027128304we,1000920100411103769,PINFISH,,1198.2650564,5,12,201027128304we,,0,05/04/2021
2010,12,3,5,1000920100411022,7,2,04,we,8835430201,128,0.08,1,1,201027128304we,1000920100411103769,PINFISH,,1198.2650564,5,12,201027128304we,,0,05/04/2021
2010,12,3,5,1000920100411022,7,2,04,we,8835430201,128,0.08,1,1,201027128304we,1000920100411103769,PINFISH,,1198.2650564,5,12,201027128304we,,0,05/04/2021
2010,12,3,5,1000920100411022,7,2,04,we,8835280306,250,0.28,1,1,201027128304we,1000920100411103769,BLUE RUNNER,,1198.2650564,9,25,201027128304we,,0,05/04/2021
2010,12,3,5,1000920100411023,7,2,04,we,8850030502,397,0.45,0,0,201027128304we,1000920100411103769,SPANISH MACKEREL,,1198.2650564,15,39,201027128304we,,0,05/04/2021
2010,12,3,5,1000920100411024,7,2,04,we,8850030502,343,0.33,0,0,201027128304we,1000920100411103769,SPANISH MACKEREL,,1198.2650564,13,34,201027128304we,,0,05/04/2021
2010,12,3,5,1000920100411024,7,2,04,we,8835430201,128,0.08,1,1,201027128304we,1000920100411103769,PINFISH,,1198.2650564,5,12,201027128304we,,0,05/04/2021
2010,12,3,5,1000920100411024,7,2,04,we,8835430201,128,0.08,1,1,201027128304we,1000920100411103769,PINFISH,,1198.2650564,5,12,201027128304we,,0,05/04/2021
2010,12,3,5,1000920100411024,7,2,04,we,8835430201,128,0.08,1,1,201027128304we,1000920100411103769,PINFISH,,1198.2650564,5,12,201027128304we,,0,05/04/2021
2010,12,3,5,1000920100411024,7,2,04,we,8835430201,128,0.08,1,1,201027128304we,1000920100411103769,PINFISH,,1198.2650564,5,12,201027128304we,,0,05/04/2021
2010,12,3,5,1000920100411025,7,2,04,we,8835430201,128,0.08,1,1,201027128304we,1000920100411103769,PINFISH,,1198.2650564,5,12,201027128304we,,0,05/04/2021
2010,12,3,5,1000920100411025,7,2,04,we,8835430201,128,0.08,1,1,201027128304we,1000920100411103769,PINFISH,,1198.2650564,5,12,201027128304we,,0,05/04/2021
2010,12,3,5,1000920100411025,7,2,04,we,8835430201,128,0.08,1,1,201027128304we,1000920100411103769,PINFISH,,1198.2650564,5,12,201027128304we,,0,05/04/2021
2010,12,3,5,1000920100411025,7,2,04,we,8835430201,128,0.08,1,1,201027128304we,1000920100411103769,PINFISH,,1198.2650564,5,12,201027128304we,,0,05/04/2021
2010,12,3,5,1000920100411025,7,2,04,we,8835430201,128,0.08,1,1,201027128304we,1000920100411103769,PINFISH,,1198.2650564,5,12,201027128304we,,0,05/04/2021
2010,12,3,5,1000920100411026,7,2,04,we,8835430201,128,0.08,1,1,201027128304we,1000920100411103769,PINFISH,,1437.9180677,5,12,201027128304we,,0,05/04/2021
2010,12,3,5,1000920100411026,7,2,04,we,8835430201,128,0.08,1,1,201027128304we,1000920100411103769,PINFISH,,1437.9180677,5,12,201027128304we,,0,05/04/2021
2010,12,3,5,1000920100411026,7,2,04,we,8835430201,128,0.08,1,1,201027128304we,1000920100411103769,PINFISH,,1437.9180677,5,12,201027128304we,,0,05/04/2021
2010,12,3,5,1000920100411026,7,2,04,we,8835430201,128,0.08,1,1,201027128304we,1000920100411103769,PINFISH,,1437.9180677,5,12,201027128304we,,0,05/04/2021
2010,12,3,5,1000920100411026,7,2,04,we,8835430201,128,0.08,1,1,201027128304we,1000920100411103769,PINFISH,,1437.9180677,5,12,201027128304we,,0,05/04/2021
2010,12,3,5,1000920100411027,7,2,04,we,,,,0,0,201027128304we,1000920100411103769,,,1198.2650564,,,201027128304we,,0,05/04/2021
2010,12,3,5,1000920100411030,7,2,04,we,8850030502,494,0.93,1,1,201027128304we,1000920100411103769,SPANISH MACKEREL,,1198.2650564,19,49,201027128304we,,0,05/04/2021
2010,12,3,5,1000920100411030,7,2,04,we,8850030502,511,1,1,1,201027128304we,1000920100411103769,SPANISH MACKEREL,,1198.2650564,20,51,201027128304we,,0,05/04/2021
2010,12,3,5,1000920100411030,7,2,04,we,8850030502,506,0.95,1,1,201027128304we,1000920100411103769,SPANISH MACKEREL,,1198.2650564,19,50,201027128304we,,0,05/04/2021
2010,12,3,5,1000920100411030,7,2,04,we,8850030502,508,1.05,1,1,201027128304we,1000920100411103769,SPANISH MACKEREL,,1198.2650564,19,50,201027128304we,,0,05/04/2021
2010,12,3,5,1000920100411031,7,2,04,we,8850030502,490,1,1,1,201027128304we,1000920100411103769,SPANISH MACKEREL,,1198.2650564,19,49,201027128304we,,0,05/04/2021
2010,12,3,5,1000920100411031,7,2,04,we,8850030502,506,0.95,1,1,201027128304we,1000920100411103769,SPANISH MACKEREL,,1198.2650564,19,50,201027128304we,,0,05/04/2021
2010,12,3,5,1297920100314001,7,2,03,we,8836010102,300,0.4,0,0,201027128303we,129792010031453145,WHITE MULLET,,2399.292472,11,30,201027128303we,,0,05/04/2021
2010,12,3,5,1297920100314001,7,2,03,we,8836010102,277,0.32,0,0,201027128303we,129792010031453145,WHITE MULLET,,2399.292472,10,27,201027128303we,,0,05/04/2021
2010,12,3,5,1297920100314001,7,2,03,we,8836010102,279,0.3,0,0,201027128303we,129792010031453145,WHITE MULLET,,2399.292472,10,27,201027128303we,,0,05/04/2021
2010,12,3,5,1297920100314001,7,2,03,we,8836010102,293,0.38,0,0,201027128303we,129792010031453145,WHITE MULLET,,2399.292472,11,29,201027128303we,,0,05/04/2021
2010,12,3,5,1297920100314001,7,2,03,we,8836010102,297,0.38,0,0,201027128303we,129792010031453145,WHITE MULLET,,2399.292472,11,29,201027128303we,,0,05/04/2021
2010,12,3,5,1297920100314001,7,2,03,we,8836010102,310,0.4,0,0,201027128303we,129792010031453145,WHITE MULLET,,2399.292472,12,31,201027128303we,,0,05/04/2021
2010,12,3,5,1297920100314001,7,2,03,we,8836010101,335,0.56,0,0,201027128303we,129792010031453145,STRIPED MULLET,,2399.292472,13,33,201027128303we,,0,05/04/2021
2010,12,3,5,1297920100314002,7,2,03,we,8836010102,299,0.42,0,0,201027128303we,129792010031453145,WHITE MULLET,,2399.292472,11,29,201027128303we,,0,05/04/2021
2010,12,3,5,1297920100314002,7,2,03,we,8836010102,278,0.36,0,0,201027128303we,129792010031453145,WHITE MULLET,,2399.292472,10,27,201027128303we,,0,05/04/2021
2010,12,3,5,1297920100314002,7,2,03,we,8836010102,260,0.32,0,0,201027128303we,129792010031453145,WHITE MULLET,,2399.292472,10,26,201027128303we,,0,05/04/2021
2010,12,3,5,1297920100314002,7,2,03,we,8836010102,270,0.28,0,0,201027128303we,129792010031453145,WHITE MULLET,,2399.292472,10,27,201027128303we,,0,05/04/2021
2010,12,3,5,1297920100314002,7,2,03,we,8836010102,273,0.32,0,0,201027128303we,129792010031453145,WHITE MULLET,,2399.292472,10,27,201027128303we,,0,05/04/2021
2010,12,3,5,1297920100314002,7,2,03,we,8836010102,274,0.34,0,0,201027128303we,129792010031453145,WHITE MULLET,,2399.292472,10,27,201027128303we,,0,05/04/2021
2010,12,3,5,1297920100314002,7,2,03,we,8836010102,274,0.3,0,0,201027128303we,129792010031453145,WHITE MULLET,,2399.292472,10,27,201027128303we,,0,05/04/2021
2010,12,3,5,1297920100314002,7,2,03,we,8836010102,275,0.36,0,0,201027128303we,129792010031453145,WHITE MULLET,,2399.292472,10,27,201027128303we,,0,05/04/2021
2010,12,3,5,1297920100314002,7,2,03,we,8836010102,279,0.3,0,0,201027128303we,129792010031453145,WHITE MULLET,,2399.292472,10,27,201027128303we,,0,05/04/2021
2010,12,3,5,1297920100314002,7,2,03,we,8836010102,285,0.38,0,0,201027128303we,129792010031453145,WHITE MULLET,,2399.292472,11,28,201027128303we,,0,05/04/2021
2010,12,3,5,1297920100314002,7,2,03,we,8836010102,286,0.4,0,0,201027128303we,129792010031453145,WHITE MULLET,,2399.292472,11,28,201027128303we,,0,05/04/2021
2010,12,3,5,1297920100314002,7,2,03,we,8836010102,306,0.46,0,0,201027128303we,129792010031453145,WHITE MULLET,,2399.292472,12,30,201027128303we,,0,05/04/2021
2010,12,3,5,1297920100314002,7,2,03,we,8836010102,308,0.44,0,0,201027128303we,129792010031453145,WHITE MULLET,,2399.292472,12,30,201027128303we,,0,05/04/2021
2010,12,3,5,1297920100314002,7,2,03,we,8836010102,325,0.56,0,0,201027128303we,129792010031453145,WHITE MULLET,,2399.292472,12,32,201027128303we,,0,05/04/2021
2010,12,3,5,1297920100314002,7,2,03,we,8836010101,288,0.38,0,0,201027128303we,129792010031453145,STRIPED MULLET,,2399.292472,11,28,201027128303we,,0,05/04/2021
2010,12,3,5,1297920100314005,7,2,03,we,,,,0,0,201027128303we,129792010031453145,,,2592.1862846,,,201027128303we,,0,05/04/2021
2010,12,3,5,1297920100314007,7,2,03,we,8836010102,278,0.36,1,1,201027128303we,129792010031453145,WHITE MULLET,,2399.292472,10,27,201027128303we,,0,05/04/2021
2010,12,3,5,1297920100314007,7,2,03,we,8836010102,285,0.38,1,1,201027128303we,129792010031453145,WHITE MULLET,,2399.292472,11,28,201027128303we,,0,05/04/2021
2010,12,3,5,1297920100314007,7,2,03,we,8836010102,306,0.46,1,1,201027128303we,129792010031453145,WHITE MULLET,,2399.292472,12,30,201027128303we,,0,05/04/2021
2010,12,3,5,1297920100314007,7,2,03,we,8836010102,308,0.44,1,1,201027128303we,129792010031453145,WHITE MULLET,,2399.292472,12,30,201027128303we,,0,05/04/2021
2010,12,3,5,1297920100314008,7,2,03,we,,,,0,0,201027128303we,129792010031453145,,,2592.1862846,,,201027128303we,,0,05/04/2021
2010,12,3,5,1297920100318001,7,2,03,wd,,,,0,0,201027128303wd,129792010031853193,,,9082.2784394,,,201027128303wd,,0,05/04/2021
2010,12,3,5,1297920100318005,7,2,03,wd,8835430201,128,0.08,1,1,201027128303wd,129792010031853193,PINFISH,,12715.189815,5,12,201027128303wd,,0,05/04/2021
2010,12,3,5,1297920100318005,7,2,03,wd,8835430201,128,0.08,1,1,201027128303wd,129792010031853193,PINFISH,,12715.189815,5,12,201027128303wd,,0,05/04/2021
2010,12,3,5,1297920100318005,7,2,03,wd,8835430201,128,0.08,1,1,201027128303wd,129792010031853193,PINFISH,,12715.189815,5,12,201027128303wd,,0,05/04/2021
2010,12,3,5,1297920100318005,7,2,03,wd,8835430201,128,0.08,1,1,201027128303wd,129792010031853193,PINFISH,,12715.189815,5,12,201027128303wd,,0,05/04/2021
2010,12,3,5,1297920100318005,7,2,03,wd,8835430201,128,0.08,1,1,201027128303wd,129792010031853193,PINFISH,,12715.189815,5,12,201027128303wd,,0,05/04/2021
2010,12,3,5,1297920100318008,7,2,03,wd,8835440102,450,0.78,0,0,201027128303wd,129792010031853193,SPOTTED SEATROUT,,9082.2784394,17,45,201027128303wd,,0,05/04/2021
2010,12,3,5,1297920100318008,7,2,03,wd,8835390102,,,0,0,201027128303wd,129792010031853193,SILVER JENNY,,217974.68255,,,201027128303wd,,0,05/04/2021
2010,12,3,5,1297920100318010,7,2,03,wd,,,,0,0,201027128303wd,129792010031853145,,,11777.386449,,,201027128303wd,,0,05/04/2021
2010,12,3,5,1297920100318011,7,2,03,wd,,,,0,0,201027128303wd,129792010031853145,,,11777.386449,,,201027128303wd,,0,05/04/2021
2010,12,3,5,1297920100318013,7,2,03,wd,8836010102,260,0.32,1,1,201027128303wd,129792010031853145,WHITE MULLET,,16488.341029,10,26,201027128303wd,,0,05/04/2021
2010,12,3,5,1297920100318013,7,2,03,wd,8836010102,270,0.28,1,1,201027128303wd,129792010031853145,WHITE MULLET,,16488.341029,10,27,201027128303wd,,0,05/04/2021
2010,12,3,5,1297920100318013,7,2,03,wd,8836010102,273,0.32,1,1,201027128303wd,129792010031853145,WHITE MULLET,,16488.341029,10,27,201027128303wd,,0,05/04/2021
2010,12,3,5,1297920100318013,7,2,03,wd,8836010102,274,0.34,1,1,201027128303wd,129792010031853145,WHITE MULLET,,16488.341029,10,27,201027128303wd,,0,05/04/2021
2010,12,3,5,1297920100318013,7,2,03,wd,8836010102,279,0.3,1,1,201027128303wd,129792010031853145,WHITE MULLET,,16488.341029,10,27,201027128303wd,,0,05/04/2021
2010,12,3,5,1297920100318014,7,2,03,wd,,,,0,0,201027128303wd,129792010031853145,,,11777.386449,,,201027128303wd,,0,05/04/2021
2010,12,3,5,1476720100311001,7,2,03,wd,,,,0,0,201027128303wd,147672010031171131,,,5281.0289415,,,201027128303wd,,0,05/04/2021
2010,12,3,5,1476720100311002,7,2,03,wd,,,,0,0,201027128303wd,147672010031171131,,,5281.0289415,,,201027128303wd,,0,05/04/2021
2010,12,3,5,1476720100311004,7,2,03,wd,8738010101,320,0.25,1,1,201027128303wd,147672010031171759,LADYFISH,,17627.574111,12,32,201027128303wd,,0,05/04/2021
2010,12,3,5,1476720100311004,7,2,03,wd,8738010101,357,0.35,1,1,201027128303wd,147672010031171759,LADYFISH,,17627.574111,14,35,201027128303wd,,0,05/04/2021
2010,12,3,5,1476720100311004,7,2,03,wd,8738010101,395,0.4,1,1,201027128303wd,147672010031171759,LADYFISH,,17627.574111,15,39,201027128303wd,,0,05/04/2021
2010,12,3,5,1476720100311005,7,2,03,wd,8738010101,344,0.28,1,1,201027128303wd,147672010031171759,LADYFISH,,19044.762727,13,34,201027128303wd,,0,05/04/2021
2010,12,3,5,1476720100311005,7,2,03,wd,8738010101,421,0.62,1,1,201027128303wd,147672010031171759,LADYFISH,,19044.762727,16,42,201027128303wd,,0,05/04/2021
2010,12,3,5,1476720100311008,7,2,03,wd,8835440102,475,0.86,0,0,201027128303wd,1476720100311713206,SPOTTED SEATROUT,,103.69911744,18,47,201027128303wd,,0,05/04/2021
2010,12,3,5,1476720100311008,7,2,03,wd,8835360102,251,0.26,0,0,201027128303wd,1476720100311713206,GRAY SNAPPER,,103.69911744,9,25,201027128303wd,,0,05/04/2021
2010,12,3,5,1476720100311008,7,2,03,wd,8835280901,320,0.64,0,0,201027128303wd,1476720100311713206,FLORIDA POMPANO,,103.69911744,12,32,201027128303wd,,0,05/04/2021
2010,12,3,5,1476720100311009,7,2,03,wd,,,,0,0,201027128303wd,1476720100311713206,,,103.69911744,,,201027128303wd,,0,05/04/2021
2010,12,3,5,1476720100311010,7,2,03,wd,,,,0,0,201027128303wd,1476720100311713206,,,95.982496817,,,201027128303wd,,0,05/04/2021
2010,12,3,5,1476720100311011,7,2,03,wd,,,,0,0,201027128303wd,1476720100311713206,,,103.69911744,,,201027128303wd,,0,05/04/2021
2010,12,3,5,1476720100311012,7,2,03,wd,8835430301,311,0.66,0,0,201027128303wd,1476720100311713206,SHEEPSHEAD,,103.69911744,12,31,201027128303wd,,0,05/04/2021
2010,12,3,5,1476720100311013,7,2,03,wd,,,,0,0,201027128303wd,1476720100311713206,,,103.69911744,,,201027128303wd,,0,05/04/2021
2010,12,3,3,1476720100429001,7,2,04,wd,,,,0,0,201027128304wd,147672010042921563,,,15417.607166,,,201027128304wd,,0,05/04/2021
2010,12,3,3,1476720100429004,7,2,04,wd,8738010101,299,0.2,1,1,201027128304wd,147672010042921563,LADYFISH,,15417.607166,11,29,201027128304wd,,0,05/04/2021
2010,12,3,3,1476720100429004,7,2,04,wd,8738010101,449,0.8,1,1,201027128304wd,147672010042921563,LADYFISH,,15417.607166,17,44,201027128304wd,,0,05/04/2021
2010,12,3,3,1476720100429005,7,2,04,wd,8835440102,380,0.56,0,0,201027128304wd,147672010042921563,SPOTTED SEATROUT,,14270.328112,14,38,201027128304wd,,0,05/04/2021
2010,12,3,3,1476720100429006,7,2,04,wd,8835440102,370,0.4,0,0,201027128304wd,147672010042921563,SPOTTED SEATROUT,,14270.328112,14,37,201027128304wd,,0,05/04/2021
2010,12,3,3,1476720100429007,7,2,04,wd,,,,0,0,201027128304wd,147672010042921563,,,15417.607166,,,201027128304wd,,0,05/04/2021
2010,12,3,3,1476720100429008,7,2,04,wd,,,,0,0,201027128304wd,147672010042921563,,,15417.607166,,,201027128304wd,,0,05/04/2021
2010,12,3,3,1476720100429011,7,2,04,wd,,,,0,0,201027128304wd,147672010042921563,,,15417.607166,,,201027128304wd,,0,05/04/2021
2010,12,3,3,1476720100429012,7,2,04,wd,,,,0,0,201027128304wd,147672010042921563,,,14270.328112,,,201027128304wd,,0,05/04/2021
2010,12,3,3,1476720100429013,7,2,04,wd,8835440601,251,0.18,1,1,201027128304wd,147672010042921563,SOUTHERN KINGFISH,,15417.607166,9,25,201027128304wd,,0,05/04/2021
2010,12,3,3,1476720100429013,7,2,04,wd,8835440601,259,0.18,1,1,201027128304wd,147672010042921563,SOUTHERN KINGFISH,,15417.607166,10,25,201027128304wd,,0,05/04/2021
2010,12,3,3,1476720100429013,7,2,04,wd,8835440601,273,0.2,1,1,201027128304wd,147672010042921563,SOUTHERN KINGFISH,,15417.607166,10,27,201027128304wd,,0,05/04/2021
2010,12,3,3,1476720100429013,7,2,04,wd,8835440601,285,0.24,0,0,201027128304wd,147672010042921563,SOUTHERN KINGFISH,,15417.607166,11,28,201027128304wd,,0,05/04/2021
2010,12,3,3,1476720100429014,7,2,04,wd,,,,0,0,201027128304wd,147672010042921563,,,15417.607166,,,201027128304wd,,0,05/04/2021
2010,12,3,3,1476720100429015,7,2,04,wd,,,,0,0,201027128304wd,147672010042921563,,,14270.328112,,,201027128304wd,,0,05/04/2021
2010,12,3,3,1476720100429019,7,2,04,wd,,,,0,0,201027128304wd,147672010042921563,,,14270.328112,,,201027128304wd,,0,05/04/2021
2010,12,3,5,1534920100319001,7,2,03,wd,,,,0,0,201027128303wd,153492010031933969,,,3113.0942659,,,201027128303wd,,0,05/04/2021
2010,12,3,5,1534920100319008,7,2,03,wd,,,,0,0,201027128303wd,153492010031933969,,,2881.4378354,,,201027128303wd,,0,05/04/2021
2010,12,3,5,1534920100319009,7,2,03,wd,,,,0,0,201027128303wd,153492010031933969,,,2881.4378354,,,201027128303wd,,0,05/04/2021
2010,12,3,5,1534920100319012,7,2,03,wd,8835280901,365,1.04,0,0,201027128303wd,153492010031933969,FLORIDA POMPANO,,3113.0942659,14,36,201027128303wd,,0,05/04/2021
2010,12,3,5,1534920100319013,7,2,03,wd,8835280901,342,0.8,0,0,201027128303wd,153492010031933969,FLORIDA POMPANO,,2881.4378354,13,34,201027128303wd,,0,05/04/2021
2010,12,3,3,1534920100320007,7,2,03,we,8835280901,355,1.01,0,0,201027128303we,1534920100320331578,FLORIDA POMPANO,,947.94021917,13,35,201027128303we,,0,05/04/2021
2010,12,3,3,1534920100320011,7,2,03,we,8835280901,320,0.8,1,1,201027128303we,1534920100320331578,FLORIDA POMPANO,,947.94021917,12,32,201027128303we,,0,05/04/2021
2010,12,3,5,1534920100425001,7,2,04,we,8835430301,381,1.21,0,0,201027128304we,153492010042533772,SHEEPSHEAD,,2385.5635745,14,38,201027128304we,,0,05/04/2021
2010,12,3,5,1534920100425005,7,2,04,we,,,,0,0,201027128304we,153492010042533772,,,2385.5635745,,,201027128304we,,0,05/04/2021
2010,12,3,5,1534920100425008,7,2,04,we,8835440106,339,0.44,1,1,201027128304we,153492010042533772,SAND SEATROUT,,2385.5635745,13,33,201027128304we,,0,05/04/2021
2010,12,3,5,1534920100425013,7,2,04,we,8835440702,330,0.44,1,1,201027128304we,153492010042533772,ATLANTIC CROAKER,,2385.5635745,12,33,201027128304we,,0,05/04/2021
2010,12,3,5,1534920100425013,7,2,04,we,8835440702,330,0.44,1,1,201027128304we,153492010042533772,ATLANTIC CROAKER,,2385.5635745,12,33,201027128304we,,0,05/04/2021
2010,12,3,5,1534920100425014,7,2,04,we,8835440106,291,0.41,1,1,201027128304we,153492010042533772,SAND SEATROUT,,2385.5635745,11,29,201027128304we,,0,05/04/2021
2010,12,3,5,1534920100425014,7,2,04,we,8835440106,339,0.44,1,1,201027128304we,153492010042533772,SAND SEATROUT,,2385.5635745,13,33,201027128304we,,0,05/04/2021
2010,12,3,5,1534920100425015,7,2,04,we,8835440106,291,0.41,1,1,201027128304we,153492010042533772,SAND SEATROUT,,2385.5635745,11,29,201027128304we,,0,05/04/2021
2010,12,3,5,1534920100425015,7,2,04,we,8835440106,291,0.41,1,1,201027128304we,153492010042533772,SAND SEATROUT,,2385.5635745,11,29,201027128304we,,0,05/04/2021
2010,12,3,5,1534920100425017,7,2,04,we,,,,0,0,201027128304we,153492010042533772,,,2577.353637,,,201027128304we,,0,05/04/2021
2010,12,3,5,1534920100425018,7,2,04,we,,,,0,0,201027128304we,153492010042533772,,,2385.5635745,,,201027128304we,,0,05/04/2021
2010,12,3,5,1534920100425019,7,2,04,we,,,,0,0,201027128304we,153492010042533772,,,2385.5635745,,,201027128304we,,0,05/04/2021
2010,12,3,5,1534920100425021,7,2,04,we,8835520101,209,0.37,0,0,201027128304we,153492010042533772,ATLANTIC SPADEFISH,,1192.7817872,8,20,201027128304we,,0,05/04/2021
2010,12,3,5,1534920100425021,7,2,04,we,8835520101,168,0.2,0,0,201027128304we,153492010042533772,ATLANTIC SPADEFISH,,1192.7817872,6,16,201027128304we,,0,05/04/2021
2010,12,3,5,1534920100425023,7,2,04,we,8835440801,515,2.02,1,1,201027128304we,153492010042533772,BLACK DRUM,,2385.5635745,20,51,201027128304we,,0,05/04/2021
2010,12,3,5,1534920100425023,7,2,04,we,8835440106,286,0.36,1,1,201027128304we,153492010042533772,SAND SEATROUT,,2385.5635745,11,28,201027128304we,,0,05/04/2021
2010,12,3,5,1534920100425023,7,2,04,we,8835440106,286,0.36,1,1,201027128304we,153492010042533772,SAND SEATROUT,,2385.5635745,11,28,201027128304we,,0,05/04/2021
2010,12,3,5,1534920100425024,7,2,04,we,,,,0,0,201027128304we,153492010042533772,,,2385.5635745,,,201027128304we,,0,05/04/2021
2010,12,3,5,1534920100425025,7,2,04,we,,,,0,0,201027128304we,153492010042533772,,,2385.5635745,,,201027128304we,,0,05/04/2021
2010,12,3,5,1534920100425026,7,2,04,we,,,,0,0,201027128304we,153492010042533772,,,2577.353637,,,201027128304we,,0,05/04/2021
2010,12,3,5,1534920100425029,7,2,04,we,8835520101,252,0.37,1,1,201027128304we,153492010042533772,ATLANTIC SPADEFISH,,2577.353637,9,25,201027128304we,,0,05/04/2021
2010,12,3,5,1534920100425030,7,2,04,we,,,,0,0,201027128304we,153492010042533772,,,2577.353637,,,201027128304we,,0,05/04/2021
2010,12,3,5,1535720100310002,7,2,03,wd,,,,0,0,201027128303wd,15357201003105918,,,17721.863395,,,201027128303wd,,0,05/04/2021
2010,12,3,3,1535720100320005,7,2,03,we,,,,0,0,201027128303we,153572010032053291,,,5394.0164718,,,201027128303we,,0,05/04/2021
2010,12,3,5,1535720100326002,7,2,03,wd,8835430301,372,1.28,0,0,201027128303wd,15357201003265918,SHEEPSHEAD,,4050.7116332,14,37,201027128303wd,,0,05/04/2021
2010,12,3,5,1535720100326002,7,2,03,wd,8835430301,300,0.78,0,0,201027128303wd,15357201003265918,SHEEPSHEAD,,4050.7116332,11,30,201027128303wd,,0,05/04/2021
2010,12,3,5,1535720100326002,7,2,03,wd,8835430301,338,0.99,0,0,201027128303wd,15357201003265918,SHEEPSHEAD,,4050.7116332,13,33,201027128303wd,,0,05/04/2021
2010,12,3,5,1535720100326002,7,2,03,wd,8835430301,368,1.25,0,0,201027128303wd,15357201003265918,SHEEPSHEAD,,4050.7116332,14,36,201027128303wd,,0,05/04/2021
2010,12,3,5,1535720100326005,7,2,03,wd,,,,0,0,201027128303wd,15357201003265918,,,8101.4232664,,,201027128303wd,,0,05/04/2021
2010,12,3,5,1535720100402001,7,2,04,wd,,,,0,0,201027128304wd,15357201004025918,,,10193.605055,,,201027128304wd,,0,05/04/2021
2010,12,3,3,1535720100402004,7,2,04,wd,8835430301,393,1.24,0,0,201027128304wd,15357201004025918,SHEEPSHEAD,,18237.41057,15,39,201027128304wd,,0,05/04/2021
2010,12,3,3,1535720100402005,7,2,04,wd,,,,0,0,201027128304wd,15357201004025918,,,18237.41057,,,201027128304wd,,0,05/04/2021
2010,12,3,5,1535720100402012,7,2,04,wd,8850030502,372,0.43,1,1,201027128304wd,15357201004025918,SPANISH MACKEREL,,20387.210109,14,37,201027128304wd,,0,05/04/2021
2010,12,3,5,1535720100402012,7,2,04,wd,8850030502,372,0.43,1,1,201027128304wd,15357201004025918,SPANISH MACKEREL,,20387.210109,14,37,201027128304wd,,0,05/04/2021
2010,12,3,5,1535720100402012,7,2,04,wd,8850030502,376,0.4,1,1,201027128304wd,15357201004025918,SPANISH MACKEREL,,20387.210109,14,37,201027128304wd,,0,05/04/2021
2010,12,3,5,1535720100402012,7,2,04,wd,8850030502,388,0.45,1,1,201027128304wd,15357201004025918,SPANISH MACKEREL,,20387.210109,15,38,201027128304wd,,0,05/04/2021
2010,12,3,5,1535720100402012,7,2,04,wd,8850030502,490,1,1,1,201027128304wd,15357201004025918,SPANISH MACKEREL,,20387.210109,19,49,201027128304wd,,0,05/04/2021
2010,12,3,5,1535720100402013,7,2,04,wd,,,,0,0,201027128304wd,15357201004025918,,,9435.0626013,,,201027128304wd,,0,05/04/2021
2010,12,3,5,1535720100402014,7,2,04,wd,8850030502,352,0.4,1,1,201027128304wd,15357201004025918,SPANISH MACKEREL,,10193.605055,13,35,201027128304wd,,0,05/04/2021
2010,12,3,5,1535720100402014,7,2,04,wd,8850030502,352,0.4,1,1,201027128304wd,15357201004025918,SPANISH MACKEREL,,10193.605055,13,35,201027128304wd,,0,05/04/2021
2010,12,3,5,1535720100402014,7,2,04,wd,8850030502,373,0.43,1,1,201027128304wd,15357201004025918,SPANISH MACKEREL,,10193.605055,14,37,201027128304wd,,0,05/04/2021
2010,12,3,5,1535720100402015,7,2,04,wd,,,,0,0,201027128304wd,15357201004025918,,,10193.605055,,,201027128304wd,,0,05/04/2021
2010,12,3,3,1535720100427002,7,2,04,wd,,,,0,0,201027128304wd,15357201004275657,,,2585.2720047,,,201027128304wd,,0,05/04/2021
2010,12,3,3,1535720100427005,7,2,04,wd,8835430201,128,0.08,1,1,201027128304wd,15357201004275657,PINFISH,,2585.2720047,5,12,201027128304wd,,0,05/04/2021
2010,12,3,3,1535720100427006,7,2,04,wd,,,,0,0,201027128304wd,15357201004275657,,,2585.2720047,,,201027128304wd,,0,05/04/2021
2010,12,3,3,1535720100427007,7,2,04,wd,8850030502,459,0.91,1,1,201027128304wd,15357201004275657,SPANISH MACKEREL,,2585.2720047,18,45,201027128304wd,,0,05/04/2021
2010,12,3,3,1535720100427007,7,2,04,wd,8850030502,469,0.91,1,1,201027128304wd,15357201004275657,SPANISH MACKEREL,,2585.2720047,18,46,201027128304wd,,0,05/04/2021
2010,12,3,3,1535720100427007,7,2,04,wd,8835250101,382,0.72,1,1,201027128304wd,15357201004275657,BLUEFISH,,2585.2720047,15,38,201027128304wd,,0,05/04/2021
2010,12,3,3,1535720100427008,7,2,04,wd,8850030502,444,0.66,1,1,201027128304wd,15357201004275657,SPANISH MACKEREL,,2585.2720047,17,44,201027128304wd,,0,05/04/2021
2010,12,3,3,1535720100427009,7,2,04,wd,8850030502,337,0.4,1,1,201027128304wd,15357201004275657,SPANISH MACKEREL,,2585.2720047,13,33,201027128304wd,,0,05/04/2021
2010,12,3,3,1535720100427009,7,2,04,wd,8850030502,356,0.38,1,1,201027128304wd,15357201004275657,SPANISH MACKEREL,,2585.2720047,14,35,201027128304wd,,0,05/04/2021
2010,12,3,3,1535720100427009,7,2,04,wd,8835250101,412,1,1,1,201027128304wd,15357201004275657,BLUEFISH,,2585.2720047,16,41,201027128304wd,,0,05/04/2021
2010,12,3,3,1535720100427010,7,2,04,wd,8850030502,444,0.77,0,0,201027128304wd,15357201004275657,SPANISH MACKEREL,,2392.8927083,17,44,201027128304wd,,0,05/04/2021
2010,12,3,3,1535720100427013,7,2,04,wd,,,,0,0,201027128304wd,15357201004275657,,,2585.2720047,,,201027128304wd,,0,05/04/2021
2010,12,3,3,1535720100427017,7,2,04,wd,,,,0,0,201027128304wd,15357201004275657,,,2392.8927083,,,201027128304wd,,0,05/04/2021
2010,12,3,3,1535720100427018,7,2,04,wd,8835440602,402,0.79,1,1,201027128304wd,15357201004275657,GULF KINGFISH,,2585.2720047,15,40,201027128304wd,,0,05/04/2021
2010,12,3,3,1535720100427023,7,2,04,wd,8850030502,347,0.35,1,1,201027128304wd,15357201004275657,SPANISH MACKEREL,,2392.8927083,13,34,201027128304wd,,0,05/04/2021
2010,12,3,3,1535720100427024,7,2,04,wd,8850030502,337,0.4,1,1,201027128304wd,15357201004275657,SPANISH MACKEREL,,2585.2720047,13,33,201027128304wd,,0,05/04/2021
2010,12,3,3,1535720100427024,7,2,04,wd,8850030502,347,0.35,1,1,201027128304wd,15357201004275657,SPANISH MACKEREL,,2585.2720047,13,34,201027128304wd,,0,05/04/2021
2010,12,3,3,1535720100427024,7,2,04,wd,8850030502,356,0.38,1,1,201027128304wd,15357201004275657,SPANISH MACKEREL,,2585.2720047,14,35,201027128304wd,,0,05/04/2021
2010,12,3,3,1535720100427024,7,2,04,wd,8850030502,443,0.7,1,1,201027128304wd,15357201004275657,SPANISH MACKEREL,,2585.2720047,17,44,201027128304wd,,0,05/04/2021
2010,12,3,5,1538420100313005,7,2,03,we,,,,0,0,201027128303we,153842010031321179,,,87.636192746,,,201027128303we,,0,05/04/2021
2010,12,3,5,1538420100328007,7,2,03,we,,,,0,0,201027128303we,153842010032871131,,,3084.2553309,,,201027128303we,,0,05/04/2021
2010,12,3,5,1538420100328008,7,2,03,we,,,,0,0,201027128303we,153842010032871131,,,3084.2553309,,,201027128303we,,0,05/04/2021
2010,12,3,5,1538420100328015,7,2,03,we,,,,0,0,201027128303we,153842010032871131,,,3084.2553309,,,201027128303we,,0,05/04/2021
2010,12,3,5,1538420100410001,7,2,04,we,,,,0,0,201027128304we,153842010041071578,,,1486.4189437,,,201027128304we,,0,05/04/2021
2010,12,3,5,1538420100410002,7,2,04,we,,,,0,0,201027128304we,153842010041071578,,,1486.4189437,,,201027128304we,,0,05/04/2021
2010,12,3,5,1538420100410010,7,2,04,we,,,,0,0,201027128304we,153842010041071131,,,12795.927314,,,201027128304we,,0,05/04/2021
2010,12,3,5,1538420100410012,7,2,04,we,,,,0,0,201027128304we,153842010041071131,,,12795.927314,,,201027128304we,,0,05/04/2021
2010,12,3,5,1544320100313002,7,2,03,we,8835430301,301,0.64,0,0,201027128303we,1544320100313103338,SHEEPSHEAD,,485.08221521,11,30,201027128303we,,0,05/04/2021
2010,12,3,5,1544320100313003,7,2,03,we,,,,0,0,201027128303we,1544320100313103338,,,485.08221521,,,201027128303we,,0,05/04/2021
2010,12,3,5,1544320100313004,7,2,03,we,,,,0,0,201027128303we,1544320100313103338,,,485.08221521,,,201027128303we,,0,05/04/2021
2010,12,3,5,1544320100313005,7,2,03,we,,,,0,0,201027128303we,1544320100313103338,,,485.08221521,,,201027128303we,,0,05/04/2021
2010,12,3,5,1544320100313006,7,2,03,we,8835440102,460,0.86,0,0,201027128303we,1544320100313103338,SPOTTED SEATROUT,,485.08221521,18,46,201027128303we,,0,05/04/2021
2010,12,3,5,1544320100313006,7,2,03,we,8835430301,308,0.64,0,0,201027128303we,1544320100313103338,SHEEPSHEAD,,485.08221521,12,30,201027128303we,,0,05/04/2021
2010,12,3,5,1544320100313009,7,2,03,we,,,,0,0,201027128303we,1544320100313103338,,,485.08221521,,,201027128303we,,0,05/04/2021
2010,12,3,5,1544320100313010,7,2,03,we,,,,0,0,201027128303we,1544320100313103338,,,485.08221521,,,201027128303we,,0,05/04/2021
2010,12,3,5,1544320100313011,7,2,03,we,,,,0,0,201027128303we,1544320100313103338,,,485.08221521,,,201027128303we,,0,05/04/2021
2010,12,3,5,1544320100327013,7,2,03,we,,,,0,0,201027128303we,154432010032757713,,,1846.6401411,,,201027128303we,,0,05/04/2021
2010,12,3,5,1544320100327015,7,2,03,we,,,,0,0,201027128303we,154432010032757713,,,1846.6401411,,,201027128303we,,0,05/04/2021
2010,12,3,5,1544320100327019,7,2,03,we,,,,0,0,201027128303we,154432010032757713,,,1846.6401411,,,201027128303we,,0,05/04/2021
2010,12,3,5,1544320100327020,7,2,03,we,,,,0,0,201027128303we,154432010032757713,,,1846.6401411,,,201027128303we,,0,05/04/2021
2010,12,3,5,1544320100327021,7,2,03,we,,,,0,0,201027128303we,154432010032757713,,,1846.6401411,,,201027128303we,,0,05/04/2021
2010,12,3,5,1544320100327022,7,2,03,we,,,,0,0,201027128303we,154432010032757713,,,1995.102849,,,201027128303we,,0,05/04/2021
2010,12,3,5,1544320100327023,7,2,03,we,,,,0,0,201027128303we,154432010032757713,,,1995.102849,,,201027128303we,,0,05/04/2021
2010,12,3,5,1544320100327025,7,2,03,we,,,,0,0,201027128303we,154432010032757713,,,1846.6401411,,,201027128303we,,0,05/04/2021
2010,12,3,5,1544320100327026,7,2,03,we,,,,0,0,201027128303we,154432010032757713,,,1846.6401411,,,201027128303we,,0,05/04/2021
2010,12,3,5,1544320100327027,7,2,03,we,8835440102,429,0.79,1,1,201027128303we,154432010032757713,SPOTTED SEATROUT,,1995.102849,16,42,201027128303we,,0,05/04/2021
2010,12,3,5,1544320100327028,7,2,03,we,,,,0,0,201027128303we,154432010032757713,,,1995.102849,,,201027128303we,,0,05/04/2021
2010,12,3,5,1544320100327029,7,2,03,we,,,,0,0,201027128303we,154432010032757713,,,1995.102849,,,201027128303we,,0,05/04/2021
2010,12,3,5,1544320100328001,7,2,03,we,,,,0,0,201027128303we,1544320100328103742,,,3627.9504701,,,201027128303we,,0,05/04/2021
2010,12,3,5,1544320100328002,7,2,03,we,8835430201,128,0.08,1,1,201027128303we,1544320100328103742,PINFISH,,3627.9504701,5,12,201027128303we,,0,05/04/2021
2010,12,3,5,1544320100328005,7,2,03,we,8835400201,240,0.23,1,1,201027128303we,1544320100328103742,PIGFISH,,3627.9504701,9,24,201027128303we,,0,05/04/2021
2010,12,3,5,1544320100415001,7,2,04,wd,,,,0,0,201027128304wd,1544320100415103742,,,3772.8974849,,,201027128304wd,,0,05/04/2021
2010,12,3,5,1544320100415002,7,2,04,wd,,,,0,0,201027128304wd,1544320100415103742,,,3772.8974849,,,201027128304wd,,0,05/04/2021
2010,12,3,5,1544320100415003,7,2,04,wd,8835430201,140,0.08,1,1,201027128304wd,1544320100415103742,PINFISH,,3772.8974849,5,14,201027128304wd,,0,05/04/2021
2010,12,3,5,1544320100415003,7,2,04,wd,8835430201,140,0.08,1,1,201027128304wd,1544320100415103742,PINFISH,,3772.8974849,5,14,201027128304wd,,0,05/04/2021
2010,12,3,5,1544320100415003,7,2,04,wd,8835430201,128,0.08,1,1,201027128304wd,1544320100415103742,PINFISH,,3772.8974849,5,12,201027128304wd,,0,05/04/2021
2010,12,3,5,1544320100415003,7,2,04,wd,8835430201,140,0.08,1,1,201027128304wd,1544320100415103742,PINFISH,,3772.8974849,5,14,201027128304wd,,0,05/04/2021
2010,12,3,5,1544320100415005,7,2,04,wd,,,,0,0,201027128304wd,1544320100415103742,,,3772.8974849,,,201027128304wd,,0,05/04/2021
2010,12,3,5,1544320100415007,7,2,04,wd,8747010804,139,0.06,1,1,201027128304wd,1544320100415103742,SCALED SARDINE,,9054.9539638,5,13,201027128304wd,,0,05/04/2021
2010,12,3,5,1544320100415007,7,2,04,wd,8747010804,139,0.06,1,1,201027128304wd,1544320100415103742,SCALED SARDINE,,9054.9539638,5,13,201027128304wd,,0,05/04/2021
2010,12,3,5,1544320100415007,7,2,04,wd,8747010804,140,0.06,1,1,201027128304wd,1544320100415103742,SCALED SARDINE,,9054.9539638,5,14,201027128304wd,,0,05/04/2021
2010,12,3,5,1544320100415007,7,2,04,wd,8747010804,140,0.06,1,1,201027128304wd,1544320100415103742,SCALED SARDINE,,9054.9539638,5,14,201027128304wd,,0,05/04/2021
2010,12,3,5,1544320100415007,7,2,04,wd,8747010804,151,0.06,1,1,201027128304wd,1544320100415103742,SCALED SARDINE,,9054.9539638,5,15,201027128304wd,,0,05/04/2021
2010,12,3,5,1544320100415008,7,2,04,wd,,,,0,0,201027128304wd,1544320100415103742,,,3772.8974849,,,201027128304wd,,0,05/04/2021
2010,12,3,5,1544320100415009,7,2,04,wd,8835430201,140,0.08,1,1,201027128304wd,1544320100415103742,PINFISH,,3772.8974849,5,14,201027128304wd,,0,05/04/2021
2010,12,3,5,1544320100415009,7,2,04,wd,8835430201,140,0.08,1,1,201027128304wd,1544320100415103742,PINFISH,,3772.8974849,5,14,201027128304wd,,0,05/04/2021
2010,12,3,5,1544320100415009,7,2,04,wd,8835430201,140,0.08,1,1,201027128304wd,1544320100415103742,PINFISH,,3772.8974849,5,14,201027128304wd,,0,05/04/2021
2010,12,3,5,1544320100415011,7,2,04,wd,,,,0,0,201027128304wd,1544320100415103742,,,3772.8974849,,,201027128304wd,,0,05/04/2021
2010,12,3,5,1544320100418001,7,2,04,we,8747010804,140,0.06,1,1,201027128304we,1544320100418103769,SCALED SARDINE,,8840.7995859,5,14,201027128304we,,0,05/04/2021
2010,12,3,5,1544320100418001,7,2,04,we,8747010804,140,0.06,1,1,201027128304we,1544320100418103769,SCALED SARDINE,,8840.7995859,5,14,201027128304we,,0,05/04/2021
2010,12,3,5,1544320100418001,7,2,04,we,8747010804,140,0.06,1,1,201027128304we,1544320100418103769,SCALED SARDINE,,8840.7995859,5,14,201027128304we,,0,05/04/2021
2010,12,3,5,1544320100418001,7,2,04,we,8747010804,140,0.06,1,1,201027128304we,1544320100418103769,SCALED SARDINE,,8840.7995859,5,14,201027128304we,,0,05/04/2021
2010,12,3,5,1544320100418001,7,2,04,we,8747010804,151,0.06,1,1,201027128304we,1544320100418103769,SCALED SARDINE,,8840.7995859,5,15,201027128304we,,0,05/04/2021
2010,12,3,5,1544320100418003,7,2,04,we,8835280501,204,0.1,1,1,201027128304we,1544320100418103769,LEATHERJACK,,1841.8332471,8,20,201027128304we,,0,05/04/2021
2010,12,3,5,1544320100418003,7,2,04,we,8835280306,245,0.25,1,1,201027128304we,1544320100418103769,BLUE RUNNER,,1841.8332471,9,24,201027128304we,,0,05/04/2021
2010,12,3,5,1544320100418003,7,2,04,we,8835280306,245,0.25,1,1,201027128304we,1544320100418103769,BLUE RUNNER,,1841.8332471,9,24,201027128304we,,0,05/04/2021
2010,12,3,5,1544320100418003,7,2,04,we,8747010804,139,0.06,1,1,201027128304we,1544320100418103769,SCALED SARDINE,,7367.3329883,5,13,201027128304we,,0,05/04/2021
2010,12,3,5,1544320100418003,7,2,04,we,8747010804,140,0.06,1,1,201027128304we,1544320100418103769,SCALED SARDINE,,7367.3329883,5,14,201027128304we,,0,05/04/2021
2010,12,3,5,1544320100418003,7,2,04,we,8747010804,140,0.06,1,1,201027128304we,1544320100418103769,SCALED SARDINE,,7367.3329883,5,14,201027128304we,,0,05/04/2021
2010,12,3,5,1544320100418003,7,2,04,we,8747010804,151,0.06,1,1,201027128304we,1544320100418103769,SCALED SARDINE,,7367.3329883,5,15,201027128304we,,0,05/04/2021
2010,12,3,5,1544320100418003,7,2,04,we,8747010804,151,0.06,1,1,201027128304we,1544320100418103769,SCALED SARDINE,,7367.3329883,5,15,201027128304we,,0,05/04/2021
2010,12,3,5,1544320100418004,7,2,04,we,8850030502,397,0.45,1,1,201027128304we,1544320100418103769,SPANISH MACKEREL,,1841.8332471,15,39,201027128304we,,0,05/04/2021
2010,12,3,5,1544320100418004,7,2,04,we,8835280501,204,0.1,1,1,201027128304we,1544320100418103769,LEATHERJACK,,1841.8332471,8,20,201027128304we,,0,05/04/2021
2010,12,3,5,1544320100418005,7,2,04,we,8747010804,139,0.06,1,1,201027128304we,1544320100418103769,SCALED SARDINE,,7367.3329883,5,13,201027128304we,,0,05/04/2021
2010,12,3,5,1544320100418005,7,2,04,we,8747010804,140,0.06,1,1,201027128304we,1544320100418103769,SCALED SARDINE,,7367.3329883,5,14,201027128304we,,0,05/04/2021
2010,12,3,5,1544320100418005,7,2,04,we,8747010804,150,0.06,1,1,201027128304we,1544320100418103769,SCALED SARDINE,,7367.3329883,5,15,201027128304we,,0,05/04/2021
2010,12,3,5,1544320100418005,7,2,04,we,8747010804,150,0.06,1,1,201027128304we,1544320100418103769,SCALED SARDINE,,7367.3329883,5,15,201027128304we,,0,05/04/2021
2010,12,3,5,1544320100418005,7,2,04,we,8747010804,151,0.06,1,1,201027128304we,1544320100418103769,SCALED SARDINE,,7367.3329883,5,15,201027128304we,,0,05/04/2021
2010,12,3,5,1544320100418006,7,2,04,we,,,,0,0,201027128304we,1544320100418103769,,,1841.8332471,,,201027128304we,,0,05/04/2021
2010,12,3,5,1544320100418007,7,2,04,we,,,,0,0,201027128304we,1544320100418103769,,,1841.8332471,,,201027128304we,,0,05/04/2021
2010,12,3,5,1544320100418008,7,2,04,we,,,,0,0,201027128304we,1544320100418103769,,,1841.8332471,,,201027128304we,,0,05/04/2021
2010,12,3,5,1544320100418009,7,2,04,we,,,,0,0,201027128304we,1544320100418103769,,,1841.8332471,,,201027128304we,,0,05/04/2021
2010,12,3,5,1544320100418010,7,2,04,we,8835430201,140,0.08,1,1,201027128304we,1544320100418103769,PINFISH,,3683.6664941,5,14,201027128304we,,0,05/04/2021
2010,12,3,5,1544320100418010,7,2,04,we,8835430201,140,0.08,1,1,201027128304we,1544320100418103769,PINFISH,,3683.6664941,5,14,201027128304we,,0,05/04/2021
2010,12,3,5,1544320100418010,7,2,04,we,8835430201,140,0.08,1,1,201027128304we,1544320100418103769,PINFISH,,3683.6664941,5,14,201027128304we,,0,05/04/2021
2010,12,3,5,1544320100418010,7,2,04,we,8835430201,140,0.08,1,1,201027128304we,1544320100418103769,PINFISH,,3683.6664941,5,14,201027128304we,,0,05/04/2021
2010,12,3,5,1544320100418010,7,2,04,we,8835430201,140,0.08,1,1,201027128304we,1544320100418103769,PINFISH,,3683.6664941,5,14,201027128304we,,0,05/04/2021
2010,12,3,5,1544320100418015,7,2,04,we,,,,0,0,201027128304we,1544320100418103769,,,1989.9094993,,,201027128304we,,0,05/04/2021
2010,12,3,5,1544320100418017,7,2,04,we,,,,0,0,201027128304we,1544320100418103769,,,1989.9094993,,,201027128304we,,0,05/04/2021
2010,12,3,5,1544320100418018,7,2,04,we,8713070301,,,0,0,201027128304we,1544320100418103769,COWNOSE RAY,,3683.6664941,,,201027128304we,,0,05/04/2021
2010,12,3,5,1544320100418019,7,2,04,we,8835430201,140,0.08,1,1,201027128304we,1544320100418103769,PINFISH,,1841.8332471,5,14,201027128304we,,0,05/04/2021
2010,12,3,5,1544320100418019,7,2,04,we,8835430201,140,0.08,1,1,201027128304we,1544320100418103769,PINFISH,,1841.8332471,5,14,201027128304we,,0,05/04/2021
2010,12,3,5,1544320100418019,7,2,04,we,8738010101,320,0.25,1,1,201027128304we,1544320100418103769,LADYFISH,,1841.8332471,12,32,201027128304we,,0,05/04/2021
2010,12,3,5,1544320100418020,7,2,04,we,8835430201,140,0.08,1,1,201027128304we,1544320100418103769,PINFISH,,2210.1998965,5,14,201027128304we,,0,05/04/2021
2010,12,3,5,1544320100418020,7,2,04,we,8835430201,140,0.08,1,1,201027128304we,1544320100418103769,PINFISH,,2210.1998965,5,14,201027128304we,,0,05/04/2021
2010,12,3,5,1544320100418020,7,2,04,we,8835430201,140,0.08,1,1,201027128304we,1544320100418103769,PINFISH,,2210.1998965,5,14,201027128304we,,0,05/04/2021
2010,12,3,5,1544320100418020,7,2,04,we,8835430201,140,0.08,1,1,201027128304we,1544320100418103769,PINFISH,,2210.1998965,5,14,201027128304we,,0,05/04/2021
2010,12,3,5,1544320100418020,7,2,04,we,8835430201,140,0.08,1,1,201027128304we,1544320100418103769,PINFISH,,2210.1998965,5,14,201027128304we,,0,05/04/2021
2010,12,3,5,1544320100418020,7,2,04,we,8747010701,73,0.0065837538,1,1,201027128304we,1544320100418103769,ATLANTIC THREAD HERRING,,2210.1998965,2,7,201027128304we,,0,05/04/2021
2010,12,3,5,1544320100418020,7,2,04,we,8747010701,77,0.0077771114,1,1,201027128304we,1544320100418103769,ATLANTIC THREAD HERRING,,2210.1998965,3,7,201027128304we,,0,05/04/2021
2010,12,3,5,1544320100418020,7,2,04,we,8747010701,78,0.0080968702,1,1,201027128304we,1544320100418103769,ATLANTIC THREAD HERRING,,2210.1998965,3,7,201027128304we,,0,05/04/2021
2010,12,3,5,1544320100418020,7,2,04,we,8747010701,82,0.009465388,1,1,201027128304we,1544320100418103769,ATLANTIC THREAD HERRING,,2210.1998965,3,8,201027128304we,,0,05/04/2021
2010,12,3,5,1544320100418020,7,2,04,we,8747010701,89,0.0122244604,1,1,201027128304we,1544320100418103769,ATLANTIC THREAD HERRING,,2210.1998965,3,8,201027128304we,,0,05/04/2021
2010,12,3,5,1544320100418021,7,2,04,we,8835430201,140,0.08,1,1,201027128304we,1544320100418103769,PINFISH,,1841.8332471,5,14,201027128304we,,0,05/04/2021
2010,12,3,5,1544320100418021,7,2,04,we,8835430201,140,0.08,1,1,201027128304we,1544320100418103769,PINFISH,,1841.8332471,5,14,201027128304we,,0,05/04/2021
2010,12,3,5,1544320100418021,7,2,04,we,8835430201,140,0.08,1,1,201027128304we,1544320100418103769,PINFISH,,1841.8332471,5,14,201027128304we,,0,05/04/2021
2010,12,3,5,1544320100418022,7,2,04,we,8850030502,343,0.33,1,1,201027128304we,1544320100418103769,SPANISH MACKEREL,,1841.8332471,13,34,201027128304we,,0,05/04/2021
2010,12,3,5,1544320100418022,7,2,04,we,8850030502,393,0.48,1,1,201027128304we,1544320100418103769,SPANISH MACKEREL,,1841.8332471,15,39,201027128304we,,0,05/04/2021
2010,12,3,5,1544320100418022,7,2,04,we,8835430201,140,0.08,1,1,201027128304we,1544320100418103769,PINFISH,,2946.9331953,5,14,201027128304we,,0,05/04/2021
2010,12,3,5,1544320100418022,7,2,04,we,8835430201,140,0.08,1,1,201027128304we,1544320100418103769,PINFISH,,2946.9331953,5,14,201027128304we,,0,05/04/2021
2010,12,3,5,1544320100418022,7,2,04,we,8835430201,140,0.08,1,1,201027128304we,1544320100418103769,PINFISH,,2946.9331953,5,14,201027128304we,,0,05/04/2021
2010,12,3,5,1544320100418022,7,2,04,we,8835430201,140,0.08,1,1,201027128304we,1544320100418103769,PINFISH,,2946.9331953,5,14,201027128304we,,0,05/04/2021
2010,12,3,5,1544320100418022,7,2,04,we,8835430201,140,0.08,1,1,201027128304we,1544320100418103769,PINFISH,,2946.9331953,5,14,201027128304we,,0,05/04/2021
2010,12,3,5,1544320100418023,7,2,04,we,8850030502,347,0.31,1,1,201027128304we,1544320100418103769,SPANISH MACKEREL,,1841.8332471,13,34,201027128304we,,0,05/04/2021
2010,12,3,5,1544320100418023,7,2,04,we,8850030502,393,0.48,1,1,201027128304we,1544320100418103769,SPANISH MACKEREL,,1841.8332471,15,39,201027128304we,,0,05/04/2021
2010,12,3,5,1544320100418023,7,2,04,we,8835430201,140,0.08,1,1,201027128304we,1544320100418103769,PINFISH,,2946.9331953,5,14,201027128304we,,0,05/04/2021
2010,12,3,5,1544320100418023,7,2,04,we,8835430201,140,0.08,1,1,201027128304we,1544320100418103769,PINFISH,,2946.9331953,5,14,201027128304we,,0,05/04/2021
2010,12,3,5,1544320100418023,7,2,04,we,8835430201,140,0.08,1,1,201027128304we,1544320100418103769,PINFISH,,2946.9331953,5,14,201027128304we,,0,05/04/2021
2010,12,3,5,1544320100418023,7,2,04,we,8835430201,140,0.08,1,1,201027128304we,1544320100418103769,PINFISH,,2946.9331953,5,14,201027128304we,,0,05/04/2021
2010,12,3,5,1544320100418023,7,2,04,we,8835430201,140,0.08,1,1,201027128304we,1544320100418103769,PINFISH,,2946.9331953,5,14,201027128304we,,0,05/04/2021
2010,12,3,5,1544320100418024,7,2,04,we,8850030502,347,0.31,1,1,201027128304we,1544320100418103769,SPANISH MACKEREL,,1841.8332471,13,34,201027128304we,,0,05/04/2021
2010,12,3,5,1544320100418024,7,2,04,we,8850030502,451,0.77,1,1,201027128304we,1544320100418103769,SPANISH MACKEREL,,1841.8332471,17,45,201027128304we,,0,05/04/2021
2010,12,3,5,1544320100418024,7,2,04,we,8835280306,245,0.25,1,1,201027128304we,1544320100418103769,BLUE RUNNER,,1841.8332471,9,24,201027128304we,,0,05/04/2021
2010,12,3,5,1544320100418024,7,2,04,we,8835280306,217,0.2,1,1,201027128304we,1544320100418103769,BLUE RUNNER,,1841.8332471,8,21,201027128304we,,0,05/04/2021
2010,12,3,5,1544320100418024,7,2,04,we,8835280306,245,0.25,1,1,201027128304we,1544320100418103769,BLUE RUNNER,,1841.8332471,9,24,201027128304we,,0,05/04/2021
2010,12,3,5,1544320100418024,7,2,04,we,8747010701,67,0.0050368795,1,1,201027128304we,1544320100418103769,ATLANTIC THREAD HERRING,,2946.9331953,2,6,201027128304we,,0,05/04/2021
2010,12,3,5,1544320100418024,7,2,04,we,8747010701,77,0.0077771114,1,1,201027128304we,1544320100418103769,ATLANTIC THREAD HERRING,,2946.9331953,3,7,201027128304we,,0,05/04/2021
2010,12,3,5,1544320100418024,7,2,04,we,8747010701,77,0.0077771114,1,1,201027128304we,1544320100418103769,ATLANTIC THREAD HERRING,,2946.9331953,3,7,201027128304we,,0,05/04/2021
2010,12,3,5,1544320100418024,7,2,04,we,8747010701,77,0.0077771114,1,1,201027128304we,1544320100418103769,ATLANTIC THREAD HERRING,,2946.9331953,3,7,201027128304we,,0,05/04/2021
2010,12,3,5,1544320100418024,7,2,04,we,8747010701,82,0.009465388,1,1,201027128304we,1544320100418103769,ATLANTIC THREAD HERRING,,2946.9331953,3,8,201027128304we,,0,05/04/2021
2010,12,3,5,1544320100418025,7,2,04,we,8835430201,140,0.08,1,1,201027128304we,1544320100418103769,PINFISH,,1841.8332471,5,14,201027128304we,,0,05/04/2021
2010,12,3,5,1544320100418025,7,2,04,we,8835430201,140,0.08,1,1,201027128304we,1544320100418103769,PINFISH,,1841.8332471,5,14,201027128304we,,0,05/04/2021
2010,12,3,5,1544320100418026,7,2,04,we,,,,0,0,201027128304we,1544320100418103769,,,1841.8332471,,,201027128304we,,0,05/04/2021
2010,12,3,5,1544320100418027,7,2,04,we,8835430201,140,0.08,1,1,201027128304we,1544320100418103769,PINFISH,,1841.8332471,5,14,201027128304we,,0,05/04/2021
2010,12,3,5,1544320100418027,7,2,04,we,8835430201,140,0.08,1,1,201027128304we,1544320100418103769,PINFISH,,1841.8332471,5,14,201027128304we,,0,05/04/2021
2010,12,3,5,1544320100418028,7,2,04,we,,,,0,0,201027128304we,1544320100418103769,,,1841.8332471,,,201027128304we,,0,05/04/2021
2010,12,3,3,1544420100313017,7,2,03,we,8835430301,283,0.78,0,0,201027128303we,154442010031381632,SHEEPSHEAD,,1747.7274415,11,28,201027128303we,,0,05/04/2021
2010,12,3,3,1544420100313018,7,2,03,we,,,,0,0,201027128303we,154442010031381632,,,1747.7274415,,,201027128303we,,0,05/04/2021
2010,12,3,3,1544420100313021,7,2,03,we,8835430201,128,0.08,1,1,201027128303we,154442010031381632,PINFISH,,1888.2379518,5,12,201027128303we,,0,05/04/2021
2010,12,3,3,1544420100313021,7,2,03,we,8835430201,128,0.08,1,1,201027128303we,154442010031381632,PINFISH,,1888.2379518,5,12,201027128303we,,0,05/04/2021
2010,12,3,3,1544420100313021,7,2,03,we,8835430201,128,0.08,1,1,201027128303we,154442010031381632,PINFISH,,1888.2379518,5,12,201027128303we,,0,05/04/2021
2010,12,3,3,1544420100313021,7,2,03,we,8835430201,128,0.08,1,1,201027128303we,154442010031381632,PINFISH,,1888.2379518,5,12,201027128303we,,0,05/04/2021
2010,12,3,3,1544420100313028,7,2,03,we,8835430301,302,0.66,0,0,201027128303we,154442010031381632,SHEEPSHEAD,,1747.7274415,11,30,201027128303we,,0,05/04/2021
2010,12,3,3,1544420100313029,7,2,03,we,8835430301,280,0.56,0,0,201027128303we,154442010031381632,SHEEPSHEAD,,1747.7274415,11,28,201027128303we,,0,05/04/2021
2010,12,3,3,1544420100313030,7,2,03,we,8835440602,402,0.79,1,1,201027128303we,154442010031381632,GULF KINGFISH,,1747.7274415,15,40,201027128303we,,0,05/04/2021
2010,12,3,3,1544420100313031,7,2,03,we,,,,0,0,201027128303we,154442010031381632,,,1747.7274415,,,201027128303we,,0,05/04/2021
2010,12,3,3,1544420100313032,7,2,03,we,,,,0,0,201027128303we,154442010031381632,,,1888.2379518,,,201027128303we,,0,05/04/2021
2010,12,3,3,1544420100324003,7,2,03,wd,,,,0,0,201027128303wd,1544420100324103615,,,11013.116594,,,201027128303wd,,0,05/04/2021
2010,12,3,3,1544420100324004,7,2,03,wd,,,,0,0,201027128303wd,1544420100324103615,,,11013.116594,,,201027128303wd,,0,05/04/2021
2010,12,3,3,1544420100324007,7,2,03,wd,8835440801,495,1.77,1,1,201027128303wd,1544420100324103615,BLACK DRUM,,11013.116594,19,49,201027128303wd,,0,05/04/2021
2010,12,3,3,1544420100324008,7,2,03,wd,,,,0,0,201027128303wd,1544420100324103615,,,11013.116594,,,201027128303wd,,0,05/04/2021
2010,12,3,3,1544420100324009,7,2,03,wd,,,,0,0,201027128303wd,1544420100324103615,,,11013.116594,,,201027128303wd,,0,05/04/2021
2010,12,3,3,1544420100324010,7,2,03,wd,8835440801,515,2.02,0,0,201027128303wd,1544420100324103615,BLACK DRUM,,11013.116594,20,51,201027128303wd,,0,05/04/2021
2010,12,3,3,1544420100324011,7,2,03,wd,,,,0,0,201027128303wd,1544420100324103615,,,11013.116594,,,201027128303wd,,0,05/04/2021
2010,12,3,3,1544420100324012,7,2,03,wd,,,,0,0,201027128303wd,1544420100324103615,,,11013.116594,,,201027128303wd,,0,05/04/2021
2010,12,3,3,1544420100324013,7,2,03,wd,,,,0,0,201027128303wd,1544420100324103615,,,11013.116594,,,201027128303wd,,0,05/04/2021
2010,12,3,3,1544420100324016,7,2,03,wd,,,,0,0,201027128303wd,1544420100324103615,,,11013.116594,,,201027128303wd,,0,05/04/2021
2010,12,3,3,1544420100324017,7,2,03,wd,,,,0,0,201027128303wd,1544420100324103615,,,11013.116594,,,201027128303wd,,0,05/04/2021
2010,12,3,3,1544420100324018,7,2,03,wd,8857030302,339,0.44,1,1,201027128303wd,1544420100324103615,GULF FLOUNDER,,10193.591368,13,33,201027128303wd,,0,05/04/2021
2010,12,3,3,1544420100324018,7,2,03,wd,8835440801,432,1.29,1,1,201027128303wd,1544420100324103615,BLACK DRUM,,10193.591368,17,43,201027128303wd,,0,05/04/2021
2010,12,3,3,1544420100324018,7,2,03,wd,8835440801,495,1.77,1,1,201027128303wd,1544420100324103615,BLACK DRUM,,10193.591368,19,49,201027128303wd,,0,05/04/2021
2010,12,3,3,1544420100324018,7,2,03,wd,8835440801,515,2.02,1,1,201027128303wd,1544420100324103615,BLACK DRUM,,10193.591368,20,51,201027128303wd,,0,05/04/2021
2010,12,3,3,1544420100324018,7,2,03,wd,8835440602,334,0.38,1,1,201027128303wd,1544420100324103615,GULF KINGFISH,,10193.591368,13,33,201027128303wd,,0,05/04/2021
2010,12,3,3,1544420100324018,7,2,03,wd,8835440602,334,0.38,1,1,201027128303wd,1544420100324103615,GULF KINGFISH,,10193.591368,13,33,201027128303wd,,0,05/04/2021
2010,12,3,3,1544420100324018,7,2,03,wd,8835440602,334,0.38,1,1,201027128303wd,1544420100324103615,GULF KINGFISH,,10193.591368,13,33,201027128303wd,,0,05/04/2021
2010,12,3,3,1544420100324019,7,2,03,wd,8835440102,555,0.91,1,1,201027128303wd,1544420100324103615,SPOTTED SEATROUT,,10193.591368,21,55,201027128303wd,,0,05/04/2021
2010,12,3,3,1544420100324020,7,2,03,wd,,,,0,0,201027128303wd,1544420100324103615,,,10193.591368,,,201027128303wd,,0,05/04/2021
2010,12,3,3,1544420100324021,7,2,03,wd,,,,0,0,201027128303wd,1544420100324103615,,,10193.591368,,,201027128303wd,,0,05/04/2021
2010,12,3,3,1544420100324022,7,2,03,wd,8850030502,448,0.7,0,0,201027128303wd,1544420100324103615,SPANISH MACKEREL,,11013.116594,17,44,201027128303wd,,0,05/04/2021
2010,12,3,3,1544420100324023,7,2,03,wd,,,,0,0,201027128303wd,1544420100324103615,,,11013.116594,,,201027128303wd,,0,05/04/2021
2010,12,3,3,1544420100324024,7,2,03,wd,,,,0,0,201027128303wd,1544420100324103615,,,11013.116594,,,201027128303wd,,0,05/04/2021
2010,12,3,3,1544420100324025,7,2,03,wd,,,,0,0,201027128303wd,1544420100324103615,,,11013.116594,,,201027128303wd,,0,05/04/2021
2010,12,3,3,1544420100324027,7,2,03,wd,,,,0,0,201027128303wd,1544420100324103615,,,11013.116594,,,201027128303wd,,0,05/04/2021
2010,12,3,3,1544420100324028,7,2,03,wd,,,,0,0,201027128303wd,1544420100324103615,,,11013.116594,,,201027128303wd,,0,05/04/2021
2010,12,3,3,1544420100324029,7,2,03,wd,,,,0,0,201027128303wd,1544420100324103615,,,11013.116594,,,201027128303wd,,0,05/04/2021
2010,12,3,3,1544420100324030,7,2,03,wd,,,,0,0,201027128303wd,1544420100324103615,,,11013.116594,,,201027128303wd,,0,05/04/2021
2010,12,3,3,1544420100331002,7,2,03,wd,,,,0,0,201027128303wd,1544420100331115605,,,7443.4160604,,,201027128303wd,,0,05/04/2021
2010,12,3,3,1544420100331005,7,2,03,wd,8835430301,283,0.78,1,1,201027128303wd,1544420100331115605,SHEEPSHEAD,,6889.5249641,11,28,201027128303wd,,0,05/04/2021
2010,12,3,3,1544420100331005,7,2,03,wd,8835430301,393,1.24,1,1,201027128303wd,1544420100331115605,SHEEPSHEAD,,6889.5249641,15,39,201027128303wd,,0,05/04/2021
2010,12,3,3,1544420100331006,7,2,03,wd,,,,0,0,201027128303wd,1544420100331115605,,,7443.4160604,,,201027128303wd,,0,05/04/2021
2010,12,3,3,1544420100331011,7,2,03,wd,,,,0,0,201027128303wd,1544420100331115605,,,7443.4160604,,,201027128303wd,,0,05/04/2021
2010,12,3,3,1544420100331012,7,2,03,wd,8835430301,280,0.56,1,1,201027128303wd,1544420100331115605,SHEEPSHEAD,,22330.248181,11,28,201027128303wd,,0,05/04/2021
2010,12,3,3,1544420100331012,7,2,03,wd,8835430301,283,0.78,1,1,201027128303wd,1544420100331115605,SHEEPSHEAD,,22330.248181,11,28,201027128303wd,,0,05/04/2021
2010,12,3,3,1544420100331012,7,2,03,wd,8835430301,302,0.66,1,1,201027128303wd,1544420100331115605,SHEEPSHEAD,,22330.248181,11,30,201027128303wd,,0,05/04/2021
2010,12,3,3,1544420100331012,7,2,03,wd,8835430301,356,0.98,1,1,201027128303wd,1544420100331115605,SHEEPSHEAD,,22330.248181,14,35,201027128303wd,,0,05/04/2021
2010,12,3,3,1544420100331012,7,2,03,wd,8835430301,357,0.92,1,1,201027128303wd,1544420100331115605,SHEEPSHEAD,,22330.248181,14,35,201027128303wd,,0,05/04/2021
2010,12,3,3,1544420100331013,7,2,03,wd,,,,0,0,201027128303wd,1544420100331115605,,,7443.4160604,,,201027128303wd,,0,05/04/2021
2010,12,3,3,1544420100331020,7,2,03,wd,,,,0,0,201027128303wd,1544420100331115605,,,7443.4160604,,,201027128303wd,,0,05/04/2021
2010,12,3,3,1544420100331021,7,2,03,wd,8835430301,302,0.78,1,1,201027128303wd,1544420100331115605,SHEEPSHEAD,,10420.782484,11,30,201027128303wd,,0,05/04/2021
2010,12,3,3,1544420100331021,7,2,03,wd,8835430301,302,0.78,1,1,201027128303wd,1544420100331115605,SHEEPSHEAD,,10420.782484,11,30,201027128303wd,,0,05/04/2021
2010,12,3,3,1544420100331021,7,2,03,wd,8835430301,311,0.74,1,1,201027128303wd,1544420100331115605,SHEEPSHEAD,,10420.782484,12,31,201027128303wd,,0,05/04/2021
2010,12,3,3,1544420100331021,7,2,03,wd,8835430301,321,0.78,1,1,201027128303wd,1544420100331115605,SHEEPSHEAD,,10420.782484,12,32,201027128303wd,,0,05/04/2021
2010,12,3,3,1544420100331021,7,2,03,wd,8835430301,374,1.66,1,1,201027128303wd,1544420100331115605,SHEEPSHEAD,,10420.782484,14,37,201027128303wd,,0,05/04/2021
2010,12,3,3,1544420100331022,7,2,03,wd,8835430301,302,0.78,0,0,201027128303wd,1544420100331115605,SHEEPSHEAD,,3721.7080302,11,30,201027128303wd,,0,05/04/2021
2010,12,3,3,1544420100331022,7,2,03,wd,8835430301,356,0.98,0,0,201027128303wd,1544420100331115605,SHEEPSHEAD,,3721.7080302,14,35,201027128303wd,,0,05/04/2021
2010,12,3,3,1544420100331022,7,2,03,wd,8835430301,357,0.92,0,0,201027128303wd,1544420100331115605,SHEEPSHEAD,,3721.7080302,14,35,201027128303wd,,0,05/04/2021
2010,12,3,3,1544420100331023,7,2,03,wd,,,,0,0,201027128303wd,1544420100331115605,,,6889.5249641,,,201027128303wd,,0,05/04/2021
2010,12,3,3,1544420100331026,7,2,03,wd,8835430301,261,0.5,1,1,201027128303wd,1544420100331115605,SHEEPSHEAD,,6889.5249641,10,26,201027128303wd,,0,05/04/2021
2010,12,3,3,1544420100331026,7,2,03,wd,8835430301,274,0.52,1,1,201027128303wd,1544420100331115605,SHEEPSHEAD,,6889.5249641,10,27,201027128303wd,,0,05/04/2021
2010,12,3,3,1544420100331026,7,2,03,wd,8835430301,277,0.53,1,1,201027128303wd,1544420100331115605,SHEEPSHEAD,,6889.5249641,10,27,201027128303wd,,0,05/04/2021
2010,12,3,3,1544420100331026,7,2,03,wd,8835430301,277,0.53,1,1,201027128303wd,1544420100331115605,SHEEPSHEAD,,6889.5249641,10,27,201027128303wd,,0,05/04/2021
2010,12,3,3,1544420100331026,7,2,03,wd,8835430301,311,0.74,1,1,201027128303wd,1544420100331115605,SHEEPSHEAD,,6889.5249641,12,31,201027128303wd,,0,05/04/2021
2010,12,3,3,1544420100331027,7,2,03,wd,,,,0,0,201027128303wd,1544420100331115605,,,6889.5249641,,,201027128303wd,,0,05/04/2021
2010,12,3,3,1544420100331029,7,2,03,wd,,,,0,0,201027128303wd,1544420100331115605,,,6889.5249641,,,201027128303wd,,0,05/04/2021
2010,12,3,3,1544420100407002,7,2,04,wd,,,,0,0,201027128304wd,1544420100407103712,,,5419.9263541,,,201027128304wd,,0,05/04/2021
2010,12,3,3,1544420100407006,7,2,04,wd,,,,0,0,201027128304wd,1544420100407103712,,,5419.9263541,,,201027128304wd,,0,05/04/2021
2010,12,3,3,1544420100407013,7,2,04,wd,,,,0,0,201027128304wd,1544420100407103712,,,5419.9263541,,,201027128304wd,,0,05/04/2021
2010,12,3,3,1544420100407014,7,2,04,wd,,,,0,0,201027128304wd,1544420100407103712,,,5419.9263541,,,201027128304wd,,0,05/04/2021
2010,12,3,3,1544420100407017,7,2,04,wd,,,,0,0,201027128304wd,1544420100407103712,,,5419.9263541,,,201027128304wd,,0,05/04/2021
2010,12,3,3,1544420100407019,7,2,04,wd,,,,0,0,201027128304wd,1544420100407103712,,,5016.6103328,,,201027128304wd,,0,05/04/2021
2010,12,3,3,1544420100407020,7,2,04,wd,,,,0,0,201027128304wd,1544420100407103712,,,5419.9263541,,,201027128304wd,,0,05/04/2021
2010,12,3,3,1544420100407021,7,2,04,wd,8850030502,444,0.66,0,0,201027128304wd,1544420100407103712,SPANISH MACKEREL,,5016.6103328,17,44,201027128304wd,,0,05/04/2021
2010,12,3,3,1544420100407021,7,2,04,wd,8835430301,374,1.66,0,0,201027128304wd,1544420100407103712,SHEEPSHEAD,,5016.6103328,14,37,201027128304wd,,0,05/04/2021
2010,12,3,3,1544420100407023,7,2,04,wd,,,,0,0,201027128304wd,1544420100407103712,,,5419.9263541,,,201027128304wd,,0,05/04/2021
2010,12,3,3,1544420100407024,7,2,04,wd,,,,0,0,201027128304wd,1544420100407103712,,,5419.9263541,,,201027128304wd,,0,05/04/2021
2010,12,3,3,1544420100407025,7,2,04,wd,,,,0,0,201027128304wd,1544420100407103712,,,5419.9263541,,,201027128304wd,,0,05/04/2021
2010,12,3,3,1544420100407027,7,2,04,wd,,,,0,0,201027128304wd,1544420100407103712,,,5419.9263541,,,201027128304wd,,0,05/04/2021
2010,12,3,3,1544420100407029,7,2,04,wd,8835280901,397,1.36,1,1,201027128304wd,1544420100407103712,FLORIDA POMPANO,,5419.9263541,15,39,201027128304wd,,0,05/04/2021
2010,12,3,3,1544420100407030,7,2,04,wd,,,,0,0,201027128304wd,1544420100407103712,,,5419.9263541,,,201027128304wd,,0,05/04/2021
2010,12,3,5,1544420100414002,7,2,04,wd,8850030502,336,0.48,1,1,201027128304wd,1544420100414115596,SPANISH MACKEREL,,22169.177264,13,33,201027128304wd,,0,05/04/2021
2010,12,3,5,1544420100414002,7,2,04,wd,8850030502,451,0.77,1,1,201027128304wd,1544420100414115596,SPANISH MACKEREL,,22169.177264,17,45,201027128304wd,,0,05/04/2021
2010,12,3,5,1544420100414002,7,2,04,wd,8850030502,489,1.27,1,1,201027128304wd,1544420100414115596,SPANISH MACKEREL,,22169.177264,19,48,201027128304wd,,0,05/04/2021
2010,12,3,5,1544420100414002,7,2,04,wd,8850030502,489,1.27,1,1,201027128304wd,1544420100414115596,SPANISH MACKEREL,,22169.177264,19,48,201027128304wd,,0,05/04/2021
2010,12,3,5,1544420100414002,7,2,04,wd,8850030502,519,1.36,1,1,201027128304wd,1544420100414115596,SPANISH MACKEREL,,22169.177264,20,51,201027128304wd,,0,05/04/2021
2010,12,3,5,1544420100414003,7,2,04,wd,8850030502,336,0.42,1,1,201027128304wd,1544420100414115596,SPANISH MACKEREL,,12932.020071,13,33,201027128304wd,,0,05/04/2021
2010,12,3,5,1544420100414003,7,2,04,wd,8850030502,359,0.47,1,1,201027128304wd,1544420100414115596,SPANISH MACKEREL,,12932.020071,14,35,201027128304wd,,0,05/04/2021
2010,12,3,5,1544420100414003,7,2,04,wd,8850030502,377,0.53,1,1,201027128304wd,1544420100414115596,SPANISH MACKEREL,,12932.020071,14,37,201027128304wd,,0,05/04/2021
2010,12,3,5,1544420100414003,7,2,04,wd,8850030502,438,0.72,1,1,201027128304wd,1544420100414115596,SPANISH MACKEREL,,12932.020071,17,43,201027128304wd,,0,05/04/2021
2010,12,3,5,1544420100414003,7,2,04,wd,8850030502,438,0.72,1,1,201027128304wd,1544420100414115596,SPANISH MACKEREL,,12932.020071,17,43,201027128304wd,,0,05/04/2021
2010,12,3,5,1544420100414004,7,2,04,wd,,,,0,0,201027128304wd,1544420100414115596,,,18474.314387,,,201027128304wd,,0,05/04/2021
2010,12,3,5,1544420100414005,7,2,04,wd,8835430201,140,0.08,1,1,201027128304wd,1544420100414115596,PINFISH,,44338.354528,5,14,201027128304wd,,0,05/04/2021
2010,12,3,5,1544420100414005,7,2,04,wd,8835430201,140,0.08,1,1,201027128304wd,1544420100414115596,PINFISH,,44338.354528,5,14,201027128304wd,,0,05/04/2021
2010,12,3,5,1544420100414005,7,2,04,wd,8835430201,140,0.08,1,1,201027128304wd,1544420100414115596,PINFISH,,44338.354528,5,14,201027128304wd,,0,05/04/2021
2010,12,3,5,1544420100414005,7,2,04,wd,8835430201,140,0.08,1,1,201027128304wd,1544420100414115596,PINFISH,,44338.354528,5,14,201027128304wd,,0,05/04/2021
2010,12,3,5,1544420100414005,7,2,04,wd,8835430201,140,0.08,1,1,201027128304wd,1544420100414115596,PINFISH,,44338.354528,5,14,201027128304wd,,0,05/04/2021
2010,12,3,5,1544420100414006,7,2,04,wd,,,,0,0,201027128304wd,1544420100414115596,,,18474.314387,,,201027128304wd,,0,05/04/2021
2010,12,3,5,1544420100414008,7,2,04,wd,8850030502,336,0.42,1,1,201027128304wd,1544420100414115596,SPANISH MACKEREL,,18474.314387,13,33,201027128304wd,,0,05/04/2021
2010,12,3,5,1544420100414008,7,2,04,wd,8850030502,379,0.52,1,1,201027128304wd,1544420100414115596,SPANISH MACKEREL,,18474.314387,14,37,201027128304wd,,0,05/04/2021
2010,12,3,5,1544420100414008,7,2,04,wd,8835440602,243,0.2,1,1,201027128304wd,1544420100414115596,GULF KINGFISH,,18474.314387,9,24,201027128304wd,,0,05/04/2021
2010,12,3,5,1544420100414009,7,2,04,wd,8835430201,140,0.08,1,1,201027128304wd,1544420100414115596,PINFISH,,18474.314387,5,14,201027128304wd,,0,05/04/2021
2010,12,3,5,1544420100414010,7,2,04,wd,,,,0,0,201027128304wd,1544420100414115596,,,18474.314387,,,201027128304wd,,0,05/04/2021
2010,12,3,5,1544420100414012,7,2,04,wd,,,,0,0,201027128304wd,1544420100414115596,,,18474.314387,,,201027128304wd,,0,05/04/2021
2010,12,3,5,1544420100414013,7,2,04,wd,,,,0,0,201027128304wd,1544420100414115596,,,18474.314387,,,201027128304wd,,0,05/04/2021
2010,12,3,5,1544420100414014,7,2,04,wd,,,,0,0,201027128304wd,1544420100414115596,,,18474.314387,,,201027128304wd,,0,05/04/2021
2010,12,3,5,1544420100414015,7,2,04,wd,,,,0,0,201027128304wd,1544420100414115596,,,18474.314387,,,201027128304wd,,0,05/04/2021
2010,12,3,3,1546420100307003,7,2,03,we,,,,0,0,201027128303we,1546420100307103290,,,990.20743818,,,201027128303we,,0,05/04/2021
2010,12,3,3,1546420100307010,7,2,03,we,,,,0,0,201027128303we,1546420100307103290,,,990.20743818,,,201027128303we,,0,05/04/2021
2010,12,3,3,1546420100307013,7,2,03,we,,,,0,0,201027128303we,1546420100307103290,,,1069.8162772,,,201027128303we,,0,05/04/2021
2010,12,3,5,1546420100310001,7,2,03,wd,,,,0,0,201027128303wd,154642010031081332,,,6107.7168015,,,201027128303wd,,0,05/04/2021
2010,12,3,5,1546420100324004,7,2,03,wd,8835430301,264,0.42,0,0,201027128303wd,1546420100324115605,SHEEPSHEAD,,7438.3223427,10,26,201027128303wd,,0,05/04/2021
2010,12,3,5,1546420100324004,7,2,03,wd,8835430301,269,0.51,0,0,201027128303wd,1546420100324115605,SHEEPSHEAD,,7438.3223427,10,26,201027128303wd,,0,05/04/2021
2010,12,3,5,1546420100324004,7,2,03,wd,8835430301,282,0.54,0,0,201027128303wd,1546420100324115605,SHEEPSHEAD,,7438.3223427,11,28,201027128303wd,,0,05/04/2021
2010,12,3,5,1546420100324004,7,2,03,wd,8835430301,315,0.69,0,0,201027128303wd,1546420100324115605,SHEEPSHEAD,,7438.3223427,12,31,201027128303wd,,0,05/04/2021
2010,12,3,5,1546420100324007,7,2,03,wd,8835430301,264,0.42,1,1,201027128303wd,1546420100324115605,SHEEPSHEAD,,7438.3223427,10,26,201027128303wd,,0,05/04/2021
2010,12,3,5,1546420100324007,7,2,03,wd,8835430301,282,0.54,1,1,201027128303wd,1546420100324115605,SHEEPSHEAD,,7438.3223427,11,28,201027128303wd,,0,05/04/2021
2010,12,3,5,1546420100324007,7,2,03,wd,8835430301,368,1.22,1,1,201027128303wd,1546420100324115605,SHEEPSHEAD,,7438.3223427,14,36,201027128303wd,,0,05/04/2021
2010,12,3,5,1546420100324008,7,2,03,wd,,,,0,0,201027128303wd,1546420100324115605,,,7438.3223427,,,201027128303wd,,0,05/04/2021
2010,12,3,5,1546420100324010,7,2,03,wd,,,,0,0,201027128303wd,1546420100324115605,,,7438.3223427,,,201027128303wd,,0,05/04/2021
2010,12,3,5,1546420100324011,7,2,03,wd,,,,0,0,201027128303wd,1546420100324115605,,,7438.3223427,,,201027128303wd,,0,05/04/2021
2010,12,3,5,1546420100324012,7,2,03,wd,,,,0,0,201027128303wd,1546420100324115605,,,7438.3223427,,,201027128303wd,,0,05/04/2021
2010,12,3,5,1546420100324013,7,2,03,wd,,,,0,0,201027128303wd,1546420100324115605,,,7438.3223427,,,201027128303wd,,0,05/04/2021
2010,12,3,5,1546420100324016,7,2,03,wd,,,,0,0,201027128303wd,1546420100324115605,,,7438.3223427,,,201027128303wd,,0,05/04/2021
2010,12,3,5,1546420100324020,7,2,03,wd,,,,0,0,201027128303wd,1546420100324115605,,,7438.3223427,,,201027128303wd,,0,05/04/2021
2010,12,3,5,1546420100324024,7,2,03,wd,,,,0,0,201027128303wd,1546420100324115605,,,6884.8102881,,,201027128303wd,,0,05/04/2021
2010,12,3,5,1546420100324025,7,2,03,wd,,,,0,0,201027128303wd,1546420100324115605,,,6884.8102881,,,201027128303wd,,0,05/04/2021
2010,12,3,5,1546420100324027,7,2,03,wd,,,,0,0,201027128303wd,1546420100324115605,,,6884.8102881,,,201027128303wd,,0,05/04/2021
2010,12,3,5,1546420100324029,7,2,03,wd,,,,0,0,201027128303wd,1546420100324115605,,,6884.8102881,,,201027128303wd,,0,05/04/2021
2010,12,3,5,1546420100404001,7,2,04,we,,,,0,0,201027128304we,154642010040481607,,,9799.7987841,,,201027128304we,,0,05/04/2021
2010,12,3,5,1546420100404002,7,2,04,we,,,,0,0,201027128304we,154642010040481607,,,9799.7987841,,,201027128304we,,0,05/04/2021
2010,12,3,5,1546420100404003,7,2,04,we,,,,0,0,201027128304we,154642010040481607,,,10587.664612,,,201027128304we,,0,05/04/2021
2010,12,3,5,1546420100404004,7,2,04,we,,,,0,0,201027128304we,154642010040481607,,,10587.664612,,,201027128304we,,0,05/04/2021
2010,12,3,5,1546420100404005,7,2,04,we,,,,0,0,201027128304we,154642010040481607,,,10587.664612,,,201027128304we,,0,05/04/2021
2010,12,3,5,1546420100404006,7,2,04,we,,,,0,0,201027128304we,154642010040481607,,,10587.664612,,,201027128304we,,0,05/04/2021
2010,12,3,5,1546420100404007,7,2,04,we,,,,0,0,201027128304we,154642010040481607,,,10587.664612,,,201027128304we,,0,05/04/2021
2010,12,3,5,1546420100404014,7,2,04,we,,,,0,0,201027128304we,154642010040481607,,,10587.664612,,,201027128304we,,0,05/04/2021
2010,12,3,5,1546420100404016,7,2,04,we,,,,0,0,201027128304we,154642010040481607,,,9799.7987841,,,201027128304we,,0,05/04/2021
2010,12,3,5,1546420100404017,7,2,04,we,8850030502,341,0.49,1,1,201027128304we,154642010040481607,SPANISH MACKEREL,,9799.7987841,13,34,201027128304we,,0,05/04/2021
2010,12,3,5,1546420100404017,7,2,04,we,8850030502,349,0.48,1,1,201027128304we,154642010040481607,SPANISH MACKEREL,,9799.7987841,13,34,201027128304we,,0,05/04/2021
2010,12,3,5,1546420100404017,7,2,04,we,8850030502,349,0.48,1,1,201027128304we,154642010040481607,SPANISH MACKEREL,,9799.7987841,13,34,201027128304we,,0,05/04/2021
2010,12,3,5,1546420100404017,7,2,04,we,8835280901,345,0.88,0,0,201027128304we,154642010040481607,FLORIDA POMPANO,,9799.7987841,13,34,201027128304we,,0,05/04/2021
2010,12,3,5,1546420100404018,7,2,04,we,,,,0,0,201027128304we,154642010040481607,,,9799.7987841,,,201027128304we,,0,05/04/2021
2010,12,3,5,1546420100404019,7,2,04,we,,,,0,0,201027128304we,154642010040481607,,,9799.7987841,,,201027128304we,,0,05/04/2021
2010,12,3,5,1546420100404020,7,2,04,we,,,,0,0,201027128304we,154642010040481607,,,9799.7987841,,,201027128304we,,0,05/04/2021
2010,12,3,5,1546420100404021,7,2,04,we,,,,0,0,201027128304we,154642010040481607,,,9799.7987841,,,201027128304we,,0,05/04/2021
2010,12,3,5,1546420100404022,7,2,04,we,,,,0,0,201027128304we,154642010040481607,,,9799.7987841,,,201027128304we,,0,05/04/2021
2010,12,3,5,1546420100404023,7,2,04,we,,,,0,0,201027128304we,154642010040481607,,,10587.664612,,,201027128304we,,0,05/04/2021
2010,12,3,5,1546420100404024,7,2,04,we,,,,0,0,201027128304we,154642010040481607,,,10587.664612,,,201027128304we,,0,05/04/2021
2010,12,3,5,1546420100404025,7,2,04,we,,,,0,0,201027128304we,154642010040481607,,,10587.664612,,,201027128304we,,0,05/04/2021
2010,12,3,5,1546420100404026,7,2,04,we,,,,0,0,201027128304we,154642010040481607,,,10587.664612,,,201027128304we,,0,05/04/2021
2010,12,3,5,1546420100416002,7,2,04,wd,,,,0,0,201027128304wd,154642010041681632,,,9259.5701479,,,201027128304wd,,0,05/04/2021
2010,12,3,5,1546420100416003,7,2,04,wd,,,,0,0,201027128304wd,154642010041681632,,,9259.5701479,,,201027128304wd,,0,05/04/2021
2010,12,3,5,1546420100416006,7,2,04,wd,,,,0,0,201027128304wd,154642010041681632,,,8570.5325583,,,201027128304wd,,0,05/04/2021
2010,12,3,5,1546420100416007,7,2,04,wd,,,,0,0,201027128304wd,154642010041681632,,,8570.5325583,,,201027128304wd,,0,05/04/2021
2010,12,3,5,1546420100416010,7,2,04,wd,,,,0,0,201027128304wd,154642010041681632,,,9259.5701479,,,201027128304wd,,0,05/04/2021
2010,12,3,5,1546420100416013,7,2,04,wd,,,,0,0,201027128304wd,154642010041681632,,,9259.5701479,,,201027128304wd,,0,05/04/2021
2010,12,3,5,1546420100416014,7,2,04,wd,,,,0,0,201027128304wd,154642010041681632,,,9259.5701479,,,201027128304wd,,0,05/04/2021
2010,12,3,5,1546420100416017,7,2,04,wd,8850030502,393,0.48,0,0,201027128304wd,154642010041681632,SPANISH MACKEREL,,8570.5325583,15,39,201027128304wd,,0,05/04/2021
2010,12,3,5,1546420100416018,7,2,04,wd,8850030502,347,0.31,0,0,201027128304wd,154642010041681632,SPANISH MACKEREL,,8570.5325583,13,34,201027128304wd,,0,05/04/2021
2010,12,3,5,1546420100416020,7,2,04,wd,,,,0,0,201027128304wd,154642010041681632,,,8570.5325583,,,201027128304wd,,0,05/04/2021
2010,12,3,5,1546420100416021,7,2,04,wd,,,,0,0,201027128304wd,154642010041681632,,,8570.5325583,,,201027128304wd,,0,05/04/2021
2010,12,3,5,1546420100416023,7,2,04,wd,,,,0,0,201027128304wd,154642010041681632,,,8570.5325583,,,201027128304wd,,0,05/04/2021
2010,12,3,5,1546420100416024,7,2,04,wd,,,,0,0,201027128304wd,154642010041681632,,,8570.5325583,,,201027128304wd,,0,05/04/2021
2010,12,3,5,1546420100416025,7,2,04,wd,,,,0,0,201027128304wd,154642010041681632,,,8570.5325583,,,201027128304wd,,0,05/04/2021
2010,12,3,5,1546420100416026,7,2,04,wd,,,,0,0,201027128304wd,154642010041681632,,,9259.5701479,,,201027128304wd,,0,05/04/2021
2010,12,3,5,1546420100416028,7,2,04,wd,,,,0,0,201027128304wd,154642010041681632,,,8570.5325583,,,201027128304wd,,0,05/04/2021
2010,12,3,5,1546420100416030,7,2,04,wd,,,,0,0,201027128304wd,154642010041681632,,,8570.5325583,,,201027128304wd,,0,05/04/2021
2010,12,3,5,1546620100314003,7,2,03,we,,,,0,0,201027128303we,1546620100314115313,,,1048.1763013,,,201027128303we,,0,05/04/2021
2010,12,3,5,1546620100314004,7,2,03,we,,,,0,0,201027128303we,1546620100314115313,,,1048.1763013,,,201027128303we,,0,05/04/2021
2010,12,3,5,1546620100314006,7,2,03,we,,,,0,0,201027128303we,1546620100314115313,,,1132.4456122,,,201027128303we,,0,05/04/2021
2010,12,3,5,1546620100314007,7,2,03,we,,,,0,0,201027128303we,1546620100314115313,,,1132.4456122,,,201027128303we,,0,05/04/2021
2010,12,3,5,1546620100314009,7,2,03,we,,,,0,0,201027128303we,1546620100314115313,,,1132.4456122,,,201027128303we,,0,05/04/2021
2010,12,3,5,1546620100314010,7,2,03,we,8835430201,140,0.08,1,1,201027128303we,1546620100314115313,PINFISH,,1048.1763013,5,14,201027128303we,,0,05/04/2021
2010,12,3,5,1546620100314010,7,2,03,we,8835430201,140,0.08,1,1,201027128303we,1546620100314115313,PINFISH,,1048.1763013,5,14,201027128303we,,0,05/04/2021
2010,12,3,5,1546620100314010,7,2,03,we,8835430201,140,0.08,1,1,201027128303we,1546620100314115313,PINFISH,,1048.1763013,5,14,201027128303we,,0,05/04/2021
2010,12,3,5,1546620100314010,7,2,03,we,8835430201,140,0.08,1,1,201027128303we,1546620100314115313,PINFISH,,1048.1763013,5,14,201027128303we,,0,05/04/2021
2010,12,3,5,1546620100314010,7,2,03,we,8835430201,140,0.08,1,1,201027128303we,1546620100314115313,PINFISH,,1048.1763013,5,14,201027128303we,,0,05/04/2021
2010,12,3,5,1546620100314010,7,2,03,we,8777180202,325,0.48,1,1,201027128303we,1546620100314115313,HARDHEAD CATFISH,,1048.1763013,12,32,201027128303we,,0,05/04/2021
2010,12,3,5,1546620100314011,7,2,03,we,,,,0,0,201027128303we,1546620100314115313,,,1048.1763013,,,201027128303we,,0,05/04/2021
2010,12,3,5,1546620100314012,7,2,03,we,,,,0,0,201027128303we,1546620100314115313,,,1048.1763013,,,201027128303we,,0,05/04/2021
2010,12,3,3,1546620100411001,7,2,04,we,,,,0,0,201027128304we,1546620100411115465,,,8069.950046,,,201027128304we,,0,05/04/2021
2010,12,3,3,1546620100411002,7,2,04,we,,,,0,0,201027128304we,1546620100411115465,,,8718.7427424,,,201027128304we,,0,05/04/2021
2010,12,3,3,1546620100411003,7,2,04,we,,,,0,0,201027128304we,1546620100411115465,,,8069.950046,,,201027128304we,,0,05/04/2021
2010,12,3,3,1546620100411004,7,2,04,we,,,,0,0,201027128304we,1546620100411115465,,,8069.950046,,,201027128304we,,0,05/04/2021
2010,12,3,3,1546620100411008,7,2,04,we,,,,0,0,201027128304we,1546620100411115465,,,8069.950046,,,201027128304we,,0,05/04/2021
2010,12,3,3,1546620100411009,7,2,04,we,,,,0,0,201027128304we,1546620100411115465,,,8069.950046,,,201027128304we,,0,05/04/2021
2010,12,3,3,1546620100411010,7,2,04,we,,,,0,0,201027128304we,1546620100411115465,,,8069.950046,,,201027128304we,,0,05/04/2021
2010,12,3,3,1546620100411011,7,2,04,we,,,,0,0,201027128304we,1546620100411115465,,,8718.7427424,,,201027128304we,,0,05/04/2021
2010,12,3,3,1546620100411012,7,2,04,we,,,,0,0,201027128304we,1546620100411115465,,,8069.950046,,,201027128304we,,0,05/04/2021
2010,12,3,3,1546620100411013,7,2,04,we,,,,0,0,201027128304we,1546620100411115465,,,8718.7427424,,,201027128304we,,0,05/04/2021
2010,12,3,3,1546620100411014,7,2,04,we,,,,0,0,201027128304we,1546620100411115465,,,8069.950046,,,201027128304we,,0,05/04/2021
2010,12,3,3,1546620100411015,7,2,04,we,8835430301,311,0.74,0,0,201027128304we,1546620100411115465,SHEEPSHEAD,,8069.950046,12,31,201027128304we,,0,05/04/2021
2010,12,3,3,1546620100411015,7,2,04,we,8835430301,261,0.5,0,0,201027128304we,1546620100411115465,SHEEPSHEAD,,8069.950046,10,26,201027128304we,,0,05/04/2021
2010,12,3,3,1546620100411015,7,2,04,we,8835430301,274,0.52,0,0,201027128304we,1546620100411115465,SHEEPSHEAD,,8069.950046,10,27,201027128304we,,0,05/04/2021
2010,12,3,3,1546620100411015,7,2,04,we,8835430301,277,0.53,0,0,201027128304we,1546620100411115465,SHEEPSHEAD,,8069.950046,10,27,201027128304we,,0,05/04/2021
2010,12,3,3,1546620100411015,7,2,04,we,8835430301,277,0.53,0,0,201027128304we,1546620100411115465,SHEEPSHEAD,,8069.950046,10,27,201027128304we,,0,05/04/2021
2010,12,3,3,1546620100411015,7,2,04,we,8835430301,321,0.78,0,0,201027128304we,1546620100411115465,SHEEPSHEAD,,8069.950046,12,32,201027128304we,,0,05/04/2021
2010,12,3,3,1546620100411015,7,2,04,we,8738010101,421,0.62,0,0,201027128304we,1546620100411115465,LADYFISH,,8069.950046,16,42,201027128304we,,0,05/04/2021
2010,12,3,3,1546620100411016,7,2,04,we,,,,0,0,201027128304we,1546620100411115465,,,8718.7427424,,,201027128304we,,0,05/04/2021
2010,12,3,3,1546620100411017,7,2,04,we,8835280901,320,0.64,1,1,201027128304we,1546620100411115465,FLORIDA POMPANO,,4841.9700276,12,32,201027128304we,,0,05/04/2021
2010,12,3,3,1546620100411017,7,2,04,we,8835280901,330,0.79,1,1,201027128304we,1546620100411115465,FLORIDA POMPANO,,4841.9700276,12,33,201027128304we,,0,05/04/2021
2010,12,3,3,1546620100411017,7,2,04,we,8835280901,355,1.01,1,1,201027128304we,1546620100411115465,FLORIDA POMPANO,,4841.9700276,13,35,201027128304we,,0,05/04/2021
2010,12,3,3,1546620100411017,7,2,04,we,8835280901,365,1.04,1,1,201027128304we,1546620100411115465,FLORIDA POMPANO,,4841.9700276,14,36,201027128304we,,0,05/04/2021
2010,12,3,3,1546620100411017,7,2,04,we,8835280901,380,1.25,1,1,201027128304we,1546620100411115465,FLORIDA POMPANO,,4841.9700276,14,38,201027128304we,,0,05/04/2021
2010,12,3,3,1546620100411018,7,2,04,we,,,,0,0,201027128304we,1546620100411115465,,,8069.950046,,,201027128304we,,0,05/04/2021
2010,12,3,3,1546620100411019,7,2,04,we,,,,0,0,201027128304we,1546620100411115465,,,8718.7427424,,,201027128304we,,0,05/04/2021
2010,12,3,3,1546620100411024,7,2,04,we,8835430301,261,0.5,1,1,201027128304we,1546620100411115465,SHEEPSHEAD,,8069.950046,10,26,201027128304we,,0,05/04/2021
2010,12,3,3,1546620100411024,7,2,04,we,8835280901,342,0.8,1,1,201027128304we,1546620100411115465,FLORIDA POMPANO,,8069.950046,13,34,201027128304we,,0,05/04/2021
2010,12,3,3,1546620100411026,7,2,04,we,,,,0,0,201027128304we,1546620100411115465,,,8069.950046,,,201027128304we,,0,05/04/2021
2010,12,3,5,1546620100412001,7,2,04,wd,,,,0,0,201027128304wd,1546620100412103769,,,2343.7918059,,,201027128304wd,,0,05/04/2021
2010,12,3,5,1546620100412002,7,2,04,wd,8747010804,139,0.06,1,1,201027128304wd,1546620100412103769,SCALED SARDINE,,9375.1672237,5,13,201027128304wd,,0,05/04/2021
2010,12,3,5,1546620100412002,7,2,04,wd,8747010804,140,0.06,1,1,201027128304wd,1546620100412103769,SCALED SARDINE,,9375.1672237,5,14,201027128304wd,,0,05/04/2021
2010,12,3,5,1546620100412002,7,2,04,wd,8747010804,140,0.06,1,1,201027128304wd,1546620100412103769,SCALED SARDINE,,9375.1672237,5,14,201027128304wd,,0,05/04/2021
2010,12,3,5,1546620100412002,7,2,04,wd,8747010804,150,0.06,1,1,201027128304wd,1546620100412103769,SCALED SARDINE,,9375.1672237,5,15,201027128304wd,,0,05/04/2021
2010,12,3,5,1546620100412002,7,2,04,wd,8747010804,151,0.06,1,1,201027128304wd,1546620100412103769,SCALED SARDINE,,9375.1672237,5,15,201027128304wd,,0,05/04/2021
2010,12,3,5,1546620100412003,7,2,04,wd,8747010804,139,0.06,1,1,201027128304wd,1546620100412103769,SCALED SARDINE,,9375.1672237,5,13,201027128304wd,,0,05/04/2021
2010,12,3,5,1546620100412003,7,2,04,wd,8747010804,139,0.06,1,1,201027128304wd,1546620100412103769,SCALED SARDINE,,9375.1672237,5,13,201027128304wd,,0,05/04/2021
2010,12,3,5,1546620100412003,7,2,04,wd,8747010804,139,0.06,1,1,201027128304wd,1546620100412103769,SCALED SARDINE,,9375.1672237,5,13,201027128304wd,,0,05/04/2021
2010,12,3,5,1546620100412003,7,2,04,wd,8747010804,140,0.06,1,1,201027128304wd,1546620100412103769,SCALED SARDINE,,9375.1672237,5,14,201027128304wd,,0,05/04/2021
2010,12,3,5,1546620100412003,7,2,04,wd,8747010804,150,0.06,1,1,201027128304wd,1546620100412103769,SCALED SARDINE,,9375.1672237,5,15,201027128304wd,,0,05/04/2021
2010,12,3,5,1546620100412004,7,2,04,wd,8747010804,139,0.06,1,1,201027128304wd,1546620100412103769,SCALED SARDINE,,4687.5836118,5,13,201027128304wd,,0,05/04/2021
2010,12,3,5,1546620100412004,7,2,04,wd,8747010804,139,0.06,1,1,201027128304wd,1546620100412103769,SCALED SARDINE,,4687.5836118,5,13,201027128304wd,,0,05/04/2021
2010,12,3,5,1546620100412004,7,2,04,wd,8747010804,140,0.06,1,1,201027128304wd,1546620100412103769,SCALED SARDINE,,4687.5836118,5,14,201027128304wd,,0,05/04/2021
2010,12,3,5,1546620100412004,7,2,04,wd,8747010804,140,0.06,1,1,201027128304wd,1546620100412103769,SCALED SARDINE,,4687.5836118,5,14,201027128304wd,,0,05/04/2021
2010,12,3,5,1546620100412004,7,2,04,wd,8747010804,150,0.06,1,1,201027128304wd,1546620100412103769,SCALED SARDINE,,4687.5836118,5,15,201027128304wd,,0,05/04/2021
2010,12,3,5,1546620100412005,7,2,04,wd,,,,0,0,201027128304wd,1546620100412103769,,,2532.2235802,,,201027128304wd,,0,05/04/2021
2010,12,3,5,1546620100412006,7,2,04,wd,,,,0,0,201027128304wd,1546620100412103769,,,2343.7918059,,,201027128304wd,,0,05/04/2021
2010,12,3,5,1546620100412007,7,2,04,wd,,,,0,0,201027128304wd,1546620100412103769,,,2343.7918059,,,201027128304wd,,0,05/04/2021
2010,12,3,5,1546620100412013,7,2,04,wd,8850030502,336,0.48,0,0,201027128304wd,1546620100412103769,SPANISH MACKEREL,,2343.7918059,13,33,201027128304wd,,0,05/04/2021
2010,12,3,5,1546620100412013,7,2,04,wd,8850030502,451,0.77,0,0,201027128304wd,1546620100412103769,SPANISH MACKEREL,,2343.7918059,17,45,201027128304wd,,0,05/04/2021
2010,12,3,5,1546620100412015,7,2,04,wd,,,,0,0,201027128304wd,1546620100412103769,,,2343.7918059,,,201027128304wd,,0,05/04/2021
2010,12,3,5,1546620100412017,7,2,04,wd,,,,0,0,201027128304wd,1546620100412103769,,,2343.7918059,,,201027128304wd,,0,05/04/2021
2010,12,3,5,1546620100412018,7,2,04,wd,8747010804,139,0.06,1,1,201027128304wd,1546620100412103769,SCALED SARDINE,,9375.1672237,5,13,201027128304wd,,0,05/04/2021
2010,12,3,5,1546620100412018,7,2,04,wd,8747010804,140,0.06,1,1,201027128304wd,1546620100412103769,SCALED SARDINE,,9375.1672237,5,14,201027128304wd,,0,05/04/2021
2010,12,3,5,1546620100412018,7,2,04,wd,8747010804,150,0.06,1,1,201027128304wd,1546620100412103769,SCALED SARDINE,,9375.1672237,5,15,201027128304wd,,0,05/04/2021
2010,12,3,5,1546620100412018,7,2,04,wd,8747010804,151,0.06,1,1,201027128304wd,1546620100412103769,SCALED SARDINE,,9375.1672237,5,15,201027128304wd,,0,05/04/2021
2010,12,3,5,1546620100412018,7,2,04,wd,8747010804,151,0.06,1,1,201027128304wd,1546620100412103769,SCALED SARDINE,,9375.1672237,5,15,201027128304wd,,0,05/04/2021
2010,12,3,5,1546620100412019,7,2,04,wd,8747010804,140,0.06,1,1,201027128304wd,1546620100412103769,SCALED SARDINE,,2343.7918059,5,14,201027128304wd,,0,05/04/2021
2010,12,3,5,1546620100412021,7,2,04,wd,,,,0,0,201027128304wd,1546620100412103769,,,2343.7918059,,,201027128304wd,,0,05/04/2021
2010,12,3,5,1546620100412023,7,2,04,wd,8850030502,336,0.42,0,0,201027128304wd,1546620100412103769,SPANISH MACKEREL,,781.26393531,13,33,201027128304wd,,0,05/04/2021
2010,12,3,5,1546620100412023,7,2,04,wd,8850030502,359,0.47,0,0,201027128304wd,1546620100412103769,SPANISH MACKEREL,,781.26393531,14,35,201027128304wd,,0,05/04/2021
2010,12,3,5,1546620100412023,7,2,04,wd,8850030502,377,0.53,0,0,201027128304wd,1546620100412103769,SPANISH MACKEREL,,781.26393531,14,37,201027128304wd,,0,05/04/2021
2010,12,3,5,1546620100412023,7,2,04,wd,8850030502,438,0.72,0,0,201027128304wd,1546620100412103769,SPANISH MACKEREL,,781.26393531,17,43,201027128304wd,,0,05/04/2021
2010,12,3,5,1546620100412023,7,2,04,wd,8850030502,489,1.27,0,0,201027128304wd,1546620100412103769,SPANISH MACKEREL,,781.26393531,19,48,201027128304wd,,0,05/04/2021
2010,12,3,5,1546620100412023,7,2,04,wd,8850030502,519,1.36,0,0,201027128304wd,1546620100412103769,SPANISH MACKEREL,,781.26393531,20,51,201027128304wd,,0,05/04/2021
2010,12,3,5,1546620100412028,7,2,04,wd,8850030502,341,0.49,0,0,201027128304wd,1546620100412103769,SPANISH MACKEREL,,781.26393531,13,34,201027128304wd,,0,05/04/2021
2010,12,3,5,1546620100412028,7,2,04,wd,8850030502,349,0.48,0,0,201027128304wd,1546620100412103769,SPANISH MACKEREL,,781.26393531,13,34,201027128304wd,,0,05/04/2021
2010,12,3,5,1546620100412028,7,2,04,wd,8850030502,379,0.52,0,0,201027128304wd,1546620100412103769,SPANISH MACKEREL,,781.26393531,14,37,201027128304wd,,0,05/04/2021
2010,12,3,5,1546620100412028,7,2,04,wd,8747010804,139,0.06,1,1,201027128304wd,1546620100412103769,SCALED SARDINE,,2812.5501671,5,13,201027128304wd,,0,05/04/2021
2010,12,3,5,1546620100412028,7,2,04,wd,8747010804,140,0.06,1,1,201027128304wd,1546620100412103769,SCALED SARDINE,,2812.5501671,5,14,201027128304wd,,0,05/04/2021
2010,12,3,5,1546620100412028,7,2,04,wd,8747010804,140,0.06,1,1,201027128304wd,1546620100412103769,SCALED SARDINE,,2812.5501671,5,14,201027128304wd,,0,05/04/2021
2010,12,3,5,1546620100412028,7,2,04,wd,8747010804,150,0.06,1,1,201027128304wd,1546620100412103769,SCALED SARDINE,,2812.5501671,5,15,201027128304wd,,0,05/04/2021
2010,12,3,5,1546620100412028,7,2,04,wd,8747010804,151,0.06,1,1,201027128304wd,1546620100412103769,SCALED SARDINE,,2812.5501671,5,15,201027128304wd,,0,05/04/2021
2010,12,3,5,1546620100412029,7,2,04,wd,8835280306,189,0.15,1,1,201027128304wd,1546620100412103769,BLUE RUNNER,,2532.2235802,7,18,201027128304wd,,0,05/04/2021
2010,12,3,5,1546620100412029,7,2,04,wd,8835280306,217,0.2,1,1,201027128304wd,1546620100412103769,BLUE RUNNER,,2532.2235802,8,21,201027128304wd,,0,05/04/2021
2010,12,3,5,1546620100412029,7,2,04,wd,8835280306,217,0.2,1,1,201027128304wd,1546620100412103769,BLUE RUNNER,,2532.2235802,8,21,201027128304wd,,0,05/04/2021
2010,12,3,5,1546620100412029,7,2,04,wd,8747010804,139,0.06,1,1,201027128304wd,1546620100412103769,SCALED SARDINE,,3038.6682962,5,13,201027128304wd,,0,05/04/2021
2010,12,3,5,1546620100412029,7,2,04,wd,8747010804,139,0.06,1,1,201027128304wd,1546620100412103769,SCALED SARDINE,,3038.6682962,5,13,201027128304wd,,0,05/04/2021
2010,12,3,5,1546620100412029,7,2,04,wd,8747010804,151,0.06,1,1,201027128304wd,1546620100412103769,SCALED SARDINE,,3038.6682962,5,15,201027128304wd,,0,05/04/2021
2010,12,3,5,1546620100412029,7,2,04,wd,8747010804,151,0.06,1,1,201027128304wd,1546620100412103769,SCALED SARDINE,,3038.6682962,5,15,201027128304wd,,0,05/04/2021
2010,12,3,5,1546620100412029,7,2,04,wd,8747010804,151,0.06,1,1,201027128304wd,1546620100412103769,SCALED SARDINE,,3038.6682962,5,15,201027128304wd,,0,05/04/2021
2010,12,3,5,1546620100412030,7,2,04,wd,8747010804,139,0.06,1,1,201027128304wd,1546620100412103769,SCALED SARDINE,,6077.3365925,5,13,201027128304wd,,0,05/04/2021
2010,12,3,5,1546620100412030,7,2,04,wd,8747010804,139,0.06,1,1,201027128304wd,1546620100412103769,SCALED SARDINE,,6077.3365925,5,13,201027128304wd,,0,05/04/2021
2010,12,3,5,1546620100412030,7,2,04,wd,8747010804,139,0.06,1,1,201027128304wd,1546620100412103769,SCALED SARDINE,,6077.3365925,5,13,201027128304wd,,0,05/04/2021
2010,12,3,5,1546620100412030,7,2,04,wd,8747010804,140,0.06,1,1,201027128304wd,1546620100412103769,SCALED SARDINE,,6077.3365925,5,14,201027128304wd,,0,05/04/2021
2010,12,3,5,1546620100412030,7,2,04,wd,8747010804,151,0.06,1,1,201027128304wd,1546620100412103769,SCALED SARDINE,,6077.3365925,5,15,201027128304wd,,0,05/04/2021
2010,12,3,3,1546720100426005,7,2,04,wd,,,,0,0,201027128304wd,154672010042691667,,,5407.2672464,,,201027128304wd,,0,05/04/2021
2010,12,3,3,1546720100426006,7,2,04,wd,8857030302,354,0.5,1,1,201027128304wd,154672010042691667,GULF FLOUNDER,,5004.8932344,13,35,201027128304wd,,0,05/04/2021
2010,12,3,3,1546720100426007,7,2,04,wd,8777180202,288,0.32,1,1,201027128304wd,154672010042691667,HARDHEAD CATFISH,,3244.3603478,11,28,201027128304wd,,0,05/04/2021
2010,12,3,3,1546720100426007,7,2,04,wd,8777180202,288,0.32,1,1,201027128304wd,154672010042691667,HARDHEAD CATFISH,,3244.3603478,11,28,201027128304wd,,0,05/04/2021
2010,12,3,3,1546720100426007,7,2,04,wd,8777180202,350,0.62,1,1,201027128304wd,154672010042691667,HARDHEAD CATFISH,,3244.3603478,13,35,201027128304wd,,0,05/04/2021
2010,12,3,3,1546720100426007,7,2,04,wd,8777180202,378,0.62,1,1,201027128304wd,154672010042691667,HARDHEAD CATFISH,,3244.3603478,14,37,201027128304wd,,0,05/04/2021
2010,12,3,3,1546720100426007,7,2,04,wd,8777180202,485,1.68,1,1,201027128304wd,154672010042691667,HARDHEAD CATFISH,,3244.3603478,19,48,201027128304wd,,0,05/04/2021
2010,12,3,3,1546720100426007,7,2,04,wd,8708020000,,,0,0,201027128304wd,154672010042691667,REQUIEM SHARK FAMILY,,5407.2672464,,,201027128304wd,,0,05/04/2021
2010,12,3,3,1546720100426010,7,2,04,wd,8708020000,,,0,0,201027128304wd,154672010042691667,REQUIEM SHARK FAMILY,,5004.8932344,,,201027128304wd,,0,05/04/2021
2010,12,3,3,1546720100426011,7,2,04,wd,,,,0,0,201027128304wd,154672010042691667,,,5004.8932344,,,201027128304wd,,0,05/04/2021
2010,12,3,3,1546720100426012,7,2,04,wd,,,,0,0,201027128304wd,154672010042691667,,,5004.8932344,,,201027128304wd,,0,05/04/2021
2010,12,3,3,1546720100426013,7,2,04,wd,,,,0,0,201027128304wd,154672010042691667,,,5407.2672464,,,201027128304wd,,0,05/04/2021
2010,12,3,3,1546720100426016,7,2,04,wd,8777180202,288,0.32,1,1,201027128304wd,154672010042691667,HARDHEAD CATFISH,,5407.2672464,11,28,201027128304wd,,0,05/04/2021
2010,12,3,3,1546720100426016,7,2,04,wd,8777180202,485,1.68,1,1,201027128304wd,154672010042691667,HARDHEAD CATFISH,,5407.2672464,19,48,201027128304wd,,0,05/04/2021
2010,12,3,3,1546720100426020,7,2,04,wd,8747010000,,,0,0,201027128304wd,154672010042691667,HERRING FAMILY,,27036.336232,,,201027128304wd,,0,05/04/2021
2010,12,3,3,1546720100426021,7,2,04,wd,8777180202,378,0.62,1,1,201027128304wd,154672010042691667,HARDHEAD CATFISH,,5407.2672464,14,37,201027128304wd,,0,05/04/2021
2010,12,3,3,1546720100426022,7,2,04,wd,8747010000,,,0,0,201027128304wd,154672010042691667,HERRING FAMILY,,27036.336232,,,201027128304wd,,0,05/04/2021
2010,12,3,3,1546720100426023,7,2,04,wd,8777180202,350,0.62,1,1,201027128304wd,154672010042691667,HARDHEAD CATFISH,,5004.8932344,13,35,201027128304wd,,0,05/04/2021
2010,12,3,3,1546720100426024,7,2,04,wd,,,,0,0,201027128304wd,154672010042691667,,,5407.2672464,,,201027128304wd,,0,05/04/2021
2010,12,3,3,1546720100426025,7,2,04,wd,,,,0,0,201027128304wd,154672010042691667,,,5407.2672464,,,201027128304wd,,0,05/04/2021
2010,12,3,3,1546720100426026,7,2,04,wd,8835281202,,,0,0,201027128304wd,154672010042691667,ROUND SCAD,,30029.359406,,,201027128304wd,,0,05/04/2021
2010,12,5,4,1000920100402001,7,2,04,wd,8850030502,458,0.73,0,0,201027122504wd,1000920100402103524,SPANISH MACKEREL,,108.2355114,18,45,201027122504wd,,0,05/04/2021
2010,12,5,4,1000920100402001,7,2,04,wd,8835020501,547,1.98,1,1,201027122504wd,1000920100402103524,GAG,,108.2355114,21,54,201027122504wd,,0,05/04/2021
2010,12,5,4,1000920100402001,7,2,04,wd,8835020501,567,2.23,0,0,201027122504wd,1000920100402103524,GAG,,108.2355114,22,56,201027122504wd,,0,05/04/2021
2010,12,5,4,1000920100402001,7,2,04,wd,8835020501,617,3.3,1,1,201027122504wd,1000920100402103524,GAG,,108.2355114,24,61,201027122504wd,,0,05/04/2021
2010,12,5,4,1000920100402001,7,2,04,wd,8835020501,653,4,0,0,201027122504wd,1000920100402103524,GAG,,108.2355114,25,65,201027122504wd,,0,05/04/2021
2010,12,5,4,1000920100402001,7,2,04,wd,8835020501,653,4,1,1,201027122504wd,1000920100402103524,GAG,,108.2355114,25,65,201027122504wd,,0,05/04/2021
2010,12,5,4,1000920100402002,7,2,04,wd,,,,0,0,201027122504wd,1000920100402103524,,,108.2355114,,,201027122504wd,,0,05/04/2021
2010,12,5,4,1000920100402003,7,2,04,wd,,,,0,0,201027122504wd,1000920100402103524,,,108.2355114,,,201027122504wd,,0,05/04/2021
2010,12,5,4,1000920100402004,7,2,04,wd,,,,0,0,201027122504wd,1000920100402103524,,,108.2355114,,,201027122504wd,,0,05/04/2021
2010,12,5,4,1000920100402005,7,2,04,wd,,,,0,0,201027122504wd,1000920100402103524,,,108.2355114,,,201027122504wd,,0,05/04/2021
2010,12,5,4,1000920100402006,7,2,04,wd,,,,0,0,201027122504wd,1000920100402103524,,,108.2355114,,,201027122504wd,,0,05/04/2021
2010,12,5,3,1000920100402008,7,2,04,wd,8835020501,576,2.5875314378,0,1,201027122504wd,1000920100402103524,GAG,,162.99561117,22,57,201027122504wd,,0,05/04/2021
2010,12,5,3,1000920100402009,7,2,04,wd,8850030502,429,0.58,1,1,201027122504wd,1000920100402103524,SPANISH MACKEREL,,162.99561117,16,42,201027122504wd,,0,05/04/2021
2010,12,5,3,1000920100402010,7,2,04,wd,,,,0,0,201027122504wd,1000920100402103524,,,162.99561117,,,201027122504wd,,0,05/04/2021
2010,12,5,3,1000920100402011,7,2,04,wd,8850030502,408,0.5,1,1,201027122504wd,1000920100402103524,SPANISH MACKEREL,,162.99561117,16,40,201027122504wd,,0,05/04/2021
2010,12,5,4,1000920100402012,7,2,04,wd,8835400102,253,0.35,1,1,201027122504wd,1000920100402103524,WHITE GRUNT,,173.17681824,9,25,201027122504wd,,0,05/04/2021
2010,12,5,4,1000920100402012,7,2,04,wd,8835400102,262,0.38,1,1,201027122504wd,1000920100402103524,WHITE GRUNT,,173.17681824,10,26,201027122504wd,,0,05/04/2021
2010,12,5,4,1000920100402012,7,2,04,wd,8835400102,269,0.4,1,1,201027122504wd,1000920100402103524,WHITE GRUNT,,173.17681824,10,26,201027122504wd,,0,05/04/2021
2010,12,5,4,1000920100402012,7,2,04,wd,8835400102,272,0.48,1,1,201027122504wd,1000920100402103524,WHITE GRUNT,,173.17681824,10,27,201027122504wd,,0,05/04/2021
2010,12,5,4,1000920100402012,7,2,04,wd,8835400102,286,0.53,1,1,201027122504wd,1000920100402103524,WHITE GRUNT,,173.17681824,11,28,201027122504wd,,0,05/04/2021
2010,12,5,4,1000920100402012,7,2,04,wd,8835020501,546,2.3,0,0,201027122504wd,1000920100402103524,GAG,,108.2355114,21,54,201027122504wd,,0,05/04/2021
2010,12,5,4,1000920100402012,7,2,04,wd,8835020501,578,2.48,0,0,201027122504wd,1000920100402103524,GAG,,108.2355114,22,57,201027122504wd,,0,05/04/2021
2010,12,5,4,1000920100402012,7,2,04,wd,8835020501,587,2.58,0,0,201027122504wd,1000920100402103524,GAG,,108.2355114,23,58,201027122504wd,,0,05/04/2021
2010,12,5,4,1000920100402012,7,2,04,wd,8835020408,517,2.2,0,0,201027122504wd,1000920100402103524,RED GROUPER,,108.2355114,20,51,201027122504wd,,0,05/04/2021
2010,12,5,4,1000920100402012,7,2,04,wd,8835020301,316,0.54,1,1,201027122504wd,1000920100402103524,BLACK SEA BASS,,108.2355114,12,31,201027122504wd,,0,05/04/2021
2010,12,5,4,1000920100402013,7,2,04,wd,,,,0,0,201027122504wd,1000920100402103524,,,108.2355114,,,201027122504wd,,0,05/04/2021
2010,12,5,4,1000920100402014,7,2,04,wd,,,,0,0,201027122504wd,1000920100402103524,,,108.2355114,,,201027122504wd,,0,05/04/2021
2010,12,5,4,1000920100402015,7,2,04,wd,,,,0,0,201027122504wd,1000920100402103524,,,108.2355114,,,201027122504wd,,0,05/04/2021
2010,12,5,3,1000920100402016,7,2,04,wd,8850030502,387,0.45,0,0,201027122504wd,1000920100402103524,SPANISH MACKEREL,,162.99561117,15,38,201027122504wd,,0,05/04/2021
2010,12,5,3,1000920100402016,7,2,04,wd,8850030502,357,0.35,0,0,201027122504wd,1000920100402103524,SPANISH MACKEREL,,162.99561117,14,35,201027122504wd,,0,05/04/2021
2010,12,5,3,1000920100402016,7,2,04,wd,8850030502,387,0.45,0,0,201027122504wd,1000920100402103524,SPANISH MACKEREL,,162.99561117,15,38,201027122504wd,,0,05/04/2021
2010,12,5,3,1000920100402016,7,2,04,wd,8850030102,603,3.3,0,0,201027122504wd,1000920100402103524,LITTLE TUNNY,,162.99561117,23,60,201027122504wd,,0,05/04/2021
2010,12,5,3,1000920100402016,7,2,04,wd,8850030502,354,0.35,0,0,201027122504wd,1000920100402103524,SPANISH MACKEREL,,162.99561117,13,35,201027122504wd,,0,05/04/2021
2010,12,5,3,1000920100402016,7,2,04,wd,8850030502,371,0.4,0,0,201027122504wd,1000920100402103524,SPANISH MACKEREL,,162.99561117,14,37,201027122504wd,,0,05/04/2021
2010,12,5,3,1000920100402016,7,2,04,wd,8850030502,377,0.45,0,0,201027122504wd,1000920100402103524,SPANISH MACKEREL,,162.99561117,14,37,201027122504wd,,0,05/04/2021
2010,12,5,3,1000920100402016,7,2,04,wd,8850030502,408,0.5,0,0,201027122504wd,1000920100402103524,SPANISH MACKEREL,,162.99561117,16,40,201027122504wd,,0,05/04/2021
2010,12,5,3,1000920100402016,7,2,04,wd,8850030502,412,0.53,0,0,201027122504wd,1000920100402103524,SPANISH MACKEREL,,162.99561117,16,41,201027122504wd,,0,05/04/2021
2010,12,5,3,1000920100402016,7,2,04,wd,8850030502,416,0.53,0,0,201027122504wd,1000920100402103524,SPANISH MACKEREL,,162.99561117,16,41,201027122504wd,,0,05/04/2021
2010,12,5,3,1000920100402016,7,2,04,wd,8850030502,429,0.58,0,0,201027122504wd,1000920100402103524,SPANISH MACKEREL,,162.99561117,16,42,201027122504wd,,0,05/04/2021
2010,12,5,3,1000920100402016,7,2,04,wd,8850030502,383,0.4,0,0,201027122504wd,1000920100402103524,SPANISH MACKEREL,,162.99561117,15,38,201027122504wd,,0,05/04/2021
2010,12,5,3,1000920100402016,7,2,04,wd,8850030502,366,0.38,0,0,201027122504wd,1000920100402103524,SPANISH MACKEREL,,162.99561117,14,36,201027122504wd,,0,05/04/2021
2010,12,5,3,1000920100402016,7,2,04,wd,8850030502,407,0.55,0,0,201027122504wd,1000920100402103524,SPANISH MACKEREL,,162.99561117,16,40,201027122504wd,,0,05/04/2021
2010,12,5,3,1000920100402016,7,2,04,wd,8850030502,361,0.38,0,0,201027122504wd,1000920100402103524,SPANISH MACKEREL,,162.99561117,14,36,201027122504wd,,0,05/04/2021
2010,12,5,3,1000920100402016,7,2,04,wd,8850030502,388,0.45,0,0,201027122504wd,1000920100402103524,SPANISH MACKEREL,,162.99561117,15,38,201027122504wd,,0,05/04/2021
2010,12,5,4,1000920100402020,7,2,04,wd,8835400102,269,0.4,0,0,201027122504wd,1000920100402103524,WHITE GRUNT,,122.84381065,10,26,201027122504wd,,0,05/04/2021
2010,12,5,4,1000920100402020,7,2,04,wd,8835020301,277,0.25,0,0,201027122504wd,1000920100402103524,BLACK SEA BASS,,122.84381065,10,27,201027122504wd,,0,05/04/2021
2010,12,5,4,1000920100402020,7,2,04,wd,8835020301,292,0.3,0,0,201027122504wd,1000920100402103524,BLACK SEA BASS,,122.84381065,11,29,201027122504wd,,0,05/04/2021
2010,12,5,4,1000920100402020,7,2,04,wd,8835020301,297,0.35,0,0,201027122504wd,1000920100402103524,BLACK SEA BASS,,122.84381065,11,29,201027122504wd,,0,05/04/2021
2010,12,5,4,1000920100402020,7,2,04,wd,8835020301,297,0.35,1,1,201027122504wd,1000920100402103524,BLACK SEA BASS,,122.84381065,11,29,201027122504wd,,0,05/04/2021
2010,12,5,4,1000920100402021,7,2,04,wd,,,,0,0,201027122504wd,1000920100402103524,,,147.19097606,,,201027122504wd,,0,05/04/2021
2010,12,5,4,1000920100402022,7,2,04,wd,,,,0,0,201027122504wd,1000920100402103524,,,147.19097606,,,201027122504wd,,0,05/04/2021
2010,12,5,4,1000920100402023,7,2,04,wd,8835400102,230,0.23,0,0,201027122504wd,1000920100402103524,WHITE GRUNT,,108.2355114,9,23,201027122504wd,,0,05/04/2021
2010,12,5,4,1000920100402023,7,2,04,wd,8835400102,243,0.3,0,0,201027122504wd,1000920100402103524,WHITE GRUNT,,108.2355114,9,24,201027122504wd,,0,05/04/2021
2010,12,5,4,1000920100402023,7,2,04,wd,8835400102,262,0.38,0,0,201027122504wd,1000920100402103524,WHITE GRUNT,,108.2355114,10,26,201027122504wd,,0,05/04/2021
2010,12,5,4,1000920100402023,7,2,04,wd,8835400102,265,0.38,0,0,201027122504wd,1000920100402103524,WHITE GRUNT,,108.2355114,10,26,201027122504wd,,0,05/04/2021
2010,12,5,4,1000920100402023,7,2,04,wd,8835400102,286,0.53,0,0,201027122504wd,1000920100402103524,WHITE GRUNT,,108.2355114,11,28,201027122504wd,,0,05/04/2021
2010,12,5,4,1000920100402023,7,2,04,wd,8835400102,253,0.35,0,0,201027122504wd,1000920100402103524,WHITE GRUNT,,108.2355114,9,25,201027122504wd,,0,05/04/2021
2010,12,5,4,1000920100402023,7,2,04,wd,8835400102,272,0.48,0,0,201027122504wd,1000920100402103524,WHITE GRUNT,,108.2355114,10,27,201027122504wd,,0,05/04/2021
2010,12,5,4,1000920100402023,7,2,04,wd,8835400102,292,0.58,0,0,201027122504wd,1000920100402103524,WHITE GRUNT,,108.2355114,11,29,201027122504wd,,0,05/04/2021
2010,12,5,4,1000920100402023,7,2,04,wd,8835020501,525,1.85,0,0,201027122504wd,1000920100402103524,GAG,,108.2355114,20,52,201027122504wd,,0,05/04/2021
2010,12,5,4,1000920100402023,7,2,04,wd,8835400102,256,0.35,0,0,201027122504wd,1000920100402103524,WHITE GRUNT,,108.2355114,10,25,201027122504wd,,0,05/04/2021
2010,12,5,4,1000920100402023,7,2,04,wd,8835020501,538,2.05,0,0,201027122504wd,1000920100402103524,GAG,,108.2355114,21,53,201027122504wd,,0,05/04/2021
2010,12,5,4,1000920100402023,7,2,04,wd,8835020501,551,2.1,0,0,201027122504wd,1000920100402103524,GAG,,108.2355114,21,55,201027122504wd,,0,05/04/2021
2010,12,5,4,1000920100402023,7,2,04,wd,8835020501,572,2.03,0,0,201027122504wd,1000920100402103524,GAG,,108.2355114,22,57,201027122504wd,,0,05/04/2021
2010,12,5,4,1000920100402023,7,2,04,wd,8835020501,582,2.45,0,0,201027122504wd,1000920100402103524,GAG,,108.2355114,22,58,201027122504wd,,0,05/04/2021
2010,12,5,4,1000920100402023,7,2,04,wd,8835020501,610,2.58,0,0,201027122504wd,1000920100402103524,GAG,,108.2355114,24,61,201027122504wd,,0,05/04/2021
2010,12,5,4,1000920100402023,7,2,04,wd,8835020501,626,3.3,0,0,201027122504wd,1000920100402103524,GAG,,108.2355114,24,62,201027122504wd,,0,05/04/2021
2010,12,5,4,1000920100402023,7,2,04,wd,8835020501,627,3.5,0,0,201027122504wd,1000920100402103524,GAG,,108.2355114,24,62,201027122504wd,,0,05/04/2021
2010,12,5,4,1000920100402023,7,2,04,wd,8835020501,695,4.5,0,0,201027122504wd,1000920100402103524,GAG,,108.2355114,27,69,201027122504wd,,0,05/04/2021
2010,12,5,4,1000920100402023,7,2,04,wd,8835020301,305,0.3,0,0,201027122504wd,1000920100402103524,BLACK SEA BASS,,108.2355114,12,30,201027122504wd,,0,05/04/2021
2010,12,5,4,1000920100402024,7,2,04,wd,,,,0,0,201027122504wd,1000920100402103524,,,108.2355114,,,201027122504wd,,0,05/04/2021
2010,12,5,4,1000920100402025,7,2,04,wd,,,,0,0,201027122504wd,1000920100402103524,,,108.2355114,,,201027122504wd,,0,05/04/2021
2010,12,5,4,1000920100402026,7,2,04,wd,,,,0,0,201027122504wd,1000920100402103524,,,108.2355114,,,201027122504wd,,0,05/04/2021
2010,12,5,4,1000920100402027,7,2,04,wd,,,,0,0,201027122504wd,1000920100402103524,,,90.12020795,,,201027122504wd,,0,05/04/2021
2010,12,5,4,1000920100402028,7,2,04,wd,8835020501,677,4.3,0,0,201027122504wd,1000920100402103524,GAG,,90.12020795,26,67,201027122504wd,,0,05/04/2021
2010,12,5,4,1000920100402028,7,2,04,wd,8835400102,256,0.35,1,1,201027122504wd,1000920100402103524,WHITE GRUNT,,114.44684435,10,25,201027122504wd,,0,05/04/2021
2010,12,5,4,1000920100402028,7,2,04,wd,8835020501,547,1.98,0,0,201027122504wd,1000920100402103524,GAG,,90.12020795,21,54,201027122504wd,,0,05/04/2021
2010,12,5,4,1000920100402028,7,2,04,wd,8835020501,557,2.4,0,0,201027122504wd,1000920100402103524,GAG,,90.12020795,21,55,201027122504wd,,0,05/04/2021
2010,12,5,4,1000920100402028,7,2,04,wd,8835020501,560,2.15,0,0,201027122504wd,1000920100402103524,GAG,,90.12020795,22,56,201027122504wd,,0,05/04/2021
2010,12,5,4,1000920100402028,7,2,04,wd,8835020501,582,2.4,0,0,201027122504wd,1000920100402103524,GAG,,90.12020795,22,58,201027122504wd,,0,05/04/2021
2010,12,5,4,1000920100402028,7,2,04,wd,8835020501,593,2.8,0,0,201027122504wd,1000920100402103524,GAG,,90.12020795,23,59,201027122504wd,,0,05/04/2021
2010,12,5,4,1000920100402028,7,2,04,wd,8835020501,603,2.98,0,0,201027122504wd,1000920100402103524,GAG,,90.12020795,23,60,201027122504wd,,0,05/04/2021
2010,12,5,4,1000920100402028,7,2,04,wd,8835020501,607,3,0,0,201027122504wd,1000920100402103524,GAG,,90.12020795,23,60,201027122504wd,,0,05/04/2021
2010,12,5,4,1000920100402028,7,2,04,wd,8835020501,617,3.3,0,0,201027122504wd,1000920100402103524,GAG,,90.12020795,24,61,201027122504wd,,0,05/04/2021
2010,12,5,4,1000920100402028,7,2,04,wd,8835020501,659,3.5,0,0,201027122504wd,1000920100402103524,GAG,,90.12020795,25,65,201027122504wd,,0,05/04/2021
2010,12,5,4,1000920100402028,7,2,04,wd,8835020408,489,2.05,0,0,201027122504wd,1000920100402103524,RED GROUPER,,90.12020795,19,48,201027122504wd,,0,05/04/2021
2010,12,5,4,1000920100402028,7,2,04,wd,8835020408,568,3.3,0,0,201027122504wd,1000920100402103524,RED GROUPER,,90.12020795,22,56,201027122504wd,,0,05/04/2021
2010,12,5,4,1000920100402028,7,2,04,wd,8835020408,604,4.8,0,0,201027122504wd,1000920100402103524,RED GROUPER,,90.12020795,23,60,201027122504wd,,0,05/04/2021
2010,12,5,4,1000920100402029,7,2,04,wd,8835400102,243,0.3,1,1,201027122504wd,1000920100402103524,WHITE GRUNT,,114.44684435,9,24,201027122504wd,,0,05/04/2021
2010,12,5,4,1000920100402030,7,2,04,wd,,,,0,0,201027122504wd,1000920100402103524,,,114.44684435,,,201027122504wd,,0,05/04/2021
2010,12,5,4,1000920100402031,7,2,04,wd,,,,0,0,201027122504wd,1000920100402103524,,,137.45210989,,,201027122504wd,,0,05/04/2021
2010,12,5,4,1000920100402032,7,2,04,wd,,,,0,0,201027122504wd,1000920100402103524,,,114.44684435,,,201027122504wd,,0,05/04/2021
2010,12,5,4,1000920100402033,7,2,04,wd,,,,0,0,201027122504wd,1000920100402103524,,,114.44684435,,,201027122504wd,,0,05/04/2021
2010,12,5,4,1297920100307001,7,2,03,we,8861010208,261,0.3,1,1,201027122503we,1297920100307103524,SOUTHERN PUFFER,,45.484229396,10,26,201027122503we,,0,05/04/2021
2010,12,5,4,1297920100307001,7,2,03,we,8861010208,261,0.3,1,1,201027122503we,1297920100307103524,SOUTHERN PUFFER,,45.484229396,10,26,201027122503we,,0,05/04/2021
2010,12,5,4,1297920100307001,7,2,03,we,8861010208,225,0.2,1,1,201027122503we,1297920100307103524,SOUTHERN PUFFER,,45.484229396,8,22,201027122503we,,0,05/04/2021
2010,12,5,4,1297920100307001,7,2,03,we,8861010208,261,0.3,1,1,201027122503we,1297920100307103524,SOUTHERN PUFFER,,45.484229396,10,26,201027122503we,,0,05/04/2021
2010,12,5,4,1297920100307001,7,2,03,we,8861010208,261,0.3,1,1,201027122503we,1297920100307103524,SOUTHERN PUFFER,,45.484229396,10,26,201027122503we,,0,05/04/2021
2010,12,5,4,1297920100307001,7,2,03,we,8835430506,254,0.38,1,1,201027122503we,1297920100307103524,KNOBBED PORGY,,22.742114698,9,25,201027122503we,,0,05/04/2021
2010,12,5,4,1297920100307001,7,2,03,we,8835430506,264,0.44,1,1,201027122503we,1297920100307103524,KNOBBED PORGY,,22.742114698,10,26,201027122503we,,0,05/04/2021
2010,12,5,4,1297920100307001,7,2,03,we,8835430506,282,0.5,1,1,201027122503we,1297920100307103524,KNOBBED PORGY,,22.742114698,11,28,201027122503we,,0,05/04/2021
2010,12,5,4,1297920100307001,7,2,03,we,8835430506,330,0.88,1,1,201027122503we,1297920100307103524,KNOBBED PORGY,,22.742114698,12,33,201027122503we,,0,05/04/2021
2010,12,5,4,1297920100307001,7,2,03,we,8835400102,321,0.62,1,1,201027122503we,1297920100307103524,WHITE GRUNT,,227.42114698,12,32,201027122503we,,0,05/04/2021
2010,12,5,4,1297920100307001,7,2,03,we,8835400102,230,0.23,1,1,201027122503we,1297920100307103524,WHITE GRUNT,,227.42114698,9,23,201027122503we,,0,05/04/2021
2010,12,5,4,1297920100307001,7,2,03,we,8835400102,280,0.46,1,1,201027122503we,1297920100307103524,WHITE GRUNT,,227.42114698,11,28,201027122503we,,0,05/04/2021
2010,12,5,4,1297920100307001,7,2,03,we,8835400102,300,0.56,1,1,201027122503we,1297920100307103524,WHITE GRUNT,,227.42114698,11,30,201027122503we,,0,05/04/2021
2010,12,5,4,1297920100307001,7,2,03,we,8835400102,325,0.5,1,1,201027122503we,1297920100307103524,WHITE GRUNT,,227.42114698,12,32,201027122503we,,0,05/04/2021
2010,12,5,4,1297920100307002,7,2,03,we,,,,0,0,201027122503we,1297920100307103524,,,23.044253456,,,201027122503we,,0,05/04/2021
2010,12,5,4,1297920100307003,7,2,03,we,,,,0,0,201027122503we,1297920100307103524,,,27.676440328,,,201027122503we,,0,05/04/2021
2010,12,5,4,1297920100307004,7,2,03,we,8835400102,275,0.46,1,1,201027122503we,1297920100307103524,WHITE GRUNT,,174.80683425,10,27,201027122503we,,0,05/04/2021
2010,12,5,4,1297920100307004,7,2,03,we,8835400102,250,0.32,1,1,201027122503we,1297920100307103524,WHITE GRUNT,,174.80683425,9,25,201027122503we,,0,05/04/2021
2010,12,5,4,1297920100307004,7,2,03,we,8835400102,255,0.38,1,1,201027122503we,1297920100307103524,WHITE GRUNT,,174.80683425,10,25,201027122503we,,0,05/04/2021
2010,12,5,4,1297920100307004,7,2,03,we,8835400102,271,0.34,1,1,201027122503we,1297920100307103524,WHITE GRUNT,,174.80683425,10,27,201027122503we,,0,05/04/2021
2010,12,5,4,1297920100307004,7,2,03,we,8835400102,271,0.34,1,1,201027122503we,1297920100307103524,WHITE GRUNT,,174.80683425,10,27,201027122503we,,0,05/04/2021
2010,12,5,4,1297920100307005,7,2,03,we,,,,0,0,201027122503we,1297920100307103524,,,23.044253456,,,201027122503we,,0,05/04/2021
2010,12,5,4,1297920100307006,7,2,03,we,,,,0,0,201027122503we,1297920100307103524,,,23.044253456,,,201027122503we,,0,05/04/2021
2010,12,5,4,1297920100307007,7,2,03,we,,,,0,0,201027122503we,1297920100307103524,,,23.044253456,,,201027122503we,,0,05/04/2021
2010,12,5,4,1297920100307008,7,2,03,we,8835430502,295,0.64,1,1,201027122503we,1297920100307103524,JOLTHEAD PORGY,,27.313567852,11,29,201027122503we,,0,05/04/2021
2010,12,5,4,1297920100307008,7,2,03,we,8835400102,236,0.22,1,1,201027122503we,1297920100307103524,WHITE GRUNT,,109.25427141,9,23,201027122503we,,0,05/04/2021
2010,12,5,4,1297920100307008,7,2,03,we,8835400102,251,0.26,1,1,201027122503we,1297920100307103524,WHITE GRUNT,,109.25427141,9,25,201027122503we,,0,05/04/2021
2010,12,5,4,1297920100307008,7,2,03,we,8835400102,255,0.26,1,1,201027122503we,1297920100307103524,WHITE GRUNT,,109.25427141,10,25,201027122503we,,0,05/04/2021
2010,12,5,4,1297920100307008,7,2,03,we,8835400102,303,0.56,1,1,201027122503we,1297920100307103524,WHITE GRUNT,,109.25427141,11,30,201027122503we,,0,05/04/2021
2010,12,5,4,1297920100307008,7,2,03,we,8835400102,301,0.54,1,1,201027122503we,1297920100307103524,WHITE GRUNT,,109.25427141,11,30,201027122503we,,0,05/04/2021
2010,12,5,4,1297920100307009,7,2,03,we,,,,0,0,201027122503we,1297920100307103524,,,27.676440328,,,201027122503we,,0,05/04/2021
2010,12,5,4,1297920100307011,7,2,03,we,,,,0,0,201027122503we,1297920100307103524,,,27.676440328,,,201027122503we,,0,05/04/2021
2010,12,5,4,1297920100307012,7,2,03,we,,,,0,0,201027122503we,1297920100307103524,,,27.676440328,,,201027122503we,,0,05/04/2021
2010,12,5,4,1297920100307013,7,2,03,we,,,,0,0,201027122503we,1297920100307103524,,,23.044253456,,,201027122503we,,0,05/04/2021
2010,12,5,3,1297920100323001,7,2,03,wd,8835440102,380,0.6,0,0,201027122503wd,129792010032317628,SPOTTED SEATROUT,,246.27234301,14,38,201027122503wd,,0,05/04/2021
2010,12,5,3,1297920100323001,7,2,03,wd,8835440102,483,1.02,0,0,201027122503wd,129792010032317628,SPOTTED SEATROUT,,246.27234301,19,48,201027122503wd,,0,05/04/2021
2010,12,5,3,1297920100323005,7,2,03,wd,8835440102,395,0.58,0,0,201027122503wd,129792010032317628,SPOTTED SEATROUT,,246.27234301,15,39,201027122503wd,,0,05/04/2021
2010,12,5,3,1297920100323008,7,2,03,wd,8857030302,326,0.3903979264,0,1,201027122503wd,129792010032317628,GULF FLOUNDER,,296.383435,12,32,201027122503wd,,0,05/04/2021
2010,12,5,3,1297920100323008,7,2,03,wd,8835440102,400,0.58,0,0,201027122503wd,129792010032317628,SPOTTED SEATROUT,,296.383435,15,40,201027122503wd,,0,05/04/2021
2010,12,5,3,1297920100323008,7,2,03,wd,8835440102,403,0.66,0,0,201027122503wd,129792010032317628,SPOTTED SEATROUT,,296.383435,15,40,201027122503wd,,0,05/04/2021
2010,12,5,3,1297920100323008,7,2,03,wd,8835440102,580,1.66,0,0,201027122503wd,129792010032317628,SPOTTED SEATROUT,,296.383435,22,58,201027122503wd,,0,05/04/2021
2010,12,5,3,1297920100323008,7,2,03,wd,8835440102,475,1.06,0,0,201027122503wd,129792010032317628,SPOTTED SEATROUT,,296.383435,18,47,201027122503wd,,0,05/04/2021
2010,12,5,3,1297920100323012,7,2,03,wd,,,,0,0,201027122503wd,129792010032317628,,,246.27234301,,,201027122503wd,,0,05/04/2021
2010,12,5,3,1297920100323013,7,2,03,wd,,,,0,0,201027122503wd,129792010032317628,,,205.05390954,,,201027122503wd,,0,05/04/2021
2010,12,5,3,1297920100323016,7,2,03,wd,8835440102,415,0.64,0,0,201027122503wd,129792010032317628,SPOTTED SEATROUT,,159.52053049,16,41,201027122503wd,,0,05/04/2021
2010,12,5,3,1297920100323016,7,2,03,wd,8835440102,398,0.76,0,0,201027122503wd,129792010032317628,SPOTTED SEATROUT,,159.52053049,15,39,201027122503wd,,0,05/04/2021
2010,12,5,3,1297920100323016,7,2,03,wd,8835440102,495,1.18,0,0,201027122503wd,129792010032317628,SPOTTED SEATROUT,,159.52053049,19,49,201027122503wd,,0,05/04/2021
2010,12,5,3,1297920100323016,7,2,03,wd,8835440102,425,0.88,0,0,201027122503wd,129792010032317628,SPOTTED SEATROUT,,159.52053049,16,42,201027122503wd,,0,05/04/2021
2010,12,5,3,1297920100323017,7,2,03,wd,,,,0,0,201027122503wd,129792010032317628,,,191.58617795,,,201027122503wd,,0,05/04/2021
2010,12,5,3,1297920100328001,7,2,03,we,8850030502,343,0.64,0,0,201027122503we,1297920100328103524,SPANISH MACKEREL,,42.038015305,13,34,201027122503we,,0,05/04/2021
2010,12,5,3,1297920100328001,7,2,03,we,8850030502,325,0.28,0,0,201027122503we,1297920100328103524,SPANISH MACKEREL,,42.038015305,12,32,201027122503we,,0,05/04/2021
2010,12,5,3,1297920100328001,7,2,03,we,8850030502,356,0.34,0,0,201027122503we,1297920100328103524,SPANISH MACKEREL,,42.038015305,14,35,201027122503we,,0,05/04/2021
2010,12,5,3,1297920100328001,7,2,03,we,8850030502,375,0.34,0,0,201027122503we,1297920100328103524,SPANISH MACKEREL,,42.038015305,14,37,201027122503we,,0,05/04/2021
2010,12,5,3,1297920100328001,7,2,03,we,8850030502,380,0.4,0,0,201027122503we,1297920100328103524,SPANISH MACKEREL,,42.038015305,14,38,201027122503we,,0,05/04/2021
2010,12,5,3,1297920100328001,7,2,03,we,8850030502,381,0.4,0,0,201027122503we,1297920100328103524,SPANISH MACKEREL,,42.038015305,14,38,201027122503we,,0,05/04/2021
2010,12,5,3,1297920100328001,7,2,03,we,8850030502,431,0.56,0,0,201027122503we,1297920100328103524,SPANISH MACKEREL,,42.038015305,16,43,201027122503we,,0,05/04/2021
2010,12,5,3,1297920100328001,7,2,03,we,8850030502,435,0.6,0,0,201027122503we,1297920100328103524,SPANISH MACKEREL,,42.038015305,17,43,201027122503we,,0,05/04/2021
2010,12,5,3,1297920100328001,7,2,03,we,8850030502,476,0.74,0,0,201027122503we,1297920100328103524,SPANISH MACKEREL,,42.038015305,18,47,201027122503we,,0,05/04/2021
2010,12,5,3,1297920100328001,7,2,03,we,8835250101,420,0.82,0,0,201027122503we,1297920100328103524,BLUEFISH,,42.038015305,16,42,201027122503we,,0,05/04/2021
2010,12,5,3,1297920100328005,7,2,03,we,8861010208,225,0.2,1,1,201027122503we,1297920100328103524,SOUTHERN PUFFER,,42.038015305,8,22,201027122503we,,0,05/04/2021
2010,12,5,3,1297920100328005,7,2,03,we,8861010208,225,0.2,1,1,201027122503we,1297920100328103524,SOUTHERN PUFFER,,42.038015305,8,22,201027122503we,,0,05/04/2021
2010,12,5,3,1297920100328005,7,2,03,we,8835400102,263,0.38,1,1,201027122503we,1297920100328103524,WHITE GRUNT,,227.00528265,10,26,201027122503we,,0,05/04/2021
2010,12,5,3,1297920100328005,7,2,03,we,8835400102,270,0.42,1,1,201027122503we,1297920100328103524,WHITE GRUNT,,227.00528265,10,27,201027122503we,,0,05/04/2021
2010,12,5,3,1297920100328005,7,2,03,we,8835400102,270,0.42,1,1,201027122503we,1297920100328103524,WHITE GRUNT,,227.00528265,10,27,201027122503we,,0,05/04/2021
2010,12,5,3,1297920100328005,7,2,03,we,8835400102,275,0.46,1,1,201027122503we,1297920100328103524,WHITE GRUNT,,227.00528265,10,27,201027122503we,,0,05/04/2021
2010,12,5,3,1297920100328005,7,2,03,we,8835400102,275,0.46,1,1,201027122503we,1297920100328103524,WHITE GRUNT,,227.00528265,10,27,201027122503we,,0,05/04/2021
2010,12,5,3,1297920100328006,7,2,03,we,,,,0,0,201027122503we,1297920100328103524,,,42.584477554,,,201027122503we,,0,05/04/2021
2010,12,5,4,1297920100328007,7,2,03,we,8835280801,853,8.68,0,0,201027122503we,1297920100328103524,GREATER AMBERJACK,,23.242801778,33,85,201027122503we,,0,05/04/2021
2010,12,5,4,1297920100328007,7,2,03,we,8835280801,840,8.25,0,0,201027122503we,1297920100328103524,GREATER AMBERJACK,,23.242801778,33,84,201027122503we,,0,05/04/2021
2010,12,5,4,1297920100328007,7,2,03,we,8835280801,780,7.14,0,0,201027122503we,1297920100328103524,GREATER AMBERJACK,,23.242801778,30,78,201027122503we,,0,05/04/2021
2010,12,5,4,1297920100328007,7,2,03,we,8835280801,800,6.94,0,0,201027122503we,1297920100328103524,GREATER AMBERJACK,,23.242801778,31,80,201027122503we,,0,05/04/2021
2010,12,5,4,1297920100328008,7,2,03,we,,,,0,0,201027122503we,1297920100328103524,,,23.544940536,,,201027122503we,,0,05/04/2021
2010,12,5,4,1297920100328009,7,2,03,we,,,,0,0,201027122503we,1297920100328103524,,,23.544940536,,,201027122503we,,0,05/04/2021
2010,12,5,4,1297920100328010,7,2,03,we,,,,0,0,201027122503we,1297920100328103524,,,23.544940536,,,201027122503we,,0,05/04/2021
2010,12,5,4,1297920100328011,7,2,03,we,,,,0,0,201027122503we,1297920100328103524,,,23.544940536,,,201027122503we,,0,05/04/2021
2010,12,5,4,1297920100328012,7,2,03,we,,,,0,0,201027122503we,1297920100328103524,,,23.544940536,,,201027122503we,,0,05/04/2021
2010,12,5,4,1297920100403001,7,2,04,we,8850030102,600,2.84,0,0,201027122504we,1297920100403103524,LITTLE TUNNY,,44.500635579,23,60,201027122504we,,0,05/04/2021
2010,12,5,4,1297920100403001,7,2,04,we,8835400102,275,0.42,1,1,201027122504we,1297920100403103524,WHITE GRUNT,,89.001271159,10,27,201027122504we,,0,05/04/2021
2010,12,5,4,1297920100403001,7,2,04,we,8835400102,275,0.38,1,1,201027122504we,1297920100403103524,WHITE GRUNT,,89.001271159,10,27,201027122504we,,0,05/04/2021
2010,12,5,4,1297920100403001,7,2,04,we,8835400102,286,0.42,1,1,201027122504we,1297920100403103524,WHITE GRUNT,,89.001271159,11,28,201027122504we,,0,05/04/2021
2010,12,5,4,1297920100403001,7,2,04,we,8835400102,261,0.4,1,1,201027122504we,1297920100403103524,WHITE GRUNT,,89.001271159,10,26,201027122504we,,0,05/04/2021
2010,12,5,4,1297920100403001,7,2,04,we,8835400102,291,0.4,1,1,201027122504we,1297920100403103524,WHITE GRUNT,,89.001271159,11,29,201027122504we,,0,05/04/2021
2010,12,5,4,1297920100403001,7,2,04,we,8835020501,570,3.06,0,0,201027122504we,1297920100403103524,GAG,,44.500635579,22,57,201027122504we,,0,05/04/2021
2010,12,5,4,1297920100403001,7,2,04,we,8835020501,565,2.52,0,0,201027122504we,1297920100403103524,GAG,,44.500635579,22,56,201027122504we,,0,05/04/2021
2010,12,5,4,1297920100403001,7,2,04,we,8835020501,570,2.82,0,0,201027122504we,1297920100403103524,GAG,,44.500635579,22,57,201027122504we,,0,05/04/2021
2010,12,5,4,1297920100403001,7,2,04,we,8835020501,578,2.7,0,0,201027122504we,1297920100403103524,GAG,,44.500635579,22,57,201027122504we,,0,05/04/2021
2010,12,5,4,1297920100403001,7,2,04,we,8835020501,580,2.92,0,0,201027122504we,1297920100403103524,GAG,,44.500635579,22,58,201027122504we,,0,05/04/2021
2010,12,5,4,1297920100403001,7,2,04,we,8835020501,545,2.28,0,0,201027122504we,1297920100403103524,GAG,,44.500635579,21,54,201027122504we,,0,05/04/2021
2010,12,5,4,1297920100403001,7,2,04,we,8835020501,560,2.68,0,0,201027122504we,1297920100403103524,GAG,,44.500635579,22,56,201027122504we,,0,05/04/2021
2010,12,5,4,1297920100403001,7,2,04,we,8835020501,570,2.58,0,0,201027122504we,1297920100403103524,GAG,,44.500635579,22,57,201027122504we,,0,05/04/2021
2010,12,5,4,1297920100403001,7,2,04,we,8835020501,660,4.92,0,0,201027122504we,1297920100403103524,GAG,,44.500635579,25,66,201027122504we,,0,05/04/2021
2010,12,5,4,1297920100403002,7,2,04,we,,,,0,0,201027122504we,1297920100403103524,,,44.863508055,,,201027122504we,,0,05/04/2021
2010,12,5,4,1297920100403003,7,2,04,we,,,,0,0,201027122504we,1297920100403103524,,,44.863508055,,,201027122504we,,0,05/04/2021
2010,12,5,4,1297920100403004,7,2,04,we,,,,0,0,201027122504we,1297920100403103524,,,44.863508055,,,201027122504we,,0,05/04/2021
2010,12,5,4,1297920100403005,7,2,04,we,,,,0,0,201027122504we,1297920100403103524,,,44.863508055,,,201027122504we,,0,05/04/2021
2010,12,5,3,1297920100403012,7,2,04,we,8850030502,361,0.38,1,1,201027122504we,1297920100403103524,SPANISH MACKEREL,,212.03539292,14,36,201027122504we,,0,05/04/2021
2010,12,5,3,1297920100403012,7,2,04,we,8850030502,366,0.38,1,1,201027122504we,1297920100403103524,SPANISH MACKEREL,,212.03539292,14,36,201027122504we,,0,05/04/2021
2010,12,5,3,1297920100403012,7,2,04,we,8850030502,381,0.4,1,1,201027122504we,1297920100403103524,SPANISH MACKEREL,,212.03539292,14,38,201027122504we,,0,05/04/2021
2010,12,5,3,1297920100403012,7,2,04,we,8850030502,387,0.45,1,1,201027122504we,1297920100403103524,SPANISH MACKEREL,,212.03539292,15,38,201027122504we,,0,05/04/2021
2010,12,5,3,1297920100403012,7,2,04,we,8850030502,435,0.6,1,1,201027122504we,1297920100403103524,SPANISH MACKEREL,,212.03539292,17,43,201027122504we,,0,05/04/2021
2010,12,5,3,1297920100403012,7,2,04,we,8850030501,702,2.2,0,0,201027122504we,1297920100403103524,KING MACKEREL,,55.798787611,27,70,201027122504we,,0,05/04/2021
2010,12,5,4,1297920100403017,7,2,04,we,8835400102,235,0.24,1,1,201027122504we,1297920100403103524,WHITE GRUNT,,296.42075732,9,23,201027122504we,,0,05/04/2021
2010,12,5,4,1297920100403017,7,2,04,we,8835400102,245,0.3,1,1,201027122504we,1297920100403103524,WHITE GRUNT,,296.42075732,9,24,201027122504we,,0,05/04/2021
2010,12,5,4,1297920100403017,7,2,04,we,8835400102,262,0.34,1,1,201027122504we,1297920100403103524,WHITE GRUNT,,296.42075732,10,26,201027122504we,,0,05/04/2021
2010,12,5,4,1297920100403017,7,2,04,we,8835400102,318,0.56,1,1,201027122504we,1297920100403103524,WHITE GRUNT,,296.42075732,12,31,201027122504we,,0,05/04/2021
2010,12,5,4,1297920100403017,7,2,04,we,8835400102,275,0.36,1,1,201027122504we,1297920100403103524,WHITE GRUNT,,296.42075732,10,27,201027122504we,,0,05/04/2021
2010,12,5,4,1297920100403018,7,2,04,we,,,,0,0,201027122504we,1297920100403103524,,,37.354733423,,,201027122504we,,0,05/04/2021
2010,12,5,4,1297920100403019,7,2,04,we,,,,0,0,201027122504we,1297920100403103524,,,37.354733423,,,201027122504we,,0,05/04/2021
2010,12,5,4,1297920100403020,7,2,04,we,,,,0,0,201027122504we,1297920100403103524,,,37.354733423,,,201027122504we,,0,05/04/2021
2010,12,5,4,1297920100403021,7,2,04,we,,,,0,0,201027122504we,1297920100403103524,,,37.354733423,,,201027122504we,,0,05/04/2021
2010,12,5,3,1297920100403022,7,2,04,we,8835400102,242,0.34,1,1,201027122504we,1297920100403103524,WHITE GRUNT,,223.19515044,9,24,201027122504we,,0,05/04/2021
2010,12,5,3,1297920100403022,7,2,04,we,8835400102,242,0.34,1,1,201027122504we,1297920100403103524,WHITE GRUNT,,223.19515044,9,24,201027122504we,,0,05/04/2021
2010,12,5,3,1297920100403022,7,2,04,we,8835400102,253,0.36,1,1,201027122504we,1297920100403103524,WHITE GRUNT,,223.19515044,9,25,201027122504we,,0,05/04/2021
2010,12,5,3,1297920100403022,7,2,04,we,8835400102,253,0.36,1,1,201027122504we,1297920100403103524,WHITE GRUNT,,223.19515044,9,25,201027122504we,,0,05/04/2021
2010,12,5,3,1297920100403022,7,2,04,we,8835400102,263,0.38,1,1,201027122504we,1297920100403103524,WHITE GRUNT,,223.19515044,10,26,201027122504we,,0,05/04/2021
2010,12,5,3,1297920100403022,7,2,04,we,8835020501,670,4.24,0,0,201027122504we,1297920100403103524,GAG,,55.798787611,26,67,201027122504we,,0,05/04/2021
2010,12,5,3,1297920100403022,7,2,04,we,8835020501,610,2.92,0,0,201027122504we,1297920100403103524,GAG,,55.798787611,24,61,201027122504we,,0,05/04/2021
2010,12,5,3,1297920100403022,7,2,04,we,8835020501,630,3.38,0,0,201027122504we,1297920100403103524,GAG,,55.798787611,24,63,201027122504we,,0,05/04/2021
2010,12,5,3,1297920100403022,7,2,04,we,8835020501,630,3.38,1,1,201027122504we,1297920100403103524,GAG,,55.798787611,24,63,201027122504we,,0,05/04/2021
2010,12,5,3,1297920100403022,7,2,04,we,8835020501,670,4.24,1,1,201027122504we,1297920100403103524,GAG,,55.798787611,26,67,201027122504we,,0,05/04/2021
2010,12,5,3,1297920100403023,7,2,04,we,,,,0,0,201027122504we,1297920100403103524,,,67.561513035,,,201027122504we,,0,05/04/2021
2010,12,5,3,1297920100403024,7,2,04,we,,,,0,0,201027122504we,1297920100403103524,,,56.253788847,,,201027122504we,,0,05/04/2021
2010,12,5,3,1297920100403026,7,2,04,we,,,,0,0,201027122504we,1297920100403103524,,,67.561513035,,,201027122504we,,0,05/04/2021
2010,12,5,3,1297920100403027,7,2,04,we,,,,0,0,201027122504we,1297920100403103524,,,67.561513035,,,201027122504we,,0,05/04/2021
2010,12,5,3,1297920100403028,7,2,04,we,,,,0,0,201027122504we,1297920100403103524,,,67.561513035,,,201027122504we,,0,05/04/2021
2010,12,5,4,1297920100403029,7,2,04,we,8850030501,821,3.08,0,0,201027122504we,1297920100403103524,KING MACKEREL,,44.500635579,32,82,201027122504we,,0,05/04/2021
2010,12,5,4,1297920100403029,7,2,04,we,8850030501,850,3.26,0,0,201027122504we,1297920100403103524,KING MACKEREL,,44.500635579,33,85,201027122504we,,0,05/04/2021
2010,12,5,4,1297920100403029,7,2,04,we,8835020501,535,2.4,0,0,201027122504we,1297920100403103524,GAG,,44.500635579,21,53,201027122504we,,0,05/04/2021
2010,12,5,4,1297920100403029,7,2,04,we,8835020501,535,2.32,0,0,201027122504we,1297920100403103524,GAG,,44.500635579,21,53,201027122504we,,0,05/04/2021
2010,12,5,4,1297920100403029,7,2,04,we,8835020501,545,2.48,0,0,201027122504we,1297920100403103524,GAG,,44.500635579,21,54,201027122504we,,0,05/04/2021
2010,12,5,4,1297920100403029,7,2,04,we,8835020501,560,2.66,0,0,201027122504we,1297920100403103524,GAG,,44.500635579,22,56,201027122504we,,0,05/04/2021
2010,12,5,4,1297920100403029,7,2,04,we,8835020501,580,2.06,0,0,201027122504we,1297920100403103524,GAG,,44.500635579,22,58,201027122504we,,0,05/04/2021
2010,12,5,4,1297920100403029,7,2,04,we,8835020501,584,2.82,0,0,201027122504we,1297920100403103524,GAG,,44.500635579,22,58,201027122504we,,0,05/04/2021
2010,12,5,4,1297920100403029,7,2,04,we,8835020501,586,3.04,0,0,201027122504we,1297920100403103524,GAG,,44.500635579,23,58,201027122504we,,0,05/04/2021
2010,12,5,4,1297920100403029,7,2,04,we,8835020501,590,2.94,0,0,201027122504we,1297920100403103524,GAG,,44.500635579,23,59,201027122504we,,0,05/04/2021
2010,12,5,4,1297920100403029,7,2,04,we,8835020501,611,3.3,0,0,201027122504we,1297920100403103524,GAG,,44.500635579,24,61,201027122504we,,0,05/04/2021
2010,12,5,4,1297920100403029,7,2,04,we,8835020501,613,3.12,0,0,201027122504we,1297920100403103524,GAG,,44.500635579,24,61,201027122504we,,0,05/04/2021
2010,12,5,4,1297920100403030,7,2,04,we,,,,0,0,201027122504we,1297920100403103524,,,37.354733423,,,201027122504we,,0,05/04/2021
2010,12,5,3,1297920100411001,7,2,04,we,8850030502,338,0.38,0,0,201027122504we,129792010041117637,SPANISH MACKEREL,,71.899455109,13,33,201027122504we,,0,05/04/2021
2010,12,5,3,1297920100411001,7,2,04,we,8850030502,339,0.38,0,0,201027122504we,129792010041117637,SPANISH MACKEREL,,71.899455109,13,33,201027122504we,,0,05/04/2021
2010,12,5,3,1297920100411001,7,2,04,we,8850030502,380,0.5,0,0,201027122504we,129792010041117637,SPANISH MACKEREL,,71.899455109,14,38,201027122504we,,0,05/04/2021
2010,12,5,3,1297920100411001,7,2,04,we,8850030502,380,0.4,1,1,201027122504we,129792010041117637,SPANISH MACKEREL,,71.899455109,14,38,201027122504we,,0,05/04/2021
2010,12,5,3,1297920100411001,7,2,04,we,8850030502,395,0.54,0,0,201027122504we,129792010041117637,SPANISH MACKEREL,,71.899455109,15,39,201027122504we,,0,05/04/2021
2010,12,5,3,1297920100411001,7,2,04,we,8850030502,395,0.52,0,0,201027122504we,129792010041117637,SPANISH MACKEREL,,71.899455109,15,39,201027122504we,,0,05/04/2021
2010,12,5,3,1297920100411001,7,2,04,we,8850030502,403,0.56,0,0,201027122504we,129792010041117637,SPANISH MACKEREL,,71.899455109,15,40,201027122504we,,0,05/04/2021
2010,12,5,3,1297920100411001,7,2,04,we,8850030502,403,0.52,0,0,201027122504we,129792010041117637,SPANISH MACKEREL,,71.899455109,15,40,201027122504we,,0,05/04/2021
2010,12,5,3,1297920100411001,7,2,04,we,8850030502,558,1.2,0,0,201027122504we,129792010041117637,SPANISH MACKEREL,,71.899455109,21,55,201027122504we,,0,05/04/2021
2010,12,5,3,1297920100411001,7,2,04,we,8835440106,315,0.34,0,0,201027122504we,129792010041117637,SAND SEATROUT,,71.899455109,12,31,201027122504we,,0,05/04/2021
2010,12,5,3,1297920100411001,7,2,04,we,8835440106,306,0.34,0,0,201027122504we,129792010041117637,SAND SEATROUT,,71.899455109,12,30,201027122504we,,0,05/04/2021
2010,12,5,3,1297920100411002,7,2,04,we,,,,0,0,201027122504we,129792010041117637,,,72.231223023,,,201027122504we,,0,05/04/2021
2010,12,5,3,1297920100411003,7,2,04,we,,,,0,0,201027122504we,129792010041117637,,,72.231223023,,,201027122504we,,0,05/04/2021
2010,12,5,3,1297920100411004,7,2,04,we,,,,0,0,201027122504we,129792010041117637,,,72.231223023,,,201027122504we,,0,05/04/2021
2010,12,5,3,1297920100423001,7,2,04,wd,8850030501,630,1.42,0,0,201027122504wd,1297920100423103524,KING MACKEREL,,142.41576624,24,63,201027122504wd,,0,05/04/2021
2010,12,5,3,1297920100423001,7,2,04,wd,8850030501,635,1.68,0,0,201027122504wd,1297920100423103524,KING MACKEREL,,142.41576624,24,63,201027122504wd,,0,05/04/2021
2010,12,5,3,1297920100423001,7,2,04,wd,8850030501,645,1.86,0,0,201027122504wd,1297920100423103524,KING MACKEREL,,142.41576624,25,64,201027122504wd,,0,05/04/2021
2010,12,5,3,1297920100423001,7,2,04,wd,8850030501,650,1.92,0,0,201027122504wd,1297920100423103524,KING MACKEREL,,142.41576624,25,65,201027122504wd,,0,05/04/2021
2010,12,5,3,1297920100423001,7,2,04,wd,8850030501,650,1.56,0,0,201027122504wd,1297920100423103524,KING MACKEREL,,142.41576624,25,65,201027122504wd,,0,05/04/2021
2010,12,5,3,1297920100423001,7,2,04,wd,8850030501,655,1.8,0,0,201027122504wd,1297920100423103524,KING MACKEREL,,142.41576624,25,65,201027122504wd,,0,05/04/2021
2010,12,5,3,1297920100423001,7,2,04,wd,8850030501,655,1.8,0,0,201027122504wd,1297920100423103524,KING MACKEREL,,142.41576624,25,65,201027122504wd,,0,05/04/2021
2010,12,5,3,1297920100423001,7,2,04,wd,8850030501,660,1.58,0,0,201027122504wd,1297920100423103524,KING MACKEREL,,142.41576624,25,66,201027122504wd,,0,05/04/2021
2010,12,5,3,1297920100423001,7,2,04,wd,8850030501,695,2.04,0,0,201027122504wd,1297920100423103524,KING MACKEREL,,142.41576624,27,69,201027122504wd,,0,05/04/2021
2010,12,5,3,1297920100423001,7,2,04,wd,8850030501,840,3.82,0,0,201027122504wd,1297920100423103524,KING MACKEREL,,142.41576624,33,84,201027122504wd,,0,05/04/2021
2010,12,5,3,1297920100423001,7,2,04,wd,8837010104,1137,9.22,0,0,201027122504wd,1297920100423103524,GREAT BARRACUDA,,142.41576624,44,113,201027122504wd,,0,05/04/2021
2010,12,5,3,1297920100423003,7,2,04,wd,,,,0,0,201027122504wd,1297920100423103524,,,142.41576624,,,201027122504wd,,0,05/04/2021
2010,12,5,3,1297920100423004,7,2,04,wd,,,,0,0,201027122504wd,1297920100423103524,,,142.41576624,,,201027122504wd,,0,05/04/2021
2010,12,5,3,1297920100423005,7,2,04,wd,8850030501,610,1.58,1,1,201027122504wd,1297920100423103524,KING MACKEREL,,284.83153248,24,61,201027122504wd,,0,05/04/2021
2010,12,5,3,1297920100423005,7,2,04,wd,8850030501,655,1.8,1,1,201027122504wd,1297920100423103524,KING MACKEREL,,284.83153248,25,65,201027122504wd,,0,05/04/2021
2010,12,5,3,1297920100423005,7,2,04,wd,8850030501,702,2.2,1,1,201027122504wd,1297920100423103524,KING MACKEREL,,284.83153248,27,70,201027122504wd,,0,05/04/2021
2010,12,5,3,1297920100423005,7,2,04,wd,8850030501,723,2.44,1,1,201027122504wd,1297920100423103524,KING MACKEREL,,284.83153248,28,72,201027122504wd,,0,05/04/2021
2010,12,5,3,1297920100423005,7,2,04,wd,8850030501,755,2.56,1,1,201027122504wd,1297920100423103524,KING MACKEREL,,284.83153248,29,75,201027122504wd,,0,05/04/2021
2010,12,5,3,1297920100423005,7,2,04,wd,8835400102,248,0.34,1,1,201027122504wd,1297920100423103524,WHITE GRUNT,,313.31468573,9,24,201027122504wd,,0,05/04/2021
2010,12,5,3,1297920100423005,7,2,04,wd,8835400102,248,0.34,1,1,201027122504wd,1297920100423103524,WHITE GRUNT,,313.31468573,9,24,201027122504wd,,0,05/04/2021
2010,12,5,3,1297920100423005,7,2,04,wd,8835400102,254,0.32,1,1,201027122504wd,1297920100423103524,WHITE GRUNT,,313.31468573,9,25,201027122504wd,,0,05/04/2021
2010,12,5,3,1297920100423005,7,2,04,wd,8835400102,294,0.56,1,1,201027122504wd,1297920100423103524,WHITE GRUNT,,313.31468573,11,29,201027122504wd,,0,05/04/2021
2010,12,5,3,1297920100423005,7,2,04,wd,8835400102,254,0.32,1,1,201027122504wd,1297920100423103524,WHITE GRUNT,,313.31468573,9,25,201027122504wd,,0,05/04/2021
2010,12,5,3,1297920100423005,7,2,04,wd,8835020501,765,6.38,1,1,201027122504wd,1297920100423103524,GAG,,142.41576624,30,76,201027122504wd,,0,05/04/2021
2010,12,5,3,1297920100423005,7,2,04,wd,8835020501,670,3.5,0,0,201027122504wd,1297920100423103524,GAG,,142.41576624,26,67,201027122504wd,,0,05/04/2021
2010,12,5,3,1297920100423005,7,2,04,wd,8835020501,639,3.33,1,1,201027122504wd,1297920100423103524,GAG,,142.41576624,25,63,201027122504wd,,0,05/04/2021
2010,12,5,3,1297920100423005,7,2,04,wd,8835020501,670,3.5,1,1,201027122504wd,1297920100423103524,GAG,,142.41576624,26,67,201027122504wd,,0,05/04/2021
2010,12,5,3,1297920100423006,7,2,04,wd,,,,0,0,201027122504wd,1297920100423103524,,,142.41576624,,,201027122504wd,,0,05/04/2021
2010,12,5,3,1297920100423007,7,2,04,wd,,,,0,0,201027122504wd,1297920100423103524,,,142.41576624,,,201027122504wd,,0,05/04/2021
2010,12,5,3,1297920100423009,7,2,04,wd,8850030501,626,1.5,1,1,201027122504wd,1297920100423103524,KING MACKEREL,,142.41576624,24,62,201027122504wd,,0,05/04/2021
2010,12,5,3,1297920100423009,7,2,04,wd,8850030501,634,1.5,0,0,201027122504wd,1297920100423103524,KING MACKEREL,,142.41576624,24,63,201027122504wd,,0,05/04/2021
2010,12,5,3,1297920100423009,7,2,04,wd,8850030501,635,1.64,0,0,201027122504wd,1297920100423103524,KING MACKEREL,,142.41576624,24,63,201027122504wd,,0,05/04/2021
2010,12,5,3,1297920100423009,7,2,04,wd,8850030501,645,1.7,0,0,201027122504wd,1297920100423103524,KING MACKEREL,,142.41576624,25,64,201027122504wd,,0,05/04/2021
2010,12,5,3,1297920100423009,7,2,04,wd,8850030501,645,1.65,0,0,201027122504wd,1297920100423103524,KING MACKEREL,,142.41576624,25,64,201027122504wd,,0,05/04/2021
2010,12,5,3,1297920100423009,7,2,04,wd,8850030501,665,1.76,0,0,201027122504wd,1297920100423103524,KING MACKEREL,,142.41576624,26,66,201027122504wd,,0,05/04/2021
2010,12,5,3,1297920100423009,7,2,04,wd,8850030501,672,1.72,1,1,201027122504wd,1297920100423103524,KING MACKEREL,,142.41576624,26,67,201027122504wd,,0,05/04/2021
2010,12,5,3,1297920100423009,7,2,04,wd,8850030501,685,1.9,0,0,201027122504wd,1297920100423103524,KING MACKEREL,,142.41576624,26,68,201027122504wd,,0,05/04/2021
2010,12,5,3,1297920100423009,7,2,04,wd,8850030501,692,1.84,1,1,201027122504wd,1297920100423103524,KING MACKEREL,,142.41576624,27,69,201027122504wd,,0,05/04/2021
2010,12,5,3,1297920100423009,7,2,04,wd,8850030501,723,2.44,0,0,201027122504wd,1297920100423103524,KING MACKEREL,,142.41576624,28,72,201027122504wd,,0,05/04/2021
2010,12,5,3,1297920100423009,7,2,04,wd,8850030501,755,2.56,0,0,201027122504wd,1297920100423103524,KING MACKEREL,,142.41576624,29,75,201027122504wd,,0,05/04/2021
2010,12,5,3,1297920100423009,7,2,04,wd,8850030501,900,5.04,1,1,201027122504wd,1297920100423103524,KING MACKEREL,,142.41576624,35,90,201027122504wd,,0,05/04/2021
2010,12,5,3,1297920100423009,7,2,04,wd,8850030501,610,1.58,0,0,201027122504wd,1297920100423103524,KING MACKEREL,,142.41576624,24,61,201027122504wd,,0,05/04/2021
2010,12,5,3,1297920100423009,7,2,04,wd,8850030501,620,1.66,0,0,201027122504wd,1297920100423103524,KING MACKEREL,,142.41576624,24,62,201027122504wd,,0,05/04/2021
2010,12,5,3,1297920100423009,7,2,04,wd,8850030501,626,1.5,0,0,201027122504wd,1297920100423103524,KING MACKEREL,,142.41576624,24,62,201027122504wd,,0,05/04/2021
2010,12,5,3,1297920100423010,7,2,04,wd,,,,0,0,201027122504wd,1297920100423103524,,,118.57973693,,,201027122504wd,,0,05/04/2021
2010,12,5,3,1297920100423011,7,2,04,wd,,,,0,0,201027122504wd,1297920100423103524,,,142.41576624,,,201027122504wd,,0,05/04/2021
2010,12,5,3,1297920100423012,7,2,04,wd,,,,0,0,201027122504wd,1297920100423103524,,,142.41576624,,,201027122504wd,,0,05/04/2021
2010,12,5,3,1297920100423014,7,2,04,wd,,,,0,0,201027122504wd,1297920100423103524,,,118.57973693,,,201027122504wd,,0,05/04/2021
2010,12,5,3,1297920100423015,7,2,04,wd,8850030502,435,0.56,0,0,201027122504wd,1297920100423103524,SPANISH MACKEREL,,142.41576624,17,43,201027122504wd,,0,05/04/2021
2010,12,5,3,1297920100423015,7,2,04,wd,8850030502,500,0.86,0,0,201027122504wd,1297920100423103524,SPANISH MACKEREL,,142.41576624,19,50,201027122504wd,,0,05/04/2021
2010,12,5,3,1297920100423015,7,2,04,wd,8850030501,645,1.34,0,0,201027122504wd,1297920100423103524,KING MACKEREL,,142.41576624,25,64,201027122504wd,,0,05/04/2021
2010,12,5,3,1297920100423015,7,2,04,wd,8850030501,650,1.78,0,0,201027122504wd,1297920100423103524,KING MACKEREL,,142.41576624,25,65,201027122504wd,,0,05/04/2021
2010,12,5,3,1297920100423015,7,2,04,wd,8850030501,660,1.84,0,0,201027122504wd,1297920100423103524,KING MACKEREL,,142.41576624,25,66,201027122504wd,,0,05/04/2021
2010,12,5,3,1297920100423015,7,2,04,wd,8850030501,710,2.4,0,0,201027122504wd,1297920100423103524,KING MACKEREL,,142.41576624,27,71,201027122504wd,,0,05/04/2021
2010,12,5,3,1297920100423016,7,2,04,wd,,,,0,0,201027122504wd,1297920100423103524,,,142.41576624,,,201027122504wd,,0,05/04/2021
2010,12,5,3,1297920100423017,7,2,04,wd,8850030502,380,0.5,1,1,201027122504wd,1297920100423103524,SPANISH MACKEREL,,118.57973693,14,38,201027122504wd,,0,05/04/2021
2010,12,5,3,1297920100423017,7,2,04,wd,8850030502,403,0.52,1,1,201027122504wd,1297920100423103524,SPANISH MACKEREL,,118.57973693,15,40,201027122504wd,,0,05/04/2021
2010,12,5,3,1297920100423017,7,2,04,wd,8850030502,465,0.92,1,1,201027122504wd,1297920100423103524,SPANISH MACKEREL,,118.57973693,18,46,201027122504wd,,0,05/04/2021
2010,12,5,3,1297920100423017,7,2,04,wd,8850030502,500,0.86,1,1,201027122504wd,1297920100423103524,SPANISH MACKEREL,,118.57973693,19,50,201027122504wd,,0,05/04/2021
2010,12,5,3,1297920100423017,7,2,04,wd,8850030501,631,1.58,0,0,201027122504wd,1297920100423103524,KING MACKEREL,,127.70125516,24,63,201027122504wd,,0,05/04/2021
2010,12,5,3,1297920100423017,7,2,04,wd,8850030501,649,1.66,1,1,201027122504wd,1297920100423103524,KING MACKEREL,,127.70125516,25,64,201027122504wd,,0,05/04/2021
2010,12,5,3,1297920100423017,7,2,04,wd,8850030501,652,1.62,0,0,201027122504wd,1297920100423103524,KING MACKEREL,,127.70125516,25,65,201027122504wd,,0,05/04/2021
2010,12,5,3,1297920100423017,7,2,04,wd,8850030501,656,1.78,0,0,201027122504wd,1297920100423103524,KING MACKEREL,,127.70125516,25,65,201027122504wd,,0,05/04/2021
2010,12,5,3,1297920100423017,7,2,04,wd,8850030501,660,1.96,0,0,201027122504wd,1297920100423103524,KING MACKEREL,,127.70125516,25,66,201027122504wd,,0,05/04/2021
2010,12,5,3,1297920100423017,7,2,04,wd,8850030501,665,1.7,0,0,201027122504wd,1297920100423103524,KING MACKEREL,,127.70125516,26,66,201027122504wd,,0,05/04/2021
2010,12,5,3,1297920100423017,7,2,04,wd,8850030501,672,1.72,0,0,201027122504wd,1297920100423103524,KING MACKEREL,,127.70125516,26,67,201027122504wd,,0,05/04/2021
2010,12,5,3,1297920100423017,7,2,04,wd,8850030501,681,2.62,1,1,201027122504wd,1297920100423103524,KING MACKEREL,,127.70125516,26,68,201027122504wd,,0,05/04/2021
2010,12,5,3,1297920100423017,7,2,04,wd,8850030501,687,1.8,0,0,201027122504wd,1297920100423103524,KING MACKEREL,,127.70125516,27,68,201027122504wd,,0,05/04/2021
2010,12,5,3,1297920100423017,7,2,04,wd,8850030501,692,1.84,0,0,201027122504wd,1297920100423103524,KING MACKEREL,,127.70125516,27,69,201027122504wd,,0,05/04/2021
2010,12,5,3,1297920100423017,7,2,04,wd,8850030501,700,1.96,0,0,201027122504wd,1297920100423103524,KING MACKEREL,,127.70125516,27,70,201027122504wd,,0,05/04/2021
2010,12,5,3,1297920100423017,7,2,04,wd,8850030501,802,3.64,1,1,201027122504wd,1297920100423103524,KING MACKEREL,,127.70125516,31,80,201027122504wd,,0,05/04/2021
2010,12,5,3,1297920100423017,7,2,04,wd,8850030501,865,4.56,1,1,201027122504wd,1297920100423103524,KING MACKEREL,,127.70125516,34,86,201027122504wd,,0,05/04/2021
2010,12,5,3,1297920100423020,7,2,04,wd,,,,0,0,201027122504wd,1297920100423103524,,,118.57973693,,,201027122504wd,,0,05/04/2021
2010,12,5,3,1297920100423021,7,2,04,wd,,,,0,0,201027122504wd,1297920100423103524,,,142.41576624,,,201027122504wd,,0,05/04/2021
2010,12,5,3,1297920100423022,7,2,04,wd,,,,0,0,201027122504wd,1297920100423103524,,,118.57973693,,,201027122504wd,,0,05/04/2021
2010,12,5,4,1297920100423023,7,2,04,wd,8850030502,458,0.73,1,1,201027122504wd,1297920100423103524,SPANISH MACKEREL,,94.569683075,18,45,201027122504wd,,0,05/04/2021
2010,12,5,4,1297920100423023,7,2,04,wd,8850030501,730,2.22,0,0,201027122504wd,1297920100423103524,KING MACKEREL,,162.1194567,28,73,201027122504wd,,0,05/04/2021
2010,12,5,4,1297920100423023,7,2,04,wd,8850030501,735,2.46,0,0,201027122504wd,1297920100423103524,KING MACKEREL,,162.1194567,28,73,201027122504wd,,0,05/04/2021
2010,12,5,4,1297920100423023,7,2,04,wd,8850030501,841,3.94,1,1,201027122504wd,1297920100423103524,KING MACKEREL,,162.1194567,33,84,201027122504wd,,0,05/04/2021
2010,12,5,4,1297920100423023,7,2,04,wd,8850030501,850,3.26,1,1,201027122504wd,1297920100423103524,KING MACKEREL,,162.1194567,33,85,201027122504wd,,0,05/04/2021
2010,12,5,4,1297920100423023,7,2,04,wd,8850030501,870,4.52,0,0,201027122504wd,1297920100423103524,KING MACKEREL,,162.1194567,34,87,201027122504wd,,0,05/04/2021
2010,12,5,4,1297920100423023,7,2,04,wd,8850030501,870,4.52,1,1,201027122504wd,1297920100423103524,KING MACKEREL,,162.1194567,34,87,201027122504wd,,0,05/04/2021
2010,12,5,4,1297920100423023,7,2,04,wd,8850030501,1076.3198379,8.85,1,1,201027122504wd,1297920100423103524,KING MACKEREL,,162.1194567,42,107,201027122504wd,,0,05/04/2021
2010,12,5,4,1297920100423023,7,2,04,wd,8835020501,535,2.4,1,1,201027122504wd,1297920100423103524,GAG,,94.569683075,21,53,201027122504wd,,0,05/04/2021
2010,12,5,4,1297920100423023,7,2,04,wd,8835020501,570,2.4,0,0,201027122504wd,1297920100423103524,GAG,,94.569683075,22,57,201027122504wd,,0,05/04/2021
2010,12,5,4,1297920100423023,7,2,04,wd,8835020501,602,2.86,0,0,201027122504wd,1297920100423103524,GAG,,94.569683075,23,60,201027122504wd,,0,05/04/2021
2010,12,5,4,1297920100423023,7,2,04,wd,8835020501,698,4.06,0,0,201027122504wd,1297920100423103524,GAG,,94.569683075,27,69,201027122504wd,,0,05/04/2021
2010,12,5,4,1297920100423024,7,2,04,wd,,,,0,0,201027122504wd,1297920100423103524,,,94.569683075,,,201027122504wd,,0,05/04/2021
2010,12,5,4,1297920100423025,7,2,04,wd,,,,0,0,201027122504wd,1297920100423103524,,,94.569683075,,,201027122504wd,,0,05/04/2021
2010,12,5,4,1297920100423026,7,2,04,wd,,,,0,0,201027122504wd,1297920100423103524,,,94.569683075,,,201027122504wd,,0,05/04/2021
2010,12,5,4,1297920100423027,7,2,04,wd,8835360102,367,0.72,0,0,201027122504wd,1297920100423103524,GRAY SNAPPER,,94.569683075,14,36,201027122504wd,,0,05/04/2021
2010,12,5,4,1297920100423027,7,2,04,wd,8835020501,545,2.28,0,0,201027122504wd,1297920100423103524,GAG,,94.569683075,21,54,201027122504wd,,0,05/04/2021
2010,12,5,4,1297920100423027,7,2,04,wd,8835020501,550,1.92,0,0,201027122504wd,1297920100423103524,GAG,,94.569683075,21,55,201027122504wd,,0,05/04/2021
2010,12,5,4,1297920100423027,7,2,04,wd,8835020501,555,2.26,0,0,201027122504wd,1297920100423103524,GAG,,94.569683075,21,55,201027122504wd,,0,05/04/2021
2010,12,5,4,1297920100423027,7,2,04,wd,8835020501,559,2.16,0,0,201027122504wd,1297920100423103524,GAG,,94.569683075,22,55,201027122504wd,,0,05/04/2021
2010,12,5,4,1297920100423027,7,2,04,wd,8835020501,576,2.3,0,0,201027122504wd,1297920100423103524,GAG,,94.569683075,22,57,201027122504wd,,0,05/04/2021
2010,12,5,4,1297920100423027,7,2,04,wd,8835020501,610,3.08,0,0,201027122504wd,1297920100423103524,GAG,,94.569683075,24,61,201027122504wd,,0,05/04/2021
2010,12,5,4,1297920100423027,7,2,04,wd,8835020501,610,3.02,0,0,201027122504wd,1297920100423103524,GAG,,94.569683075,24,61,201027122504wd,,0,05/04/2021
2010,12,5,4,1297920100423027,7,2,04,wd,8835020501,640,3.2,0,0,201027122504wd,1297920100423103524,GAG,,94.569683075,25,64,201027122504wd,,0,05/04/2021
2010,12,5,4,1297920100423027,7,2,04,wd,8835020501,652,3.46,0,0,201027122504wd,1297920100423103524,GAG,,94.569683075,25,65,201027122504wd,,0,05/04/2021
2010,12,5,4,1297920100423027,7,2,04,wd,8835020501,699,4.16,0,0,201027122504wd,1297920100423103524,GAG,,94.569683075,27,69,201027122504wd,,0,05/04/2021
2010,12,5,4,1297920100423027,7,2,04,wd,8835020501,725,4.92,0,0,201027122504wd,1297920100423103524,GAG,,94.569683075,28,72,201027122504wd,,0,05/04/2021
2010,12,5,4,1297920100423027,7,2,04,wd,8835020501,756,6.36,0,0,201027122504wd,1297920100423103524,GAG,,94.569683075,29,75,201027122504wd,,0,05/04/2021
2010,12,5,4,1297920100423029,7,2,04,wd,,,,0,0,201027122504wd,1297920100423103524,,,94.569683075,,,201027122504wd,,0,05/04/2021
2010,12,5,4,1297920100423030,7,2,04,wd,,,,0,0,201027122504wd,1297920100423103524,,,94.569683075,,,201027122504wd,,0,05/04/2021
2010,12,5,4,1297920100423032,7,2,04,wd,,,,0,0,201027122504wd,1297920100423103524,,,94.569683075,,,201027122504wd,,0,05/04/2021
2010,12,5,5,1476720100306001,7,2,03,we,8835440102,410,0.58,0,0,201027122503we,147672010030671305,SPOTTED SEATROUT,,318.52503395,16,41,201027122503we,,0,05/04/2021
2010,12,5,5,1476720100306002,7,2,03,we,8835440102,400,0.6,0,0,201027122503we,147672010030671305,SPOTTED SEATROUT,,265.21371706,15,40,201027122503we,,0,05/04/2021
2010,12,5,5,1476720100306003,7,2,03,we,,,,0,0,201027122503we,147672010030671305,,,384.30235015,,,201027122503we,,0,05/04/2021
2010,12,5,3,1476720100316001,7,2,03,wd,8835280901,395,1.01,0,0,201027122503wd,1476720100316711677,FLORIDA POMPANO,,365.16312002,15,39,201027122503wd,,0,05/04/2021
2010,12,5,3,1476720100316002,7,2,03,wd,,,,0,0,201027122503wd,1476720100316711677,,,365.16312002,,,201027122503wd,,0,05/04/2021
2010,12,5,3,1476720100316003,7,2,03,wd,,,,0,0,201027122503wd,1476720100316711677,,,365.16312002,,,201027122503wd,,0,05/04/2021
2010,12,5,3,1476720100316004,7,2,03,wd,,,,0,0,201027122503wd,1476720100316711677,,,365.16312002,,,201027122503wd,,0,05/04/2021
2010,12,5,3,1476720100316005,7,2,03,wd,8850030502,390,0.46,0,0,201027122503wd,1476720100316711677,SPANISH MACKEREL,,365.16312002,15,39,201027122503wd,,0,05/04/2021
2010,12,5,3,1476720100316005,7,2,03,wd,8850030502,420,0.58,0,0,201027122503wd,1476720100316711677,SPANISH MACKEREL,,365.16312002,16,42,201027122503wd,,0,05/04/2021
2010,12,5,3,1476720100316006,7,2,03,wd,8850030502,363,0.4,0,0,201027122503wd,1476720100316711677,SPANISH MACKEREL,,365.16312002,14,36,201027122503wd,,0,05/04/2021
2010,12,5,3,1476720100316006,7,2,03,wd,8850030502,420,0.66,0,0,201027122503wd,1476720100316711677,SPANISH MACKEREL,,365.16312002,16,42,201027122503wd,,0,05/04/2021
2010,12,5,3,1476720100316007,7,2,03,wd,,,,0,0,201027122503wd,1476720100316711677,,,365.16312002,,,201027122503wd,,0,05/04/2021
2010,12,5,3,1476720100316008,7,2,03,wd,,,,0,0,201027122503wd,1476720100316711677,,,365.16312002,,,201027122503wd,,0,05/04/2021
2010,12,5,3,1476720100316009,7,2,03,wd,,,,0,0,201027122503wd,1476720100316711677,,,365.16312002,,,201027122503wd,,0,05/04/2021
2010,12,5,3,1476720100316010,7,2,03,wd,,,,0,0,201027122503wd,1476720100316711677,,,365.16312002,,,201027122503wd,,0,05/04/2021
2010,12,5,3,1476720100316011,7,2,03,wd,,,,0,0,201027122503wd,1476720100316711677,,,365.16312002,,,201027122503wd,,0,05/04/2021
2010,12,5,3,1476720100316012,7,2,03,wd,,,,0,0,201027122503wd,1476720100316711677,,,365.16312002,,,201027122503wd,,0,05/04/2021
2010,12,5,3,1476720100316013,7,2,03,wd,,,,0,0,201027122503wd,1476720100316711677,,,365.16312002,,,201027122503wd,,0,05/04/2021
2010,12,5,4,1476720100316014,7,2,03,wd,8835400102,236,0.22,0,0,201027122503wd,147672010031671942,WHITE GRUNT,,175.94153281,9,23,201027122503wd,,0,05/04/2021
2010,12,5,4,1476720100316014,7,2,03,wd,8835400102,250,0.32,0,0,201027122503wd,147672010031671942,WHITE GRUNT,,175.94153281,9,25,201027122503wd,,0,05/04/2021
2010,12,5,4,1476720100316014,7,2,03,wd,8835400102,251,0.26,0,0,201027122503wd,147672010031671942,WHITE GRUNT,,175.94153281,9,25,201027122503wd,,0,05/04/2021
2010,12,5,4,1476720100316014,7,2,03,wd,8835400102,255,0.38,0,0,201027122503wd,147672010031671942,WHITE GRUNT,,175.94153281,10,25,201027122503wd,,0,05/04/2021
2010,12,5,4,1476720100316014,7,2,03,wd,8835400102,255,0.26,0,0,201027122503wd,147672010031671942,WHITE GRUNT,,175.94153281,10,25,201027122503wd,,0,05/04/2021
2010,12,5,4,1476720100316014,7,2,03,wd,8835400102,271,0.34,0,0,201027122503wd,147672010031671942,WHITE GRUNT,,175.94153281,10,27,201027122503wd,,0,05/04/2021
2010,12,5,4,1476720100316014,7,2,03,wd,8835400102,271,0.34,0,0,201027122503wd,147672010031671942,WHITE GRUNT,,175.94153281,10,27,201027122503wd,,0,05/04/2021
2010,12,5,4,1476720100316014,7,2,03,wd,8835400102,280,0.46,0,0,201027122503wd,147672010031671942,WHITE GRUNT,,175.94153281,11,28,201027122503wd,,0,05/04/2021
2010,12,5,4,1476720100316014,7,2,03,wd,8835400102,299,0.48,1,1,201027122503wd,147672010031671942,WHITE GRUNT,,175.94153281,11,29,201027122503wd,,0,05/04/2021
2010,12,5,4,1476720100316014,7,2,03,wd,8835400102,300,0.56,0,0,201027122503wd,147672010031671942,WHITE GRUNT,,175.94153281,11,30,201027122503wd,,0,05/04/2021
2010,12,5,4,1476720100316014,7,2,03,wd,8835400102,315,0.5,1,1,201027122503wd,147672010031671942,WHITE GRUNT,,175.94153281,12,31,201027122503wd,,0,05/04/2021
2010,12,5,4,1476720100316014,7,2,03,wd,8835400102,320,0.56,0,0,201027122503wd,147672010031671942,WHITE GRUNT,,175.94153281,12,32,201027122503wd,,0,05/04/2021
2010,12,5,4,1476720100316014,7,2,03,wd,8835400102,325,0.5,0,0,201027122503wd,147672010031671942,WHITE GRUNT,,175.94153281,12,32,201027122503wd,,0,05/04/2021
2010,12,5,4,1476720100316014,7,2,03,wd,8835400102,275,0.46,0,0,201027122503wd,147672010031671942,WHITE GRUNT,,175.94153281,10,27,201027122503wd,,0,05/04/2021
2010,12,5,4,1476720100316014,7,2,03,wd,8835400102,300,0.46,1,1,201027122503wd,147672010031671942,WHITE GRUNT,,175.94153281,11,30,201027122503wd,,0,05/04/2021
2010,12,5,4,1476720100316014,7,2,03,wd,8835400102,305,0.56,1,1,201027122503wd,147672010031671942,WHITE GRUNT,,175.94153281,12,30,201027122503wd,,0,05/04/2021
2010,12,5,4,1476720100316014,7,2,03,wd,8835400102,321,0.62,0,0,201027122503wd,147672010031671942,WHITE GRUNT,,175.94153281,12,32,201027122503wd,,0,05/04/2021
2010,12,5,4,1476720100316014,7,2,03,wd,8835360102,406,0.96,0,0,201027122503wd,147672010031671942,GRAY SNAPPER,,283.03637887,15,40,201027122503wd,,0,05/04/2021
2010,12,5,4,1476720100316014,7,2,03,wd,8835360102,401,0.92,1,1,201027122503wd,147672010031671942,GRAY SNAPPER,,283.03637887,15,40,201027122503wd,,0,05/04/2021
2010,12,5,4,1476720100316014,7,2,03,wd,8835360102,292,0.34,0,0,201027122503wd,147672010031671942,GRAY SNAPPER,,283.03637887,11,29,201027122503wd,,0,05/04/2021
2010,12,5,4,1476720100316014,7,2,03,wd,8835360102,292,0.34,0,0,201027122503wd,147672010031671942,GRAY SNAPPER,,283.03637887,11,29,201027122503wd,,0,05/04/2021
2010,12,5,4,1476720100316014,7,2,03,wd,8835360102,300,0.42,0,0,201027122503wd,147672010031671942,GRAY SNAPPER,,283.03637887,11,30,201027122503wd,,0,05/04/2021
2010,12,5,4,1476720100316014,7,2,03,wd,8835400102,271,0.3,0,0,201027122503wd,147672010031671942,WHITE GRUNT,,175.94153281,10,27,201027122503wd,,0,05/04/2021
2010,12,5,4,1476720100316014,7,2,03,wd,8835360102,300,0.38,0,0,201027122503wd,147672010031671942,GRAY SNAPPER,,283.03637887,11,30,201027122503wd,,0,05/04/2021
2010,12,5,4,1476720100316014,7,2,03,wd,8835360102,310,0.48,0,0,201027122503wd,147672010031671942,GRAY SNAPPER,,283.03637887,12,31,201027122503wd,,0,05/04/2021
2010,12,5,4,1476720100316014,7,2,03,wd,8835360102,310,0.4,0,0,201027122503wd,147672010031671942,GRAY SNAPPER,,283.03637887,12,31,201027122503wd,,0,05/04/2021
2010,12,5,4,1476720100316014,7,2,03,wd,8835360102,311,0.44,0,0,201027122503wd,147672010031671942,GRAY SNAPPER,,283.03637887,12,31,201027122503wd,,0,05/04/2021
2010,12,5,4,1476720100316014,7,2,03,wd,8835400102,260,0.38,0,0,201027122503wd,147672010031671942,WHITE GRUNT,,175.94153281,10,26,201027122503wd,,0,05/04/2021
2010,12,5,4,1476720100316014,7,2,03,wd,8835360102,321,0.48,0,0,201027122503wd,147672010031671942,GRAY SNAPPER,,283.03637887,12,32,201027122503wd,,0,05/04/2021
2010,12,5,4,1476720100316014,7,2,03,wd,8835360102,322,0.46,0,0,201027122503wd,147672010031671942,GRAY SNAPPER,,283.03637887,12,32,201027122503wd,,0,05/04/2021
2010,12,5,4,1476720100316014,7,2,03,wd,8835360102,325,0.5,0,0,201027122503wd,147672010031671942,GRAY SNAPPER,,283.03637887,12,32,201027122503wd,,0,05/04/2021
2010,12,5,4,1476720100316014,7,2,03,wd,8835360102,331,0.5,0,0,201027122503wd,147672010031671942,GRAY SNAPPER,,283.03637887,13,33,201027122503wd,,0,05/04/2021
2010,12,5,4,1476720100316014,7,2,03,wd,8835360102,331,0.5,1,1,201027122503wd,147672010031671942,GRAY SNAPPER,,283.03637887,13,33,201027122503wd,,0,05/04/2021
2010,12,5,4,1476720100316014,7,2,03,wd,8835360102,340,0.54,0,0,201027122503wd,147672010031671942,GRAY SNAPPER,,283.03637887,13,34,201027122503wd,,0,05/04/2021
2010,12,5,4,1476720100316014,7,2,03,wd,8835360102,367,0.72,1,1,201027122503wd,147672010031671942,GRAY SNAPPER,,283.03637887,14,36,201027122503wd,,0,05/04/2021
2010,12,5,4,1476720100316014,7,2,03,wd,8835360102,380,0.72,0,0,201027122503wd,147672010031671942,GRAY SNAPPER,,283.03637887,14,38,201027122503wd,,0,05/04/2021
2010,12,5,4,1476720100316014,7,2,03,wd,8835360102,380,0.72,1,1,201027122503wd,147672010031671942,GRAY SNAPPER,,283.03637887,14,38,201027122503wd,,0,05/04/2021
2010,12,5,4,1476720100316014,7,2,03,wd,8835360102,401,0.92,0,0,201027122503wd,147672010031671942,GRAY SNAPPER,,283.03637887,15,40,201027122503wd,,0,05/04/2021
2010,12,5,4,1476720100316015,7,2,03,wd,,,,0,0,201027122503wd,147672010031671942,,,145.34300536,,,201027122503wd,,0,05/04/2021
2010,12,5,4,1476720100316016,7,2,03,wd,,,,0,0,201027122503wd,147672010031671942,,,145.34300536,,,201027122503wd,,0,05/04/2021
2010,12,5,4,1476720100316017,7,2,03,wd,,,,0,0,201027122503wd,147672010031671942,,,145.34300536,,,201027122503wd,,0,05/04/2021
2010,12,5,4,1476720100316018,7,2,03,wd,,,,0,0,201027122503wd,147672010031671942,,,145.34300536,,,201027122503wd,,0,05/04/2021
2010,12,5,4,1476720100316019,7,2,03,wd,,,,0,0,201027122503wd,147672010031671942,,,145.34300536,,,201027122503wd,,0,05/04/2021
2010,12,5,4,1476720100320001,7,2,03,we,8835400102,255,0.3,1,1,201027122503we,147672010032071942,WHITE GRUNT,,121.44658849,10,25,201027122503we,,0,05/04/2021
2010,12,5,4,1476720100320001,7,2,03,we,8835400102,282,0.44,0,0,201027122503we,147672010032071942,WHITE GRUNT,,121.44658849,11,28,201027122503we,,0,05/04/2021
2010,12,5,4,1476720100320001,7,2,03,we,8835400102,249,0.32,1,1,201027122503we,147672010032071942,WHITE GRUNT,,121.44658849,9,24,201027122503we,,0,05/04/2021
2010,12,5,4,1476720100320001,7,2,03,we,8835400102,241,0.28,0,0,201027122503we,147672010032071942,WHITE GRUNT,,121.44658849,9,24,201027122503we,,0,05/04/2021
2010,12,5,4,1476720100320001,7,2,03,we,8835400102,235,0.24,0,0,201027122503we,147672010032071942,WHITE GRUNT,,121.44658849,9,23,201027122503we,,0,05/04/2021
2010,12,5,4,1476720100320001,7,2,03,we,8835400102,261,0.4,0,0,201027122503we,147672010032071942,WHITE GRUNT,,121.44658849,10,26,201027122503we,,0,05/04/2021
2010,12,5,4,1476720100320001,7,2,03,we,8835400102,264,0.34,0,0,201027122503we,147672010032071942,WHITE GRUNT,,121.44658849,10,26,201027122503we,,0,05/04/2021
2010,12,5,4,1476720100320001,7,2,03,we,8835400102,291,0.4,0,0,201027122503we,147672010032071942,WHITE GRUNT,,121.44658849,11,29,201027122503we,,0,05/04/2021
2010,12,5,4,1476720100320001,7,2,03,we,8835400102,303,0.56,0,0,201027122503we,147672010032071942,WHITE GRUNT,,121.44658849,11,30,201027122503we,,0,05/04/2021
2010,12,5,4,1476720100320001,7,2,03,we,8835400102,262,0.34,0,0,201027122503we,147672010032071942,WHITE GRUNT,,121.44658849,10,26,201027122503we,,0,05/04/2021
2010,12,5,4,1476720100320001,7,2,03,we,8835400102,286,0.42,0,0,201027122503we,147672010032071942,WHITE GRUNT,,121.44658849,11,28,201027122503we,,0,05/04/2021
2010,12,5,4,1476720100320001,7,2,03,we,8835400102,285,0.4,1,1,201027122503we,147672010032071942,WHITE GRUNT,,121.44658849,11,28,201027122503we,,0,05/04/2021
2010,12,5,4,1476720100320001,7,2,03,we,8835400102,245,0.3,0,0,201027122503we,147672010032071942,WHITE GRUNT,,121.44658849,9,24,201027122503we,,0,05/04/2021
2010,12,5,4,1476720100320001,7,2,03,we,8835400102,301,0.54,0,0,201027122503we,147672010032071942,WHITE GRUNT,,121.44658849,11,30,201027122503we,,0,05/04/2021
2010,12,5,4,1476720100320001,7,2,03,we,8835400102,275,0.42,0,0,201027122503we,147672010032071942,WHITE GRUNT,,121.44658849,10,27,201027122503we,,0,05/04/2021
2010,12,5,4,1476720100320001,7,2,03,we,8835400102,275,0.38,0,0,201027122503we,147672010032071942,WHITE GRUNT,,121.44658849,10,27,201027122503we,,0,05/04/2021
2010,12,5,4,1476720100320001,7,2,03,we,8835400102,282,0.4,1,1,201027122503we,147672010032071942,WHITE GRUNT,,121.44658849,11,28,201027122503we,,0,05/04/2021
2010,12,5,4,1476720100320001,7,2,03,we,8835400102,275,0.36,0,0,201027122503we,147672010032071942,WHITE GRUNT,,121.44658849,10,27,201027122503we,,0,05/04/2021
2010,12,5,4,1476720100320001,7,2,03,we,8835360102,356,0.56,0,0,201027122503we,147672010032071942,GRAY SNAPPER,,109.30192964,14,35,201027122503we,,0,05/04/2021
2010,12,5,4,1476720100320002,7,2,03,we,,,,0,0,201027122503we,147672010032071942,,,109.68170316,,,201027122503we,,0,05/04/2021
2010,12,5,4,1476720100320003,7,2,03,we,8835400102,235,0.28,0,0,201027122503we,1476720100320713252,WHITE GRUNT,,735.97790114,9,23,201027122503we,,0,05/04/2021
2010,12,5,4,1476720100320003,7,2,03,we,8835400102,249,0.26,0,0,201027122503we,1476720100320713252,WHITE GRUNT,,735.97790114,9,24,201027122503we,,0,05/04/2021
2010,12,5,4,1476720100320003,7,2,03,we,8835400102,255,0.3,0,0,201027122503we,1476720100320713252,WHITE GRUNT,,735.97790114,10,25,201027122503we,,0,05/04/2021
2010,12,5,4,1476720100320003,7,2,03,we,8835400102,299,0.48,0,0,201027122503we,1476720100320713252,WHITE GRUNT,,735.97790114,11,29,201027122503we,,0,05/04/2021
2010,12,5,4,1476720100320003,7,2,03,we,8835400102,305,0.56,0,0,201027122503we,1476720100320713252,WHITE GRUNT,,735.97790114,12,30,201027122503we,,0,05/04/2021
2010,12,5,4,1476720100320003,7,2,03,we,8835400102,235,0.28,1,1,201027122503we,1476720100320713252,WHITE GRUNT,,735.97790114,9,23,201027122503we,,0,05/04/2021
2010,12,5,4,1476720100320003,7,2,03,we,8835400102,300,0.46,0,0,201027122503we,1476720100320713252,WHITE GRUNT,,735.97790114,11,30,201027122503we,,0,05/04/2021
2010,12,5,4,1476720100320003,7,2,03,we,8835400102,318,0.56,0,0,201027122503we,1476720100320713252,WHITE GRUNT,,735.97790114,12,31,201027122503we,,0,05/04/2021
2010,12,5,4,1476720100320003,7,2,03,we,8835400102,241,0.26,1,1,201027122503we,1476720100320713252,WHITE GRUNT,,735.97790114,9,24,201027122503we,,0,05/04/2021
2010,12,5,4,1476720100320003,7,2,03,we,8835400102,249,0.26,1,1,201027122503we,1476720100320713252,WHITE GRUNT,,735.97790114,9,24,201027122503we,,0,05/04/2021
2010,12,5,4,1476720100320003,7,2,03,we,8835400102,285,0.4,0,0,201027122503we,1476720100320713252,WHITE GRUNT,,735.97790114,11,28,201027122503we,,0,05/04/2021
2010,12,5,4,1476720100320003,7,2,03,we,8835400102,282,0.4,0,0,201027122503we,1476720100320713252,WHITE GRUNT,,735.97790114,11,28,201027122503we,,0,05/04/2021
2010,12,5,4,1476720100320003,7,2,03,we,8835400102,274,0.34,0,0,201027122503we,1476720100320713252,WHITE GRUNT,,735.97790114,10,27,201027122503we,,0,05/04/2021
2010,12,5,4,1476720100320003,7,2,03,we,8835400102,296,0.46,0,0,201027122503we,1476720100320713252,WHITE GRUNT,,735.97790114,11,29,201027122503we,,0,05/04/2021
2010,12,5,4,1476720100320003,7,2,03,we,8835400102,291,0.42,1,1,201027122503we,1476720100320713252,WHITE GRUNT,,735.97790114,11,29,201027122503we,,0,05/04/2021
2010,12,5,4,1476720100320003,7,2,03,we,8835400102,315,0.5,0,0,201027122503we,1476720100320713252,WHITE GRUNT,,735.97790114,12,31,201027122503we,,0,05/04/2021
2010,12,5,4,1476720100320003,7,2,03,we,8835360112,252,0.24,0,0,201027122503we,1476720100320713252,LANE SNAPPER,,308.08377257,9,25,201027122503we,,0,05/04/2021
2010,12,5,4,1476720100320003,7,2,03,we,8835400102,249,0.32,0,0,201027122503we,1476720100320713252,WHITE GRUNT,,735.97790114,9,24,201027122503we,,0,05/04/2021
2010,12,5,4,1476720100320003,7,2,03,we,8835360112,295,0.44,0,0,201027122503we,1476720100320713252,LANE SNAPPER,,308.08377257,11,29,201027122503we,,0,05/04/2021
2010,12,5,4,1476720100320003,7,2,03,we,8835360102,291,0.36,0,0,201027122503we,1476720100320713252,GRAY SNAPPER,,356.72857876,11,29,201027122503we,,0,05/04/2021
2010,12,5,4,1476720100320003,7,2,03,we,8835360102,300,0.42,0,0,201027122503we,1476720100320713252,GRAY SNAPPER,,356.72857876,11,30,201027122503we,,0,05/04/2021
2010,12,5,4,1476720100320003,7,2,03,we,8835360102,285,0.34,0,0,201027122503we,1476720100320713252,GRAY SNAPPER,,356.72857876,11,28,201027122503we,,0,05/04/2021
2010,12,5,4,1476720100320003,7,2,03,we,8835400102,241,0.26,0,0,201027122503we,1476720100320713252,WHITE GRUNT,,735.97790114,9,24,201027122503we,,0,05/04/2021
2010,12,5,4,1476720100320003,7,2,03,we,8835360102,295,0.38,0,0,201027122503we,1476720100320713252,GRAY SNAPPER,,356.72857876,11,29,201027122503we,,0,05/04/2021
2010,12,5,4,1476720100320003,7,2,03,we,8835360102,375,0.66,0,0,201027122503we,1476720100320713252,GRAY SNAPPER,,356.72857876,14,37,201027122503we,,0,05/04/2021
2010,12,5,4,1476720100320003,7,2,03,we,8835360102,290,0.34,0,0,201027122503we,1476720100320713252,GRAY SNAPPER,,356.72857876,11,29,201027122503we,,0,05/04/2021
2010,12,5,4,1476720100320003,7,2,03,we,8835360102,295,0.38,0,0,201027122503we,1476720100320713252,GRAY SNAPPER,,356.72857876,11,29,201027122503we,,0,05/04/2021
2010,12,5,4,1476720100320003,7,2,03,we,8835360102,303,0.42,0,0,201027122503we,1476720100320713252,GRAY SNAPPER,,356.72857876,11,30,201027122503we,,0,05/04/2021
2010,12,5,4,1476720100320003,7,2,03,we,8835360102,305,0.36,0,0,201027122503we,1476720100320713252,GRAY SNAPPER,,356.72857876,12,30,201027122503we,,0,05/04/2021
2010,12,5,4,1476720100320003,7,2,03,we,8835360102,310,0.48,1,1,201027122503we,1476720100320713252,GRAY SNAPPER,,356.72857876,12,31,201027122503we,,0,05/04/2021
2010,12,5,4,1476720100320003,7,2,03,we,8835360102,321,0.48,1,1,201027122503we,1476720100320713252,GRAY SNAPPER,,356.72857876,12,32,201027122503we,,0,05/04/2021
2010,12,5,4,1476720100320003,7,2,03,we,8835360102,322,0.46,1,1,201027122503we,1476720100320713252,GRAY SNAPPER,,356.72857876,12,32,201027122503we,,0,05/04/2021
2010,12,5,4,1476720100320003,7,2,03,we,8835360102,324,0.42,0,0,201027122503we,1476720100320713252,GRAY SNAPPER,,356.72857876,12,32,201027122503we,,0,05/04/2021
2010,12,5,4,1476720100320003,7,2,03,we,8835360102,325,0.46,0,0,201027122503we,1476720100320713252,GRAY SNAPPER,,356.72857876,12,32,201027122503we,,0,05/04/2021
2010,12,5,4,1476720100320003,7,2,03,we,8835360102,325,0.5,1,1,201027122503we,1476720100320713252,GRAY SNAPPER,,356.72857876,12,32,201027122503we,,0,05/04/2021
2010,12,5,4,1476720100320003,7,2,03,we,8835360102,334,0.52,0,0,201027122503we,1476720100320713252,GRAY SNAPPER,,356.72857876,13,33,201027122503we,,0,05/04/2021
2010,12,5,4,1476720100320003,7,2,03,we,8835360102,351,0.58,0,0,201027122503we,1476720100320713252,GRAY SNAPPER,,356.72857876,13,35,201027122503we,,0,05/04/2021
2010,12,5,4,1476720100320003,7,2,03,we,8835360102,355,0.66,0,0,201027122503we,1476720100320713252,GRAY SNAPPER,,356.72857876,13,35,201027122503we,,0,05/04/2021
2010,12,5,4,1476720100320003,7,2,03,we,8835360102,355,0.64,0,0,201027122503we,1476720100320713252,GRAY SNAPPER,,356.72857876,13,35,201027122503we,,0,05/04/2021
2010,12,5,4,1476720100320004,7,2,03,we,,,,0,0,201027122503we,1476720100320713252,,,256.52000245,,,201027122503we,,0,05/04/2021
2010,12,5,4,1476720100320005,7,2,03,we,,,,0,0,201027122503we,1476720100320713252,,,308.08377257,,,201027122503we,,0,05/04/2021
2010,12,5,4,1476720100320006,7,2,03,we,,,,0,0,201027122503we,1476720100320713252,,,256.52000245,,,201027122503we,,0,05/04/2021
2010,12,5,4,1476720100320007,7,2,03,we,,,,0,0,201027122503we,1476720100320713252,,,308.08377257,,,201027122503we,,0,05/04/2021
2010,12,5,4,1476720100320008,7,2,03,we,,,,0,0,201027122503we,1476720100320713252,,,308.08377257,,,201027122503we,,0,05/04/2021
2010,12,5,4,1476720100320009,7,2,03,we,,,,0,0,201027122503we,1476720100320713252,,,308.08377257,,,201027122503we,,0,05/04/2021
2010,12,5,4,1476720100320010,7,2,03,we,,,,0,0,201027122503we,1476720100320713252,,,256.52000245,,,201027122503we,,0,05/04/2021
2010,12,5,5,1476720100327004,7,2,03,we,8835280901,325,0.64,0,0,201027122503we,1476720100327211450,FLORIDA POMPANO,,260.6611257,12,32,201027122503we,,0,05/04/2021
2010,12,5,5,1476720100327005,7,2,03,we,8850030502,414,0.55,1,1,201027122503we,1476720100327211450,SPANISH MACKEREL,,261.46244072,16,41,201027122503we,,0,05/04/2021
2010,12,5,5,1476720100327005,7,2,03,we,8835280901,295,0.54,0,0,201027122503we,1476720100327211450,FLORIDA POMPANO,,260.6611257,11,29,201027122503we,,0,05/04/2021
2010,12,5,5,1476720100327005,7,2,03,we,8850030502,415,0.62,1,1,201027122503we,1476720100327211450,SPANISH MACKEREL,,261.46244072,16,41,201027122503we,,0,05/04/2021
2010,12,5,3,1476720100327009,7,2,03,we,8835280901,345,0.72,0,0,201027122503we,1476720100327211450,FLORIDA POMPANO,,131.00717393,13,34,201027122503we,,0,05/04/2021
2010,12,5,3,1476720100327009,7,2,03,we,8835430301,306,0.54,0,0,201027122503we,1476720100327211450,SHEEPSHEAD,,131.00717393,12,30,201027122503we,,0,05/04/2021
2010,12,5,3,1476720100327009,7,2,03,we,8835430301,368,1,0,0,201027122503we,1476720100327211450,SHEEPSHEAD,,131.00717393,14,36,201027122503we,,0,05/04/2021
2010,12,5,3,1476720100327009,7,2,03,we,8835430301,365,0.96,0,0,201027122503we,1476720100327211450,SHEEPSHEAD,,131.00717393,14,36,201027122503we,,0,05/04/2021
2010,12,5,3,1476720100327009,7,2,03,we,8835430301,319,0.68,0,0,201027122503we,1476720100327211450,SHEEPSHEAD,,131.00717393,12,31,201027122503we,,0,05/04/2021
2010,12,5,3,1476720100327009,7,2,03,we,8835280901,315,0.6,0,0,201027122503we,1476720100327211450,FLORIDA POMPANO,,131.00717393,12,31,201027122503we,,0,05/04/2021
2010,12,5,3,1476720100327009,7,2,03,we,8835430301,365,1,0,0,201027122503we,1476720100327211450,SHEEPSHEAD,,131.00717393,14,36,201027122503we,,0,05/04/2021
2010,12,5,3,1476720100327009,7,2,03,we,8835430301,305,0.58,0,0,201027122503we,1476720100327211450,SHEEPSHEAD,,131.00717393,12,30,201027122503we,,0,05/04/2021
2010,12,5,3,1476720100327009,7,2,03,we,8835430301,329,0.62,0,0,201027122503we,1476720100327211450,SHEEPSHEAD,,131.00717393,12,32,201027122503we,,0,05/04/2021
2010,12,5,3,1476720100327009,7,2,03,we,8835430301,362,0.84,0,0,201027122503we,1476720100327211450,SHEEPSHEAD,,131.00717393,14,36,201027122503we,,0,05/04/2021
2010,12,5,3,1476720100327010,7,2,03,we,,,,0,0,201027122503we,1476720100327211450,,,158.16791602,,,201027122503we,,0,05/04/2021
2010,12,5,5,1476720100327011,7,2,03,we,8835440102,425,0.7,0,0,201027122503we,1476720100327211450,SPOTTED SEATROUT,,152.52086586,16,42,201027122503we,,0,05/04/2021
2010,12,5,5,1476720100327011,7,2,03,we,8835440102,451,0.82,0,0,201027122503we,1476720100327211450,SPOTTED SEATROUT,,152.52086586,17,45,201027122503we,,0,05/04/2021
2010,12,5,5,1476720100327011,7,2,03,we,8835440102,375,0.42,0,0,201027122503we,1476720100327211450,SPOTTED SEATROUT,,152.52086586,14,37,201027122503we,,0,05/04/2021
2010,12,5,5,1476720100327011,7,2,03,we,8835440102,441,0.86,0,0,201027122503we,1476720100327211450,SPOTTED SEATROUT,,152.52086586,17,44,201027122503we,,0,05/04/2021
2010,12,5,5,1476720100327011,7,2,03,we,8835440102,430,0.7,0,0,201027122503we,1476720100327211450,SPOTTED SEATROUT,,152.52086586,16,43,201027122503we,,0,05/04/2021
2010,12,5,5,1476720100327011,7,2,03,we,8835440102,410,0.68,0,0,201027122503we,1476720100327211450,SPOTTED SEATROUT,,152.52086586,16,41,201027122503we,,0,05/04/2021
2010,12,5,5,1476720100327012,7,2,03,we,,,,0,0,201027122503we,1476720100327211450,,,153.32218088,,,201027122503we,,0,05/04/2021
2010,12,5,5,1476720100327025,7,2,03,we,8835280901,301,0.52,1,1,201027122503we,1476720100327211450,FLORIDA POMPANO,,183.55556121,11,30,201027122503we,,0,05/04/2021
2010,12,5,5,1476720100327025,7,2,03,we,8835280901,272,0.34,1,1,201027122503we,1476720100327211450,FLORIDA POMPANO,,183.55556121,10,27,201027122503we,,0,05/04/2021
2010,12,5,5,1476720100327025,7,2,03,we,8835280901,341,0.76,0,0,201027122503we,1476720100327211450,FLORIDA POMPANO,,183.55556121,13,34,201027122503we,,0,05/04/2021
2010,12,5,5,1476720100327025,7,2,03,we,8835280901,320,0.68,0,0,201027122503we,1476720100327211450,FLORIDA POMPANO,,183.55556121,12,32,201027122503we,,0,05/04/2021
2010,12,5,5,1476720100327025,7,2,03,we,8835280901,472,1.98,1,1,201027122503we,1476720100327211450,FLORIDA POMPANO,,183.55556121,18,47,201027122503we,,0,05/04/2021
2010,12,5,5,1476720100327025,7,2,03,we,8835440901,634,3.16,1,1,201027122503we,1476720100327211450,RED DRUM,,184.5199265,24,63,201027122503we,,0,05/04/2021
2010,12,5,5,1476720100327026,7,2,03,we,8835440102,388,0.5643568831,1,1,201027122503we,1476720100327211450,SPOTTED SEATROUT,,184.5199265,15,38,201027122503we,,0,05/04/2021
2010,12,5,5,1476720100327026,7,2,03,we,8835440102,418,0.6,1,1,201027122503we,1476720100327211450,SPOTTED SEATROUT,,184.5199265,16,41,201027122503we,,0,05/04/2021
2010,12,5,5,1476720100327026,7,2,03,we,8835440102,387,0.5,1,1,201027122503we,1476720100327211450,SPOTTED SEATROUT,,184.5199265,15,38,201027122503we,,0,05/04/2021
2010,12,5,5,1476720100330001,7,2,03,wd,,,,0,0,201027122503wd,1476720100330711677,,,269.21409019,,,201027122503wd,,0,05/04/2021
2010,12,5,5,1476720100330002,7,2,03,wd,,,,0,0,201027122503wd,1476720100330711677,,,269.21409019,,,201027122503wd,,0,05/04/2021
2010,12,5,5,1476720100330003,7,2,03,wd,8835280901,321,0.76,0,0,201027122503wd,1476720100330711677,FLORIDA POMPANO,,269.21409019,12,32,201027122503wd,,0,05/04/2021
2010,12,5,5,1476720100330003,7,2,03,wd,8835440102,400,0.54,0,0,201027122503wd,1476720100330711677,SPOTTED SEATROUT,,269.21409019,15,40,201027122503wd,,0,05/04/2021
2010,12,5,5,1476720100330004,7,2,03,wd,8850030502,341,0.37,0,0,201027122503wd,1476720100330711677,SPANISH MACKEREL,,269.21409019,13,34,201027122503wd,,0,05/04/2021
2010,12,5,5,1476720100330005,7,2,03,wd,,,,0,0,201027122503wd,1476720100330711677,,,269.21409019,,,201027122503wd,,0,05/04/2021
2010,12,5,5,1476720100330006,7,2,03,wd,,,,0,0,201027122503wd,1476720100330711677,,,269.21409019,,,201027122503wd,,0,05/04/2021
2010,12,5,5,1476720100330007,7,2,03,wd,8850030502,379,0.51,1,1,201027122503wd,1476720100330711677,SPANISH MACKEREL,,269.21409019,14,37,201027122503wd,,0,05/04/2021
2010,12,5,5,1476720100330007,7,2,03,wd,8835440102,390,0.5729180257,1,1,201027122503wd,1476720100330711677,SPOTTED SEATROUT,,269.21409019,15,39,201027122503wd,,0,05/04/2021
2010,12,5,5,1476720100330007,7,2,03,wd,8835440102,441,0.86,1,1,201027122503wd,1476720100330711677,SPOTTED SEATROUT,,269.21409019,17,44,201027122503wd,,0,05/04/2021
2010,12,5,5,1476720100330007,7,2,03,wd,8835440102,376,0.5147540301,1,1,201027122503wd,1476720100330711677,SPOTTED SEATROUT,,269.21409019,14,37,201027122503wd,,0,05/04/2021
2010,12,5,5,1476720100330007,7,2,03,wd,8835440102,496,1.1584100323,1,1,201027122503wd,1476720100330711677,SPOTTED SEATROUT,,269.21409019,19,49,201027122503wd,,0,05/04/2021
2010,12,5,5,1476720100330007,7,2,03,wd,8835440102,430,0.7,1,1,201027122503wd,1476720100330711677,SPOTTED SEATROUT,,269.21409019,16,43,201027122503wd,,0,05/04/2021
2010,12,5,5,1476720100330008,7,2,03,wd,,,,0,0,201027122503wd,1476720100330711677,,,269.21409019,,,201027122503wd,,0,05/04/2021
2010,12,5,5,1476720100330009,7,2,03,wd,,,,0,0,201027122503wd,1476720100330711677,,,269.21409019,,,201027122503wd,,0,05/04/2021
2010,12,5,5,1476720100330010,7,2,03,wd,,,,0,0,201027122503wd,1476720100330711677,,,269.21409019,,,201027122503wd,,0,05/04/2021
2010,12,5,5,1476720100330011,7,2,03,wd,,,,0,0,201027122503wd,1476720100330711677,,,269.21409019,,,201027122503wd,,0,05/04/2021
2010,12,5,5,1476720100330012,7,2,03,wd,,,,0,0,201027122503wd,1476720100330711677,,,269.21409019,,,201027122503wd,,0,05/04/2021
2010,12,5,5,1476720100403001,7,2,04,we,8835440102,356,0.56,0,0,201027122504we,147672010040371305,SPOTTED SEATROUT,,440.02836753,14,35,201027122504we,,0,05/04/2021
2010,12,5,5,1476720100403001,7,2,04,we,8835280901,327,0.74,1,1,201027122504we,147672010040371305,FLORIDA POMPANO,,440.02836753,12,32,201027122504we,,0,05/04/2021
2010,12,5,5,1476720100403001,7,2,04,we,8835440102,420,0.68,0,0,201027122504we,147672010040371305,SPOTTED SEATROUT,,440.02836753,16,42,201027122504we,,0,05/04/2021
2010,12,5,5,1476720100403001,7,2,04,we,8835440102,381,0.72,0,0,201027122504we,147672010040371305,SPOTTED SEATROUT,,440.02836753,14,38,201027122504we,,0,05/04/2021
2010,12,5,5,1476720100403001,7,2,04,we,8835280901,360,1.24,0,0,201027122504we,147672010040371305,FLORIDA POMPANO,,440.02836753,14,36,201027122504we,,0,05/04/2021
2010,12,5,5,1476720100403002,7,2,04,we,8738010101,462,0.7,1,1,201027122504we,147672010040371305,LADYFISH,,440.02836753,18,46,201027122504we,,0,05/04/2021
2010,12,5,5,1476720100403007,7,2,04,we,8850030502,400,0.52,0,0,201027122504we,147672010040371305,SPANISH MACKEREL,,440.02836753,15,40,201027122504we,,0,05/04/2021
2010,12,5,5,1476720100403007,7,2,04,we,8850030502,400,0.52,0,0,201027122504we,147672010040371305,SPANISH MACKEREL,,440.02836753,15,40,201027122504we,,0,05/04/2021
2010,12,5,5,1476720100403007,7,2,04,we,8850030502,390,0.46,0,0,201027122504we,147672010040371305,SPANISH MACKEREL,,440.02836753,15,39,201027122504we,,0,05/04/2021
2010,12,5,5,1476720100403007,7,2,04,we,8850030502,410,0.54,0,0,201027122504we,147672010040371305,SPANISH MACKEREL,,440.02836753,16,41,201027122504we,,0,05/04/2021
2010,12,5,5,1476720100403007,7,2,04,we,8850030502,445,0.76,0,0,201027122504we,147672010040371305,SPANISH MACKEREL,,440.02836753,17,44,201027122504we,,0,05/04/2021
2010,12,5,5,1476720100403007,7,2,04,we,8835440102,530,1.28,0,0,201027122504we,147672010040371305,SPOTTED SEATROUT,,440.02836753,20,53,201027122504we,,0,05/04/2021
2010,12,5,5,1476720100403007,7,2,04,we,8850030502,456,0.82,0,0,201027122504we,147672010040371305,SPANISH MACKEREL,,440.02836753,17,45,201027122504we,,0,05/04/2021
2010,12,5,5,1476720100403007,7,2,04,we,8850030502,490,0.92,0,0,201027122504we,147672010040371305,SPANISH MACKEREL,,440.02836753,19,49,201027122504we,,0,05/04/2021
2010,12,5,5,1476720100403007,7,2,04,we,8835440102,386,0.88,0,0,201027122504we,147672010040371305,SPOTTED SEATROUT,,440.02836753,15,38,201027122504we,,0,05/04/2021
2010,12,5,5,1476720100403007,7,2,04,we,8850030502,421,0.62,0,0,201027122504we,147672010040371305,SPANISH MACKEREL,,440.02836753,16,42,201027122504we,,0,05/04/2021
2010,12,5,5,1476720100403007,7,2,04,we,8850030502,445,0.72,0,0,201027122504we,147672010040371305,SPANISH MACKEREL,,440.02836753,17,44,201027122504we,,0,05/04/2021
2010,12,5,5,1476720100403008,7,2,04,we,,,,0,0,201027122504we,147672010040371305,,,440.02836753,,,201027122504we,,0,05/04/2021
2010,12,5,5,1476720100403015,7,2,04,we,8835440102,385,0.54,0,0,201027122504we,147672010040371305,SPOTTED SEATROUT,,440.02836753,15,38,201027122504we,,0,05/04/2021
2010,12,5,5,1476720100403015,7,2,04,we,8850030502,381,0.32,0,0,201027122504we,147672010040371305,SPANISH MACKEREL,,440.02836753,14,38,201027122504we,,0,05/04/2021
2010,12,5,5,1476720100403015,7,2,04,we,8850030502,372,0.38,0,0,201027122504we,147672010040371305,SPANISH MACKEREL,,440.02836753,14,37,201027122504we,,0,05/04/2021
2010,12,5,5,1476720100403015,7,2,04,we,8850030502,371,0.32,0,0,201027122504we,147672010040371305,SPANISH MACKEREL,,440.02836753,14,37,201027122504we,,0,05/04/2021
2010,12,5,5,1476720100403016,7,2,04,we,,,,0,0,201027122504we,147672010040371305,,,366.38112087,,,201027122504we,,0,05/04/2021
2010,12,5,5,1476720100403023,7,2,04,we,8835440102,381,0.72,1,1,201027122504we,147672010040371305,SPOTTED SEATROUT,,304.43515533,14,38,201027122504we,,0,05/04/2021
2010,12,5,5,1476720100403023,7,2,04,we,8835440102,420,0.68,1,1,201027122504we,147672010040371305,SPOTTED SEATROUT,,304.43515533,16,42,201027122504we,,0,05/04/2021
2010,12,5,5,1476720100403023,7,2,04,we,8835440102,530,1.28,1,1,201027122504we,147672010040371305,SPOTTED SEATROUT,,304.43515533,20,53,201027122504we,,0,05/04/2021
2010,12,5,5,1476720100403023,7,2,04,we,8835440102,410,0.68,1,1,201027122504we,147672010040371305,SPOTTED SEATROUT,,304.43515533,16,41,201027122504we,,0,05/04/2021
2010,12,5,5,1476720100403024,7,2,04,we,,,,0,0,201027122504we,147672010040371305,,,304.43515533,,,201027122504we,,0,05/04/2021
2010,12,5,5,1476720100403025,7,2,04,we,,,,0,0,201027122504we,147672010040371305,,,304.43515533,,,201027122504we,,0,05/04/2021
2010,12,5,4,1476720100406001,7,2,04,wd,,,,0,0,201027122504wd,147672010040621511,,,206.94554235,,,201027122504wd,,0,05/04/2021
2010,12,5,4,1476720100406002,7,2,04,wd,,,,0,0,201027122504wd,147672010040621511,,,206.94554235,,,201027122504wd,,0,05/04/2021
2010,12,5,4,1476720100406014,7,2,04,wd,8835020408,520,2,0,0,201027122504wd,147672010040621511,RED GROUPER,,249.05448152,20,52,201027122504wd,,0,05/04/2021
2010,12,5,4,1476720100406014,7,2,04,wd,8835020408,565,2.7,0,0,201027122504wd,147672010040621511,RED GROUPER,,249.05448152,22,56,201027122504wd,,0,05/04/2021
2010,12,5,4,1476720100406014,7,2,04,wd,8835020408,510,1.74,0,0,201027122504wd,147672010040621511,RED GROUPER,,249.05448152,20,51,201027122504wd,,0,05/04/2021
2010,12,5,4,1476720100406014,7,2,04,wd,8835360102,285,0.32,0,0,201027122504wd,147672010040621511,GRAY SNAPPER,,249.05448152,11,28,201027122504wd,,0,05/04/2021
2010,12,5,4,1476720100406014,7,2,04,wd,8835360112,285,0.4,0,0,201027122504wd,147672010040621511,LANE SNAPPER,,249.05448152,11,28,201027122504wd,,0,05/04/2021
2010,12,5,4,1476720100406014,7,2,04,wd,8835360112,249,0.24,0,0,201027122504wd,147672010040621511,LANE SNAPPER,,249.05448152,9,24,201027122504wd,,0,05/04/2021
2010,12,5,4,1476720100406014,7,2,04,wd,8850030501,1076.3198379,8.85,1,0,201027122504wd,147672010040621511,KING MACKEREL,,249.05448152,42,107,201027122504wd,,0,05/04/2021
2010,12,5,4,1476720100406014,7,2,04,wd,8835360112,225,0.14,0,0,201027122504wd,147672010040621511,LANE SNAPPER,,249.05448152,8,22,201027122504wd,,0,05/04/2021
2010,12,5,4,1476720100406014,7,2,04,wd,8850030501,851,3.92,0,0,201027122504wd,147672010040621511,KING MACKEREL,,249.05448152,33,85,201027122504wd,,0,05/04/2021
2010,12,5,4,1476720100406015,7,2,04,wd,,,,0,0,201027122504wd,147672010040621511,,,249.05448152,,,201027122504wd,,0,05/04/2021
2010,12,5,4,1476720100406016,7,2,04,wd,,,,0,0,201027122504wd,147672010040621511,,,249.05448152,,,201027122504wd,,0,05/04/2021
2010,12,5,4,1476720100413001,7,2,04,wd,8835400102,261,0.32,0,0,201027122504wd,1476720100413713252,WHITE GRUNT,,171.13923423,10,26,201027122504wd,,0,05/04/2021
2010,12,5,4,1476720100413001,7,2,04,wd,8835430508,224,0.22,1,1,201027122504wd,1476720100413713252,LITTLEHEAD PORGY,,134.46654118,8,22,201027122504wd,,0,05/04/2021
2010,12,5,4,1476720100413001,7,2,04,wd,8835400102,265,0.4,0,0,201027122504wd,1476720100413713252,WHITE GRUNT,,171.13923423,10,26,201027122504wd,,0,05/04/2021
2010,12,5,4,1476720100413001,7,2,04,wd,8835400102,265,0.4,1,1,201027122504wd,1476720100413713252,WHITE GRUNT,,171.13923423,10,26,201027122504wd,,0,05/04/2021
2010,12,5,4,1476720100413001,7,2,04,wd,8835400102,285,0.37,1,1,201027122504wd,1476720100413713252,WHITE GRUNT,,171.13923423,11,28,201027122504wd,,0,05/04/2021
2010,12,5,4,1476720100413001,7,2,04,wd,8835400102,255,0.3,0,0,201027122504wd,1476720100413713252,WHITE GRUNT,,171.13923423,10,25,201027122504wd,,0,05/04/2021
2010,12,5,4,1476720100413001,7,2,04,wd,8835400102,285,0.37,0,0,201027122504wd,1476720100413713252,WHITE GRUNT,,171.13923423,11,28,201027122504wd,,0,05/04/2021
2010,12,5,4,1476720100413001,7,2,04,wd,8835400102,291,0.42,0,0,201027122504wd,1476720100413713252,WHITE GRUNT,,171.13923423,11,29,201027122504wd,,0,05/04/2021
2010,12,5,4,1476720100413001,7,2,04,wd,8835020501,565,2.36,0,0,201027122504wd,1476720100413713252,GAG,,134.46654118,22,56,201027122504wd,,0,05/04/2021
2010,12,5,4,1476720100413001,7,2,04,wd,8835400102,272,0.38,1,1,201027122504wd,1476720100413713252,WHITE GRUNT,,171.13923423,10,27,201027122504wd,,0,05/04/2021
2010,12,5,4,1476720100413001,7,2,04,wd,8835360102,282,0.34,0,0,201027122504wd,1476720100413713252,GRAY SNAPPER,,134.46654118,11,28,201027122504wd,,0,05/04/2021
2010,12,5,4,1476720100413001,7,2,04,wd,8835280804,310,0.5,0,0,201027122504wd,1476720100413713252,BANDED RUDDERFISH,,134.46654118,12,31,201027122504wd,,0,05/04/2021
2010,12,5,4,1476720100413001,7,2,04,wd,8835400102,275,0.36,1,1,201027122504wd,1476720100413713252,WHITE GRUNT,,171.13923423,10,27,201027122504wd,,0,05/04/2021
2010,12,5,4,1476720100413001,7,2,04,wd,8835020408,615,3.62,0,0,201027122504wd,1476720100413713252,RED GROUPER,,134.46654118,24,61,201027122504wd,,0,05/04/2021
2010,12,5,4,1476720100413001,7,2,04,wd,8835020501,585,2.6,0,0,201027122504wd,1476720100413713252,GAG,,134.46654118,23,58,201027122504wd,,0,05/04/2021
2010,12,5,4,1476720100413001,7,2,04,wd,8835400102,275,0.36,0,0,201027122504wd,1476720100413713252,WHITE GRUNT,,171.13923423,10,27,201027122504wd,,0,05/04/2021
2010,12,5,4,1476720100413001,7,2,04,wd,8835400102,272,0.38,0,0,201027122504wd,1476720100413713252,WHITE GRUNT,,171.13923423,10,27,201027122504wd,,0,05/04/2021
2010,12,5,4,1476720100413002,7,2,04,wd,,,,0,0,201027122504wd,1476720100413713252,,,134.46654118,,,201027122504wd,,0,05/04/2021
2010,12,5,4,1476720100413003,7,2,04,wd,,,,0,0,201027122504wd,1476720100413713252,,,134.46654118,,,201027122504wd,,0,05/04/2021
2010,12,5,4,1476720100413004,7,2,04,wd,,,,0,0,201027122504wd,1476720100413713252,,,134.46654118,,,201027122504wd,,0,05/04/2021
2010,12,5,4,1476720100413005,7,2,04,wd,,,,0,0,201027122504wd,1476720100413713252,,,134.46654118,,,201027122504wd,,0,05/04/2021
2010,12,5,4,1476720100413006,7,2,04,wd,,,,0,0,201027122504wd,1476720100413713252,,,134.46654118,,,201027122504wd,,0,05/04/2021
2010,12,5,3,1476720100424015,7,2,04,we,,,,0,0,201027122504we,1476720100424211450,,,416.62406517,,,201027122504we,,0,05/04/2021
2010,12,5,3,1476720100424016,7,2,04,we,,,,0,0,201027122504we,1476720100424211450,,,416.62406517,,,201027122504we,,0,05/04/2021
2010,12,5,4,1476720100427001,7,2,04,wd,8835360501,247,0.26,1,1,201027122504wd,1476720100427713252,VERMILION SNAPPER,,186.22026096,9,24,201027122504wd,,0,05/04/2021
2010,12,5,4,1476720100427001,7,2,04,wd,8835360501,287,0.4,1,1,201027122504wd,1476720100427713252,VERMILION SNAPPER,,186.22026096,11,28,201027122504wd,,0,05/04/2021
2010,12,5,4,1476720100427001,7,2,04,wd,8835360501,279,0.4,1,1,201027122504wd,1476720100427713252,VERMILION SNAPPER,,186.22026096,10,27,201027122504wd,,0,05/04/2021
2010,12,5,4,1476720100427001,7,2,04,wd,8835360501,309,0.46,1,1,201027122504wd,1476720100427713252,VERMILION SNAPPER,,186.22026096,12,30,201027122504wd,,0,05/04/2021
2010,12,5,4,1476720100427001,7,2,04,wd,8835360112,366,0.74,1,1,201027122504wd,1476720100427713252,LANE SNAPPER,,186.22026096,14,36,201027122504wd,,0,05/04/2021
2010,12,5,4,1476720100427001,7,2,04,wd,8835360102,300,0.42,1,1,201027122504wd,1476720100427713252,GRAY SNAPPER,,186.22026096,11,30,201027122504wd,,0,05/04/2021
2010,12,5,4,1476720100427001,7,2,04,wd,8835360501,276,0.32,1,1,201027122504wd,1476720100427713252,VERMILION SNAPPER,,186.22026096,10,27,201027122504wd,,0,05/04/2021
2010,12,5,4,1476720100427001,7,2,04,wd,8835020408,521,1.98,0,0,201027122504wd,1476720100427713252,RED GROUPER,,186.22026096,20,52,201027122504wd,,0,05/04/2021
2010,12,5,4,1476720100427001,7,2,04,wd,8835020408,521,2.05,0,0,201027122504wd,1476720100427713252,RED GROUPER,,186.22026096,20,52,201027122504wd,,0,05/04/2021
2010,12,5,4,1476720100427001,7,2,04,wd,8835020408,570,2.92,0,0,201027122504wd,1476720100427713252,RED GROUPER,,186.22026096,22,57,201027122504wd,,0,05/04/2021
2010,12,5,4,1476720100427001,7,2,04,wd,8835020501,610,3.02,1,1,201027122504wd,1476720100427713252,GAG,,186.22026096,24,61,201027122504wd,,0,05/04/2021
2010,12,5,4,1476720100427002,7,2,04,wd,,,,0,0,201027122504wd,1476720100427713252,,,186.22026096,,,201027122504wd,,0,05/04/2021
2010,12,5,4,1476720100427003,7,2,04,wd,,,,0,0,201027122504wd,1476720100427713252,,,155.05270336,,,201027122504wd,,0,05/04/2021
2010,12,5,4,1476720100427004,7,2,04,wd,,,,0,0,201027122504wd,1476720100427713252,,,155.05270336,,,201027122504wd,,0,05/04/2021
2010,12,5,4,1476720100427005,7,2,04,wd,,,,0,0,201027122504wd,1476720100427713252,,,186.22026096,,,201027122504wd,,0,05/04/2021
2010,12,5,4,1476720100427006,7,2,04,wd,,,,0,0,201027122504wd,1476720100427713252,,,155.05270336,,,201027122504wd,,0,05/04/2021
2010,12,5,4,1476720100427007,7,2,04,wd,,,,0,0,201027122504wd,1476720100427713252,,,155.05270336,,,201027122504wd,,0,05/04/2021
2010,12,5,4,1476720100427008,7,2,04,wd,,,,0,0,201027122504wd,1476720100427713252,,,155.05270336,,,201027122504wd,,0,05/04/2021
2010,12,5,3,1507120100307001,7,2,03,we,8835360102,312,0.48,0,0,201027123503we,150712010030787927,GRAY SNAPPER,,51.138562112,12,31,201027123503we,,0,05/04/2021
2010,12,5,3,1507120100307001,7,2,03,we,8835360102,308,0.46,0,0,201027123503we,150712010030787927,GRAY SNAPPER,,51.138562112,12,30,201027123503we,,0,05/04/2021
2010,12,5,3,1507120100307001,7,2,03,we,8835360102,352,0.74,0,0,201027123503we,150712010030787927,GRAY SNAPPER,,51.138562112,13,35,201027123503we,,0,05/04/2021
2010,12,5,3,1507120100307001,7,2,03,we,8835360102,371,0.76,1,1,201027123503we,150712010030787927,GRAY SNAPPER,,51.138562112,14,37,201027123503we,,0,05/04/2021
2010,12,5,3,1507120100307001,7,2,03,we,8835360102,404,0.94,0,0,201027123503we,150712010030787927,GRAY SNAPPER,,51.138562112,15,40,201027123503we,,0,05/04/2021
2010,12,5,3,1507120100307001,7,2,03,we,8835360102,325,0.5,0,0,201027123503we,150712010030787927,GRAY SNAPPER,,51.138562112,12,32,201027123503we,,0,05/04/2021
2010,12,5,3,1507120100307001,7,2,03,we,8835360102,331,0.54,0,0,201027123503we,150712010030787927,GRAY SNAPPER,,51.138562112,13,33,201027123503we,,0,05/04/2021
2010,12,5,3,1507120100307001,7,2,03,we,8835360102,371,0.76,0,0,201027123503we,150712010030787927,GRAY SNAPPER,,51.138562112,14,37,201027123503we,,0,05/04/2021
2010,12,5,3,1507120100307001,7,2,03,we,8835360102,319,0.54,0,0,201027123503we,150712010030787927,GRAY SNAPPER,,51.138562112,12,31,201027123503we,,0,05/04/2021
2010,12,5,3,1507120100307001,7,2,03,we,8835360102,305,0.44,0,0,201027123503we,150712010030787927,GRAY SNAPPER,,51.138562112,12,30,201027123503we,,0,05/04/2021
2010,12,5,3,1507120100307002,7,2,03,we,8835360102,303,0.4,0,0,201027123503we,150712010030787927,GRAY SNAPPER,,88.95636405,11,30,201027123503we,,0,05/04/2021
2010,12,5,3,1507120100307002,7,2,03,we,8835360102,352,0.74,1,1,201027123503we,150712010030787927,GRAY SNAPPER,,88.95636405,13,35,201027123503we,,0,05/04/2021
2010,12,5,3,1507120100307002,7,2,03,we,8835360102,305,0.44,1,1,201027123503we,150712010030787927,GRAY SNAPPER,,88.95636405,12,30,201027123503we,,0,05/04/2021
2010,12,5,3,1507120100307002,7,2,03,we,8835360102,319,0.54,1,1,201027123503we,150712010030787927,GRAY SNAPPER,,88.95636405,12,31,201027123503we,,0,05/04/2021
2010,12,5,3,1507120100307002,7,2,03,we,8835360102,298,0.4,0,0,201027123503we,150712010030787927,GRAY SNAPPER,,88.95636405,11,29,201027123503we,,0,05/04/2021
2010,12,5,3,1507120100307002,7,2,03,we,8835360102,341,0.6,0,0,201027123503we,150712010030787927,GRAY SNAPPER,,88.95636405,13,34,201027123503we,,0,05/04/2021
2010,12,5,3,1507120100307002,7,2,03,we,8835360102,312,0.48,1,1,201027123503we,150712010030787927,GRAY SNAPPER,,88.95636405,12,31,201027123503we,,0,05/04/2021
2010,12,5,3,1507120100307002,7,2,03,we,8835360102,343,0.62,0,0,201027123503we,150712010030787927,GRAY SNAPPER,,88.95636405,13,34,201027123503we,,0,05/04/2021
2010,12,5,4,1507120100311003,7,2,03,wd,8835440102,430,0.7,1,1,201027123503wd,150712010031187543,SPOTTED SEATROUT,,158.95828176,16,43,201027123503wd,,0,05/04/2021
2010,12,5,4,1507120100311003,7,2,03,wd,8835440102,410,0.58,1,1,201027123503wd,150712010031187543,SPOTTED SEATROUT,,158.95828176,16,41,201027123503wd,,0,05/04/2021
2010,12,5,4,1507120100311003,7,2,03,wd,8835440102,497,0.9,1,1,201027123503wd,150712010031187543,SPOTTED SEATROUT,,158.95828176,19,49,201027123503wd,,0,05/04/2021
2010,12,5,4,1507120100311003,7,2,03,wd,8835440102,425,0.7,1,1,201027123503wd,150712010031187543,SPOTTED SEATROUT,,158.95828176,16,42,201027123503wd,,0,05/04/2021
2010,12,5,4,1507120100311003,7,2,03,wd,8835440102,420,0.7,1,1,201027123503wd,150712010031187543,SPOTTED SEATROUT,,158.95828176,16,42,201027123503wd,,0,05/04/2021
2010,12,5,4,1507120100311004,7,2,03,wd,,,,0,0,201027123503wd,150712010031187543,,,99.348926099,,,201027123503wd,,0,05/04/2021
2010,12,5,4,1507120100311005,7,2,03,wd,,,,0,0,201027123503wd,150712010031187543,,,99.348926099,,,201027123503wd,,0,05/04/2021
2010,12,5,4,1507120100311006,7,2,03,wd,8835440102,397,0.62,1,1,201027123503wd,150712010031187543,SPOTTED SEATROUT,,79.958143471,15,39,201027123503wd,,0,05/04/2021
2010,12,5,4,1507120100311006,7,2,03,wd,8835440102,472,1.02,1,1,201027123503wd,150712010031187543,SPOTTED SEATROUT,,79.958143471,18,47,201027123503wd,,0,05/04/2021
2010,12,5,4,1507120100311006,7,2,03,wd,8835440102,401,0.63,1,1,201027123503wd,150712010031187543,SPOTTED SEATROUT,,79.958143471,15,40,201027123503wd,,0,05/04/2021
2010,12,5,4,1507120100311006,7,2,03,wd,8835440102,444,0.96,1,1,201027123503wd,150712010031187543,SPOTTED SEATROUT,,79.958143471,17,44,201027123503wd,,0,05/04/2021
2010,12,5,4,1507120100311006,7,2,03,wd,8835440102,480,0.96,1,1,201027123503wd,150712010031187543,SPOTTED SEATROUT,,79.958143471,18,48,201027123503wd,,0,05/04/2021
2010,12,5,4,1507120100311007,7,2,03,wd,,,,0,0,201027123503wd,150712010031187543,,,57.112959622,,,201027123503wd,,0,05/04/2021
2010,12,5,4,1507120100328001,7,2,03,we,8850030501,672,2.1,0,0,201027123503we,150712010032887543,KING MACKEREL,,25.471102445,26,67,201027123503we,,0,05/04/2021
2010,12,5,4,1507120100328001,7,2,03,we,8850030501,715,2.38,0,0,201027123503we,150712010032887543,KING MACKEREL,,25.471102445,28,71,201027123503we,,0,05/04/2021
2010,12,5,4,1507120100328001,7,2,03,we,8850030501,669,1.96,0,0,201027123503we,150712010032887543,KING MACKEREL,,25.471102445,26,66,201027123503we,,0,05/04/2021
2010,12,5,4,1507120100328001,7,2,03,we,8850030501,715,2.38,1,1,201027123503we,150712010032887543,KING MACKEREL,,25.471102445,28,71,201027123503we,,0,05/04/2021
2010,12,5,4,1507120100328001,7,2,03,we,8850030501,841,3.94,0,0,201027123503we,150712010032887543,KING MACKEREL,,25.471102445,33,84,201027123503we,,0,05/04/2021
2010,12,5,4,1507120100328001,7,2,03,we,8850030501,924,5.7,1,1,201027123503we,150712010032887543,KING MACKEREL,,25.471102445,36,92,201027123503we,,0,05/04/2021
2010,12,5,4,1507120100328001,7,2,03,we,8850030501,748,2.5,0,0,201027123503we,150712010032887543,KING MACKEREL,,25.471102445,29,74,201027123503we,,0,05/04/2021
2010,12,5,4,1507120100328001,7,2,03,we,8835360401,283,0.42,1,1,201027123503we,150712010032887543,YELLOWTAIL SNAPPER,,56.140389061,11,28,201027123503we,,0,05/04/2021
2010,12,5,4,1507120100328001,7,2,03,we,8835360401,345,0.72,0,0,201027123503we,150712010032887543,YELLOWTAIL SNAPPER,,56.140389061,13,34,201027123503we,,0,05/04/2021
2010,12,5,4,1507120100328001,7,2,03,we,8835360401,289,0.44,0,0,201027123503we,150712010032887543,YELLOWTAIL SNAPPER,,56.140389061,11,28,201027123503we,,0,05/04/2021
2010,12,5,4,1507120100328001,7,2,03,we,8835360401,289,0.44,1,1,201027123503we,150712010032887543,YELLOWTAIL SNAPPER,,56.140389061,11,28,201027123503we,,0,05/04/2021
2010,12,5,4,1507120100328001,7,2,03,we,8835360103,452,1.62,0,0,201027123503we,150712010032887543,MUTTON SNAPPER,,21.832373524,17,45,201027123503we,,0,05/04/2021
2010,12,5,4,1507120100328001,7,2,03,we,8850030501,756,2.88,1,1,201027123503we,150712010032887543,KING MACKEREL,,25.471102445,29,75,201027123503we,,0,05/04/2021
2010,12,5,4,1507120100328001,7,2,03,we,8835360102,351,0.74,0,0,201027123503we,150712010032887543,GRAY SNAPPER,,21.832373524,13,35,201027123503we,,0,05/04/2021
2010,12,5,4,1507120100328001,7,2,03,we,8835360102,306,0.46,0,0,201027123503we,150712010032887543,GRAY SNAPPER,,21.832373524,12,30,201027123503we,,0,05/04/2021
2010,12,5,4,1507120100328001,7,2,03,we,8835360401,314,0.58,0,0,201027123503we,150712010032887543,YELLOWTAIL SNAPPER,,56.140389061,12,31,201027123503we,,0,05/04/2021
2010,12,5,4,1507120100328001,7,2,03,we,8835360401,345,0.72,1,1,201027123503we,150712010032887543,YELLOWTAIL SNAPPER,,56.140389061,13,34,201027123503we,,0,05/04/2021
2010,12,5,4,1507120100328001,7,2,03,we,8850030501,756,2.88,0,0,201027123503we,150712010032887543,KING MACKEREL,,25.471102445,29,75,201027123503we,,0,05/04/2021
2010,12,5,4,1507120100328001,7,2,03,we,8835260101,936,9.7,0,0,201027123503we,150712010032887543,COBIA,,21.832373524,36,93,201027123503we,,0,05/04/2021
2010,12,5,4,1507120100328001,7,2,03,we,8835360401,295,0.44,1,1,201027123503we,150712010032887543,YELLOWTAIL SNAPPER,,56.140389061,11,29,201027123503we,,0,05/04/2021
2010,12,5,4,1507120100328001,7,2,03,we,8850030501,870,4.78,0,0,201027123503we,150712010032887543,KING MACKEREL,,25.471102445,34,87,201027123503we,,0,05/04/2021
2010,12,5,4,1507120100328001,7,2,03,we,8850030501,669,1.96,1,1,201027123503we,150712010032887543,KING MACKEREL,,25.471102445,26,66,201027123503we,,0,05/04/2021
2010,12,5,4,1507120100328001,7,2,03,we,8850030501,663,2.06,0,0,201027123503we,150712010032887543,KING MACKEREL,,25.471102445,26,66,201027123503we,,0,05/04/2021
2010,12,5,4,1507120100328001,7,2,03,we,8850030503,617,2.26,1,1,201027123503we,150712010032887543,CERO,,21.832373524,24,61,201027123503we,,0,05/04/2021
2010,12,5,4,1507120100328001,7,2,03,we,8850030503,505,1.04,1,1,201027123503we,150712010032887543,CERO,,21.832373524,19,50,201027123503we,,0,05/04/2021
2010,12,5,4,1507120100328001,7,2,03,we,8850030503,505,1.04,1,1,201027123503we,150712010032887543,CERO,,21.832373524,19,50,201027123503we,,0,05/04/2021
2010,12,5,4,1507120100328002,7,2,03,we,,,,0,0,201027123503we,150712010032887543,,,27.83971978,,,201027123503we,,0,05/04/2021
2010,12,5,4,1507120100328003,7,2,03,we,,,,0,0,201027123503we,150712010032887543,,,27.83971978,,,201027123503we,,0,05/04/2021
2010,12,5,4,1507120100328004,7,2,03,we,8850030501,753,2.98,0,0,201027123503we,150712010032887543,KING MACKEREL,,21.832373524,29,75,201027123503we,,0,05/04/2021
2010,12,5,4,1507120100328004,7,2,03,we,8850030501,710,2.4,0,0,201027123503we,150712010032887543,KING MACKEREL,,21.832373524,27,71,201027123503we,,0,05/04/2021
2010,12,5,4,1507120100328004,7,2,03,we,8850030501,692,2.26,0,0,201027123503we,150712010032887543,KING MACKEREL,,21.832373524,27,69,201027123503we,,0,05/04/2021
2010,12,5,4,1507120100328004,7,2,03,we,8850030501,665,2.18,0,0,201027123503we,150712010032887543,KING MACKEREL,,21.832373524,26,66,201027123503we,,0,05/04/2021
2010,12,5,4,1507120100328004,7,2,03,we,8850030501,806,3.64,0,0,201027123503we,150712010032887543,KING MACKEREL,,21.832373524,31,80,201027123503we,,0,05/04/2021
2010,12,5,4,1507120100328004,7,2,03,we,8850030501,783,3.26,0,0,201027123503we,150712010032887543,KING MACKEREL,,21.832373524,30,78,201027123503we,,0,05/04/2021
2010,12,5,4,1507120100328004,7,2,03,we,8850030501,732,2.98,0,0,201027123503we,150712010032887543,KING MACKEREL,,21.832373524,28,73,201027123503we,,0,05/04/2021
2010,12,5,4,1507120100328004,7,2,03,we,8850030501,884,4.98,0,0,201027123503we,150712010032887543,KING MACKEREL,,21.832373524,34,88,201027123503we,,0,05/04/2021
2010,12,5,4,1507120100328004,7,2,03,we,8850030501,746,2.92,0,0,201027123503we,150712010032887543,KING MACKEREL,,21.832373524,29,74,201027123503we,,0,05/04/2021
2010,12,5,4,1507120100328004,7,2,03,we,8850030501,727,2.76,0,0,201027123503we,150712010032887543,KING MACKEREL,,21.832373524,28,72,201027123503we,,0,05/04/2021
2010,12,5,4,1507120100328004,7,2,03,we,8850030501,775,2.88,0,0,201027123503we,150712010032887543,KING MACKEREL,,21.832373524,30,77,201027123503we,,0,05/04/2021
2010,12,5,4,1507120100328004,7,2,03,we,8839010901,403,1.13,1,1,201027123503we,150712010032887543,HOGFISH,,21.832373524,15,40,201027123503we,,0,05/04/2021
2010,12,5,4,1507120100328004,7,2,03,we,8850030501,924,5.7,0,0,201027123503we,150712010032887543,KING MACKEREL,,21.832373524,36,92,201027123503we,,0,05/04/2021
2010,12,5,4,1507120100328004,7,2,03,we,8839010901,301,0.58,1,1,201027123503we,150712010032887543,HOGFISH,,21.832373524,11,30,201027123503we,,0,05/04/2021
2010,12,5,4,1507120100328004,7,2,03,we,8850030501,961,7.52,0,0,201027123503we,150712010032887543,KING MACKEREL,,21.832373524,37,96,201027123503we,,0,05/04/2021
2010,12,5,4,1507120100328004,7,2,03,we,8835430508,327,0.74,1,1,201027123503we,150712010032887543,LITTLEHEAD PORGY,,21.832373524,12,32,201027123503we,,0,05/04/2021
2010,12,5,4,1507120100328004,7,2,03,we,8835360401,279,0.38,1,1,201027123503we,150712010032887543,YELLOWTAIL SNAPPER,,109.16186762,10,27,201027123503we,,0,05/04/2021
2010,12,5,4,1507120100328004,7,2,03,we,8835360401,266,0.38,1,1,201027123503we,150712010032887543,YELLOWTAIL SNAPPER,,109.16186762,10,26,201027123503we,,0,05/04/2021
2010,12,5,4,1507120100328004,7,2,03,we,8835360103,670,5.78,0,0,201027123503we,150712010032887543,MUTTON SNAPPER,,21.832373524,26,67,201027123503we,,0,05/04/2021
2010,12,5,4,1507120100328004,7,2,03,we,8835360401,275,0.38,1,1,201027123503we,150712010032887543,YELLOWTAIL SNAPPER,,109.16186762,10,27,201027123503we,,0,05/04/2021
2010,12,5,4,1507120100328004,7,2,03,we,8835260101,805,6.42,1,1,201027123503we,150712010032887543,COBIA,,21.832373524,31,80,201027123503we,,0,05/04/2021
2010,12,5,4,1507120100328004,7,2,03,we,8835260101,886,7.42,0,0,201027123503we,150712010032887543,COBIA,,21.832373524,34,88,201027123503we,,0,05/04/2021
2010,12,5,4,1507120100328004,7,2,03,we,8835360401,290,0.4,1,1,201027123503we,150712010032887543,YELLOWTAIL SNAPPER,,109.16186762,11,29,201027123503we,,0,05/04/2021
2010,12,5,4,1507120100328004,7,2,03,we,8835360401,273,0.38,1,1,201027123503we,150712010032887543,YELLOWTAIL SNAPPER,,109.16186762,10,27,201027123503we,,0,05/04/2021
2010,12,5,4,1507120100328004,7,2,03,we,8835260101,898,7.12,0,0,201027123503we,150712010032887543,COBIA,,21.832373524,35,89,201027123503we,,0,05/04/2021
2010,12,5,4,1507120100328004,7,2,03,we,8835260101,936,9.7,1,1,201027123503we,150712010032887543,COBIA,,21.832373524,36,93,201027123503we,,0,05/04/2021
2010,12,5,4,1507120100328004,7,2,03,we,8835260101,886,7.42,1,1,201027123503we,150712010032887543,COBIA,,21.832373524,34,88,201027123503we,,0,05/04/2021
2010,12,5,4,1507120100328004,7,2,03,we,8835260101,930,8.58,1,1,201027123503we,150712010032887543,COBIA,,21.832373524,36,93,201027123503we,,0,05/04/2021
2010,12,5,4,1507120100328005,7,2,03,we,,,,0,0,201027123503we,150712010032887543,,,22.070313978,,,201027123503we,,0,05/04/2021
2010,12,5,4,1507120100328007,7,2,03,we,,,,0,0,201027123503we,150712010032887543,,,22.070313978,,,201027123503we,,0,05/04/2021
2010,12,5,4,1507120100328009,7,2,03,we,8850030501,751,2.96,0,0,201027123503we,150712010032887543,KING MACKEREL,,21.832373524,29,75,201027123503we,,0,05/04/2021
2010,12,5,4,1507120100328009,7,2,03,we,8835360401,268,0.34,1,1,201027123503we,150712010032887543,YELLOWTAIL SNAPPER,,104.79539291,10,26,201027123503we,,0,05/04/2021
2010,12,5,4,1507120100328009,7,2,03,we,8835360401,257,0.34,1,1,201027123503we,150712010032887543,YELLOWTAIL SNAPPER,,104.79539291,10,25,201027123503we,,0,05/04/2021
2010,12,5,4,1507120100328009,7,2,03,we,8850030501,680,2.22,0,0,201027123503we,150712010032887543,KING MACKEREL,,21.832373524,26,68,201027123503we,,0,05/04/2021
2010,12,5,4,1507120100328009,7,2,03,we,8835360102,292,0.34,1,1,201027123503we,150712010032887543,GRAY SNAPPER,,21.832373524,11,29,201027123503we,,0,05/04/2021
2010,12,5,4,1507120100328009,7,2,03,we,8835360401,265,0.34,1,1,201027123503we,150712010032887543,YELLOWTAIL SNAPPER,,104.79539291,10,26,201027123503we,,0,05/04/2021
2010,12,5,4,1507120100328009,7,2,03,we,8835360102,300,0.38,1,1,201027123503we,150712010032887543,GRAY SNAPPER,,21.832373524,11,30,201027123503we,,0,05/04/2021
2010,12,5,4,1507120100328009,7,2,03,we,8835360401,283,0.36,1,1,201027123503we,150712010032887543,YELLOWTAIL SNAPPER,,104.79539291,11,28,201027123503we,,0,05/04/2021
2010,12,5,4,1507120100328009,7,2,03,we,8835360102,375,0.66,1,1,201027123503we,150712010032887543,GRAY SNAPPER,,21.832373524,14,37,201027123503we,,0,05/04/2021
2010,12,5,4,1507120100328009,7,2,03,we,8835360401,275,0.34,1,1,201027123503we,150712010032887543,YELLOWTAIL SNAPPER,,104.79539291,10,27,201027123503we,,0,05/04/2021
2010,12,5,4,1507120100328009,7,2,03,we,8835360102,356,0.56,1,1,201027123503we,150712010032887543,GRAY SNAPPER,,21.832373524,14,35,201027123503we,,0,05/04/2021
2010,12,5,4,1507120100328010,7,2,03,we,8835290101,512,1.28,1,1,201027123503we,150712010032887543,DOLPHIN,,43.664747048,20,51,201027123503we,,0,05/04/2021
2010,12,5,4,1507120100328010,7,2,03,we,8835290101,629,2.2,1,1,201027123503we,150712010032887543,DOLPHIN,,43.664747048,24,62,201027123503we,,0,05/04/2021
2010,12,5,4,1507120100328010,7,2,03,we,8835290101,718,3.9,0,0,201027123503we,150712010032887543,DOLPHIN,,43.664747048,28,71,201027123503we,,0,05/04/2021
2010,12,5,4,1507120100328010,7,2,03,we,8835290101,512,1.28,1,1,201027123503we,150712010032887543,DOLPHIN,,43.664747048,20,51,201027123503we,,0,05/04/2021
2010,12,5,4,1507120100328010,7,2,03,we,8835290101,718,3.9,1,1,201027123503we,150712010032887543,DOLPHIN,,43.664747048,28,71,201027123503we,,0,05/04/2021
2010,12,5,4,1507120100403001,7,2,04,we,8835360102,334,0.52,1,1,201027123504we,1507120100403871632,GRAY SNAPPER,,108.59884825,13,33,201027123504we,,0,05/04/2021
2010,12,5,4,1507120100403001,7,2,04,we,8835360102,325,0.46,1,1,201027123504we,1507120100403871632,GRAY SNAPPER,,108.59884825,12,32,201027123504we,,0,05/04/2021
2010,12,5,4,1507120100403001,7,2,04,we,8835360102,351,0.58,1,1,201027123504we,1507120100403871632,GRAY SNAPPER,,108.59884825,13,35,201027123504we,,0,05/04/2021
2010,12,5,4,1507120100403001,7,2,04,we,8835360102,314,0.48,0,0,201027123504we,1507120100403871632,GRAY SNAPPER,,108.59884825,12,31,201027123504we,,0,05/04/2021
2010,12,5,4,1507120100403001,7,2,04,we,8835360102,321,0.5,0,0,201027123504we,1507120100403871632,GRAY SNAPPER,,108.59884825,12,32,201027123504we,,0,05/04/2021
2010,12,5,4,1507120100403001,7,2,04,we,8835360102,360,0.7,0,0,201027123504we,1507120100403871632,GRAY SNAPPER,,108.59884825,14,36,201027123504we,,0,05/04/2021
2010,12,5,4,1507120100403001,7,2,04,we,8835360102,355,0.64,1,1,201027123504we,1507120100403871632,GRAY SNAPPER,,108.59884825,13,35,201027123504we,,0,05/04/2021
2010,12,5,4,1507120100403001,7,2,04,we,8835360102,357,0.7,0,0,201027123504we,1507120100403871632,GRAY SNAPPER,,108.59884825,14,35,201027123504we,,0,05/04/2021
2010,12,5,4,1507120100403001,7,2,04,we,8835360102,407,1.12,0,0,201027123504we,1507120100403871632,GRAY SNAPPER,,108.59884825,16,40,201027123504we,,0,05/04/2021
2010,12,5,4,1507120100403001,7,2,04,we,8835360102,406,1.02,0,0,201027123504we,1507120100403871632,GRAY SNAPPER,,108.59884825,15,40,201027123504we,,0,05/04/2021
2010,12,5,4,1507120100403001,7,2,04,we,8835360102,455,1.34,0,0,201027123504we,1507120100403871632,GRAY SNAPPER,,108.59884825,17,45,201027123504we,,0,05/04/2021
2010,12,5,4,1507120100403001,7,2,04,we,8835360102,438,1.32,0,0,201027123504we,1507120100403871632,GRAY SNAPPER,,108.59884825,17,43,201027123504we,,0,05/04/2021
2010,12,5,4,1507120100403002,7,2,04,we,,,,0,0,201027123504we,1507120100403871632,,,82.724264118,,,201027123504we,,0,05/04/2021
2010,12,5,4,1507120100403003,7,2,04,we,,,,0,0,201027123504we,1507120100403871632,,,82.724264118,,,201027123504we,,0,05/04/2021
2010,12,5,4,1507120100403004,7,2,04,we,8835260101,962,10.2,1,1,201027123504we,1507120100403871632,COBIA,,65.159308953,37,96,201027123504we,,0,05/04/2021
2010,12,5,4,1507120100403004,7,2,04,we,8835360401,244,0.28,1,1,201027123504we,1507120100403871632,YELLOWTAIL SNAPPER,,65.159308953,9,24,201027123504we,,0,05/04/2021
2010,12,5,4,1507120100403004,7,2,04,we,8835360102,295,0.38,1,1,201027123504we,1507120100403871632,GRAY SNAPPER,,130.31861791,11,29,201027123504we,,0,05/04/2021
2010,12,5,4,1507120100403004,7,2,04,we,8835360102,295,0.38,1,1,201027123504we,1507120100403871632,GRAY SNAPPER,,130.31861791,11,29,201027123504we,,0,05/04/2021
2010,12,5,4,1507120100403004,7,2,04,we,8850030502,358,0.36,1,1,201027123504we,1507120100403871632,SPANISH MACKEREL,,65.159308953,14,35,201027123504we,,0,05/04/2021
2010,12,5,4,1507120100403004,7,2,04,we,8835360102,303,0.42,1,1,201027123504we,1507120100403871632,GRAY SNAPPER,,130.31861791,11,30,201027123504we,,0,05/04/2021
2010,12,5,4,1507120100403004,7,2,04,we,8835360102,305,0.36,1,1,201027123504we,1507120100403871632,GRAY SNAPPER,,130.31861791,12,30,201027123504we,,0,05/04/2021
2010,12,5,4,1507120100403004,7,2,04,we,8835360102,300,0.42,1,1,201027123504we,1507120100403871632,GRAY SNAPPER,,130.31861791,11,30,201027123504we,,0,05/04/2021
2010,12,5,4,1507120100403005,7,2,04,we,,,,0,0,201027123504we,1507120100403871632,,,65.397249407,,,201027123504we,,0,05/04/2021
2010,12,5,4,1507120100403006,7,2,04,we,8835360102,285,0.34,1,1,201027123504we,1507120100403871632,GRAY SNAPPER,,65.159308953,11,28,201027123504we,,0,05/04/2021
2010,12,5,4,1507120100403006,7,2,04,we,8835360102,282,0.34,1,1,201027123504we,1507120100403871632,GRAY SNAPPER,,65.159308953,11,28,201027123504we,,0,05/04/2021
2010,12,5,4,1507120100403006,7,2,04,we,8835360102,290,0.34,1,1,201027123504we,1507120100403871632,GRAY SNAPPER,,65.159308953,11,29,201027123504we,,0,05/04/2021
2010,12,5,4,1507120100403006,7,2,04,we,8850030502,540,1.2,0,0,201027123504we,1507120100403871632,SPANISH MACKEREL,,65.159308953,21,54,201027123504we,,0,05/04/2021
2010,12,5,4,1507120100403006,7,2,04,we,8850030501,806,3.64,1,1,201027123504we,1507120100403871632,KING MACKEREL,,65.159308953,31,80,201027123504we,,0,05/04/2021
2010,12,5,4,1507120100403006,7,2,04,we,8835360102,351,0.74,1,1,201027123504we,1507120100403871632,GRAY SNAPPER,,65.159308953,13,35,201027123504we,,0,05/04/2021
2010,12,5,4,1507120100403006,7,2,04,we,8835260101,908,7.88,0,0,201027123504we,1507120100403871632,COBIA,,65.159308953,35,90,201027123504we,,0,05/04/2021
2010,12,5,4,1507120100403006,7,2,04,we,8835360102,362,0.72,0,0,201027123504we,1507120100403871632,GRAY SNAPPER,,65.159308953,14,36,201027123504we,,0,05/04/2021
2010,12,5,4,1507120100403006,7,2,04,we,8835360102,310,0.44,0,0,201027123504we,1507120100403871632,GRAY SNAPPER,,65.159308953,12,31,201027123504we,,0,05/04/2021
2010,12,5,4,1507120100403006,7,2,04,we,8835360102,333,0.58,0,0,201027123504we,1507120100403871632,GRAY SNAPPER,,65.159308953,13,33,201027123504we,,0,05/04/2021
2010,12,5,4,1507120100403006,7,2,04,we,8835360102,387,0.92,0,0,201027123504we,1507120100403871632,GRAY SNAPPER,,65.159308953,15,38,201027123504we,,0,05/04/2021
2010,12,5,4,1507120100403007,7,2,04,we,,,,0,0,201027123504we,1507120100403871632,,,75.605186461,,,201027123504we,,0,05/04/2021
2010,12,5,4,1507120100403008,7,2,04,we,,,,0,0,201027123504we,1507120100403871632,,,65.397249407,,,201027123504we,,0,05/04/2021
2010,12,5,4,1507120100403009,7,2,04,we,,,,0,0,201027123504we,1507120100403871632,,,75.605186461,,,201027123504we,,0,05/04/2021
2010,12,5,4,1507120100418001,7,2,04,we,8835360401,249,0.28,1,1,201027123504we,1507120100418871265,YELLOWTAIL SNAPPER,,123.13092035,9,24,201027123504we,,0,05/04/2021
2010,12,5,4,1507120100418001,7,2,04,we,8835360102,306,0.46,1,1,201027123504we,1507120100418871265,GRAY SNAPPER,,55.968600161,12,30,201027123504we,,0,05/04/2021
2010,12,5,4,1507120100418001,7,2,04,we,8835360401,278,0.34,1,1,201027123504we,1507120100418871265,YELLOWTAIL SNAPPER,,123.13092035,10,27,201027123504we,,0,05/04/2021
2010,12,5,4,1507120100418001,7,2,04,we,8835360401,296,0.4,1,1,201027123504we,1507120100418871265,YELLOWTAIL SNAPPER,,123.13092035,11,29,201027123504we,,0,05/04/2021
2010,12,5,4,1507120100418001,7,2,04,we,8835360401,283,0.38,1,1,201027123504we,1507120100418871265,YELLOWTAIL SNAPPER,,123.13092035,11,28,201027123504we,,0,05/04/2021
2010,12,5,4,1507120100418001,7,2,04,we,8835360401,276,0.34,1,1,201027123504we,1507120100418871265,YELLOWTAIL SNAPPER,,123.13092035,10,27,201027123504we,,0,05/04/2021
2010,12,5,4,1507120100418001,7,2,04,we,8835360103,370,0.96,1,1,201027123504we,1507120100418871265,MUTTON SNAPPER,,55.968600161,14,37,201027123504we,,0,05/04/2021
2010,12,5,4,1507120100418001,7,2,04,we,8835360102,438,1.32,1,1,201027123504we,1507120100418871265,GRAY SNAPPER,,55.968600161,17,43,201027123504we,,0,05/04/2021
2010,12,5,4,1507120100418002,7,2,04,we,,,,0,0,201027123504we,1507120100418871265,,,56.206540615,,,201027123504we,,0,05/04/2021
2010,12,5,4,1507120100418003,7,2,04,we,,,,0,0,201027123504we,1507120100418871265,,,56.206540615,,,201027123504we,,0,05/04/2021
2010,12,5,4,1507120100418004,7,2,04,we,,,,0,0,201027123504we,1507120100418871265,,,56.206540615,,,201027123504we,,0,05/04/2021
2010,12,5,4,1507120100418005,7,2,04,we,8835360401,290,0.4,0,0,201027123504we,1507120100418871265,YELLOWTAIL SNAPPER,,149.24960043,11,29,201027123504we,,0,05/04/2021
2010,12,5,4,1507120100418005,7,2,04,we,8850030501,625,1.78,0,0,201027123504we,1507120100418871265,KING MACKEREL,,55.968600161,24,62,201027123504we,,0,05/04/2021
2010,12,5,4,1507120100418005,7,2,04,we,8850030102,597,3.32,0,0,201027123504we,1507120100418871265,LITTLE TUNNY,,55.968600161,23,59,201027123504we,,0,05/04/2021
2010,12,5,4,1507120100418005,7,2,04,we,8850030102,542,2.06,0,0,201027123504we,1507120100418871265,LITTLE TUNNY,,55.968600161,21,54,201027123504we,,0,05/04/2021
2010,12,5,4,1507120100418005,7,2,04,we,8850030102,643,3.7,0,0,201027123504we,1507120100418871265,LITTLE TUNNY,,55.968600161,25,64,201027123504we,,0,05/04/2021
2010,12,5,4,1507120100418005,7,2,04,we,8850030102,699,4.72,0,0,201027123504we,1507120100418871265,LITTLE TUNNY,,55.968600161,27,69,201027123504we,,0,05/04/2021
2010,12,5,4,1507120100418005,7,2,04,we,8850030102,582,3.02,0,0,201027123504we,1507120100418871265,LITTLE TUNNY,,55.968600161,22,58,201027123504we,,0,05/04/2021
2010,12,5,4,1507120100418005,7,2,04,we,8835360401,257,0.34,0,0,201027123504we,1507120100418871265,YELLOWTAIL SNAPPER,,149.24960043,10,25,201027123504we,,0,05/04/2021
2010,12,5,4,1507120100418005,7,2,04,we,8835360401,249,0.28,0,0,201027123504we,1507120100418871265,YELLOWTAIL SNAPPER,,149.24960043,9,24,201027123504we,,0,05/04/2021
2010,12,5,4,1507120100418005,7,2,04,we,8835360401,271,0.34,1,1,201027123504we,1507120100418871265,YELLOWTAIL SNAPPER,,149.24960043,10,27,201027123504we,,0,05/04/2021
2010,12,5,4,1507120100418005,7,2,04,we,8835360401,262,0.34,1,1,201027123504we,1507120100418871265,YELLOWTAIL SNAPPER,,149.24960043,10,26,201027123504we,,0,05/04/2021
2010,12,5,4,1507120100418005,7,2,04,we,8835360401,266,0.38,0,0,201027123504we,1507120100418871265,YELLOWTAIL SNAPPER,,149.24960043,10,26,201027123504we,,0,05/04/2021
2010,12,5,4,1507120100418005,7,2,04,we,8835360401,244,0.28,0,0,201027123504we,1507120100418871265,YELLOWTAIL SNAPPER,,149.24960043,9,24,201027123504we,,0,05/04/2021
2010,12,5,4,1507120100418005,7,2,04,we,8835360401,267,0.32,1,1,201027123504we,1507120100418871265,YELLOWTAIL SNAPPER,,149.24960043,10,26,201027123504we,,0,05/04/2021
2010,12,5,4,1507120100418005,7,2,04,we,8835360401,265,0.34,0,0,201027123504we,1507120100418871265,YELLOWTAIL SNAPPER,,149.24960043,10,26,201027123504we,,0,05/04/2021
2010,12,5,4,1507120100418005,7,2,04,we,8835360401,279,0.32,1,1,201027123504we,1507120100418871265,YELLOWTAIL SNAPPER,,149.24960043,10,27,201027123504we,,0,05/04/2021
2010,12,5,4,1507120100418005,7,2,04,we,8835360401,279,0.38,0,0,201027123504we,1507120100418871265,YELLOWTAIL SNAPPER,,149.24960043,10,27,201027123504we,,0,05/04/2021
2010,12,5,4,1507120100418005,7,2,04,we,8835360401,283,0.42,0,0,201027123504we,1507120100418871265,YELLOWTAIL SNAPPER,,149.24960043,11,28,201027123504we,,0,05/04/2021
2010,12,5,4,1507120100418005,7,2,04,we,8835360401,268,0.34,0,0,201027123504we,1507120100418871265,YELLOWTAIL SNAPPER,,149.24960043,10,26,201027123504we,,0,05/04/2021
2010,12,5,4,1507120100418005,7,2,04,we,8835360401,295,0.44,0,0,201027123504we,1507120100418871265,YELLOWTAIL SNAPPER,,149.24960043,11,29,201027123504we,,0,05/04/2021
2010,12,5,4,1507120100418005,7,2,04,we,8835360401,283,0.36,0,0,201027123504we,1507120100418871265,YELLOWTAIL SNAPPER,,149.24960043,11,28,201027123504we,,0,05/04/2021
2010,12,5,4,1507120100418005,7,2,04,we,8835360401,273,0.38,0,0,201027123504we,1507120100418871265,YELLOWTAIL SNAPPER,,149.24960043,10,27,201027123504we,,0,05/04/2021
2010,12,5,4,1507120100418005,7,2,04,we,8835360401,275,0.38,0,0,201027123504we,1507120100418871265,YELLOWTAIL SNAPPER,,149.24960043,10,27,201027123504we,,0,05/04/2021
2010,12,5,4,1507120100418005,7,2,04,we,8835360401,275,0.34,0,0,201027123504we,1507120100418871265,YELLOWTAIL SNAPPER,,149.24960043,10,27,201027123504we,,0,05/04/2021
2010,12,5,4,1507120100418007,7,2,04,we,,,,0,0,201027123504we,1507120100418871265,,,56.206540615,,,201027123504we,,0,05/04/2021
2010,12,5,4,1507120100418009,7,2,04,we,8835360401,260,0.28,1,1,201027123504we,1507120100418871265,YELLOWTAIL SNAPPER,,313.4241609,10,26,201027123504we,,0,05/04/2021
2010,12,5,4,1507120100418009,7,2,04,we,8835360401,264,0.3,1,1,201027123504we,1507120100418871265,YELLOWTAIL SNAPPER,,313.4241609,10,26,201027123504we,,0,05/04/2021
2010,12,5,4,1507120100418009,7,2,04,we,8835360401,264,0.3,1,1,201027123504we,1507120100418871265,YELLOWTAIL SNAPPER,,313.4241609,10,26,201027123504we,,0,05/04/2021
2010,12,5,4,1507120100418009,7,2,04,we,8835360102,406,1.02,1,1,201027123504we,1507120100418871265,GRAY SNAPPER,,55.968600161,15,40,201027123504we,,0,05/04/2021
2010,12,5,4,1507120100418009,7,2,04,we,8835360401,266,0.32,1,1,201027123504we,1507120100418871265,YELLOWTAIL SNAPPER,,313.4241609,10,26,201027123504we,,0,05/04/2021
2010,12,5,4,1507120100418009,7,2,04,we,8835360401,262,0.28,1,1,201027123504we,1507120100418871265,YELLOWTAIL SNAPPER,,313.4241609,10,26,201027123504we,,0,05/04/2021
2010,12,5,4,1507120100418010,7,2,04,we,,,,0,0,201027123504we,1507120100418871265,,,114.44942002,,,201027123504we,,0,05/04/2021
2010,12,5,4,1507120100418011,7,2,04,we,,,,0,0,201027123504we,1507120100418871265,,,114.44942002,,,201027123504we,,0,05/04/2021
2010,12,5,3,1507120100419001,7,2,04,wd,,,,0,0,201027123504wd,150712010041987125,,,246.0870338,,,201027123504wd,,0,05/04/2021
2010,12,5,4,1507120100419002,7,2,04,wd,8835430201,270,0.36,1,1,201027123504wd,150712010041987125,PINFISH,,304.4750761,10,27,201027123504wd,,0,05/04/2021
2010,12,5,4,1507120100419002,7,2,04,wd,8835430201,270,0.36,1,1,201027123504wd,150712010041987125,PINFISH,,304.4750761,10,27,201027123504wd,,0,05/04/2021
2010,12,5,4,1507120100419002,7,2,04,wd,8850030102,600,2.84,1,1,201027123504wd,150712010041987125,LITTLE TUNNY,,126.86461504,23,60,201027123504wd,,0,05/04/2021
2010,12,5,4,1507120100419002,7,2,04,wd,8850030102,611,3.08,0,0,201027123504wd,150712010041987125,LITTLE TUNNY,,126.86461504,24,61,201027123504wd,,0,05/04/2021
2010,12,5,4,1507120100419002,7,2,04,wd,8850030102,699,4.72,1,1,201027123504wd,150712010041987125,LITTLE TUNNY,,126.86461504,27,69,201027123504wd,,0,05/04/2021
2010,12,5,4,1507120100419002,7,2,04,wd,8835430201,270,0.36,1,1,201027123504wd,150712010041987125,PINFISH,,304.4750761,10,27,201027123504wd,,0,05/04/2021
2010,12,5,4,1507120100419002,7,2,04,wd,8850030102,699,4.72,1,1,201027123504wd,150712010041987125,LITTLE TUNNY,,126.86461504,27,69,201027123504wd,,0,05/04/2021
2010,12,5,4,1507120100419002,7,2,04,wd,8835360401,274,0.38,1,1,201027123504wd,150712010041987125,YELLOWTAIL SNAPPER,,126.86461504,10,27,201027123504wd,,0,05/04/2021
2010,12,5,4,1507120100419002,7,2,04,wd,8835430201,270,0.36,1,1,201027123504wd,150712010041987125,PINFISH,,304.4750761,10,27,201027123504wd,,0,05/04/2021
2010,12,5,4,1507120100419002,7,2,04,wd,8835360401,348,0.72,1,1,201027123504wd,150712010041987125,YELLOWTAIL SNAPPER,,126.86461504,13,34,201027123504wd,,0,05/04/2021
2010,12,5,4,1507120100419002,7,2,04,wd,8835360401,384,1,1,1,201027123504wd,150712010041987125,YELLOWTAIL SNAPPER,,126.86461504,15,38,201027123504wd,,0,05/04/2021
2010,12,5,4,1507120100419002,7,2,04,wd,8835430201,270,0.36,1,1,201027123504wd,150712010041987125,PINFISH,,304.4750761,10,27,201027123504wd,,0,05/04/2021
2010,12,5,4,1507120100419002,7,2,04,wd,8835280801,1035,14.44,0,0,201027123504wd,150712010041987125,GREATER AMBERJACK,,126.86461504,40,103,201027123504wd,,0,05/04/2021
2010,12,5,4,1507120100419002,7,2,04,wd,8835360401,445,1.52,1,1,201027123504wd,150712010041987125,YELLOWTAIL SNAPPER,,126.86461504,17,44,201027123504wd,,0,05/04/2021
2010,12,5,4,1507120100419002,7,2,04,wd,8835360401,362,0.8,1,1,201027123504wd,150712010041987125,YELLOWTAIL SNAPPER,,126.86461504,14,36,201027123504wd,,0,05/04/2021
2010,12,5,4,1507120100419002,7,2,04,wd,8835360103,370,0.96,1,1,201027123504wd,150712010041987125,MUTTON SNAPPER,,126.86461504,14,37,201027123504wd,,0,05/04/2021
2010,12,5,4,1507120100419002,7,2,04,wd,8835280801,1178,20.02,0,0,201027123504wd,150712010041987125,GREATER AMBERJACK,,126.86461504,46,117,201027123504wd,,0,05/04/2021
2010,12,5,4,1507120100419003,7,2,04,wd,8835430201,270,0.36,1,1,201027123504wd,150712010041987125,PINFISH,,456.71261415,10,27,201027123504wd,,0,05/04/2021
2010,12,5,4,1507120100419003,7,2,04,wd,8835430201,270,0.36,1,1,201027123504wd,150712010041987125,PINFISH,,456.71261415,10,27,201027123504wd,,0,05/04/2021
2010,12,5,4,1507120100419003,7,2,04,wd,8835430201,270,0.36,1,1,201027123504wd,150712010041987125,PINFISH,,456.71261415,10,27,201027123504wd,,0,05/04/2021
2010,12,5,4,1507120100419003,7,2,04,wd,8835430201,270,0.36,1,1,201027123504wd,150712010041987125,PINFISH,,456.71261415,10,27,201027123504wd,,0,05/04/2021
2010,12,5,4,1507120100419003,7,2,04,wd,8835430201,270,0.36,1,1,201027123504wd,150712010041987125,PINFISH,,456.71261415,10,27,201027123504wd,,0,05/04/2021
2010,12,5,4,1507120100419004,7,2,04,wd,8850030102,597,3.32,1,1,201027123504wd,150712010041987125,LITTLE TUNNY,,177.61046106,23,59,201027123504wd,,0,05/04/2021
2010,12,5,4,1507120100419004,7,2,04,wd,8850030503,617,2.26,1,1,201027123504wd,150712010041987125,CERO,,126.86461504,24,61,201027123504wd,,0,05/04/2021
2010,12,5,4,1507120100419004,7,2,04,wd,8850030102,582,3.02,1,1,201027123504wd,150712010041987125,LITTLE TUNNY,,177.61046106,22,58,201027123504wd,,0,05/04/2021
2010,12,5,4,1507120100419004,7,2,04,wd,8850030102,643,3.7,1,1,201027123504wd,150712010041987125,LITTLE TUNNY,,177.61046106,25,64,201027123504wd,,0,05/04/2021
2010,12,5,4,1507120100419004,7,2,04,wd,8850030102,582,3.02,1,1,201027123504wd,150712010041987125,LITTLE TUNNY,,177.61046106,22,58,201027123504wd,,0,05/04/2021
2010,12,5,4,1507120100419004,7,2,04,wd,8837010104,864,4.3,1,1,201027123504wd,150712010041987125,GREAT BARRACUDA,,126.86461504,34,86,201027123504wd,,0,05/04/2021
2010,12,5,4,1507120100419004,7,2,04,wd,8850030102,542,2.06,1,1,201027123504wd,150712010041987125,LITTLE TUNNY,,177.61046106,21,54,201027123504wd,,0,05/04/2021
2010,12,5,4,1507120100419004,7,2,04,wd,8835360401,262,0.32,1,1,201027123504wd,150712010041987125,YELLOWTAIL SNAPPER,,152.23753805,10,26,201027123504wd,,0,05/04/2021
2010,12,5,4,1507120100419004,7,2,04,wd,8835360401,287,0.38,1,1,201027123504wd,150712010041987125,YELLOWTAIL SNAPPER,,152.23753805,11,28,201027123504wd,,0,05/04/2021
2010,12,5,4,1507120100419004,7,2,04,wd,8835360401,316,0.52,1,1,201027123504wd,150712010041987125,YELLOWTAIL SNAPPER,,152.23753805,12,31,201027123504wd,,0,05/04/2021
2010,12,5,4,1507120100419004,7,2,04,wd,8835360401,462,1.52,1,1,201027123504wd,150712010041987125,YELLOWTAIL SNAPPER,,152.23753805,18,46,201027123504wd,,0,05/04/2021
2010,12,5,4,1507120100419004,7,2,04,wd,8835360401,275,0.38,1,1,201027123504wd,150712010041987125,YELLOWTAIL SNAPPER,,152.23753805,10,27,201027123504wd,,0,05/04/2021
2010,12,5,4,1507120100419005,7,2,04,wd,,,,0,0,201027123504wd,150712010041987125,,,126.86461504,,,201027123504wd,,0,05/04/2021
2010,12,5,3,1507120100425001,7,2,04,we,,,,0,0,201027123504we,150712010042587509,,,90.610095406,,,201027123504we,,0,05/04/2021
2010,12,5,3,1507120100425003,7,2,04,we,,,,0,0,201027123504we,150712010042587509,,,157.61774091,,,201027123504we,,0,05/04/2021
2010,12,5,3,1507120100425005,7,2,04,we,,,,0,0,201027123504we,150712010042587509,,,157.61774091,,,201027123504we,,0,05/04/2021
2010,12,5,3,1507120100425006,7,2,04,we,,,,0,0,201027123504we,150712010042587509,,,157.61774091,,,201027123504we,,0,05/04/2021
2010,12,5,3,1510820100307001,7,2,03,we,8835430602,258,0.32,1,1,201027121503we,151082010030791693,RED PORGY,,20.886038173,10,25,201027121503we,,0,05/04/2021
2010,12,5,3,1510820100307001,7,2,03,we,8835430602,244,0.3,1,1,201027121503we,151082010030791693,RED PORGY,,20.886038173,9,24,201027121503we,,0,05/04/2021
2010,12,5,3,1510820100307001,7,2,03,we,8835430602,246,0.28,1,1,201027121503we,151082010030791693,RED PORGY,,20.886038173,9,24,201027121503we,,0,05/04/2021
2010,12,5,3,1510820100307002,7,2,03,we,,,,0,0,201027121503we,151082010030791693,,,20.997810564,,,201027121503we,,0,05/04/2021
2010,12,5,3,1510820100307003,7,2,03,we,,,,0,0,201027121503we,151082010030791693,,,20.997810564,,,201027121503we,,0,05/04/2021
2010,12,5,3,1510820100307004,7,2,03,we,,,,0,0,201027121503we,151082010030791693,,,20.997810564,,,201027121503we,,0,05/04/2021
2010,12,5,4,1510820100307005,7,2,03,we,8835430602,256,0.34,1,1,201027121503we,151082010030791814,RED PORGY,,60.596191929,10,25,201027121503we,,0,05/04/2021
2010,12,5,4,1510820100307005,7,2,03,we,8835430602,245,0.32,1,1,201027121503we,151082010030791814,RED PORGY,,60.596191929,9,24,201027121503we,,0,05/04/2021
2010,12,5,4,1510820100307005,7,2,03,we,8835430602,250,0.32,1,1,201027121503we,151082010030791814,RED PORGY,,60.596191929,9,25,201027121503we,,0,05/04/2021
2010,12,5,4,1510820100307005,7,2,03,we,8860020201,361,1.08,1,1,201027121503we,151082010030791814,GRAY TRIGGERFISH,,43.282994235,14,36,201027121503we,,0,05/04/2021
2010,12,5,4,1510820100307005,7,2,03,we,8835430602,259,0.36,1,1,201027121503we,151082010030791814,RED PORGY,,60.596191929,10,25,201027121503we,,0,05/04/2021
2010,12,5,4,1510820100307005,7,2,03,we,8835280801,884,8.62,0,0,201027121503we,151082010030791814,GREATER AMBERJACK,,43.282994235,34,88,201027121503we,,0,05/04/2021
2010,12,5,4,1510820100307005,7,2,03,we,8835430505,256,0.38,1,1,201027121503we,151082010030791814,WHITEBONE PORGY,,43.282994235,10,25,201027121503we,,0,05/04/2021
2010,12,5,4,1510820100307005,7,2,03,we,8835400101,213,0.22,1,1,201027121503we,151082010030791814,TOMTATE,,43.625291518,8,21,201027121503we,,0,05/04/2021
2010,12,5,4,1510820100307005,7,2,03,we,8835400101,217,0.21,1,1,201027121503we,151082010030791814,TOMTATE,,43.625291518,8,21,201027121503we,,0,05/04/2021
2010,12,5,4,1510820100307005,7,2,03,we,8835430602,279,0.44,1,1,201027121503we,151082010030791814,RED PORGY,,60.596191929,10,27,201027121503we,,0,05/04/2021
2010,12,5,4,1510820100307005,7,2,03,we,8835400101,212,0.21,1,1,201027121503we,151082010030791814,TOMTATE,,43.625291518,8,21,201027121503we,,0,05/04/2021
2010,12,5,4,1510820100307005,7,2,03,we,8835400101,235,0.22,1,1,201027121503we,151082010030791814,TOMTATE,,43.625291518,9,23,201027121503we,,0,05/04/2021
2010,12,5,4,1510820100307005,7,2,03,we,8835400101,218,0.16,1,1,201027121503we,151082010030791814,TOMTATE,,43.625291518,8,21,201027121503we,,0,05/04/2021
2010,12,5,4,1510820100307005,7,2,03,we,8835360501,263,0.32,1,1,201027121503we,151082010030791814,VERMILION SNAPPER,,138.50558155,10,26,201027121503we,,0,05/04/2021
2010,12,5,4,1510820100307005,7,2,03,we,8860020201,387,1.22,1,1,201027121503we,151082010030791814,GRAY TRIGGERFISH,,43.282994235,15,38,201027121503we,,0,05/04/2021
2010,12,5,4,1510820100307005,7,2,03,we,8835360501,261,0.3,1,1,201027121503we,151082010030791814,VERMILION SNAPPER,,138.50558155,10,26,201027121503we,,0,05/04/2021
2010,12,5,4,1510820100307005,7,2,03,we,8835360501,256,0.3,1,1,201027121503we,151082010030791814,VERMILION SNAPPER,,138.50558155,10,25,201027121503we,,0,05/04/2021
2010,12,5,4,1510820100307005,7,2,03,we,8835360501,282,0.36,1,1,201027121503we,151082010030791814,VERMILION SNAPPER,,138.50558155,11,28,201027121503we,,0,05/04/2021
2010,12,5,4,1510820100307005,7,2,03,we,8835021002,214,0.16,1,1,201027121503we,151082010030791814,SAND PERCH,,43.625291518,8,21,201027121503we,,0,05/04/2021
2010,12,5,4,1510820100307005,7,2,03,we,8860020201,364,1.14,1,1,201027121503we,151082010030791814,GRAY TRIGGERFISH,,43.282994235,14,36,201027121503we,,0,05/04/2021
2010,12,5,4,1510820100307005,7,2,03,we,8835021002,214,0.16,1,1,201027121503we,151082010030791814,SAND PERCH,,43.625291518,8,21,201027121503we,,0,05/04/2021
2010,12,5,4,1510820100307005,7,2,03,we,8835021002,214,0.16,1,1,201027121503we,151082010030791814,SAND PERCH,,43.625291518,8,21,201027121503we,,0,05/04/2021
2010,12,5,4,1510820100307005,7,2,03,we,8835280801,778,7.24,0,0,201027121503we,151082010030791814,GREATER AMBERJACK,,43.282994235,30,77,201027121503we,,0,05/04/2021
2010,12,5,4,1510820100307005,7,2,03,we,8835280801,863,8.94,0,0,201027121503we,151082010030791814,GREATER AMBERJACK,,43.282994235,33,86,201027121503we,,0,05/04/2021
2010,12,5,4,1510820100307005,7,2,03,we,8835280801,818,7.36,0,0,201027121503we,151082010030791814,GREATER AMBERJACK,,43.282994235,32,81,201027121503we,,0,05/04/2021
2010,12,5,4,1510820100307005,7,2,03,we,8835280801,844,8.4,0,0,201027121503we,151082010030791814,GREATER AMBERJACK,,43.282994235,33,84,201027121503we,,0,05/04/2021
2010,12,5,4,1510820100307005,7,2,03,we,8835020300,,,0,0,201027121503we,151082010030791814,SEA BASS GENUS,,43.625291518,,,201027121503we,,0,05/04/2021
2010,12,5,4,1510820100307005,7,2,03,we,8835360501,276,0.36,1,1,201027121503we,151082010030791814,VERMILION SNAPPER,,138.50558155,10,27,201027121503we,,0,05/04/2021
2010,12,5,4,1510820100307005,7,2,03,we,8835280801,786,7.3,0,0,201027121503we,151082010030791814,GREATER AMBERJACK,,43.282994235,30,78,201027121503we,,0,05/04/2021
2010,12,5,4,1510820100307006,7,2,03,we,8835400101,240,0.28,1,1,201027121503we,151082010030791814,TOMTATE,,43.625291518,9,24,201027121503we,,0,05/04/2021
2010,12,5,4,1510820100307006,7,2,03,we,8835400101,230,0.22,1,1,201027121503we,151082010030791814,TOMTATE,,43.625291518,9,23,201027121503we,,0,05/04/2021
2010,12,5,4,1510820100307006,7,2,03,we,8835021002,248,0.22,1,1,201027121503we,151082010030791814,SAND PERCH,,43.625291518,9,24,201027121503we,,0,05/04/2021
2010,12,5,4,1510820100307006,7,2,03,we,8835020300,,,0,0,201027121503we,151082010030791814,SEA BASS GENUS,,43.625291518,,,201027121503we,,0,05/04/2021
2010,12,5,4,1510820100307006,7,2,03,we,8835021002,253,0.24,1,1,201027121503we,151082010030791814,SAND PERCH,,43.625291518,9,25,201027121503we,,0,05/04/2021
2010,12,5,4,1510820100307006,7,2,03,we,8835021002,248,0.22,1,1,201027121503we,151082010030791814,SAND PERCH,,43.625291518,9,24,201027121503we,,0,05/04/2021
2010,12,5,4,1510820100307006,7,2,03,we,8835400101,229,0.24,1,1,201027121503we,151082010030791814,TOMTATE,,43.625291518,9,22,201027121503we,,0,05/04/2021
2010,12,5,4,1510820100307006,7,2,03,we,8835400101,209,0.2,1,1,201027121503we,151082010030791814,TOMTATE,,43.625291518,8,20,201027121503we,,0,05/04/2021
2010,12,5,4,1510820100307006,7,2,03,we,8835400101,230,0.22,1,1,201027121503we,151082010030791814,TOMTATE,,43.625291518,9,23,201027121503we,,0,05/04/2021
2010,12,5,4,1510820100307007,7,2,03,we,8835400101,231,0.24,1,1,201027121503we,151082010030791814,TOMTATE,,43.625291518,9,23,201027121503we,,0,05/04/2021
2010,12,5,4,1510820100307007,7,2,03,we,8835400101,233,0.26,1,1,201027121503we,151082010030791814,TOMTATE,,43.625291518,9,23,201027121503we,,0,05/04/2021
2010,12,5,4,1510820100307007,7,2,03,we,8835400101,220,0.22,1,1,201027121503we,151082010030791814,TOMTATE,,43.625291518,8,22,201027121503we,,0,05/04/2021
2010,12,5,4,1510820100307007,7,2,03,we,8835021002,253,0.24,1,1,201027121503we,151082010030791814,SAND PERCH,,43.625291518,9,25,201027121503we,,0,05/04/2021
2010,12,5,4,1510820100307007,7,2,03,we,8835021002,248,0.22,1,1,201027121503we,151082010030791814,SAND PERCH,,43.625291518,9,24,201027121503we,,0,05/04/2021
2010,12,5,4,1510820100307007,7,2,03,we,8835021002,214,0.16,1,1,201027121503we,151082010030791814,SAND PERCH,,43.625291518,8,21,201027121503we,,0,05/04/2021
2010,12,5,4,1510820100307007,7,2,03,we,8835020300,,,0,0,201027121503we,151082010030791814,SEA BASS GENUS,,43.625291518,,,201027121503we,,0,05/04/2021
2010,12,5,4,1510820100307007,7,2,03,we,8835400101,222,0.22,1,1,201027121503we,151082010030791814,TOMTATE,,43.625291518,8,22,201027121503we,,0,05/04/2021
2010,12,5,4,1510820100307007,7,2,03,we,8835400101,202,0.18,1,1,201027121503we,151082010030791814,TOMTATE,,43.625291518,7,20,201027121503we,,0,05/04/2021
2010,12,5,4,1510820100307008,7,2,03,we,8835400101,220,0.2,1,1,201027121503we,151082010030791814,TOMTATE,,43.625291518,8,22,201027121503we,,0,05/04/2021
2010,12,5,4,1510820100307008,7,2,03,we,8835400101,210,0.2,1,1,201027121503we,151082010030791814,TOMTATE,,43.625291518,8,21,201027121503we,,0,05/04/2021
2010,12,5,4,1510820100307008,7,2,03,we,8835020300,,,0,0,201027121503we,151082010030791814,SEA BASS GENUS,,43.625291518,,,201027121503we,,0,05/04/2021
2010,12,5,4,1510820100307008,7,2,03,we,8835021002,248,0.22,1,1,201027121503we,151082010030791814,SAND PERCH,,43.625291518,9,24,201027121503we,,0,05/04/2021
2010,12,5,4,1510820100307008,7,2,03,we,8835400101,213,0.22,1,1,201027121503we,151082010030791814,TOMTATE,,43.625291518,8,21,201027121503we,,0,05/04/2021
2010,12,5,4,1510820100307008,7,2,03,we,8835400101,212,0.2,1,1,201027121503we,151082010030791814,TOMTATE,,43.625291518,8,21,201027121503we,,0,05/04/2021
2010,12,5,4,1510820100307008,7,2,03,we,8835400101,215,0.2,1,1,201027121503we,151082010030791814,TOMTATE,,43.625291518,8,21,201027121503we,,0,05/04/2021
2010,12,5,4,1510820100307008,7,2,03,we,8835021002,214,0.16,1,1,201027121503we,151082010030791814,SAND PERCH,,43.625291518,8,21,201027121503we,,0,05/04/2021
2010,12,5,4,1510820100307009,7,2,03,we,8835400101,220,0.18,1,1,201027121503we,151082010030791814,TOMTATE,,43.625291518,8,22,201027121503we,,0,05/04/2021
2010,12,5,4,1510820100307009,7,2,03,we,8835400101,211,0.18,1,1,201027121503we,151082010030791814,TOMTATE,,43.625291518,8,21,201027121503we,,0,05/04/2021
2010,12,5,4,1510820100307009,7,2,03,we,8835400101,215,0.2,1,1,201027121503we,151082010030791814,TOMTATE,,43.625291518,8,21,201027121503we,,0,05/04/2021
2010,12,5,4,1510820100307009,7,2,03,we,8835400101,191,0.14,1,1,201027121503we,151082010030791814,TOMTATE,,43.625291518,7,19,201027121503we,,0,05/04/2021
2010,12,5,4,1510820100307009,7,2,03,we,8835021002,248,0.22,1,1,201027121503we,151082010030791814,SAND PERCH,,43.625291518,9,24,201027121503we,,0,05/04/2021
2010,12,5,4,1510820100307009,7,2,03,we,8835021002,253,0.24,1,1,201027121503we,151082010030791814,SAND PERCH,,43.625291518,9,25,201027121503we,,0,05/04/2021
2010,12,5,4,1510820100307009,7,2,03,we,8835020300,,,0,0,201027121503we,151082010030791814,SEA BASS GENUS,,43.625291518,,,201027121503we,,0,05/04/2021
2010,12,5,4,1510820100307009,7,2,03,we,8835400101,349,0.32,1,1,201027121503we,151082010030791814,TOMTATE,,43.625291518,13,34,201027121503we,,0,05/04/2021
2010,12,5,4,1510820100307010,7,2,03,we,8835400101,225,0.22,1,1,201027121503we,151082010030791814,TOMTATE,,35.189900314,8,22,201027121503we,,0,05/04/2021
2010,12,5,4,1510820100307010,7,2,03,we,8835400101,202,0.18,1,1,201027121503we,151082010030791814,TOMTATE,,35.189900314,7,20,201027121503we,,0,05/04/2021
2010,12,5,4,1510820100307010,7,2,03,we,8835400101,191,0.16,1,1,201027121503we,151082010030791814,TOMTATE,,35.189900314,7,19,201027121503we,,0,05/04/2021
2010,12,5,4,1510820100307010,7,2,03,we,8835021002,214,0.16,1,1,201027121503we,151082010030791814,SAND PERCH,,35.189900314,8,21,201027121503we,,0,05/04/2021
2010,12,5,4,1510820100307010,7,2,03,we,8835400101,325,0.26,1,1,201027121503we,151082010030791814,TOMTATE,,35.189900314,12,32,201027121503we,,0,05/04/2021
2010,12,5,4,1510820100307010,7,2,03,we,8835020300,,,0,0,201027121503we,151082010030791814,SEA BASS GENUS,,35.189900314,,,201027121503we,,0,05/04/2021
2010,12,5,4,1510820100307010,7,2,03,we,8835021002,253,0.24,1,1,201027121503we,151082010030791814,SAND PERCH,,35.189900314,9,25,201027121503we,,0,05/04/2021
2010,12,5,4,1510820100307010,7,2,03,we,8835400101,304,0.22,1,1,201027121503we,151082010030791814,TOMTATE,,35.189900314,11,30,201027121503we,,0,05/04/2021
2010,12,5,4,1510820100307011,7,2,03,we,8850030102,511,1.82,0,0,201027121503we,151082010030791693,LITTLE TUNNY,,54.961554109,20,51,201027121503we,,0,05/04/2021
2010,12,5,4,1510820100307011,7,2,03,we,8835430602,214,0.2,0,0,201027121503we,151082010030791693,RED PORGY,,136.30465419,8,21,201027121503we,,0,05/04/2021
2010,12,5,4,1510820100307011,7,2,03,we,8835430602,222,0.24,0,0,201027121503we,151082010030791693,RED PORGY,,136.30465419,8,22,201027121503we,,0,05/04/2021
2010,12,5,4,1510820100307011,7,2,03,we,8835430602,226,0.24,1,1,201027121503we,151082010030791693,RED PORGY,,136.30465419,8,22,201027121503we,,0,05/04/2021
2010,12,5,4,1510820100307011,7,2,03,we,8835430602,220,0.22,0,0,201027121503we,151082010030791693,RED PORGY,,136.30465419,8,22,201027121503we,,0,05/04/2021
2010,12,5,4,1510820100307011,7,2,03,we,8835430602,230,0.22,0,0,201027121503we,151082010030791693,RED PORGY,,136.30465419,9,23,201027121503we,,0,05/04/2021
2010,12,5,4,1510820100307011,7,2,03,we,8835430602,233,0.26,0,0,201027121503we,151082010030791693,RED PORGY,,136.30465419,9,23,201027121503we,,0,05/04/2021
2010,12,5,4,1510820100307011,7,2,03,we,8835430602,235,0.26,0,0,201027121503we,151082010030791693,RED PORGY,,136.30465419,9,23,201027121503we,,0,05/04/2021
2010,12,5,4,1510820100307011,7,2,03,we,8835430602,233,0.26,1,1,201027121503we,151082010030791693,RED PORGY,,136.30465419,9,23,201027121503we,,0,05/04/2021
2010,12,5,4,1510820100307011,7,2,03,we,8835430602,222,0.24,1,1,201027121503we,151082010030791693,RED PORGY,,136.30465419,8,22,201027121503we,,0,05/04/2021
2010,12,5,4,1510820100307011,7,2,03,we,8835430602,238,0.28,0,0,201027121503we,151082010030791693,RED PORGY,,136.30465419,9,23,201027121503we,,0,05/04/2021
2010,12,5,4,1510820100307011,7,2,03,we,8835430602,242,0.26,1,1,201027121503we,151082010030791693,RED PORGY,,136.30465419,9,24,201027121503we,,0,05/04/2021
2010,12,5,4,1510820100307011,7,2,03,we,8835430602,226,0.24,0,0,201027121503we,151082010030791693,RED PORGY,,136.30465419,8,22,201027121503we,,0,05/04/2021
2010,12,5,4,1510820100307011,7,2,03,we,8835430602,226,0.24,0,0,201027121503we,151082010030791693,RED PORGY,,136.30465419,8,22,201027121503we,,0,05/04/2021
2010,12,5,4,1510820100307011,7,2,03,we,8835430602,246,0.3,0,0,201027121503we,151082010030791693,RED PORGY,,136.30465419,9,24,201027121503we,,0,05/04/2021
2010,12,5,4,1510820100307011,7,2,03,we,8835430602,256,0.34,0,0,201027121503we,151082010030791693,RED PORGY,,136.30465419,10,25,201027121503we,,0,05/04/2021
2010,12,5,4,1510820100307011,7,2,03,we,8835430602,245,0.32,0,0,201027121503we,151082010030791693,RED PORGY,,136.30465419,9,24,201027121503we,,0,05/04/2021
2010,12,5,4,1510820100307011,7,2,03,we,8835430602,242,0.26,0,0,201027121503we,151082010030791693,RED PORGY,,136.30465419,9,24,201027121503we,,0,05/04/2021
2010,12,5,4,1510820100307011,7,2,03,we,8835430602,247,0.32,0,0,201027121503we,151082010030791693,RED PORGY,,136.30465419,9,24,201027121503we,,0,05/04/2021
2010,12,5,4,1510820100307011,7,2,03,we,8835430602,250,0.32,0,0,201027121503we,151082010030791693,RED PORGY,,136.30465419,9,25,201027121503we,,0,05/04/2021
2010,12,5,4,1510820100307011,7,2,03,we,8835430602,259,0.36,0,0,201027121503we,151082010030791693,RED PORGY,,136.30465419,10,25,201027121503we,,0,05/04/2021
2010,12,5,4,1510820100307011,7,2,03,we,8835430602,258,0.34,0,0,201027121503we,151082010030791693,RED PORGY,,136.30465419,10,25,201027121503we,,0,05/04/2021
2010,12,5,4,1510820100307011,7,2,03,we,8835430602,279,0.44,0,0,201027121503we,151082010030791693,RED PORGY,,136.30465419,10,27,201027121503we,,0,05/04/2021
2010,12,5,4,1510820100307011,7,2,03,we,8835430602,250,0.32,0,0,201027121503we,151082010030791693,RED PORGY,,136.30465419,9,25,201027121503we,,0,05/04/2021
2010,12,5,4,1510820100307011,7,2,03,we,8835430602,262,0.36,0,0,201027121503we,151082010030791693,RED PORGY,,136.30465419,10,26,201027121503we,,0,05/04/2021
2010,12,5,4,1510820100307011,7,2,03,we,8835360501,247,0.26,0,0,201027121503we,151082010030791693,VERMILION SNAPPER,,54.961554109,9,24,201027121503we,,0,05/04/2021
2010,12,5,4,1510820100307011,7,2,03,we,8835430602,256,0.32,0,0,201027121503we,151082010030791693,RED PORGY,,136.30465419,10,25,201027121503we,,0,05/04/2021
2010,12,5,4,1510820100307011,7,2,03,we,8835020300,,,0,0,201027121503we,151082010030791693,SEA BASS GENUS,,55.303851392,,,201027121503we,,0,05/04/2021
2010,12,5,4,1510820100307012,7,2,03,we,,,,0,0,201027121503we,151082010030791693,,,55.303851392,,,201027121503we,,0,05/04/2021
2010,12,5,4,1510820100307013,7,2,03,we,,,,0,0,201027121503we,151082010030791693,,,44.610292556,,,201027121503we,,0,05/04/2021
2010,12,5,4,1510820100307014,7,2,03,we,,,,0,0,201027121503we,151082010030791693,,,44.610292556,,,201027121503we,,0,05/04/2021
2010,12,5,4,1510820100307015,7,2,03,we,,,,0,0,201027121503we,151082010030791693,,,44.610292556,,,201027121503we,,0,05/04/2021
2010,12,5,4,1510820100307017,7,2,03,we,,,,0,0,201027121503we,151082010030791693,,,55.303851392,,,201027121503we,,0,05/04/2021
2010,12,5,4,1510820100307018,7,2,03,we,8835021002,214,0.16,1,1,201027121503we,151082010030791693,SAND PERCH,,55.303851392,8,21,201027121503we,,0,05/04/2021
2010,12,5,4,1510820100307018,7,2,03,we,8835021002,253,0.24,1,1,201027121503we,151082010030791693,SAND PERCH,,55.303851392,9,25,201027121503we,,0,05/04/2021
2010,12,5,4,1510820100307018,7,2,03,we,8835021002,253,0.24,1,1,201027121503we,151082010030791693,SAND PERCH,,55.303851392,9,25,201027121503we,,0,05/04/2021
2010,12,5,4,1510820100307018,7,2,03,we,8835020300,,,0,0,201027121503we,151082010030791693,SEA BASS GENUS,,55.303851392,,,201027121503we,,0,05/04/2021
2010,12,5,4,1510820100307018,7,2,03,we,8835021002,248,0.22,1,1,201027121503we,151082010030791693,SAND PERCH,,55.303851392,9,24,201027121503we,,0,05/04/2021
2010,12,5,4,1510820100307019,7,2,03,we,,,,0,0,201027121503we,151082010030791693,,,55.303851392,,,201027121503we,,0,05/04/2021
2010,12,5,4,1510820100307020,7,2,03,we,8860020201,375,1.14,0,0,201027121503we,151082010030791814,GRAY TRIGGERFISH,,43.282994235,14,37,201027121503we,,0,05/04/2021
2010,12,5,4,1510820100307020,7,2,03,we,8835430602,278,0.44,0,0,201027121503we,151082010030791814,RED PORGY,,43.282994235,10,27,201027121503we,,0,05/04/2021
2010,12,5,4,1510820100307020,7,2,03,we,8835430602,270,0.38,0,0,201027121503we,151082010030791814,RED PORGY,,43.282994235,10,27,201027121503we,,0,05/04/2021
2010,12,5,4,1510820100307020,7,2,03,we,8835430602,251,0.34,0,0,201027121503we,151082010030791814,RED PORGY,,43.282994235,9,25,201027121503we,,0,05/04/2021
2010,12,5,4,1510820100307020,7,2,03,we,8835430602,269,0.42,0,0,201027121503we,151082010030791814,RED PORGY,,43.282994235,10,26,201027121503we,,0,05/04/2021
2010,12,5,4,1510820100307020,7,2,03,we,8835430602,256,0.32,0,0,201027121503we,151082010030791814,RED PORGY,,43.282994235,10,25,201027121503we,,0,05/04/2021
2010,12,5,4,1510820100307020,7,2,03,we,8835430602,262,0.4,0,0,201027121503we,151082010030791814,RED PORGY,,43.282994235,10,26,201027121503we,,0,05/04/2021
2010,12,5,4,1510820100307020,7,2,03,we,8835430602,255,0.34,0,0,201027121503we,151082010030791814,RED PORGY,,43.282994235,10,25,201027121503we,,0,05/04/2021
2010,12,5,4,1510820100307020,7,2,03,we,8835430602,278,0.44,1,1,201027121503we,151082010030791814,RED PORGY,,43.282994235,10,27,201027121503we,,0,05/04/2021
2010,12,5,4,1510820100307020,7,2,03,we,8860020201,361,1.08,0,0,201027121503we,151082010030791814,GRAY TRIGGERFISH,,43.282994235,14,36,201027121503we,,0,05/04/2021
2010,12,5,4,1510820100307020,7,2,03,we,8835430505,255,0.42,0,0,201027121503we,151082010030791814,WHITEBONE PORGY,,43.282994235,10,25,201027121503we,,0,05/04/2021
2010,12,5,4,1510820100307020,7,2,03,we,8835430505,273,0.5,0,0,201027121503we,151082010030791814,WHITEBONE PORGY,,43.282994235,10,27,201027121503we,,0,05/04/2021
2010,12,5,4,1510820100307020,7,2,03,we,8835360501,263,0.28,1,1,201027121503we,151082010030791814,VERMILION SNAPPER,,43.282994235,10,26,201027121503we,,0,05/04/2021
2010,12,5,4,1510820100307020,7,2,03,we,8835360501,309,0.46,0,0,201027121503we,151082010030791814,VERMILION SNAPPER,,43.282994235,12,30,201027121503we,,0,05/04/2021
2010,12,5,4,1510820100307020,7,2,03,we,8835360501,356,0.9,1,1,201027121503we,151082010030791814,VERMILION SNAPPER,,43.282994235,14,35,201027121503we,,0,05/04/2021
2010,12,5,4,1510820100307021,7,2,03,we,,,,0,0,201027121503we,151082010030791814,,,43.625291518,,,201027121503we,,0,05/04/2021
2010,12,5,3,1510820100320001,7,2,03,we,8860020201,401,1.57,1,1,201027121503we,151082010032091693,GRAY TRIGGERFISH,,32.241269494,15,40,201027121503we,,0,05/04/2021
2010,12,5,3,1510820100320001,7,2,03,we,8860020201,404,1.55,1,1,201027121503we,151082010032091693,GRAY TRIGGERFISH,,32.241269494,15,40,201027121503we,,0,05/04/2021
2010,12,5,3,1510820100320001,7,2,03,we,8860020201,404,1.55,1,1,201027121503we,151082010032091693,GRAY TRIGGERFISH,,32.241269494,15,40,201027121503we,,0,05/04/2021
2010,12,5,3,1510820100320001,7,2,03,we,8835430602,233,0.28,0,0,201027121503we,151082010032091693,RED PORGY,,14.655122497,9,23,201027121503we,,0,05/04/2021
2010,12,5,3,1510820100320001,7,2,03,we,8860020201,416,1.58,1,1,201027121503we,151082010032091693,GRAY TRIGGERFISH,,32.241269494,16,41,201027121503we,,0,05/04/2021
2010,12,5,3,1510820100320001,7,2,03,we,8835430602,246,0.28,0,0,201027121503we,151082010032091693,RED PORGY,,14.655122497,9,24,201027121503we,,0,05/04/2021
2010,12,5,3,1510820100320001,7,2,03,we,8860020201,405,1.47,1,1,201027121503we,151082010032091693,GRAY TRIGGERFISH,,32.241269494,15,40,201027121503we,,0,05/04/2021
2010,12,5,3,1510820100320001,7,2,03,we,8835430602,258,0.32,0,0,201027121503we,151082010032091693,RED PORGY,,14.655122497,10,25,201027121503we,,0,05/04/2021
2010,12,5,3,1510820100320001,7,2,03,we,8835430602,244,0.3,0,0,201027121503we,151082010032091693,RED PORGY,,14.655122497,9,24,201027121503we,,0,05/04/2021
2010,12,5,3,1510820100320001,7,2,03,we,8835430508,349,0.94,0,0,201027121503we,151082010032091693,LITTLEHEAD PORGY,,14.655122497,13,34,201027121503we,,0,05/04/2021
2010,12,5,3,1510820100320001,7,2,03,we,8835430505,217,0.26,0,0,201027121503we,151082010032091693,WHITEBONE PORGY,,14.655122497,8,21,201027121503we,,0,05/04/2021
2010,12,5,3,1510820100320001,7,2,03,we,8835430505,236,0.3,0,0,201027121503we,151082010032091693,WHITEBONE PORGY,,14.655122497,9,23,201027121503we,,0,05/04/2021
2010,12,5,3,1510820100320001,7,2,03,we,8835430602,255,0.34,0,0,201027121503we,151082010032091693,RED PORGY,,14.655122497,10,25,201027121503we,,0,05/04/2021
2010,12,5,3,1510820100320001,7,2,03,we,8835430505,235,0.34,0,0,201027121503we,151082010032091693,WHITEBONE PORGY,,14.655122497,9,23,201027121503we,,0,05/04/2021
2010,12,5,3,1510820100320001,7,2,03,we,8835430505,240,0.34,0,0,201027121503we,151082010032091693,WHITEBONE PORGY,,14.655122497,9,24,201027121503we,,0,05/04/2021
2010,12,5,3,1510820100320001,7,2,03,we,8835430505,249,0.4,0,0,201027121503we,151082010032091693,WHITEBONE PORGY,,14.655122497,9,24,201027121503we,,0,05/04/2021
2010,12,5,3,1510820100320001,7,2,03,we,8835430505,231,0.32,0,0,201027121503we,151082010032091693,WHITEBONE PORGY,,14.655122497,9,23,201027121503we,,0,05/04/2021
2010,12,5,3,1510820100320001,7,2,03,we,8835430505,249,0.38,0,0,201027121503we,151082010032091693,WHITEBONE PORGY,,14.655122497,9,24,201027121503we,,0,05/04/2021
2010,12,5,3,1510820100320001,7,2,03,we,8835430505,253,0.38,0,0,201027121503we,151082010032091693,WHITEBONE PORGY,,14.655122497,9,25,201027121503we,,0,05/04/2021
2010,12,5,3,1510820100320001,7,2,03,we,8835430505,256,0.38,0,0,201027121503we,151082010032091693,WHITEBONE PORGY,,14.655122497,10,25,201027121503we,,0,05/04/2021
2010,12,5,3,1510820100320001,7,2,03,we,8835020301,316,0.54,0,0,201027121503we,151082010032091693,BLACK SEA BASS,,14.655122497,12,31,201027121503we,,0,05/04/2021
2010,12,5,3,1510820100320002,7,2,03,we,,,,0,0,201027121503we,151082010032091693,,,14.766894889,,,201027121503we,,0,05/04/2021
2010,12,5,3,1510820100320003,7,2,03,we,,,,0,0,201027121503we,151082010032091693,,,14.766894889,,,201027121503we,,0,05/04/2021
2010,12,5,3,1510820100320004,7,2,03,we,,,,0,0,201027121503we,151082010032091693,,,14.766894889,,,201027121503we,,0,05/04/2021
2010,12,5,3,1510820100320005,7,2,03,we,,,,0,0,201027121503we,151082010032091693,,,14.766894889,,,201027121503we,,0,05/04/2021
2010,12,5,4,1510820100320006,7,2,03,we,8860020201,336,0.82,0,0,201027121503we,151082010032091693,GRAY TRIGGERFISH,,44.880569687,13,33,201027121503we,,0,05/04/2021
2010,12,5,4,1510820100320006,7,2,03,we,8835430602,228,0.24,0,0,201027121503we,151082010032091693,RED PORGY,,54.329110673,8,22,201027121503we,,0,05/04/2021
2010,12,5,4,1510820100320006,7,2,03,we,8835430602,245,0.32,0,0,201027121503we,151082010032091693,RED PORGY,,54.329110673,9,24,201027121503we,,0,05/04/2021
2010,12,5,4,1510820100320006,7,2,03,we,8835430602,255,0.34,1,1,201027121503we,151082010032091693,RED PORGY,,54.329110673,10,25,201027121503we,,0,05/04/2021
2010,12,5,4,1510820100320006,7,2,03,we,8835430602,261,0.42,0,0,201027121503we,151082010032091693,RED PORGY,,54.329110673,10,26,201027121503we,,0,05/04/2021
2010,12,5,4,1510820100320006,7,2,03,we,8835430602,248,0.32,0,0,201027121503we,151082010032091693,RED PORGY,,54.329110673,9,24,201027121503we,,0,05/04/2021
2010,12,5,4,1510820100320006,7,2,03,we,8835430602,262,0.4,1,1,201027121503we,151082010032091693,RED PORGY,,54.329110673,10,26,201027121503we,,0,05/04/2021
2010,12,5,4,1510820100320006,7,2,03,we,8835430602,265,0.4,0,0,201027121503we,151082010032091693,RED PORGY,,54.329110673,10,26,201027121503we,,0,05/04/2021
2010,12,5,4,1510820100320006,7,2,03,we,8835430602,266,0.42,0,0,201027121503we,151082010032091693,RED PORGY,,54.329110673,10,26,201027121503we,,0,05/04/2021
2010,12,5,4,1510820100320006,7,2,03,we,8835430602,266,0.38,0,0,201027121503we,151082010032091693,RED PORGY,,54.329110673,10,26,201027121503we,,0,05/04/2021
2010,12,5,4,1510820100320006,7,2,03,we,8835430602,242,0.3,0,0,201027121503we,151082010032091693,RED PORGY,,54.329110673,9,24,201027121503we,,0,05/04/2021
2010,12,5,4,1510820100320006,7,2,03,we,8835430602,256,0.32,1,1,201027121503we,151082010032091693,RED PORGY,,54.329110673,10,25,201027121503we,,0,05/04/2021
2010,12,5,4,1510820100320006,7,2,03,we,8835430602,266,0.36,0,0,201027121503we,151082010032091693,RED PORGY,,54.329110673,10,26,201027121503we,,0,05/04/2021
2010,12,5,4,1510820100320006,7,2,03,we,8835430602,268,0.4,0,0,201027121503we,151082010032091693,RED PORGY,,54.329110673,10,26,201027121503we,,0,05/04/2021
2010,12,5,4,1510820100320006,7,2,03,we,8835430602,273,0.35,0,0,201027121503we,151082010032091693,RED PORGY,,54.329110673,10,27,201027121503we,,0,05/04/2021
2010,12,5,4,1510820100320006,7,2,03,we,8835430602,282,0.42,0,0,201027121503we,151082010032091693,RED PORGY,,54.329110673,11,28,201027121503we,,0,05/04/2021
2010,12,5,4,1510820100320006,7,2,03,we,8835430602,288,0.46,0,0,201027121503we,151082010032091693,RED PORGY,,54.329110673,11,28,201027121503we,,0,05/04/2021
2010,12,5,4,1510820100320006,7,2,03,we,8835430602,288,0.46,0,0,201027121503we,151082010032091693,RED PORGY,,54.329110673,11,28,201027121503we,,0,05/04/2021
2010,12,5,4,1510820100320006,7,2,03,we,8835430602,244,0.32,0,0,201027121503we,151082010032091693,RED PORGY,,54.329110673,9,24,201027121503we,,0,05/04/2021
2010,12,5,4,1510820100320006,7,2,03,we,8835430505,279,0.5,0,0,201027121503we,151082010032091693,WHITEBONE PORGY,,44.880569687,10,27,201027121503we,,0,05/04/2021
2010,12,5,4,1510820100320006,7,2,03,we,8835430602,288,0.46,1,1,201027121503we,151082010032091693,RED PORGY,,54.329110673,11,28,201027121503we,,0,05/04/2021
2010,12,5,4,1510820100320006,7,2,03,we,8835430505,288,0.56,0,0,201027121503we,151082010032091693,WHITEBONE PORGY,,44.880569687,11,28,201027121503we,,0,05/04/2021
2010,12,5,4,1510820100320006,7,2,03,we,8835430505,272,0.46,0,0,201027121503we,151082010032091693,WHITEBONE PORGY,,44.880569687,10,27,201027121503we,,0,05/04/2021
2010,12,5,4,1510820100320006,7,2,03,we,8835430505,245,0.34,0,0,201027121503we,151082010032091693,WHITEBONE PORGY,,44.880569687,9,24,201027121503we,,0,05/04/2021
2010,12,5,4,1510820100320006,7,2,03,we,8835430505,251,0.36,0,0,201027121503we,151082010032091693,WHITEBONE PORGY,,44.880569687,9,25,201027121503we,,0,05/04/2021
2010,12,5,4,1510820100320006,7,2,03,we,8835360501,264,0.28,0,0,201027121503we,151082010032091693,VERMILION SNAPPER,,44.880569687,10,26,201027121503we,,0,05/04/2021
2010,12,5,4,1510820100320006,7,2,03,we,8835360501,276,0.32,0,0,201027121503we,151082010032091693,VERMILION SNAPPER,,44.880569687,10,27,201027121503we,,0,05/04/2021
2010,12,5,4,1510820100320007,7,2,03,we,,,,0,0,201027121503we,151082010032091693,,,45.22286697,,,201027121503we,,0,05/04/2021
2010,12,5,3,1510820100320011,7,2,03,we,8835430602,272,0.46,1,1,201027121503we,151082010032091693,RED PORGY,,14.655122497,10,27,201027121503we,,0,05/04/2021
2010,12,5,3,1510820100320011,7,2,03,we,8835430508,264,0.45,1,1,201027121503we,151082010032091693,LITTLEHEAD PORGY,,14.655122497,10,26,201027121503we,,0,05/04/2021
2010,12,5,3,1510820100320011,7,2,03,we,8835430505,249,0.4,1,1,201027121503we,151082010032091693,WHITEBONE PORGY,,32.241269494,9,24,201027121503we,,0,05/04/2021
2010,12,5,3,1510820100320011,7,2,03,we,8835430505,253,0.38,1,1,201027121503we,151082010032091693,WHITEBONE PORGY,,32.241269494,9,25,201027121503we,,0,05/04/2021
2010,12,5,3,1510820100320011,7,2,03,we,8835430505,240,0.34,1,1,201027121503we,151082010032091693,WHITEBONE PORGY,,32.241269494,9,24,201027121503we,,0,05/04/2021
2010,12,5,3,1510820100320011,7,2,03,we,8835430505,256,0.38,1,1,201027121503we,151082010032091693,WHITEBONE PORGY,,32.241269494,10,25,201027121503we,,0,05/04/2021
2010,12,5,3,1510820100320011,7,2,03,we,8835021002,240,0.22,1,1,201027121503we,151082010032091693,SAND PERCH,,14.655122497,9,24,201027121503we,,0,05/04/2021
2010,12,5,3,1510820100320011,7,2,03,we,8835021002,231,0.16,1,1,201027121503we,151082010032091693,SAND PERCH,,14.655122497,9,23,201027121503we,,0,05/04/2021
2010,12,5,3,1510820100320011,7,2,03,we,8835021002,268,0.32,1,1,201027121503we,151082010032091693,SAND PERCH,,14.655122497,10,26,201027121503we,,0,05/04/2021
2010,12,5,3,1510820100320011,7,2,03,we,8835430505,235,0.34,1,1,201027121503we,151082010032091693,WHITEBONE PORGY,,32.241269494,9,23,201027121503we,,0,05/04/2021
2010,12,5,3,1510820100320011,7,2,03,we,8835021002,254,0.24,1,1,201027121503we,151082010032091693,SAND PERCH,,14.655122497,9,25,201027121503we,,0,05/04/2021
2010,12,5,3,1510820100320012,7,2,03,we,,,,0,0,201027121503we,151082010032091693,,,11.911566456,,,201027121503we,,0,05/04/2021
2010,12,5,3,1510820100320013,7,2,03,we,,,,0,0,201027121503we,151082010032091693,,,11.911566456,,,201027121503we,,0,05/04/2021
2010,12,5,3,1510820100320014,7,2,03,we,,,,0,0,201027121503we,151082010032091693,,,11.911566456,,,201027121503we,,0,05/04/2021
2010,12,5,3,1510820100320015,7,2,03,we,,,,0,0,201027121503we,151082010032091693,,,11.911566456,,,201027121503we,,0,05/04/2021
2010,12,5,4,1510820100320016,7,2,03,we,8835430602,274,0.38,0,0,201027121503we,151082010032091693,RED PORGY,,79.787679443,10,27,201027121503we,,0,05/04/2021
2010,12,5,4,1510820100320016,7,2,03,we,8850030502,610,2.04,0,0,201027121503we,151082010032091693,SPANISH MACKEREL,,44.880569687,24,61,201027121503we,,0,05/04/2021
2010,12,5,4,1510820100320016,7,2,03,we,8835430602,273,0.35,1,1,201027121503we,151082010032091693,RED PORGY,,79.787679443,10,27,201027121503we,,0,05/04/2021
2010,12,5,4,1510820100320016,7,2,03,we,8835430602,280,0.42,0,0,201027121503we,151082010032091693,RED PORGY,,79.787679443,11,28,201027121503we,,0,05/04/2021
2010,12,5,4,1510820100320016,7,2,03,we,8835430602,229,0.28,0,0,201027121503we,151082010032091693,RED PORGY,,79.787679443,9,22,201027121503we,,0,05/04/2021
2010,12,5,4,1510820100320016,7,2,03,we,8835430602,234,0.3,0,0,201027121503we,151082010032091693,RED PORGY,,79.787679443,9,23,201027121503we,,0,05/04/2021
2010,12,5,4,1510820100320016,7,2,03,we,8835430602,238,0.3,0,0,201027121503we,151082010032091693,RED PORGY,,79.787679443,9,23,201027121503we,,0,05/04/2021
2010,12,5,4,1510820100320016,7,2,03,we,8835430602,266,0.42,1,1,201027121503we,151082010032091693,RED PORGY,,79.787679443,10,26,201027121503we,,0,05/04/2021
2010,12,5,4,1510820100320016,7,2,03,we,8835430602,266,0.38,1,1,201027121503we,151082010032091693,RED PORGY,,79.787679443,10,26,201027121503we,,0,05/04/2021
2010,12,5,4,1510820100320016,7,2,03,we,8835400101,218,0.18,1,1,201027121503we,151082010032091693,TOMTATE,,45.22286697,8,21,201027121503we,,0,05/04/2021
2010,12,5,4,1510820100320016,7,2,03,we,8835280801,754,5.62,0,0,201027121503we,151082010032091693,GREATER AMBERJACK,,44.880569687,29,75,201027121503we,,0,05/04/2021
2010,12,5,4,1510820100320016,7,2,03,we,8835020300,,,0,0,201027121503we,151082010032091693,SEA BASS GENUS,,45.22286697,,,201027121503we,,0,05/04/2021
2010,12,5,4,1510820100320016,7,2,03,we,8835430602,261,0.42,1,1,201027121503we,151082010032091693,RED PORGY,,79.787679443,10,26,201027121503we,,0,05/04/2021
2010,12,5,4,1510820100320017,7,2,03,we,8835400101,207,0.18,1,1,201027121503we,151082010032091693,TOMTATE,,45.22286697,8,20,201027121503we,,0,05/04/2021
2010,12,5,4,1510820100320017,7,2,03,we,8835400101,233,0.24,1,1,201027121503we,151082010032091693,TOMTATE,,45.22286697,9,23,201027121503we,,0,05/04/2021
2010,12,5,4,1510820100320017,7,2,03,we,8835400101,217,0.22,1,1,201027121503we,151082010032091693,TOMTATE,,45.22286697,8,21,201027121503we,,0,05/04/2021
2010,12,5,4,1510820100320017,7,2,03,we,8835020300,,,0,0,201027121503we,151082010032091693,SEA BASS GENUS,,90.445733939,,,201027121503we,,0,05/04/2021
2010,12,5,4,1510820100320017,7,2,03,we,8835400101,224,0.22,1,1,201027121503we,151082010032091693,TOMTATE,,45.22286697,8,22,201027121503we,,0,05/04/2021
2010,12,5,4,1510820100320018,7,2,03,we,8835400101,218,0.16,1,1,201027121503we,151082010032091693,TOMTATE,,45.22286697,8,21,201027121503we,,0,05/04/2021
2010,12,5,4,1510820100320018,7,2,03,we,8835400101,219,0.2,1,1,201027121503we,151082010032091693,TOMTATE,,45.22286697,8,21,201027121503we,,0,05/04/2021
2010,12,5,4,1510820100320018,7,2,03,we,8835400101,225,0.26,1,1,201027121503we,151082010032091693,TOMTATE,,45.22286697,8,22,201027121503we,,0,05/04/2021
2010,12,5,4,1510820100320018,7,2,03,we,8835400101,230,0.22,1,1,201027121503we,151082010032091693,TOMTATE,,45.22286697,9,23,201027121503we,,0,05/04/2021
2010,12,5,4,1510820100320018,7,2,03,we,8835020300,,,0,0,201027121503we,151082010032091693,SEA BASS GENUS,,45.22286697,,,201027121503we,,0,05/04/2021
2010,12,5,4,1510820100320019,7,2,03,we,8835400101,234,0.28,1,1,201027121503we,151082010032091693,TOMTATE,,45.22286697,9,23,201027121503we,,0,05/04/2021
2010,12,5,4,1510820100320019,7,2,03,we,8835020300,,,0,0,201027121503we,151082010032091693,SEA BASS GENUS,,45.22286697,,,201027121503we,,0,05/04/2021
2010,12,5,4,1510820100320020,7,2,03,we,8835430602,234,0.3,1,1,201027121503we,151082010032091693,RED PORGY,,106.2960861,9,23,201027121503we,,0,05/04/2021
2010,12,5,4,1510820100320020,7,2,03,we,8860020201,343,0.9,1,1,201027121503we,151082010032091693,GRAY TRIGGERFISH,,44.880569687,13,34,201027121503we,,0,05/04/2021
2010,12,5,4,1510820100320020,7,2,03,we,8860020201,357,0.96,0,0,201027121503we,151082010032091693,GRAY TRIGGERFISH,,44.880569687,14,35,201027121503we,,0,05/04/2021
2010,12,5,4,1510820100320020,7,2,03,we,8835430602,228,0.24,0,0,201027121503we,151082010032091693,RED PORGY,,106.2960861,8,22,201027121503we,,0,05/04/2021
2010,12,5,4,1510820100320020,7,2,03,we,8835430602,229,0.26,0,0,201027121503we,151082010032091693,RED PORGY,,106.2960861,9,22,201027121503we,,0,05/04/2021
2010,12,5,4,1510820100320020,7,2,03,we,8835430602,232,0.26,0,0,201027121503we,151082010032091693,RED PORGY,,106.2960861,9,23,201027121503we,,0,05/04/2021
2010,12,5,4,1510820100320020,7,2,03,we,8860020201,387,1.22,0,0,201027121503we,151082010032091693,GRAY TRIGGERFISH,,44.880569687,15,38,201027121503we,,0,05/04/2021
2010,12,5,4,1510820100320020,7,2,03,we,8835430602,228,0.24,1,1,201027121503we,151082010032091693,RED PORGY,,106.2960861,8,22,201027121503we,,0,05/04/2021
2010,12,5,4,1510820100320020,7,2,03,we,8835430602,236,0.26,0,0,201027121503we,151082010032091693,RED PORGY,,106.2960861,9,23,201027121503we,,0,05/04/2021
2010,12,5,4,1510820100320020,7,2,03,we,8835430602,239,0.3,0,0,201027121503we,151082010032091693,RED PORGY,,106.2960861,9,23,201027121503we,,0,05/04/2021
2010,12,5,4,1510820100320020,7,2,03,we,8835430602,229,0.24,0,0,201027121503we,151082010032091693,RED PORGY,,106.2960861,9,22,201027121503we,,0,05/04/2021
2010,12,5,4,1510820100320020,7,2,03,we,8835430602,242,0.3,1,1,201027121503we,151082010032091693,RED PORGY,,106.2960861,9,24,201027121503we,,0,05/04/2021
2010,12,5,4,1510820100320020,7,2,03,we,8835430602,250,0.32,0,0,201027121503we,151082010032091693,RED PORGY,,106.2960861,9,25,201027121503we,,0,05/04/2021
2010,12,5,4,1510820100320020,7,2,03,we,8835430602,258,0.36,0,0,201027121503we,151082010032091693,RED PORGY,,106.2960861,10,25,201027121503we,,0,05/04/2021
2010,12,5,4,1510820100320020,7,2,03,we,8835430602,260,0.34,0,0,201027121503we,151082010032091693,RED PORGY,,106.2960861,10,26,201027121503we,,0,05/04/2021
2010,12,5,4,1510820100320020,7,2,03,we,8835430602,270,0.34,0,0,201027121503we,151082010032091693,RED PORGY,,106.2960861,10,27,201027121503we,,0,05/04/2021
2010,12,5,4,1510820100320020,7,2,03,we,8835430602,274,0.38,1,1,201027121503we,151082010032091693,RED PORGY,,106.2960861,10,27,201027121503we,,0,05/04/2021
2010,12,5,4,1510820100320020,7,2,03,we,8835430602,247,0.34,0,0,201027121503we,151082010032091693,RED PORGY,,106.2960861,9,24,201027121503we,,0,05/04/2021
2010,12,5,4,1510820100320020,7,2,03,we,8835430602,243,0.26,0,0,201027121503we,151082010032091693,RED PORGY,,106.2960861,9,24,201027121503we,,0,05/04/2021
2010,12,5,4,1510820100320020,7,2,03,we,8835430602,275,0.36,0,0,201027121503we,151082010032091693,RED PORGY,,106.2960861,10,27,201027121503we,,0,05/04/2021
2010,12,5,4,1510820100320020,7,2,03,we,8835430602,272,0.42,0,0,201027121503we,151082010032091693,RED PORGY,,106.2960861,10,27,201027121503we,,0,05/04/2021
2010,12,5,4,1510820100320020,7,2,03,we,8835430602,241,0.3,0,0,201027121503we,151082010032091693,RED PORGY,,106.2960861,9,24,201027121503we,,0,05/04/2021
2010,12,5,4,1510820100320020,7,2,03,we,8835400101,223,0.26,1,1,201027121503we,151082010032091693,TOMTATE,,45.22286697,8,22,201027121503we,,0,05/04/2021
2010,12,5,4,1510820100320020,7,2,03,we,8835400101,229,0.24,1,1,201027121503we,151082010032091693,TOMTATE,,45.22286697,9,22,201027121503we,,0,05/04/2021
2010,12,5,4,1510820100320020,7,2,03,we,8835360501,256,0.3,0,0,201027121503we,151082010032091693,VERMILION SNAPPER,,48.62061716,10,25,201027121503we,,0,05/04/2021
2010,12,5,4,1510820100320020,7,2,03,we,8835400101,225,0.24,1,1,201027121503we,151082010032091693,TOMTATE,,45.22286697,8,22,201027121503we,,0,05/04/2021
2010,12,5,4,1510820100320020,7,2,03,we,8835360501,261,0.3,0,0,201027121503we,151082010032091693,VERMILION SNAPPER,,48.62061716,10,26,201027121503we,,0,05/04/2021
2010,12,5,4,1510820100320020,7,2,03,we,8835360501,263,0.32,0,0,201027121503we,151082010032091693,VERMILION SNAPPER,,48.62061716,10,26,201027121503we,,0,05/04/2021
2010,12,5,4,1510820100320020,7,2,03,we,8835360501,263,0.28,0,0,201027121503we,151082010032091693,VERMILION SNAPPER,,48.62061716,10,26,201027121503we,,0,05/04/2021
2010,12,5,4,1510820100320020,7,2,03,we,8835360501,268,0.38,1,1,201027121503we,151082010032091693,VERMILION SNAPPER,,48.62061716,10,26,201027121503we,,0,05/04/2021
2010,12,5,4,1510820100320020,7,2,03,we,8835400101,240,0.28,1,1,201027121503we,151082010032091693,TOMTATE,,45.22286697,9,24,201027121503we,,0,05/04/2021
2010,12,5,4,1510820100320020,7,2,03,we,8835360501,264,0.34,1,1,201027121503we,151082010032091693,VERMILION SNAPPER,,48.62061716,10,26,201027121503we,,0,05/04/2021
2010,12,5,4,1510820100320020,7,2,03,we,8835360501,276,0.36,0,0,201027121503we,151082010032091693,VERMILION SNAPPER,,48.62061716,10,27,201027121503we,,0,05/04/2021
2010,12,5,4,1510820100320020,7,2,03,we,8835360501,282,0.36,0,0,201027121503we,151082010032091693,VERMILION SNAPPER,,48.62061716,11,28,201027121503we,,0,05/04/2021
2010,12,5,4,1510820100320020,7,2,03,we,8835360501,279,0.4,0,0,201027121503we,151082010032091693,VERMILION SNAPPER,,48.62061716,10,27,201027121503we,,0,05/04/2021
2010,12,5,4,1510820100320020,7,2,03,we,8835360501,287,0.4,0,0,201027121503we,151082010032091693,VERMILION SNAPPER,,48.62061716,11,28,201027121503we,,0,05/04/2021
2010,12,5,4,1510820100320020,7,2,03,we,8835360501,330,0.6,1,1,201027121503we,151082010032091693,VERMILION SNAPPER,,48.62061716,12,33,201027121503we,,0,05/04/2021
2010,12,5,4,1510820100320020,7,2,03,we,8835360501,282,0.4,1,1,201027121503we,151082010032091693,VERMILION SNAPPER,,48.62061716,11,28,201027121503we,,0,05/04/2021
2010,12,5,4,1510820100320021,7,2,03,we,8835400101,208,0.2,1,1,201027121503we,151082010032091693,TOMTATE,,45.22286697,8,20,201027121503we,,0,05/04/2021
2010,12,5,4,1510820100320021,7,2,03,we,8835400101,222,0.22,1,1,201027121503we,151082010032091693,TOMTATE,,45.22286697,8,22,201027121503we,,0,05/04/2021
2010,12,5,4,1510820100320022,7,2,03,we,8835400101,209,0.2,1,1,201027121503we,151082010032091693,TOMTATE,,36.478568399,8,20,201027121503we,,0,05/04/2021
2010,12,5,4,1510820100320022,7,2,03,we,8835400101,202,0.18,1,1,201027121503we,151082010032091693,TOMTATE,,36.478568399,7,20,201027121503we,,0,05/04/2021
2010,12,5,4,1510820100320022,7,2,03,we,8835400101,204,0.18,1,1,201027121503we,151082010032091693,TOMTATE,,36.478568399,8,20,201027121503we,,0,05/04/2021
2010,12,5,4,1510820100320023,7,2,03,we,,,,0,0,201027121503we,151082010032091693,,,45.22286697,,,201027121503we,,0,05/04/2021
2010,12,5,4,1510820100320026,7,2,03,we,8835400101,233,0.26,1,1,201027121503we,151082010032091693,TOMTATE,,45.22286697,9,23,201027121503we,,0,05/04/2021
2010,12,5,4,1510820100320026,7,2,03,we,8835280801,800,6.94,1,1,201027121503we,151082010032091693,GREATER AMBERJACK,,44.880569687,31,80,201027121503we,,0,05/04/2021
2010,12,5,4,1510820100320026,7,2,03,we,8835280801,794,7.08,0,0,201027121503we,151082010032091693,GREATER AMBERJACK,,44.880569687,31,79,201027121503we,,0,05/04/2021
2010,12,5,4,1510820100320026,7,2,03,we,8835280801,780,7.14,1,1,201027121503we,151082010032091693,GREATER AMBERJACK,,44.880569687,30,78,201027121503we,,0,05/04/2021
2010,12,5,4,1510820100320026,7,2,03,we,8835280801,840,7.92,0,0,201027121503we,151082010032091693,GREATER AMBERJACK,,44.880569687,33,84,201027121503we,,0,05/04/2021
2010,12,5,4,1510820100320026,7,2,03,we,8835280801,840,8.25,1,1,201027121503we,151082010032091693,GREATER AMBERJACK,,44.880569687,33,84,201027121503we,,0,05/04/2021
2010,12,5,4,1510820100320026,7,2,03,we,8835280801,852,8.56,0,0,201027121503we,151082010032091693,GREATER AMBERJACK,,44.880569687,33,85,201027121503we,,0,05/04/2021
2010,12,5,4,1510820100320026,7,2,03,we,8835280801,853,8.68,1,1,201027121503we,151082010032091693,GREATER AMBERJACK,,44.880569687,33,85,201027121503we,,0,05/04/2021
2010,12,5,4,1510820100320028,7,2,03,we,,,,0,0,201027121503we,151082010032091693,,,45.22286697,,,201027121503we,,0,05/04/2021
2010,12,5,4,1510820100320035,7,2,03,we,,,,0,0,201027121503we,151082010032091693,,,45.22286697,,,201027121503we,,0,05/04/2021
2010,12,5,3,1510820100410001,7,2,04,we,8850030502,420,0.58,1,1,201027121504we,151082010041091599,SPANISH MACKEREL,,8.8759671745,16,42,201027121504we,,0,05/04/2021
2010,12,5,3,1510820100410001,7,2,04,we,8835430602,254,0.36,1,1,201027121504we,151082010041091599,RED PORGY,,42.604642437,9,25,201027121504we,,0,05/04/2021
2010,12,5,3,1510820100410001,7,2,04,we,8835430602,260,0.38,1,1,201027121504we,151082010041091599,RED PORGY,,42.604642437,10,26,201027121504we,,0,05/04/2021
2010,12,5,3,1510820100410001,7,2,04,we,8835430602,260,0.36,1,1,201027121504we,151082010041091599,RED PORGY,,42.604642437,10,26,201027121504we,,0,05/04/2021
2010,12,5,3,1510820100410001,7,2,04,we,8835430602,265,0.4,1,1,201027121504we,151082010041091599,RED PORGY,,42.604642437,10,26,201027121504we,,0,05/04/2021
2010,12,5,3,1510820100410001,7,2,04,we,8835430602,272,0.4,1,1,201027121504we,151082010041091599,RED PORGY,,42.604642437,10,27,201027121504we,,0,05/04/2021
2010,12,5,3,1510820100410001,7,2,04,we,8835430505,231,0.32,1,1,201027121504we,151082010041091599,WHITEBONE PORGY,,8.8759671745,9,23,201027121504we,,0,05/04/2021
2010,12,5,3,1510820100410001,7,2,04,we,8835430505,263,0.42,1,1,201027121504we,151082010041091599,WHITEBONE PORGY,,8.8759671745,10,26,201027121504we,,0,05/04/2021
2010,12,5,3,1510820100410001,7,2,04,we,8835400101,213,0.22,1,1,201027121504we,151082010041091599,TOMTATE,,8.9661272441,8,21,201027121504we,,0,05/04/2021
2010,12,5,3,1510820100410001,7,2,04,we,8835430505,217,0.26,1,1,201027121504we,151082010041091599,WHITEBONE PORGY,,8.8759671745,8,21,201027121504we,,0,05/04/2021
2010,12,5,3,1510820100410001,7,2,04,we,8835400101,220,0.2,1,1,201027121504we,151082010041091599,TOMTATE,,8.9661272441,8,22,201027121504we,,0,05/04/2021
2010,12,5,3,1510820100410001,7,2,04,we,8835400101,212,0.2,1,1,201027121504we,151082010041091599,TOMTATE,,8.9661272441,8,21,201027121504we,,0,05/04/2021
2010,12,5,3,1510820100410001,7,2,04,we,8835400101,215,0.2,1,1,201027121504we,151082010041091599,TOMTATE,,8.9661272441,8,21,201027121504we,,0,05/04/2021
2010,12,5,3,1510820100410001,7,2,04,we,8835400101,222,0.22,1,1,201027121504we,151082010041091599,TOMTATE,,8.9661272441,8,22,201027121504we,,0,05/04/2021
2010,12,5,3,1510820100410002,7,2,04,we,8835400101,211,0.18,1,1,201027121504we,151082010041091599,TOMTATE,,11.115402753,8,21,201027121504we,,0,05/04/2021
2010,12,5,3,1510820100410002,7,2,04,we,8835400101,220,0.22,1,1,201027121504we,151082010041091599,TOMTATE,,11.115402753,8,22,201027121504we,,0,05/04/2021
2010,12,5,3,1510820100410002,7,2,04,we,8835400101,215,0.2,1,1,201027121504we,151082010041091599,TOMTATE,,11.115402753,8,21,201027121504we,,0,05/04/2021
2010,12,5,3,1510820100410002,7,2,04,we,8835400101,233,0.26,1,1,201027121504we,151082010041091599,TOMTATE,,11.115402753,9,23,201027121504we,,0,05/04/2021
2010,12,5,3,1510820100410002,7,2,04,we,8835400101,210,0.2,1,1,201027121504we,151082010041091599,TOMTATE,,11.115402753,8,21,201027121504we,,0,05/04/2021
2010,12,5,3,1510820100410003,7,2,04,we,8835400101,231,0.24,1,1,201027121504we,151082010041091599,TOMTATE,,11.115402753,9,23,201027121504we,,0,05/04/2021
2010,12,5,3,1510820100410003,7,2,04,we,8835400101,349,0.32,1,1,201027121504we,151082010041091599,TOMTATE,,11.115402753,13,34,201027121504we,,0,05/04/2021
2010,12,5,3,1510820100410003,7,2,04,we,8835400101,220,0.18,1,1,201027121504we,151082010041091599,TOMTATE,,11.115402753,8,22,201027121504we,,0,05/04/2021
2010,12,5,3,1510820100410003,7,2,04,we,8835400101,191,0.14,1,1,201027121504we,151082010041091599,TOMTATE,,11.115402753,7,19,201027121504we,,0,05/04/2021
2010,12,5,3,1510820100410003,7,2,04,we,8835400101,325,0.26,1,1,201027121504we,151082010041091599,TOMTATE,,11.115402753,12,32,201027121504we,,0,05/04/2021
2010,12,5,3,1510820100410004,7,2,04,we,8835400101,230,0.22,1,1,201027121504we,151082010041091599,TOMTATE,,8.9661272441,9,23,201027121504we,,0,05/04/2021
2010,12,5,3,1510820100410004,7,2,04,we,8835400101,202,0.18,1,1,201027121504we,151082010041091599,TOMTATE,,8.9661272441,7,20,201027121504we,,0,05/04/2021
2010,12,5,3,1510820100410004,7,2,04,we,8835400101,229,0.24,1,1,201027121504we,151082010041091599,TOMTATE,,8.9661272441,9,22,201027121504we,,0,05/04/2021
2010,12,5,3,1510820100410004,7,2,04,we,8835400101,225,0.22,1,1,201027121504we,151082010041091599,TOMTATE,,8.9661272441,8,22,201027121504we,,0,05/04/2021
2010,12,5,3,1510820100410004,7,2,04,we,8835400101,304,0.22,1,1,201027121504we,151082010041091599,TOMTATE,,8.9661272441,11,30,201027121504we,,0,05/04/2021
2010,12,5,3,1510820100410005,7,2,04,we,8835400101,191,0.16,1,1,201027121504we,151082010041091599,TOMTATE,,11.115402753,7,19,201027121504we,,0,05/04/2021
2010,12,5,3,1510820100410005,7,2,04,we,8835400101,207,0.18,1,1,201027121504we,151082010041091599,TOMTATE,,11.115402753,8,20,201027121504we,,0,05/04/2021
2010,12,5,3,1510820100410005,7,2,04,we,8835400101,209,0.2,1,1,201027121504we,151082010041091599,TOMTATE,,11.115402753,8,20,201027121504we,,0,05/04/2021
2010,12,5,3,1510820100410005,7,2,04,we,8835400101,202,0.18,1,1,201027121504we,151082010041091599,TOMTATE,,11.115402753,7,20,201027121504we,,0,05/04/2021
2010,12,5,3,1510820100410005,7,2,04,we,8835400101,218,0.18,1,1,201027121504we,151082010041091599,TOMTATE,,11.115402753,8,21,201027121504we,,0,05/04/2021
2010,12,5,3,1510820100410006,7,2,04,we,8835400101,217,0.22,1,1,201027121504we,151082010041091599,TOMTATE,,11.115402753,8,21,201027121504we,,0,05/04/2021
2010,12,5,3,1510820100410006,7,2,04,we,8835400101,218,0.16,1,1,201027121504we,151082010041091599,TOMTATE,,11.115402753,8,21,201027121504we,,0,05/04/2021
2010,12,5,3,1510820100410006,7,2,04,we,8835400101,233,0.24,1,1,201027121504we,151082010041091599,TOMTATE,,11.115402753,9,23,201027121504we,,0,05/04/2021
2010,12,5,3,1510820100410006,7,2,04,we,8835400101,240,0.28,1,1,201027121504we,151082010041091599,TOMTATE,,11.115402753,9,24,201027121504we,,0,05/04/2021
2010,12,5,3,1510820100410006,7,2,04,we,8835400101,224,0.22,1,1,201027121504we,151082010041091599,TOMTATE,,11.115402753,8,22,201027121504we,,0,05/04/2021
2010,12,5,3,1510820100410007,7,2,04,we,8850030502,340,0.34,0,0,201027121504we,151082010041091599,SPANISH MACKEREL,,11.003630361,13,34,201027121504we,,0,05/04/2021
2010,12,5,3,1510820100410007,7,2,04,we,8850030502,342,0.32,0,0,201027121504we,151082010041091599,SPANISH MACKEREL,,11.003630361,13,34,201027121504we,,0,05/04/2021
2010,12,5,3,1510820100410007,7,2,04,we,8850030502,345,0.32,0,0,201027121504we,151082010041091599,SPANISH MACKEREL,,11.003630361,13,34,201027121504we,,0,05/04/2021
2010,12,5,3,1510820100410007,7,2,04,we,8850030502,334,0.32,0,0,201027121504we,151082010041091599,SPANISH MACKEREL,,11.003630361,13,33,201027121504we,,0,05/04/2021
2010,12,5,3,1510820100410007,7,2,04,we,8850030502,340,0.34,0,0,201027121504we,151082010041091599,SPANISH MACKEREL,,11.003630361,13,34,201027121504we,,0,05/04/2021
2010,12,5,3,1510820100410007,7,2,04,we,8850030502,350,0.36,0,0,201027121504we,151082010041091599,SPANISH MACKEREL,,11.003630361,13,35,201027121504we,,0,05/04/2021
2010,12,5,3,1510820100410007,7,2,04,we,8850030502,350,0.34,0,0,201027121504we,151082010041091599,SPANISH MACKEREL,,11.003630361,13,35,201027121504we,,0,05/04/2021
2010,12,5,3,1510820100410007,7,2,04,we,8850030502,340,0.32,0,0,201027121504we,151082010041091599,SPANISH MACKEREL,,11.003630361,13,34,201027121504we,,0,05/04/2021
2010,12,5,3,1510820100410007,7,2,04,we,8850030502,345,0.38,0,0,201027121504we,151082010041091599,SPANISH MACKEREL,,11.003630361,13,34,201027121504we,,0,05/04/2021
2010,12,5,3,1510820100410007,7,2,04,we,8850030502,320,0.3,0,0,201027121504we,151082010041091599,SPANISH MACKEREL,,11.003630361,12,32,201027121504we,,0,05/04/2021
2010,12,5,3,1510820100410007,7,2,04,we,8850030502,354,0.36,0,0,201027121504we,151082010041091599,SPANISH MACKEREL,,11.003630361,13,35,201027121504we,,0,05/04/2021
2010,12,5,3,1510820100410007,7,2,04,we,8850030502,357,0.38,0,0,201027121504we,151082010041091599,SPANISH MACKEREL,,11.003630361,14,35,201027121504we,,0,05/04/2021
2010,12,5,3,1510820100410007,7,2,04,we,8850030502,357,0.34,0,0,201027121504we,151082010041091599,SPANISH MACKEREL,,11.003630361,14,35,201027121504we,,0,05/04/2021
2010,12,5,3,1510820100410007,7,2,04,we,8850030502,357,0.34,0,0,201027121504we,151082010041091599,SPANISH MACKEREL,,11.003630361,14,35,201027121504we,,0,05/04/2021
2010,12,5,3,1510820100410007,7,2,04,we,8850030502,370,0.44,0,0,201027121504we,151082010041091599,SPANISH MACKEREL,,11.003630361,14,37,201027121504we,,0,05/04/2021
2010,12,5,3,1510820100410007,7,2,04,we,8850030502,312,0.28,0,0,201027121504we,151082010041091599,SPANISH MACKEREL,,11.003630361,12,31,201027121504we,,0,05/04/2021
2010,12,5,3,1510820100410007,7,2,04,we,8850030502,366,0.36,0,0,201027121504we,151082010041091599,SPANISH MACKEREL,,11.003630361,14,36,201027121504we,,0,05/04/2021
2010,12,5,3,1510820100410007,7,2,04,we,8850030502,363,0.44,0,0,201027121504we,151082010041091599,SPANISH MACKEREL,,11.003630361,14,36,201027121504we,,0,05/04/2021
2010,12,5,3,1510820100410007,7,2,04,we,8850030502,370,0.4,0,0,201027121504we,151082010041091599,SPANISH MACKEREL,,11.003630361,14,37,201027121504we,,0,05/04/2021
2010,12,5,3,1510820100410007,7,2,04,we,8850030502,395,0.46,1,1,201027121504we,151082010041091599,SPANISH MACKEREL,,11.003630361,15,39,201027121504we,,0,05/04/2021
2010,12,5,3,1510820100410007,7,2,04,we,8850030502,381,0.5,0,0,201027121504we,151082010041091599,SPANISH MACKEREL,,11.003630361,14,38,201027121504we,,0,05/04/2021
2010,12,5,3,1510820100410007,7,2,04,we,8850030502,396,0.54,0,0,201027121504we,151082010041091599,SPANISH MACKEREL,,11.003630361,15,39,201027121504we,,0,05/04/2021
2010,12,5,3,1510820100410007,7,2,04,we,8850030502,403,0.5,0,0,201027121504we,151082010041091599,SPANISH MACKEREL,,11.003630361,15,40,201027121504we,,0,05/04/2021
2010,12,5,3,1510820100410007,7,2,04,we,8850030502,420,0.64,0,0,201027121504we,151082010041091599,SPANISH MACKEREL,,11.003630361,16,42,201027121504we,,0,05/04/2021
2010,12,5,3,1510820100410007,7,2,04,we,8850030502,405,0.46,1,1,201027121504we,151082010041091599,SPANISH MACKEREL,,11.003630361,15,40,201027121504we,,0,05/04/2021
2010,12,5,3,1510820100410009,7,2,04,we,,,,0,0,201027121504we,151082010041091599,,,11.115402753,,,201027121504we,,0,05/04/2021
2010,12,5,4,1510820100410011,7,2,04,we,8860020201,343,0.9,0,0,201027121504we,151082010041091599,GRAY TRIGGERFISH,,33.698060137,13,34,201027121504we,,0,05/04/2021
2010,12,5,4,1510820100410011,7,2,04,we,8860020201,367,1.16,0,0,201027121504we,151082010041091599,GRAY TRIGGERFISH,,33.698060137,14,36,201027121504we,,0,05/04/2021
2010,12,5,4,1510820100410011,7,2,04,we,8860020201,465,2.24,1,1,201027121504we,151082010041091599,GRAY TRIGGERFISH,,33.698060137,18,46,201027121504we,,0,05/04/2021
2010,12,5,4,1510820100410011,7,2,04,we,8850030502,358,0.36,0,0,201027121504we,151082010041091599,SPANISH MACKEREL,,33.698060137,14,35,201027121504we,,0,05/04/2021
2010,12,5,4,1510820100410011,7,2,04,we,8850030502,347,0.34,0,0,201027121504we,151082010041091599,SPANISH MACKEREL,,33.698060137,13,34,201027121504we,,0,05/04/2021
2010,12,5,4,1510820100410011,7,2,04,we,8850030502,358,0.36,0,0,201027121504we,151082010041091599,SPANISH MACKEREL,,33.698060137,14,35,201027121504we,,0,05/04/2021
2010,12,5,4,1510820100410011,7,2,04,we,8860020201,425,1.84,0,0,201027121504we,151082010041091599,GRAY TRIGGERFISH,,33.698060137,16,42,201027121504we,,0,05/04/2021
2010,12,5,4,1510820100410011,7,2,04,we,8850030502,335,0.3,0,0,201027121504we,151082010041091599,SPANISH MACKEREL,,33.698060137,13,33,201027121504we,,0,05/04/2021
2010,12,5,4,1510820100410011,7,2,04,we,8835430602,241,0.3,1,1,201027121504we,151082010041091599,RED PORGY,,80.875344328,9,24,201027121504we,,0,05/04/2021
2010,12,5,4,1510820100410011,7,2,04,we,8860020201,367,1,0,0,201027121504we,151082010041091599,GRAY TRIGGERFISH,,33.698060137,14,36,201027121504we,,0,05/04/2021
2010,12,5,4,1510820100410011,7,2,04,we,8835430602,258,0.36,1,1,201027121504we,151082010041091599,RED PORGY,,80.875344328,10,25,201027121504we,,0,05/04/2021
2010,12,5,4,1510820100410011,7,2,04,we,8835430602,260,0.34,1,1,201027121504we,151082010041091599,RED PORGY,,80.875344328,10,26,201027121504we,,0,05/04/2021
2010,12,5,4,1510820100410011,7,2,04,we,8835430602,272,0.42,1,1,201027121504we,151082010041091599,RED PORGY,,80.875344328,10,27,201027121504we,,0,05/04/2021
2010,12,5,4,1510820100410011,7,2,04,we,8835430602,297,0.52,0,0,201027121504we,151082010041091599,RED PORGY,,80.875344328,11,29,201027121504we,,0,05/04/2021
2010,12,5,4,1510820100410011,7,2,04,we,8835430508,321,0.74,0,0,201027121504we,151082010041091599,LITTLEHEAD PORGY,,33.698060137,12,32,201027121504we,,0,05/04/2021
2010,12,5,4,1510820100410011,7,2,04,we,8860020201,364,1.14,0,0,201027121504we,151082010041091599,GRAY TRIGGERFISH,,33.698060137,14,36,201027121504we,,0,05/04/2021
2010,12,5,4,1510820100410011,7,2,04,we,8835360501,218,0.2,1,1,201027121504we,151082010041091599,VERMILION SNAPPER,,33.698060137,8,21,201027121504we,,0,05/04/2021
2010,12,5,4,1510820100410011,7,2,04,we,8835360501,251,0.3,1,1,201027121504we,151082010041091599,VERMILION SNAPPER,,33.698060137,9,25,201027121504we,,0,05/04/2021
2010,12,5,4,1510820100410011,7,2,04,we,8835360501,225,0.21,1,1,201027121504we,151082010041091599,VERMILION SNAPPER,,33.698060137,8,22,201027121504we,,0,05/04/2021
2010,12,5,4,1510820100410011,7,2,04,we,8835360501,330,0.64,1,1,201027121504we,151082010041091599,VERMILION SNAPPER,,33.698060137,12,33,201027121504we,,0,05/04/2021
2010,12,5,4,1510820100410011,7,2,04,we,8835020408,522,2.58,0,0,201027121504we,151082010041091599,RED GROUPER,,33.698060137,20,52,201027121504we,,0,05/04/2021
2010,12,5,4,1510820100410011,7,2,04,we,8835020408,673,5.34,0,0,201027121504we,151082010041091599,RED GROUPER,,33.698060137,26,67,201027121504we,,0,05/04/2021
2010,12,5,4,1510820100410011,7,2,04,we,8708020301,780,3.64,0,0,201027121504we,151082010041091599,ATLANTIC SHARPNOSE SHARK,,33.698060137,30,78,201027121504we,,0,05/04/2021
2010,12,5,4,1510820100410011,7,2,04,we,8835020408,495,2.4,0,0,201027121504we,151082010041091599,RED GROUPER,,33.698060137,19,49,201027121504we,,0,05/04/2021
2010,12,5,4,1510820100410012,7,2,04,we,,,,0,0,201027121504we,151082010041091599,,,34.04035742,,,201027121504we,,0,05/04/2021
2010,12,5,4,1510820100410013,7,2,04,we,,,,0,0,201027121504we,151082010041091599,,,34.04035742,,,201027121504we,,0,05/04/2021
2010,12,5,4,1510820100410015,7,2,04,we,,,,0,0,201027121504we,151082010041091599,,,34.04035742,,,201027121504we,,0,05/04/2021
2010,12,5,3,1510820100410016,7,2,04,we,,,,0,0,201027121504we,151082010041091599,,,11.115402753,,,201027121504we,,0,05/04/2021
2010,12,5,3,1510820100410017,7,2,04,we,8835440901,451,1.07,1,1,201027121504we,151082010041091599,RED DRUM,,11.003630361,17,45,201027121504we,,0,05/04/2021
2010,12,5,3,1510820100410017,7,2,04,we,8835440901,461,0.98,1,1,201027121504we,151082010041091599,RED DRUM,,11.003630361,18,46,201027121504we,,0,05/04/2021
2010,12,5,3,1510820100410017,7,2,04,we,8835440901,540,1.46,0,0,201027121504we,151082010041091599,RED DRUM,,11.003630361,21,54,201027121504we,,0,05/04/2021
2010,12,5,3,1510820100410017,7,2,04,we,8835440901,549,1.64,0,0,201027121504we,151082010041091599,RED DRUM,,11.003630361,21,54,201027121504we,,0,05/04/2021
2010,12,5,3,1510820100410018,7,2,04,we,,,,0,0,201027121504we,151082010041091599,,,11.115402753,,,201027121504we,,0,05/04/2021
2010,12,5,4,1510820100410019,7,2,04,we,,,,0,0,201027121504we,151082010041091599,,,34.04035742,,,201027121504we,,0,05/04/2021
2010,12,5,4,1510820100410020,7,2,04,we,8860020201,342,0.92,0,0,201027121504we,151082010041091599,GRAY TRIGGERFISH,,33.698060137,13,34,201027121504we,,0,05/04/2021
2010,12,5,4,1510820100410020,7,2,04,we,8860020201,376,1.34,0,0,201027121504we,151082010041091599,GRAY TRIGGERFISH,,33.698060137,14,37,201027121504we,,0,05/04/2021
2010,12,5,4,1510820100410020,7,2,04,we,8860020201,390,1.22,0,0,201027121504we,151082010041091599,GRAY TRIGGERFISH,,33.698060137,15,39,201027121504we,,0,05/04/2021
2010,12,5,4,1510820100410020,7,2,04,we,8860020201,419,1.6,0,0,201027121504we,151082010041091599,GRAY TRIGGERFISH,,33.698060137,16,41,201027121504we,,0,05/04/2021
2010,12,5,4,1510820100410020,7,2,04,we,8860020201,462,2.5,0,0,201027121504we,151082010041091599,GRAY TRIGGERFISH,,33.698060137,18,46,201027121504we,,0,05/04/2021
2010,12,5,4,1510820100410020,7,2,04,we,8860020201,465,2.24,0,0,201027121504we,151082010041091599,GRAY TRIGGERFISH,,33.698060137,18,46,201027121504we,,0,05/04/2021
2010,12,5,4,1510820100410020,7,2,04,we,8835430602,216,0.22,0,0,201027121504we,151082010041091599,RED PORGY,,38.79178676,8,21,201027121504we,,0,05/04/2021
2010,12,5,4,1510820100410020,7,2,04,we,8835430602,223,0.26,0,0,201027121504we,151082010041091599,RED PORGY,,38.79178676,8,22,201027121504we,,0,05/04/2021
2010,12,5,4,1510820100410020,7,2,04,we,8835430602,224,0.28,0,0,201027121504we,151082010041091599,RED PORGY,,38.79178676,8,22,201027121504we,,0,05/04/2021
2010,12,5,4,1510820100410020,7,2,04,we,8860020201,380,1.26,0,0,201027121504we,151082010041091599,GRAY TRIGGERFISH,,33.698060137,14,38,201027121504we,,0,05/04/2021
2010,12,5,4,1510820100410020,7,2,04,we,8835430602,226,0.44,0,0,201027121504we,151082010041091599,RED PORGY,,38.79178676,8,22,201027121504we,,0,05/04/2021
2010,12,5,4,1510820100410020,7,2,04,we,8860020201,467,2.2,0,0,201027121504we,151082010041091599,GRAY TRIGGERFISH,,33.698060137,18,46,201027121504we,,0,05/04/2021
2010,12,5,4,1510820100410020,7,2,04,we,8835430602,229,0.24,1,1,201027121504we,151082010041091599,RED PORGY,,38.79178676,9,22,201027121504we,,0,05/04/2021
2010,12,5,4,1510820100410020,7,2,04,we,8835430602,230,0.28,0,0,201027121504we,151082010041091599,RED PORGY,,38.79178676,9,23,201027121504we,,0,05/04/2021
2010,12,5,4,1510820100410020,7,2,04,we,8835430602,231,0.26,0,0,201027121504we,151082010041091599,RED PORGY,,38.79178676,9,23,201027121504we,,0,05/04/2021
2010,12,5,4,1510820100410020,7,2,04,we,8835430602,235,0.3,0,0,201027121504we,151082010041091599,RED PORGY,,38.79178676,9,23,201027121504we,,0,05/04/2021
2010,12,5,4,1510820100410020,7,2,04,we,8835430602,238,0.3,0,0,201027121504we,151082010041091599,RED PORGY,,38.79178676,9,23,201027121504we,,0,05/04/2021
2010,12,5,4,1510820100410020,7,2,04,we,8835430602,240,0.28,0,0,201027121504we,151082010041091599,RED PORGY,,38.79178676,9,24,201027121504we,,0,05/04/2021
2010,12,5,4,1510820100410020,7,2,04,we,8835430602,243,0.34,0,0,201027121504we,151082010041091599,RED PORGY,,38.79178676,9,24,201027121504we,,0,05/04/2021
2010,12,5,4,1510820100410020,7,2,04,we,8835430602,249,0.32,0,0,201027121504we,151082010041091599,RED PORGY,,38.79178676,9,24,201027121504we,,0,05/04/2021
2010,12,5,4,1510820100410020,7,2,04,we,8835430602,250,0.32,0,0,201027121504we,151082010041091599,RED PORGY,,38.79178676,9,25,201027121504we,,0,05/04/2021
2010,12,5,4,1510820100410020,7,2,04,we,8835430602,245,0.28,0,0,201027121504we,151082010041091599,RED PORGY,,38.79178676,9,24,201027121504we,,0,05/04/2021
2010,12,5,4,1510820100410020,7,2,04,we,8860020201,419,1.6,1,1,201027121504we,151082010041091599,GRAY TRIGGERFISH,,33.698060137,16,41,201027121504we,,0,05/04/2021
2010,12,5,4,1510820100410020,7,2,04,we,8835430602,256,0.32,0,0,201027121504we,151082010041091599,RED PORGY,,38.79178676,10,25,201027121504we,,0,05/04/2021
2010,12,5,4,1510820100410020,7,2,04,we,8835430602,219,0.22,0,0,201027121504we,151082010041091599,RED PORGY,,38.79178676,8,21,201027121504we,,0,05/04/2021
2010,12,5,4,1510820100410020,7,2,04,we,8860020201,399,1.44,0,0,201027121504we,151082010041091599,GRAY TRIGGERFISH,,33.698060137,15,39,201027121504we,,0,05/04/2021
2010,12,5,4,1510820100410020,7,2,04,we,8835430602,256,0.36,0,0,201027121504we,151082010041091599,RED PORGY,,38.79178676,10,25,201027121504we,,0,05/04/2021
2010,12,5,4,1510820100410020,7,2,04,we,8835430602,297,0.52,1,1,201027121504we,151082010041091599,RED PORGY,,38.79178676,11,29,201027121504we,,0,05/04/2021
2010,12,5,4,1510820100410020,7,2,04,we,8835430602,280,0.48,0,0,201027121504we,151082010041091599,RED PORGY,,38.79178676,11,28,201027121504we,,0,05/04/2021
2010,12,5,4,1510820100410020,7,2,04,we,8835430602,251,0.34,0,0,201027121504we,151082010041091599,RED PORGY,,38.79178676,9,25,201027121504we,,0,05/04/2021
2010,12,5,4,1510820100410020,7,2,04,we,8835360501,330,0.6,0,0,201027121504we,151082010041091599,VERMILION SNAPPER,,33.698060137,12,33,201027121504we,,0,05/04/2021
2010,12,5,4,1510820100410020,7,2,04,we,8835360501,268,0.38,0,0,201027121504we,151082010041091599,VERMILION SNAPPER,,33.698060137,10,26,201027121504we,,0,05/04/2021
2010,12,5,4,1510820100410020,7,2,04,we,8835280801,837,7.42,0,0,201027121504we,151082010041091599,GREATER AMBERJACK,,33.698060137,32,83,201027121504we,,0,05/04/2021
2010,12,5,4,1510820100410020,7,2,04,we,8835430602,249,0.32,0,0,201027121504we,151082010041091599,RED PORGY,,38.79178676,9,24,201027121504we,,0,05/04/2021
2010,12,5,4,1510820100410020,7,2,04,we,8835280801,780,6.3,0,0,201027121504we,151082010041091599,GREATER AMBERJACK,,33.698060137,30,78,201027121504we,,0,05/04/2021
2010,12,5,4,1510820100410020,7,2,04,we,8835280801,799,6.34,0,0,201027121504we,151082010041091599,GREATER AMBERJACK,,33.698060137,31,79,201027121504we,,0,05/04/2021
2010,12,5,4,1510820100410020,7,2,04,we,8835020505,503,1.86,0,0,201027121504we,151082010041091599,SCAMP,,33.698060137,19,50,201027121504we,,0,05/04/2021
2010,12,5,4,1510820100410020,7,2,04,we,8835430602,252,0.32,0,0,201027121504we,151082010041091599,RED PORGY,,38.79178676,9,25,201027121504we,,0,05/04/2021
2010,12,5,4,1510820100410020,7,2,04,we,8835430602,240,0.3,0,0,201027121504we,151082010041091599,RED PORGY,,38.79178676,9,24,201027121504we,,0,05/04/2021
2010,12,5,4,1510820100410020,7,2,04,we,8835360501,356,0.9,0,0,201027121504we,151082010041091599,VERMILION SNAPPER,,33.698060137,14,35,201027121504we,,0,05/04/2021
2010,12,5,4,1510820100410020,7,2,04,we,8835430602,239,0.3,1,1,201027121504we,151082010041091599,RED PORGY,,38.79178676,9,23,201027121504we,,0,05/04/2021
2010,12,5,4,1510820100410020,7,2,04,we,8835430602,235,0.28,0,0,201027121504we,151082010041091599,RED PORGY,,38.79178676,9,23,201027121504we,,0,05/04/2021
2010,12,5,4,1510820100410020,7,2,04,we,8835430602,236,0.26,1,1,201027121504we,151082010041091599,RED PORGY,,38.79178676,9,23,201027121504we,,0,05/04/2021
2010,12,5,4,1510820100410020,7,2,04,we,8835430602,229,0.28,0,0,201027121504we,151082010041091599,RED PORGY,,38.79178676,9,22,201027121504we,,0,05/04/2021
2010,12,5,4,1510820100410021,7,2,04,we,8835400101,230,0.24,1,1,201027121504we,151082010041091599,TOMTATE,,34.04035742,9,23,201027121504we,,0,05/04/2021
2010,12,5,4,1510820100410021,7,2,04,we,8835400101,231,0.24,1,1,201027121504we,151082010041091599,TOMTATE,,34.04035742,9,23,201027121504we,,0,05/04/2021
2010,12,5,4,1510820100410021,7,2,04,we,8835400101,225,0.24,1,1,201027121504we,151082010041091599,TOMTATE,,34.04035742,8,22,201027121504we,,0,05/04/2021
2010,12,5,4,1510820100410021,7,2,04,we,8835021002,253,0.24,1,1,201027121504we,151082010041091599,SAND PERCH,,34.04035742,9,25,201027121504we,,0,05/04/2021
2010,12,5,4,1510820100410022,7,2,04,we,,,,0,0,201027121504we,151082010041091599,,,34.04035742,,,201027121504we,,0,05/04/2021
2010,12,5,4,1510820100410023,7,2,04,we,,,,0,0,201027121504we,151082010041091599,,,34.04035742,,,201027121504we,,0,05/04/2021
2010,12,5,4,1510820100410024,7,2,04,we,,,,0,0,201027121504we,151082010041091599,,,34.04035742,,,201027121504we,,0,05/04/2021
2010,12,5,3,1510820100410025,7,2,04,we,8835430602,235,0.3,0,0,201027121504we,151082010041091599,RED PORGY,,11.003630361,9,23,201027121504we,,0,05/04/2021
2010,12,5,3,1510820100410025,7,2,04,we,8835430602,233,0.28,0,0,201027121504we,151082010041091599,RED PORGY,,11.003630361,9,23,201027121504we,,0,05/04/2021
2010,12,5,3,1510820100410025,7,2,04,we,8835430602,240,0.32,0,0,201027121504we,151082010041091599,RED PORGY,,11.003630361,9,24,201027121504we,,0,05/04/2021
2010,12,5,3,1510820100410025,7,2,04,we,8835430602,244,0.3,0,0,201027121504we,151082010041091599,RED PORGY,,11.003630361,9,24,201027121504we,,0,05/04/2021
2010,12,5,3,1510820100410025,7,2,04,we,8835430602,234,0.3,0,0,201027121504we,151082010041091599,RED PORGY,,11.003630361,9,23,201027121504we,,0,05/04/2021
2010,12,5,3,1510820100410025,7,2,04,we,8835430602,254,0.36,0,0,201027121504we,151082010041091599,RED PORGY,,11.003630361,9,25,201027121504we,,0,05/04/2021
2010,12,5,3,1510820100410025,7,2,04,we,8835430602,260,0.38,0,0,201027121504we,151082010041091599,RED PORGY,,11.003630361,10,26,201027121504we,,0,05/04/2021
2010,12,5,3,1510820100410025,7,2,04,we,8835430602,249,0.32,0,0,201027121504we,151082010041091599,RED PORGY,,11.003630361,9,24,201027121504we,,0,05/04/2021
2010,12,5,3,1510820100410025,7,2,04,we,8835430602,255,0.36,0,0,201027121504we,151082010041091599,RED PORGY,,11.003630361,10,25,201027121504we,,0,05/04/2021
2010,12,5,3,1510820100410025,7,2,04,we,8835430602,260,0.36,0,0,201027121504we,151082010041091599,RED PORGY,,11.003630361,10,26,201027121504we,,0,05/04/2021
2010,12,5,3,1510820100410025,7,2,04,we,8835430602,265,0.4,0,0,201027121504we,151082010041091599,RED PORGY,,11.003630361,10,26,201027121504we,,0,05/04/2021
2010,12,5,3,1510820100410025,7,2,04,we,8835430602,268,0.38,0,0,201027121504we,151082010041091599,RED PORGY,,11.003630361,10,26,201027121504we,,0,05/04/2021
2010,12,5,3,1510820100410025,7,2,04,we,8835430602,259,0.36,0,0,201027121504we,151082010041091599,RED PORGY,,11.003630361,10,25,201027121504we,,0,05/04/2021
2010,12,5,3,1510820100410025,7,2,04,we,8835430602,271,0.4,0,0,201027121504we,151082010041091599,RED PORGY,,11.003630361,10,27,201027121504we,,0,05/04/2021
2010,12,5,3,1510820100410025,7,2,04,we,8835430602,250,0.32,0,0,201027121504we,151082010041091599,RED PORGY,,11.003630361,9,25,201027121504we,,0,05/04/2021
2010,12,5,3,1510820100410025,7,2,04,we,8835430602,272,0.46,0,0,201027121504we,151082010041091599,RED PORGY,,11.003630361,10,27,201027121504we,,0,05/04/2021
2010,12,5,3,1510820100410025,7,2,04,we,8835430602,229,0.26,0,0,201027121504we,151082010041091599,RED PORGY,,11.003630361,9,22,201027121504we,,0,05/04/2021
2010,12,5,3,1510820100410025,7,2,04,we,8835430602,269,0.4,0,0,201027121504we,151082010041091599,RED PORGY,,11.003630361,10,26,201027121504we,,0,05/04/2021
2010,12,5,3,1510820100410025,7,2,04,we,8835430602,272,0.4,0,0,201027121504we,151082010041091599,RED PORGY,,11.003630361,10,27,201027121504we,,0,05/04/2021
2010,12,5,3,1510820100410025,7,2,04,we,8835430505,263,0.42,0,0,201027121504we,151082010041091599,WHITEBONE PORGY,,11.003630361,10,26,201027121504we,,0,05/04/2021
2010,12,5,3,1510820100410025,7,2,04,we,8835430602,273,0.44,0,0,201027121504we,151082010041091599,RED PORGY,,11.003630361,10,27,201027121504we,,0,05/04/2021
2010,12,5,3,1510820100410026,7,2,04,we,8835250101,421,0.9,1,1,201027121504we,151082010041091599,BLUEFISH,,11.115402753,16,42,201027121504we,,0,05/04/2021
2010,12,5,3,1510820100410027,7,2,04,we,8835020300,,,0,0,201027121504we,151082010041091599,SEA BASS GENUS,,22.230805505,,,201027121504we,,0,05/04/2021
2010,12,5,3,1510820100410028,7,2,04,we,,,,0,0,201027121504we,151082010041091599,,,11.115402753,,,201027121504we,,0,05/04/2021
2010,12,5,3,1510820100410029,7,2,04,we,,,,0,0,201027121504we,151082010041091599,,,11.115402753,,,201027121504we,,0,05/04/2021
2010,12,5,3,1510820100410030,7,2,04,we,,,,0,0,201027121504we,151082010041091599,,,11.115402753,,,201027121504we,,0,05/04/2021
2010,12,5,3,1510820100410031,7,2,04,we,,,,0,0,201027121504we,151082010041091599,,,11.115402753,,,201027121504we,,0,05/04/2021
2010,12,5,4,1527920100310001,7,2,03,wd,,,,0,0,201027123503wd,152792010031087243,,,84.988147553,,,201027123503wd,,0,05/04/2021
2010,12,5,4,1527920100310002,7,2,03,wd,,,,0,0,201027123503wd,152792010031087243,,,84.988147553,,,201027123503wd,,0,05/04/2021
2010,12,5,4,1527920100310003,7,2,03,wd,,,,0,0,201027123503wd,152792010031087243,,,84.988147553,,,201027123503wd,,0,05/04/2021
2010,12,5,4,1527920100310004,7,2,03,wd,,,,0,0,201027123503wd,152792010031087243,,,84.988147553,,,201027123503wd,,0,05/04/2021
2010,12,5,4,1527920100310007,7,2,03,wd,8835290101,629,2.2,1,1,201027123503wd,152792010031087243,DOLPHIN,,118.98340657,24,62,201027123503wd,,0,05/04/2021
2010,12,5,4,1527920100310007,7,2,03,wd,8835290101,632,2.26,1,1,201027123503wd,152792010031087243,DOLPHIN,,118.98340657,24,63,201027123503wd,,0,05/04/2021
2010,12,5,4,1527920100310007,7,2,03,wd,8835290101,641,2.38,1,1,201027123503wd,152792010031087243,DOLPHIN,,118.98340657,25,64,201027123503wd,,0,05/04/2021
2010,12,5,4,1527920100310007,7,2,03,wd,8835290101,658,2.5,1,1,201027123503wd,152792010031087243,DOLPHIN,,118.98340657,25,65,201027123503wd,,0,05/04/2021
2010,12,5,4,1527920100310007,7,2,03,wd,8835290101,658,2.5,1,1,201027123503wd,152792010031087243,DOLPHIN,,118.98340657,25,65,201027123503wd,,0,05/04/2021
2010,12,5,4,1527920100310011,7,2,03,wd,8850030102,584,2.58,1,1,201027123503wd,152792010031087243,LITTLE TUNNY,,84.988147553,22,58,201027123503wd,,0,05/04/2021
2010,12,5,4,1527920100310011,7,2,03,wd,8850030102,582,2.84,1,1,201027123503wd,152792010031087243,LITTLE TUNNY,,84.988147553,22,58,201027123503wd,,0,05/04/2021
2010,12,5,4,1527920100310011,7,2,03,wd,8850030102,511,1.82,1,1,201027123503wd,152792010031087243,LITTLE TUNNY,,84.988147553,20,51,201027123503wd,,0,05/04/2021
2010,12,5,4,1527920100310011,7,2,03,wd,8850030501,783,3.26,1,1,201027123503wd,152792010031087243,KING MACKEREL,,84.988147553,30,78,201027123503wd,,0,05/04/2021
2010,12,5,4,1527920100310011,7,2,03,wd,8850030102,584,2.58,1,1,201027123503wd,152792010031087243,LITTLE TUNNY,,84.988147553,22,58,201027123503wd,,0,05/04/2021
2010,12,5,4,1527920100310011,7,2,03,wd,8850030102,611,3.08,1,1,201027123503wd,152792010031087243,LITTLE TUNNY,,84.988147553,24,61,201027123503wd,,0,05/04/2021
2010,12,5,4,1527920100310011,7,2,03,wd,8835290101,632,2.26,1,1,201027123503wd,152792010031087243,DOLPHIN,,84.988147553,24,63,201027123503wd,,0,05/04/2021
2010,12,5,4,1527920100310012,7,2,03,wd,,,,0,0,201027123503wd,152792010031087243,,,84.988147553,,,201027123503wd,,0,05/04/2021
2010,12,5,4,1527920100310017,7,2,03,wd,8850030102,605,3.22,1,1,201027123503wd,152792010031087243,LITTLE TUNNY,,101.98577706,23,60,201027123503wd,,0,05/04/2021
2010,12,5,4,1527920100310017,7,2,03,wd,8835290101,628,1.88,1,1,201027123503wd,152792010031087243,DOLPHIN,,84.988147553,24,62,201027123503wd,,0,05/04/2021
2010,12,5,4,1527920100310017,7,2,03,wd,8835290101,628,1.88,1,1,201027123503wd,152792010031087243,DOLPHIN,,84.988147553,24,62,201027123503wd,,0,05/04/2021
2010,12,5,4,1527920100310017,7,2,03,wd,8850030102,333,0.54,1,1,201027123503wd,152792010031087243,LITTLE TUNNY,,101.98577706,13,33,201027123503wd,,0,05/04/2021
2010,12,5,4,1527920100310017,7,2,03,wd,8850030102,366,0.7,1,1,201027123503wd,152792010031087243,LITTLE TUNNY,,101.98577706,14,36,201027123503wd,,0,05/04/2021
2010,12,5,4,1527920100310017,7,2,03,wd,8850030102,360,0.7,1,1,201027123503wd,152792010031087243,LITTLE TUNNY,,101.98577706,14,36,201027123503wd,,0,05/04/2021
2010,12,5,4,1527920100310017,7,2,03,wd,8850030102,551,2.34,1,1,201027123503wd,152792010031087243,LITTLE TUNNY,,101.98577706,21,55,201027123503wd,,0,05/04/2021
2010,12,5,4,1527920100310021,7,2,03,wd,8835290101,503,1.16,1,1,201027123503wd,152792010031087243,DOLPHIN,,101.98577706,19,50,201027123503wd,,0,05/04/2021
2010,12,5,4,1527920100310021,7,2,03,wd,8850030102,551,2.34,1,1,201027123503wd,152792010031087243,LITTLE TUNNY,,84.988147553,21,55,201027123503wd,,0,05/04/2021
2010,12,5,4,1527920100310021,7,2,03,wd,8835290101,529,1.46,1,1,201027123503wd,152792010031087243,DOLPHIN,,101.98577706,20,52,201027123503wd,,0,05/04/2021
2010,12,5,4,1527920100310021,7,2,03,wd,8835290101,610,2,1,1,201027123503wd,152792010031087243,DOLPHIN,,101.98577706,24,61,201027123503wd,,0,05/04/2021
2010,12,5,4,1527920100310021,7,2,03,wd,8835290101,581,1.78,1,1,201027123503wd,152792010031087243,DOLPHIN,,101.98577706,22,58,201027123503wd,,0,05/04/2021
2010,12,5,4,1527920100310021,7,2,03,wd,8835290101,610,2,1,1,201027123503wd,152792010031087243,DOLPHIN,,101.98577706,24,61,201027123503wd,,0,05/04/2021
2010,12,5,4,1527920100310025,7,2,03,wd,8850030102,605,3.18,1,1,201027123503wd,152792010031087243,LITTLE TUNNY,,84.988147553,23,60,201027123503wd,,0,05/04/2021
2010,12,5,4,1527920100310025,7,2,03,wd,8850030102,608,3.24,1,1,201027123503wd,152792010031087243,LITTLE TUNNY,,84.988147553,23,60,201027123503wd,,0,05/04/2021
2010,12,5,4,1527920100310025,7,2,03,wd,8850030102,686,4.6,1,1,201027123503wd,152792010031087243,LITTLE TUNNY,,84.988147553,27,68,201027123503wd,,0,05/04/2021
2010,12,5,4,1527920100310025,7,2,03,wd,8850030102,688,4.62,1,1,201027123503wd,152792010031087243,LITTLE TUNNY,,84.988147553,27,68,201027123503wd,,0,05/04/2021
2010,12,5,4,1527920100310025,7,2,03,wd,8835290101,503,1.16,1,1,201027123503wd,152792010031087243,DOLPHIN,,84.988147553,19,50,201027123503wd,,0,05/04/2021
2010,12,5,4,1527920100310025,7,2,03,wd,8835290101,562,2.06,1,1,201027123503wd,152792010031087243,DOLPHIN,,84.988147553,22,56,201027123503wd,,0,05/04/2021
2010,12,5,4,1527920100310025,7,2,03,wd,8835290101,562,2.06,1,1,201027123503wd,152792010031087243,DOLPHIN,,84.988147553,22,56,201027123503wd,,0,05/04/2021
2010,12,5,4,1527920100313001,7,2,03,we,8850030503,687,2.92,1,1,201027123503we,152792010031387243,CERO,,17.073151943,27,68,201027123503we,,0,05/04/2021
2010,12,5,4,1527920100313001,7,2,03,we,8850030503,558,1.38,1,1,201027123503we,152792010031387243,CERO,,17.073151943,21,55,201027123503we,,0,05/04/2021
2010,12,5,4,1527920100313001,7,2,03,we,8850030503,687,2.92,1,1,201027123503we,152792010031387243,CERO,,17.073151943,27,68,201027123503we,,0,05/04/2021
2010,12,5,4,1527920100313001,7,2,03,we,8850030503,709,3.04,1,1,201027123503we,152792010031387243,CERO,,17.073151943,27,70,201027123503we,,0,05/04/2021
2010,12,5,4,1527920100313001,7,2,03,we,8850030102,570,2.38,1,1,201027123503we,152792010031387243,LITTLE TUNNY,,17.073151943,22,57,201027123503we,,0,05/04/2021
2010,12,5,4,1527920100313001,7,2,03,we,8850030102,570,2.38,1,1,201027123503we,152792010031387243,LITTLE TUNNY,,17.073151943,22,57,201027123503we,,0,05/04/2021
2010,12,5,4,1527920100313001,7,2,03,we,8850030102,559,2.52,1,1,201027123503we,152792010031387243,LITTLE TUNNY,,17.073151943,22,55,201027123503we,,0,05/04/2021
2010,12,5,4,1527920100313004,7,2,03,we,8850030501,663,1.92,0,0,201027123503we,152792010031387243,KING MACKEREL,,17.073151943,26,66,201027123503we,,0,05/04/2021
2010,12,5,4,1527920100313004,7,2,03,we,8850030501,746,2.92,1,1,201027123503we,152792010031387243,KING MACKEREL,,17.073151943,29,74,201027123503we,,0,05/04/2021
2010,12,5,4,1527920100313004,7,2,03,we,8850030501,775,2.88,1,1,201027123503we,152792010031387243,KING MACKEREL,,17.073151943,30,77,201027123503we,,0,05/04/2021
2010,12,5,4,1527920100313004,7,2,03,we,8850030503,505,1.04,0,0,201027123503we,152792010031387243,CERO,,17.073151943,19,50,201027123503we,,0,05/04/2021
2010,12,5,4,1527920100313004,7,2,03,we,8850030102,582,2.84,0,0,201027123503we,152792010031387243,LITTLE TUNNY,,17.073151943,22,58,201027123503we,,0,05/04/2021
2010,12,5,4,1527920100313004,7,2,03,we,8850030102,584,2.58,0,0,201027123503we,152792010031387243,LITTLE TUNNY,,17.073151943,22,58,201027123503we,,0,05/04/2021
2010,12,5,4,1527920100313004,7,2,03,we,8835290101,521,1.2,1,1,201027123503we,152792010031387243,DOLPHIN,,17.073151943,20,52,201027123503we,,0,05/04/2021
2010,12,5,4,1527920100313006,7,2,03,we,8835290101,521,1.2,1,1,201027123503we,152792010031387243,DOLPHIN,,19.907683812,20,52,201027123503we,,0,05/04/2021
2010,12,5,4,1527920100313007,7,2,03,we,8835290101,1135,12.38,1,1,201027123503we,152792010031387243,DOLPHIN,,19.907683812,44,113,201027123503we,,0,05/04/2021
2010,12,5,4,1527920100313007,7,2,03,we,8850030503,709,3.04,1,1,201027123503we,152792010031387243,CERO,,19.907683812,27,70,201027123503we,,0,05/04/2021
2010,12,5,4,1527920100313008,7,2,03,we,8835290101,652,2.74,1,1,201027123503we,152792010031387243,DOLPHIN,,19.907683812,25,65,201027123503we,,0,05/04/2021
2010,12,5,4,1527920100313009,7,2,03,we,8850030404,763,10.06,1,1,201027123503we,152792010031387243,BLACKFIN TUNA,,17.073151943,30,76,201027123503we,,0,05/04/2021
2010,12,5,4,1527920100313015,7,2,03,we,8835290101,486,1.04,1,1,201027123503we,152792010031387243,DOLPHIN,,17.073151943,19,48,201027123503we,,0,05/04/2021
2010,12,5,4,1527920100313015,7,2,03,we,8835290101,532,1.42,1,1,201027123503we,152792010031387243,DOLPHIN,,17.073151943,20,53,201027123503we,,0,05/04/2021
2010,12,5,4,1527920100313015,7,2,03,we,8835290101,532,1.42,1,1,201027123503we,152792010031387243,DOLPHIN,,17.073151943,20,53,201027123503we,,0,05/04/2021
2010,12,5,4,1527920100313015,7,2,03,we,8835290101,652,2.74,1,1,201027123503we,152792010031387243,DOLPHIN,,17.073151943,25,65,201027123503we,,0,05/04/2021
2010,12,5,4,1527920100313015,7,2,03,we,8835290101,525,1.32,1,1,201027123503we,152792010031387243,DOLPHIN,,17.073151943,20,52,201027123503we,,0,05/04/2021
2010,12,5,4,1527920100313016,7,2,03,we,,,,0,0,201027123503we,152792010031387243,,,17.311092397,,,201027123503we,,0,05/04/2021
2010,12,5,4,1527920100313017,7,2,03,we,,,,0,0,201027123503we,152792010031387243,,,20.01320209,,,201027123503we,,0,05/04/2021
2010,12,5,4,1527920100313019,7,2,03,we,,,,0,0,201027123503we,152792010031387243,,,17.311092397,,,201027123503we,,0,05/04/2021
2010,12,5,4,1527920100313020,7,2,03,we,,,,0,0,201027123503we,152792010031387243,,,17.311092397,,,201027123503we,,0,05/04/2021
2010,12,5,4,1527920100313021,7,2,03,we,,,,0,0,201027123503we,152792010031387243,,,17.311092397,,,201027123503we,,0,05/04/2021
2010,12,5,4,1527920100313022,7,2,03,we,,,,0,0,201027123503we,152792010031387243,,,17.311092397,,,201027123503we,,0,05/04/2021
2010,12,5,4,1527920100313023,7,2,03,we,8850030503,650,2.3,1,1,201027123503we,152792010031387243,CERO,,17.073151943,25,65,201027123503we,,0,05/04/2021
2010,12,5,4,1527920100313023,7,2,03,we,8850030503,650,2.3,1,1,201027123503we,152792010031387243,CERO,,17.073151943,25,65,201027123503we,,0,05/04/2021
2010,12,5,4,1527920100313023,7,2,03,we,8850030404,647,5.86,1,1,201027123503we,152792010031387243,BLACKFIN TUNA,,17.073151943,25,64,201027123503we,,0,05/04/2021
2010,12,5,4,1527920100313023,7,2,03,we,8850030102,628,3.78,1,1,201027123503we,152792010031387243,LITTLE TUNNY,,17.073151943,24,62,201027123503we,,0,05/04/2021
2010,12,5,4,1527920100313023,7,2,03,we,8835290101,486,1.04,1,1,201027123503we,152792010031387243,DOLPHIN,,17.073151943,19,48,201027123503we,,0,05/04/2021
2010,12,5,4,1527920100313023,7,2,03,we,8835290101,1032,9.18,1,1,201027123503we,152792010031387243,DOLPHIN,,17.073151943,40,103,201027123503we,,0,05/04/2021
2010,12,5,4,1527920100313023,7,2,03,we,8835290101,1032,9.18,1,1,201027123503we,152792010031387243,DOLPHIN,,17.073151943,40,103,201027123503we,,0,05/04/2021
2010,12,5,4,1527920100313023,7,2,03,we,8835290101,864,5.9,1,1,201027123503we,152792010031387243,DOLPHIN,,17.073151943,34,86,201027123503we,,0,05/04/2021
2010,12,5,4,1527920100313023,7,2,03,we,8835290101,864,5.9,1,1,201027123503we,152792010031387243,DOLPHIN,,17.073151943,34,86,201027123503we,,0,05/04/2021
2010,12,5,4,1527920100313023,7,2,03,we,8850030404,674,6.38,1,1,201027123503we,152792010031387243,BLACKFIN TUNA,,17.073151943,26,67,201027123503we,,0,05/04/2021
2010,12,5,4,1527920100313025,7,2,03,we,8850030601,822,2.8,1,1,201027123503we,152792010031387243,WAHOO,,17.073151943,32,82,201027123503we,,0,05/04/2021
2010,12,5,4,1527920100313025,7,2,03,we,8835290101,598,2,1,1,201027123503we,152792010031387243,DOLPHIN,,17.073151943,23,59,201027123503we,,0,05/04/2021
2010,12,5,4,1527920100313025,7,2,03,we,8850030503,604,1.76,1,1,201027123503we,152792010031387243,CERO,,17.073151943,23,60,201027123503we,,0,05/04/2021
2010,12,5,4,1527920100313025,7,2,03,we,8835290101,610,2.3,1,1,201027123503we,152792010031387243,DOLPHIN,,17.073151943,24,61,201027123503we,,0,05/04/2021
2010,12,5,4,1527920100313025,7,2,03,we,8835290101,598,2,1,1,201027123503we,152792010031387243,DOLPHIN,,17.073151943,23,59,201027123503we,,0,05/04/2021
2010,12,5,4,1527920100313025,7,2,03,we,8837010104,864,4.3,1,1,201027123503we,152792010031387243,GREAT BARRACUDA,,17.073151943,34,86,201027123503we,,0,05/04/2021
2010,12,5,4,1527920100313025,7,2,03,we,8835290101,711,2.96,1,1,201027123503we,152792010031387243,DOLPHIN,,17.073151943,27,71,201027123503we,,0,05/04/2021
2010,12,5,4,1527920100313026,7,2,03,we,,,,0,0,201027123503we,152792010031387243,,,17.311092397,,,201027123503we,,0,05/04/2021
2010,12,5,4,1527920100313027,7,2,03,we,,,,0,0,201027123503we,152792010031387243,,,17.311092397,,,201027123503we,,0,05/04/2021
2010,12,5,4,1527920100313028,7,2,03,we,,,,0,0,201027123503we,152792010031387243,,,17.311092397,,,201027123503we,,0,05/04/2021
2010,12,5,4,1527920100313029,7,2,03,we,,,,0,0,201027123503we,152792010031387243,,,17.311092397,,,201027123503we,,0,05/04/2021
2010,12,5,4,1527920100313030,7,2,03,we,8850030102,618,3.44,1,1,201027123503we,152792010031387243,LITTLE TUNNY,,17.073151943,24,61,201027123503we,,0,05/04/2021
2010,12,5,4,1527920100313030,7,2,03,we,8850030404,470,1.98,1,1,201027123503we,152792010031387243,BLACKFIN TUNA,,17.073151943,18,47,201027123503we,,0,05/04/2021
2010,12,5,4,1527920100313030,7,2,03,we,8850030102,661,4.7,1,1,201027123503we,152792010031387243,LITTLE TUNNY,,17.073151943,26,66,201027123503we,,0,05/04/2021
2010,12,5,4,1527920100313030,7,2,03,we,8850030102,609,3.22,1,1,201027123503we,152792010031387243,LITTLE TUNNY,,17.073151943,23,60,201027123503we,,0,05/04/2021
2010,12,5,4,1527920100313030,7,2,03,we,8850030102,714,5.2,1,1,201027123503we,152792010031387243,LITTLE TUNNY,,17.073151943,28,71,201027123503we,,0,05/04/2021
2010,12,5,4,1527920100313030,7,2,03,we,8850030102,698,5.04,1,1,201027123503we,152792010031387243,LITTLE TUNNY,,17.073151943,27,69,201027123503we,,0,05/04/2021
2010,12,5,4,1527920100313030,7,2,03,we,8835290101,555,1.56,1,1,201027123503we,152792010031387243,DOLPHIN,,17.073151943,21,55,201027123503we,,0,05/04/2021
2010,12,5,4,1527920100318001,7,2,03,wd,8850030502,474,0.8,1,1,201027123503wd,152792010031887243,SPANISH MACKEREL,,60.18378501,18,47,201027123503wd,,0,05/04/2021
2010,12,5,4,1527920100318001,7,2,03,wd,8850030502,347,0.34,1,1,201027123503wd,152792010031887243,SPANISH MACKEREL,,60.18378501,13,34,201027123503wd,,0,05/04/2021
2010,12,5,4,1527920100318001,7,2,03,wd,8835360112,305,0.46,1,1,201027123503wd,152792010031887243,LANE SNAPPER,,60.18378501,12,30,201027123503wd,,0,05/04/2021
2010,12,5,4,1527920100318001,7,2,03,wd,8835360112,305,0.46,1,1,201027123503wd,152792010031887243,LANE SNAPPER,,60.18378501,12,30,201027123503wd,,0,05/04/2021
2010,12,5,4,1527920100318001,7,2,03,wd,8850030502,358,0.36,1,1,201027123503wd,152792010031887243,SPANISH MACKEREL,,60.18378501,14,35,201027123503wd,,0,05/04/2021
2010,12,5,4,1527920100318002,7,2,03,wd,,,,0,0,201027123503wd,152792010031887243,,,60.18378501,,,201027123503wd,,0,05/04/2021
2010,12,5,4,1527920100318003,7,2,03,wd,,,,0,0,201027123503wd,152792010031887243,,,60.18378501,,,201027123503wd,,0,05/04/2021
2010,12,5,4,1527920100318004,7,2,03,wd,,,,0,0,201027123503wd,152792010031887243,,,60.18378501,,,201027123503wd,,0,05/04/2021
2010,12,5,4,1527920100318005,7,2,03,wd,,,,0,0,201027123503wd,152792010031887243,,,60.18378501,,,201027123503wd,,0,05/04/2021
2010,12,5,4,1527920100318006,7,2,03,wd,8850030503,518,1.12,1,1,201027123503wd,152792010031887243,CERO,,72.220542012,20,51,201027123503wd,,0,05/04/2021
2010,12,5,4,1527920100318006,7,2,03,wd,8850030503,563,1.56,1,1,201027123503wd,152792010031887243,CERO,,72.220542012,22,56,201027123503wd,,0,05/04/2021
2010,12,5,4,1527920100318006,7,2,03,wd,8850030503,604,1.76,1,1,201027123503wd,152792010031887243,CERO,,72.220542012,23,60,201027123503wd,,0,05/04/2021
2010,12,5,4,1527920100318006,7,2,03,wd,8850030503,563,1.56,1,1,201027123503wd,152792010031887243,CERO,,72.220542012,22,56,201027123503wd,,0,05/04/2021
2010,12,5,4,1527920100318006,7,2,03,wd,8850030503,518,1.12,1,1,201027123503wd,152792010031887243,CERO,,72.220542012,20,51,201027123503wd,,0,05/04/2021
2010,12,5,4,1527920100318007,7,2,03,wd,,,,0,0,201027123503wd,152792010031887243,,,65.689330028,,,201027123503wd,,0,05/04/2021
2010,12,5,4,1527920100318008,7,2,03,wd,,,,0,0,201027123503wd,152792010031887243,,,65.689330028,,,201027123503wd,,0,05/04/2021
2010,12,5,4,1527920100318009,7,2,03,wd,,,,0,0,201027123503wd,152792010031887243,,,65.689330028,,,201027123503wd,,0,05/04/2021
2010,12,5,4,1527920100318010,7,2,03,wd,,,,0,0,201027123503wd,152792010031887243,,,65.689330028,,,201027123503wd,,0,05/04/2021
2010,12,5,4,1527920100318011,7,2,03,wd,8850030503,482,0.96,1,1,201027123503wd,152792010031887243,CERO,,60.18378501,18,48,201027123503wd,,0,05/04/2021
2010,12,5,4,1527920100318011,7,2,03,wd,8850030503,489,0.98,1,1,201027123503wd,152792010031887243,CERO,,60.18378501,19,48,201027123503wd,,0,05/04/2021
2010,12,5,4,1527920100318011,7,2,03,wd,8850030503,617,2.26,0,0,201027123503wd,152792010031887243,CERO,,60.18378501,24,61,201027123503wd,,0,05/04/2021
2010,12,5,4,1527920100318011,7,2,03,wd,8850030102,360,0.7,0,0,201027123503wd,152792010031887243,LITTLE TUNNY,,60.18378501,14,36,201027123503wd,,0,05/04/2021
2010,12,5,4,1527920100318011,7,2,03,wd,8850030503,558,1.38,0,0,201027123503wd,152792010031887243,CERO,,60.18378501,21,55,201027123503wd,,0,05/04/2021
2010,12,5,4,1527920100318011,7,2,03,wd,8837010104,740,2.8,1,1,201027123503wd,152792010031887243,GREAT BARRACUDA,,60.18378501,29,74,201027123503wd,,0,05/04/2021
2010,12,5,4,1527920100318015,7,2,03,wd,8850030503,482,0.96,1,1,201027123503wd,152792010031887243,CERO,,84.257299014,18,48,201027123503wd,,0,05/04/2021
2010,12,5,4,1527920100318015,7,2,03,wd,8850030503,512,1,1,1,201027123503wd,152792010031887243,CERO,,84.257299014,20,51,201027123503wd,,0,05/04/2021
2010,12,5,4,1527920100318015,7,2,03,wd,8850030503,512,1,1,1,201027123503wd,152792010031887243,CERO,,84.257299014,20,51,201027123503wd,,0,05/04/2021
2010,12,5,4,1527920100318015,7,2,03,wd,8850030503,565,1.58,1,1,201027123503wd,152792010031887243,CERO,,84.257299014,22,56,201027123503wd,,0,05/04/2021
2010,12,5,4,1527920100318015,7,2,03,wd,8850030503,687,2.92,0,0,201027123503wd,152792010031887243,CERO,,84.257299014,27,68,201027123503wd,,0,05/04/2021
2010,12,5,4,1527920100318015,7,2,03,wd,8850030102,333,0.54,0,0,201027123503wd,152792010031887243,LITTLE TUNNY,,60.18378501,13,33,201027123503wd,,0,05/04/2021
2010,12,5,4,1527920100318015,7,2,03,wd,8850030102,366,0.7,0,0,201027123503wd,152792010031887243,LITTLE TUNNY,,60.18378501,14,36,201027123503wd,,0,05/04/2021
2010,12,5,4,1527920100318016,7,2,03,wd,8850030503,565,1.58,1,1,201027123503wd,152792010031887243,CERO,,60.18378501,22,56,201027123503wd,,0,05/04/2021
2010,12,5,4,1527920100318017,7,2,03,wd,8850030503,536,1.36,1,1,201027123503wd,152792010031887243,CERO,,60.18378501,21,53,201027123503wd,,0,05/04/2021
2010,12,5,4,1527920100318018,7,2,03,wd,8850030503,536,1.36,1,1,201027123503wd,152792010031887243,CERO,,60.18378501,21,53,201027123503wd,,0,05/04/2021
2010,12,5,4,1527920100318018,7,2,03,wd,8850030102,616,3.42,1,1,201027123503wd,152792010031887243,LITTLE TUNNY,,60.18378501,24,61,201027123503wd,,0,05/04/2021
2010,12,5,4,1527920100318019,7,2,03,wd,8850030503,516,1.16,1,1,201027123503wd,152792010031887243,CERO,,60.18378501,20,51,201027123503wd,,0,05/04/2021
2010,12,5,4,1527920100318019,7,2,03,wd,8850030102,616,3.42,1,1,201027123503wd,152792010031887243,LITTLE TUNNY,,60.18378501,24,61,201027123503wd,,0,05/04/2021
2010,12,5,4,1527920100318020,7,2,03,wd,8850030503,516,1.16,1,1,201027123503wd,152792010031887243,CERO,,60.18378501,20,51,201027123503wd,,0,05/04/2021
2010,12,5,4,1527920100318021,7,2,03,wd,8850030503,481,0.86,1,1,201027123503wd,152792010031887243,CERO,,120.36757002,18,48,201027123503wd,,0,05/04/2021
2010,12,5,4,1527920100318021,7,2,03,wd,8850030503,481,0.86,1,1,201027123503wd,152792010031887243,CERO,,120.36757002,18,48,201027123503wd,,0,05/04/2021
2010,12,5,4,1527920100318021,7,2,03,wd,8850030503,563,1.56,0,0,201027123503wd,152792010031887243,CERO,,120.36757002,22,56,201027123503wd,,0,05/04/2021
2010,12,5,4,1527920100318021,7,2,03,wd,8850030503,604,1.76,0,0,201027123503wd,152792010031887243,CERO,,120.36757002,23,60,201027123503wd,,0,05/04/2021
2010,12,5,4,1527920100318021,7,2,03,wd,8850030503,650,2.3,0,0,201027123503wd,152792010031887243,CERO,,120.36757002,25,65,201027123503wd,,0,05/04/2021
2010,12,5,4,1527920100318021,7,2,03,wd,8850030503,684,2.84,1,1,201027123503wd,152792010031887243,CERO,,120.36757002,26,68,201027123503wd,,0,05/04/2021
2010,12,5,4,1527920100318021,7,2,03,wd,8850030503,684,2.84,1,1,201027123503wd,152792010031887243,CERO,,120.36757002,26,68,201027123503wd,,0,05/04/2021
2010,12,5,4,1527920100318021,7,2,03,wd,8850030503,709,3.04,0,0,201027123503wd,152792010031887243,CERO,,120.36757002,27,70,201027123503wd,,0,05/04/2021
2010,12,5,4,1527920100318022,7,2,03,wd,,,,0,0,201027123503wd,152792010031887243,,,60.18378501,,,201027123503wd,,0,05/04/2021
2010,12,5,4,1527920100318023,7,2,03,wd,,,,0,0,201027123503wd,152792010031887243,,,60.18378501,,,201027123503wd,,0,05/04/2021
2010,12,5,4,1527920100318026,7,2,03,wd,8835400102,320,0.66,1,1,201027123503wd,152792010031887243,WHITE GRUNT,,60.18378501,12,32,201027123503wd,,0,05/04/2021
2010,12,5,4,1527920100318026,7,2,03,wd,8708020507,760,4.58,1,1,201027123503wd,152792010031887243,BLACKTIP SHARK,,60.18378501,29,76,201027123503wd,,0,05/04/2021
2010,12,5,4,1527920100318027,7,2,03,wd,8835400102,268,0.42,1,1,201027123503wd,152792010031887243,WHITE GRUNT,,60.18378501,10,26,201027123503wd,,0,05/04/2021
2010,12,5,4,1527920100318027,7,2,03,wd,8835400102,308,0.58,1,1,201027123503wd,152792010031887243,WHITE GRUNT,,60.18378501,12,30,201027123503wd,,0,05/04/2021
2010,12,5,3,1527920100318028,7,2,03,wd,8835430201,270,0.36,1,1,201027123503wd,152792010031887243,PINFISH,,134.22370042,10,27,201027123503wd,,0,05/04/2021
2010,12,5,3,1527920100318028,7,2,03,wd,8835430201,270,0.36,1,1,201027123503wd,152792010031887243,PINFISH,,134.22370042,10,27,201027123503wd,,0,05/04/2021
2010,12,5,3,1527920100318028,7,2,03,wd,8835430201,270,0.36,1,1,201027123503wd,152792010031887243,PINFISH,,134.22370042,10,27,201027123503wd,,0,05/04/2021
2010,12,5,3,1527920100318028,7,2,03,wd,8835430201,270,0.36,1,1,201027123503wd,152792010031887243,PINFISH,,134.22370042,10,27,201027123503wd,,0,05/04/2021
2010,12,5,3,1527920100318028,7,2,03,wd,8835430201,270,0.36,1,1,201027123503wd,152792010031887243,PINFISH,,134.22370042,10,27,201027123503wd,,0,05/04/2021
2010,12,5,3,1527920100318029,7,2,03,wd,8835430201,289,0.48,1,1,201027123503wd,152792010031887243,PINFISH,,134.22370042,11,28,201027123503wd,,0,05/04/2021
2010,12,5,3,1527920100318029,7,2,03,wd,8835430201,289,0.48,1,1,201027123503wd,152792010031887243,PINFISH,,134.22370042,11,28,201027123503wd,,0,05/04/2021
2010,12,5,3,1527920100318029,7,2,03,wd,8835430201,270,0.36,1,1,201027123503wd,152792010031887243,PINFISH,,134.22370042,10,27,201027123503wd,,0,05/04/2021
2010,12,5,3,1527920100318029,7,2,03,wd,8835430201,289,0.48,1,1,201027123503wd,152792010031887243,PINFISH,,134.22370042,11,28,201027123503wd,,0,05/04/2021
2010,12,5,3,1527920100318029,7,2,03,wd,8835430201,270,0.36,1,1,201027123503wd,152792010031887243,PINFISH,,134.22370042,10,27,201027123503wd,,0,05/04/2021
2010,12,5,3,1527920100318030,7,2,03,wd,8835430201,289,0.48,1,1,201027123503wd,152792010031887243,PINFISH,,134.22370042,11,28,201027123503wd,,0,05/04/2021
2010,12,5,3,1527920100318030,7,2,03,wd,8835430201,270,0.36,1,1,201027123503wd,152792010031887243,PINFISH,,134.22370042,10,27,201027123503wd,,0,05/04/2021
2010,12,5,3,1527920100318030,7,2,03,wd,8835430201,270,0.36,1,1,201027123503wd,152792010031887243,PINFISH,,134.22370042,10,27,201027123503wd,,0,05/04/2021
2010,12,5,3,1527920100318030,7,2,03,wd,8835430201,289,0.48,1,1,201027123503wd,152792010031887243,PINFISH,,134.22370042,11,28,201027123503wd,,0,05/04/2021
2010,12,5,3,1527920100318030,7,2,03,wd,8835430201,289,0.48,1,1,201027123503wd,152792010031887243,PINFISH,,134.22370042,11,28,201027123503wd,,0,05/04/2021
2010,12,5,3,1527920100327001,7,2,03,we,8835360102,301,0.42,1,1,201027123503we,1527920100327871871,GRAY SNAPPER,,79.452229237,11,30,201027123503we,,0,05/04/2021
2010,12,5,3,1527920100327001,7,2,03,we,8835360102,327,0.52,1,1,201027123503we,1527920100327871871,GRAY SNAPPER,,79.452229237,12,32,201027123503we,,0,05/04/2021
2010,12,5,3,1527920100327001,7,2,03,we,8835360102,338,0.52,1,1,201027123503we,1527920100327871871,GRAY SNAPPER,,79.452229237,13,33,201027123503we,,0,05/04/2021
2010,12,5,3,1527920100327001,7,2,03,we,8835360102,341,0.6,1,1,201027123503we,1527920100327871871,GRAY SNAPPER,,79.452229237,13,34,201027123503we,,0,05/04/2021
2010,12,5,3,1527920100327001,7,2,03,we,8835360102,393,0.86,1,1,201027123503we,1527920100327871871,GRAY SNAPPER,,79.452229237,15,39,201027123503we,,0,05/04/2021
2010,12,5,3,1527920100327002,7,2,03,we,,,,0,0,201027123503we,1527920100327871871,,,79.913776853,,,201027123503we,,0,05/04/2021
2010,12,5,3,1527920100327003,7,2,03,we,8835280303,621,4.38,1,1,201027123503we,1527920100327871871,CREVALLE JACK,,92.387616522,24,62,201027123503we,,0,05/04/2021
2010,12,5,3,1527920100327004,7,2,03,we,8835280901,272,0.34,1,1,201027123503we,1527920100327871871,FLORIDA POMPANO,,79.452229237,10,27,201027123503we,,0,05/04/2021
2010,12,5,3,1527920100327004,7,2,03,we,8835280901,472,1.98,1,1,201027123503we,1527920100327871871,FLORIDA POMPANO,,79.452229237,18,47,201027123503we,,0,05/04/2021
2010,12,5,3,1527920100327004,7,2,03,we,8835280901,345,0.72,1,1,201027123503we,1527920100327871871,FLORIDA POMPANO,,79.452229237,13,34,201027123503we,,0,05/04/2021
2010,12,5,3,1527920100327004,7,2,03,we,8835280901,301,0.52,1,1,201027123503we,1527920100327871871,FLORIDA POMPANO,,79.452229237,11,30,201027123503we,,0,05/04/2021
2010,12,5,3,1527920100327004,7,2,03,we,8835280901,281,0.46,1,1,201027123503we,1527920100327871871,FLORIDA POMPANO,,79.452229237,11,28,201027123503we,,0,05/04/2021
2010,12,5,3,1527920100327004,7,2,03,we,8835260101,1016,11.14,1,1,201027123503we,1527920100327871871,COBIA,,79.452229237,39,101,201027123503we,,0,05/04/2021
2010,12,5,3,1527920100327005,7,2,03,we,,,,0,0,201027123503we,1527920100327871871,,,79.913776853,,,201027123503we,,0,05/04/2021
2010,12,5,4,1527920100327008,7,2,03,we,8850030501,665,2.18,1,1,201027123503we,1527920100327871871,KING MACKEREL,,47.353269243,26,66,201027123503we,,0,05/04/2021
2010,12,5,4,1527920100327008,7,2,03,we,8835430502,338,0.96,0,0,201027123503we,1527920100327871871,JOLTHEAD PORGY,,47.353269243,13,33,201027123503we,,0,05/04/2021
2010,12,5,4,1527920100327008,7,2,03,we,8835430502,306,0.7,0,0,201027123503we,1527920100327871871,JOLTHEAD PORGY,,47.353269243,12,30,201027123503we,,0,05/04/2021
2010,12,5,4,1527920100327008,7,2,03,we,8835360401,260,0.28,0,0,201027123503we,1527920100327871871,YELLOWTAIL SNAPPER,,47.353269243,10,26,201027123503we,,0,05/04/2021
2010,12,5,4,1527920100327008,7,2,03,we,8835360401,262,0.34,0,0,201027123503we,1527920100327871871,YELLOWTAIL SNAPPER,,47.353269243,10,26,201027123503we,,0,05/04/2021
2010,12,5,4,1527920100327008,7,2,03,we,8835360401,262,0.28,0,0,201027123503we,1527920100327871871,YELLOWTAIL SNAPPER,,47.353269243,10,26,201027123503we,,0,05/04/2021
2010,12,5,4,1527920100327008,7,2,03,we,8835360401,264,0.3,0,0,201027123503we,1527920100327871871,YELLOWTAIL SNAPPER,,47.353269243,10,26,201027123503we,,0,05/04/2021
2010,12,5,4,1527920100327008,7,2,03,we,8835360401,264,0.3,0,0,201027123503we,1527920100327871871,YELLOWTAIL SNAPPER,,47.353269243,10,26,201027123503we,,0,05/04/2021
2010,12,5,4,1527920100327008,7,2,03,we,8835360401,266,0.32,0,0,201027123503we,1527920100327871871,YELLOWTAIL SNAPPER,,47.353269243,10,26,201027123503we,,0,05/04/2021
2010,12,5,4,1527920100327008,7,2,03,we,8835360401,267,0.32,0,0,201027123503we,1527920100327871871,YELLOWTAIL SNAPPER,,47.353269243,10,26,201027123503we,,0,05/04/2021
2010,12,5,4,1527920100327008,7,2,03,we,8835360401,271,0.34,0,0,201027123503we,1527920100327871871,YELLOWTAIL SNAPPER,,47.353269243,10,27,201027123503we,,0,05/04/2021
2010,12,5,4,1527920100327008,7,2,03,we,8835360401,276,0.34,0,0,201027123503we,1527920100327871871,YELLOWTAIL SNAPPER,,47.353269243,10,27,201027123503we,,0,05/04/2021
2010,12,5,4,1527920100327008,7,2,03,we,8835360401,278,0.34,0,0,201027123503we,1527920100327871871,YELLOWTAIL SNAPPER,,47.353269243,10,27,201027123503we,,0,05/04/2021
2010,12,5,4,1527920100327008,7,2,03,we,8835360401,279,0.32,0,0,201027123503we,1527920100327871871,YELLOWTAIL SNAPPER,,47.353269243,10,27,201027123503we,,0,05/04/2021
2010,12,5,4,1527920100327008,7,2,03,we,8850030501,751,2.96,1,1,201027123503we,1527920100327871871,KING MACKEREL,,47.353269243,29,75,201027123503we,,0,05/04/2021
2010,12,5,4,1527920100327008,7,2,03,we,8835360401,282,0.34,0,0,201027123503we,1527920100327871871,YELLOWTAIL SNAPPER,,47.353269243,11,28,201027123503we,,0,05/04/2021
2010,12,5,4,1527920100327008,7,2,03,we,8835360401,283,0.38,0,0,201027123503we,1527920100327871871,YELLOWTAIL SNAPPER,,47.353269243,11,28,201027123503we,,0,05/04/2021
2010,12,5,4,1527920100327008,7,2,03,we,8835360401,296,0.4,0,0,201027123503we,1527920100327871871,YELLOWTAIL SNAPPER,,47.353269243,11,29,201027123503we,,0,05/04/2021
2010,12,5,4,1527920100327008,7,2,03,we,8835360103,451,1.76,0,0,201027123503we,1527920100327871871,MUTTON SNAPPER,,47.353269243,17,45,201027123503we,,0,05/04/2021
2010,12,5,4,1527920100327008,7,2,03,we,8835360103,561,3.14,0,0,201027123503we,1527920100327871871,MUTTON SNAPPER,,47.353269243,22,56,201027123503we,,0,05/04/2021
2010,12,5,4,1527920100327008,7,2,03,we,8835260101,930,8.58,0,0,201027123503we,1527920100327871871,COBIA,,47.353269243,36,93,201027123503we,,0,05/04/2021
2010,12,5,4,1527920100327008,7,2,03,we,8835260101,805,6.42,0,0,201027123503we,1527920100327871871,COBIA,,47.353269243,31,80,201027123503we,,0,05/04/2021
2010,12,5,4,1527920100327009,7,2,03,we,,,,0,0,201027123503we,1527920100327871871,,,47.628350115,,,201027123503we,,0,05/04/2021
2010,12,5,4,1527920100327010,7,2,03,we,8835280801,884,8.62,1,1,201027123503we,1527920100327871871,GREATER AMBERJACK,,40.959803208,34,88,201027123503we,,0,05/04/2021
2010,12,5,4,1527920100327010,7,2,03,we,8835280801,1178,20.02,1,1,201027123503we,1527920100327871871,GREATER AMBERJACK,,40.959803208,46,117,201027123503we,,0,05/04/2021
2010,12,5,4,1527920100327010,7,2,03,we,8835280801,863,8.94,1,1,201027123503we,1527920100327871871,GREATER AMBERJACK,,40.959803208,33,86,201027123503we,,0,05/04/2021
2010,12,5,4,1527920100327010,7,2,03,we,8835280801,1035,14.44,1,1,201027123503we,1527920100327871871,GREATER AMBERJACK,,40.959803208,40,103,201027123503we,,0,05/04/2021
2010,12,5,4,1527920100327010,7,2,03,we,8747010701,85,0.0105893021,1,1,201027123503we,1527920100327871871,ATLANTIC THREAD HERRING,,123.59323099,3,8,201027123503we,,0,05/04/2021
2010,12,5,4,1527920100327010,7,2,03,we,8747010701,142,0.05,1,1,201027123503we,1527920100327871871,ATLANTIC THREAD HERRING,,123.59323099,5,14,201027123503we,,0,05/04/2021
2010,12,5,4,1527920100327010,7,2,03,we,8747010701,148,0.05,1,1,201027123503we,1527920100327871871,ATLANTIC THREAD HERRING,,123.59323099,5,14,201027123503we,,0,05/04/2021
2010,12,5,4,1527920100327010,7,2,03,we,8747010701,150,0.05,1,1,201027123503we,1527920100327871871,ATLANTIC THREAD HERRING,,123.59323099,5,15,201027123503we,,0,05/04/2021
2010,12,5,4,1527920100327010,7,2,03,we,8747010701,165,0.1,1,1,201027123503we,1527920100327871871,ATLANTIC THREAD HERRING,,123.59323099,6,16,201027123503we,,0,05/04/2021
2010,12,5,4,1527920100327011,7,2,03,we,8747010701,137,0.05,1,1,201027123503we,1527920100327871871,ATLANTIC THREAD HERRING,,123.59323099,5,13,201027123503we,,0,05/04/2021
2010,12,5,4,1527920100327011,7,2,03,we,8747010701,142,0.05,1,1,201027123503we,1527920100327871871,ATLANTIC THREAD HERRING,,123.59323099,5,14,201027123503we,,0,05/04/2021
2010,12,5,4,1527920100327011,7,2,03,we,8747010701,146,0.05,1,1,201027123503we,1527920100327871871,ATLANTIC THREAD HERRING,,123.59323099,5,14,201027123503we,,0,05/04/2021
2010,12,5,4,1527920100327011,7,2,03,we,8747010701,158,0.05,1,1,201027123503we,1527920100327871871,ATLANTIC THREAD HERRING,,123.59323099,6,15,201027123503we,,0,05/04/2021
2010,12,5,4,1527920100327011,7,2,03,we,8747010701,158,0.05,1,1,201027123503we,1527920100327871871,ATLANTIC THREAD HERRING,,123.59323099,6,15,201027123503we,,0,05/04/2021
2010,12,5,4,1527920100327012,7,2,03,we,8747010701,137,0.05,1,1,201027123503we,1527920100327871871,ATLANTIC THREAD HERRING,,123.59323099,5,13,201027123503we,,0,05/04/2021
2010,12,5,4,1527920100327012,7,2,03,we,8747010701,146,0.05,1,1,201027123503we,1527920100327871871,ATLANTIC THREAD HERRING,,123.59323099,5,14,201027123503we,,0,05/04/2021
2010,12,5,4,1527920100327012,7,2,03,we,8747010701,158,0.05,1,1,201027123503we,1527920100327871871,ATLANTIC THREAD HERRING,,123.59323099,6,15,201027123503we,,0,05/04/2021
2010,12,5,4,1527920100327012,7,2,03,we,8747010701,158,0.05,1,1,201027123503we,1527920100327871871,ATLANTIC THREAD HERRING,,123.59323099,6,15,201027123503we,,0,05/04/2021
2010,12,5,4,1527920100327012,7,2,03,we,8747010701,158,0.05,1,1,201027123503we,1527920100327871871,ATLANTIC THREAD HERRING,,123.59323099,6,15,201027123503we,,0,05/04/2021
2010,12,5,4,1527920100327013,7,2,03,we,8835250101,361,0.58,0,0,201027123503we,1527920100327871871,BLUEFISH,,71.250246684,14,36,201027123503we,,0,05/04/2021
2010,12,5,4,1527920100327013,7,2,03,we,8850030501,792,3.34,0,0,201027123503we,1527920100327871871,KING MACKEREL,,71.250246684,31,79,201027123503we,,0,05/04/2021
2010,12,5,4,1527920100327013,7,2,03,we,8850030404,470,1.98,1,1,201027123503we,1527920100327871871,BLACKFIN TUNA,,71.250246684,18,47,201027123503we,,0,05/04/2021
2010,12,5,4,1527920100327013,7,2,03,we,8835250101,371,0.7,0,0,201027123503we,1527920100327871871,BLUEFISH,,71.250246684,14,37,201027123503we,,0,05/04/2021
2010,12,5,4,1527920100327013,7,2,03,we,8835250101,375,0.62,0,0,201027123503we,1527920100327871871,BLUEFISH,,71.250246684,14,37,201027123503we,,0,05/04/2021
2010,12,5,4,1527920100327013,7,2,03,we,8835250101,410,0.86,0,0,201027123503we,1527920100327871871,BLUEFISH,,71.250246684,16,41,201027123503we,,0,05/04/2021
2010,12,5,4,1527920100327013,7,2,03,we,8835250101,421,0.9,0,0,201027123503we,1527920100327871871,BLUEFISH,,71.250246684,16,42,201027123503we,,0,05/04/2021
2010,12,5,4,1527920100327013,7,2,03,we,8835250101,445,1.14,0,0,201027123503we,1527920100327871871,BLUEFISH,,71.250246684,17,44,201027123503we,,0,05/04/2021
2010,12,5,4,1527920100327015,7,2,03,we,8835360401,396,0.98,1,1,201027123503we,1527920100327871871,YELLOWTAIL SNAPPER,,81.919606415,15,39,201027123503we,,0,05/04/2021
2010,12,5,4,1527920100327015,7,2,03,we,8835360401,445,1.52,0,0,201027123503we,1527920100327871871,YELLOWTAIL SNAPPER,,81.919606415,17,44,201027123503we,,0,05/04/2021
2010,12,5,4,1527920100327015,7,2,03,we,8835360401,400,0.96,1,1,201027123503we,1527920100327871871,YELLOWTAIL SNAPPER,,81.919606415,15,40,201027123503we,,0,05/04/2021
2010,12,5,4,1527920100327015,7,2,03,we,8835360401,396,1.02,1,1,201027123503we,1527920100327871871,YELLOWTAIL SNAPPER,,81.919606415,15,39,201027123503we,,0,05/04/2021
2010,12,5,4,1527920100327015,7,2,03,we,8835360401,384,1,0,0,201027123503we,1527920100327871871,YELLOWTAIL SNAPPER,,81.919606415,15,38,201027123503we,,0,05/04/2021
2010,12,5,4,1527920100327015,7,2,03,we,8835360401,381,0.96,1,1,201027123503we,1527920100327871871,YELLOWTAIL SNAPPER,,81.919606415,14,38,201027123503we,,0,05/04/2021
2010,12,5,4,1527920100327016,7,2,03,we,,,,0,0,201027123503we,1527920100327871871,,,41.197743662,,,201027123503we,,0,05/04/2021
2010,12,5,4,1527920100327017,7,2,03,we,,,,0,0,201027123503we,1527920100327871871,,,41.197743662,,,201027123503we,,0,05/04/2021
2010,12,5,4,1527920100327018,7,2,03,we,,,,0,0,201027123503we,1527920100327871871,,,41.197743662,,,201027123503we,,0,05/04/2021
2010,12,5,4,1527920100327019,7,2,03,we,,,,0,0,201027123503we,1527920100327871871,,,41.197743662,,,201027123503we,,0,05/04/2021
2010,12,5,4,1527920100327020,7,2,03,we,8835360401,381,0.9,1,1,201027123503we,1527920100327871871,YELLOWTAIL SNAPPER,,41.197743662,14,38,201027123503we,,0,05/04/2021
2010,12,5,4,1527920100328001,7,2,03,we,8850030501,663,1.92,1,1,201027123503we,152792010032887243,KING MACKEREL,,22.141627123,26,66,201027123503we,,0,05/04/2021
2010,12,5,4,1527920100328001,7,2,03,we,8850030501,680,2.22,1,1,201027123503we,152792010032887243,KING MACKEREL,,22.141627123,26,68,201027123503we,,0,05/04/2021
2010,12,5,4,1527920100328001,7,2,03,we,8850030102,605,3.22,0,0,201027123503we,152792010032887243,LITTLE TUNNY,,22.141627123,23,60,201027123503we,,0,05/04/2021
2010,12,5,4,1527920100328001,7,2,03,we,8835290101,555,1.56,1,1,201027123503we,152792010032887243,DOLPHIN,,22.141627123,21,55,201027123503we,,0,05/04/2021
2010,12,5,4,1527920100328002,7,2,03,we,,,,0,0,201027123503we,152792010032887243,,,22.379567577,,,201027123503we,,0,05/04/2021
2010,12,5,4,1527920100328004,7,2,03,we,,,,0,0,201027123503we,152792010032887243,,,22.379567577,,,201027123503we,,0,05/04/2021
2010,12,5,3,1527920100328005,7,2,03,we,,,,0,0,201027123503we,152792010032887243,,,43.411012606,,,201027123503we,,0,05/04/2021
2010,12,5,3,1527920100328006,7,2,03,we,,,,0,0,201027123503we,152792010032887243,,,43.411012606,,,201027123503we,,0,05/04/2021
2010,12,5,4,1527920100328008,7,2,03,we,8850030404,436,1.76,1,1,201027123503we,152792010032887243,BLACKFIN TUNA,,25.59774092,17,43,201027123503we,,0,05/04/2021
2010,12,5,4,1527920100328008,7,2,03,we,8835430201,270,0.36,1,1,201027123503we,152792010032887243,PINFISH,,25.872821792,10,27,201027123503we,,0,05/04/2021
2010,12,5,4,1527920100328008,7,2,03,we,8803010201,,,0,0,201027123503we,152792010032887243,BALLYHOO,,155.23693075,,,201027123503we,,0,05/04/2021
2010,12,5,4,1527920100328009,7,2,03,we,8835430201,270,0.36,1,1,201027123503we,152792010032887243,PINFISH,,25.872821792,10,27,201027123503we,,0,05/04/2021
2010,12,5,4,1527920100328009,7,2,03,we,8835430201,270,0.36,1,1,201027123503we,152792010032887243,PINFISH,,25.872821792,10,27,201027123503we,,0,05/04/2021
2010,12,5,4,1527920100328009,7,2,03,we,8803010201,,,0,0,201027123503we,152792010032887243,BALLYHOO,,155.23693075,,,201027123503we,,0,05/04/2021
2010,12,5,4,1527920100328010,7,2,03,we,8835430201,270,0.36,1,1,201027123503we,152792010032887243,PINFISH,,22.379567577,10,27,201027123503we,,0,05/04/2021
2010,12,5,4,1527920100328010,7,2,03,we,8803010201,,,0,0,201027123503we,152792010032887243,BALLYHOO,,134.27740546,,,201027123503we,,0,05/04/2021
2010,12,5,4,1527920100328011,7,2,03,we,8835430201,270,0.36,1,1,201027123503we,152792010032887243,PINFISH,,22.379567577,10,27,201027123503we,,0,05/04/2021
2010,12,5,4,1527920100328011,7,2,03,we,8803010201,,,0,0,201027123503we,152792010032887243,BALLYHOO,,134.27740546,,,201027123503we,,0,05/04/2021
2010,12,5,4,1527920100328012,7,2,03,we,8835290101,526,1.5,1,1,201027123503we,152792010032887243,DOLPHIN,,23.934299584,20,52,201027123503we,,0,05/04/2021
2010,12,5,4,1527920100328014,7,2,03,we,8850030102,551,2.34,0,0,201027123503we,152792010032887243,LITTLE TUNNY,,23.934299584,21,55,201027123503we,,0,05/04/2021
2010,12,5,4,1527920100328015,7,2,03,we,,,,0,0,201027123503we,152792010032887243,,,24.172240038,,,201027123503we,,0,05/04/2021
2010,12,5,4,1527920100328016,7,2,03,we,,,,0,0,201027123503we,152792010032887243,,,24.172240038,,,201027123503we,,0,05/04/2021
2010,12,5,4,1527920100328017,7,2,03,we,8850030102,611,2.94,1,1,201027123503we,152792010032887243,LITTLE TUNNY,,25.872821792,24,61,201027123503we,,0,05/04/2021
2010,12,5,4,1527920100328023,7,2,03,we,8850030102,686,4.6,0,0,201027123503we,152792010032887243,LITTLE TUNNY,,22.141627123,27,68,201027123503we,,0,05/04/2021
2010,12,5,4,1527920100328023,7,2,03,we,8835290101,526,1.5,1,1,201027123503we,152792010032887243,DOLPHIN,,22.141627123,20,52,201027123503we,,0,05/04/2021
2010,12,5,4,1527920100328023,7,2,03,we,8835290101,512,1.28,0,0,201027123503we,152792010032887243,DOLPHIN,,22.141627123,20,51,201027123503we,,0,05/04/2021
2010,12,5,4,1527920100328023,7,2,03,we,8850030501,769,3.38,0,0,201027123503we,152792010032887243,KING MACKEREL,,22.141627123,30,76,201027123503we,,0,05/04/2021
2010,12,5,4,1527920100328023,7,2,03,we,8835290101,552,1.42,1,1,201027123503we,152792010032887243,DOLPHIN,,22.141627123,21,55,201027123503we,,0,05/04/2021
2010,12,5,4,1527920100328024,7,2,03,we,,,,0,0,201027123503we,152792010032887243,,,22.379567577,,,201027123503we,,0,05/04/2021
2010,12,5,4,1527920100328027,7,2,03,we,8850030503,482,0.96,0,0,201027123503we,152792010032887243,CERO,,22.141627123,18,48,201027123503we,,0,05/04/2021
2010,12,5,4,1527920100328027,7,2,03,we,8850030503,489,0.98,0,0,201027123503we,152792010032887243,CERO,,22.141627123,19,48,201027123503we,,0,05/04/2021
2010,12,5,4,1527920100328027,7,2,03,we,8850030503,504,1.08,1,1,201027123503we,152792010032887243,CERO,,22.141627123,19,50,201027123503we,,0,05/04/2021
2010,12,5,4,1527920100328027,7,2,03,we,8850030503,518,1.12,0,0,201027123503we,152792010032887243,CERO,,22.141627123,20,51,201027123503we,,0,05/04/2021
2010,12,5,4,1527920100328027,7,2,03,we,8850030501,634,1.72,0,0,201027123503we,152792010032887243,KING MACKEREL,,22.141627123,24,63,201027123503we,,0,05/04/2021
2010,12,5,4,1527920100328027,7,2,03,we,8850030501,782,3.48,0,0,201027123503we,152792010032887243,KING MACKEREL,,22.141627123,30,78,201027123503we,,0,05/04/2021
2010,12,5,4,1527920100328027,7,2,03,we,8850030501,833,3.62,0,0,201027123503we,152792010032887243,KING MACKEREL,,22.141627123,32,83,201027123503we,,0,05/04/2021
2010,12,5,4,1527920100328027,7,2,03,we,8850030501,1016,8.44,0,0,201027123503we,152792010032887243,KING MACKEREL,,22.141627123,39,101,201027123503we,,0,05/04/2021
2010,12,5,4,1527920100328029,7,2,03,we,,,,0,0,201027123503we,152792010032887243,,,22.379567577,,,201027123503we,,0,05/04/2021
2010,12,5,4,1527920100328030,7,2,03,we,,,,0,0,201027123503we,152792010032887243,,,22.379567577,,,201027123503we,,0,05/04/2021
2010,12,5,4,1527920100328032,7,2,03,we,,,,0,0,201027123503we,152792010032887243,,,22.379567577,,,201027123503we,,0,05/04/2021
2010,12,5,3,1527920100407001,7,2,04,wd,8835360112,295,0.44,0,0,201027123504wd,1527920100407871871,LANE SNAPPER,,144.92657725,11,29,201027123504wd,,0,05/04/2021
2010,12,5,3,1527920100407001,7,2,04,wd,8835360112,348,0.69,1,1,201027123504wd,1527920100407871871,LANE SNAPPER,,144.92657725,13,34,201027123504wd,,0,05/04/2021
2010,12,5,3,1527920100407001,7,2,04,wd,8835360102,276,0.34,1,1,201027123504wd,1527920100407871871,GRAY SNAPPER,,237.15258096,10,27,201027123504wd,,0,05/04/2021
2010,12,5,3,1527920100407001,7,2,04,wd,8835360112,290,0.4,0,0,201027123504wd,1527920100407871871,LANE SNAPPER,,144.92657725,11,29,201027123504wd,,0,05/04/2021
2010,12,5,3,1527920100407001,7,2,04,wd,8835360102,284,0.38,1,1,201027123504wd,1527920100407871871,GRAY SNAPPER,,237.15258096,11,28,201027123504wd,,0,05/04/2021
2010,12,5,3,1527920100407001,7,2,04,wd,8835360102,299,0.42,1,1,201027123504wd,1527920100407871871,GRAY SNAPPER,,237.15258096,11,29,201027123504wd,,0,05/04/2021
2010,12,5,3,1527920100407001,7,2,04,wd,8835360102,300,0.42,0,0,201027123504wd,1527920100407871871,GRAY SNAPPER,,237.15258096,11,30,201027123504wd,,0,05/04/2021
2010,12,5,3,1527920100407001,7,2,04,wd,8835360102,301,0.42,0,0,201027123504wd,1527920100407871871,GRAY SNAPPER,,237.15258096,11,30,201027123504wd,,0,05/04/2021
2010,12,5,3,1527920100407001,7,2,04,wd,8835360102,305,0.46,0,0,201027123504wd,1527920100407871871,GRAY SNAPPER,,237.15258096,12,30,201027123504wd,,0,05/04/2021
2010,12,5,3,1527920100407001,7,2,04,wd,8835360102,327,0.52,0,0,201027123504wd,1527920100407871871,GRAY SNAPPER,,237.15258096,12,32,201027123504wd,,0,05/04/2021
2010,12,5,3,1527920100407001,7,2,04,wd,8835360102,334,0.64,1,1,201027123504wd,1527920100407871871,GRAY SNAPPER,,237.15258096,13,33,201027123504wd,,0,05/04/2021
2010,12,5,3,1527920100407001,7,2,04,wd,8835360102,338,0.52,0,0,201027123504wd,1527920100407871871,GRAY SNAPPER,,237.15258096,13,33,201027123504wd,,0,05/04/2021
2010,12,5,3,1527920100407001,7,2,04,wd,8835360102,360,0.74,0,0,201027123504wd,1527920100407871871,GRAY SNAPPER,,237.15258096,14,36,201027123504wd,,0,05/04/2021
2010,12,5,3,1527920100407001,7,2,04,wd,8835360102,393,0.86,0,0,201027123504wd,1527920100407871871,GRAY SNAPPER,,237.15258096,15,39,201027123504wd,,0,05/04/2021
2010,12,5,3,1527920100407002,7,2,04,wd,,,,0,0,201027123504wd,1527920100407871871,,,144.92657725,,,201027123504wd,,0,05/04/2021
2010,12,5,3,1527920100407003,7,2,04,wd,,,,0,0,201027123504wd,1527920100407871871,,,144.92657725,,,201027123504wd,,0,05/04/2021
2010,12,5,3,1527920100407004,7,2,04,wd,,,,0,0,201027123504wd,1527920100407871871,,,144.92657725,,,201027123504wd,,0,05/04/2021
2010,12,5,3,1527920100407005,7,2,04,wd,,,,0,0,201027123504wd,1527920100407871871,,,144.92657725,,,201027123504wd,,0,05/04/2021
2010,12,5,3,1527920100407006,7,2,04,wd,,,,0,0,201027123504wd,1527920100407871871,,,144.92657725,,,201027123504wd,,0,05/04/2021
2010,12,5,3,1527920100407007,7,2,04,wd,,,,0,0,201027123504wd,1527920100407871871,,,218.0642339,,,201027123504wd,,0,05/04/2021
2010,12,5,3,1527920100407009,7,2,04,wd,,,,0,0,201027123504wd,1527920100407871871,,,144.92657725,,,201027123504wd,,0,05/04/2021
2010,12,5,3,1527920100407010,7,2,04,wd,,,,0,0,201027123504wd,1527920100407871871,,,144.92657725,,,201027123504wd,,0,05/04/2021
2010,12,5,3,1527920100407011,7,2,04,wd,,,,0,0,201027123504wd,1527920100407871871,,,144.92657725,,,201027123504wd,,0,05/04/2021
2010,12,5,3,1527920100407012,7,2,04,wd,,,,0,0,201027123504wd,1527920100407871871,,,144.92657725,,,201027123504wd,,0,05/04/2021
2010,12,5,3,1527920100407013,7,2,04,wd,8850030501,617,1.48,1,1,201027123504wd,1527920100407871871,KING MACKEREL,,125.35911836,24,61,201027123504wd,,0,05/04/2021
2010,12,5,3,1527920100407013,7,2,04,wd,8835400102,242,0.34,0,0,201027123504wd,1527920100407871871,WHITE GRUNT,,125.35911836,9,24,201027123504wd,,0,05/04/2021
2010,12,5,3,1527920100407013,7,2,04,wd,8835400102,248,0.34,0,0,201027123504wd,1527920100407871871,WHITE GRUNT,,125.35911836,9,24,201027123504wd,,0,05/04/2021
2010,12,5,3,1527920100407013,7,2,04,wd,8835400102,253,0.36,0,0,201027123504wd,1527920100407871871,WHITE GRUNT,,125.35911836,9,25,201027123504wd,,0,05/04/2021
2010,12,5,3,1527920100407013,7,2,04,wd,8835400102,254,0.32,0,0,201027123504wd,1527920100407871871,WHITE GRUNT,,125.35911836,9,25,201027123504wd,,0,05/04/2021
2010,12,5,3,1527920100407013,7,2,04,wd,8835400102,263,0.38,0,0,201027123504wd,1527920100407871871,WHITE GRUNT,,125.35911836,10,26,201027123504wd,,0,05/04/2021
2010,12,5,3,1527920100407013,7,2,04,wd,8835400102,270,0.42,0,0,201027123504wd,1527920100407871871,WHITE GRUNT,,125.35911836,10,27,201027123504wd,,0,05/04/2021
2010,12,5,3,1527920100407013,7,2,04,wd,8835400102,275,0.46,0,0,201027123504wd,1527920100407871871,WHITE GRUNT,,125.35911836,10,27,201027123504wd,,0,05/04/2021
2010,12,5,3,1527920100407013,7,2,04,wd,8835360401,255,0.3,0,0,201027123504wd,1527920100407871871,YELLOWTAIL SNAPPER,,125.35911836,10,25,201027123504wd,,0,05/04/2021
2010,12,5,3,1527920100407013,7,2,04,wd,8835360102,276,0.34,0,0,201027123504wd,1527920100407871871,GRAY SNAPPER,,125.35911836,10,27,201027123504wd,,0,05/04/2021
2010,12,5,3,1527920100407013,7,2,04,wd,8835360102,290,0.38,0,0,201027123504wd,1527920100407871871,GRAY SNAPPER,,125.35911836,11,29,201027123504wd,,0,05/04/2021
2010,12,5,3,1527920100407013,7,2,04,wd,8835360102,300,0.44,0,0,201027123504wd,1527920100407871871,GRAY SNAPPER,,125.35911836,11,30,201027123504wd,,0,05/04/2021
2010,12,5,3,1527920100407013,7,2,04,wd,8835360102,320,0.56,0,0,201027123504wd,1527920100407871871,GRAY SNAPPER,,125.35911836,12,32,201027123504wd,,0,05/04/2021
2010,12,5,3,1527920100407013,7,2,04,wd,8835360102,299,0.42,0,0,201027123504wd,1527920100407871871,GRAY SNAPPER,,125.35911836,11,29,201027123504wd,,0,05/04/2021
2010,12,5,3,1527920100407013,7,2,04,wd,8835360102,334,0.64,0,0,201027123504wd,1527920100407871871,GRAY SNAPPER,,125.35911836,13,33,201027123504wd,,0,05/04/2021
2010,12,5,4,1527920100407016,7,2,04,wd,8835280801,786,7.3,1,1,201027123504wd,1527920100407871871,GREATER AMBERJACK,,112.41809315,30,78,201027123504wd,,0,05/04/2021
2010,12,5,4,1527920100407016,7,2,04,wd,8835280801,844,8.4,1,1,201027123504wd,1527920100407871871,GREATER AMBERJACK,,112.41809315,33,84,201027123504wd,,0,05/04/2021
2010,12,5,4,1527920100407016,7,2,04,wd,8835280801,818,7.36,1,1,201027123504wd,1527920100407871871,GREATER AMBERJACK,,112.41809315,32,81,201027123504wd,,0,05/04/2021
2010,12,5,4,1527920100407016,7,2,04,wd,8747010701,137,0.05,1,1,201027123504wd,1527920100407871871,ATLANTIC THREAD HERRING,,247.31980492,5,13,201027123504wd,,0,05/04/2021
2010,12,5,4,1527920100407016,7,2,04,wd,8747010701,142,0.05,1,1,201027123504wd,1527920100407871871,ATLANTIC THREAD HERRING,,247.31980492,5,14,201027123504wd,,0,05/04/2021
2010,12,5,4,1527920100407016,7,2,04,wd,8747010701,142,0.05,1,1,201027123504wd,1527920100407871871,ATLANTIC THREAD HERRING,,247.31980492,5,14,201027123504wd,,0,05/04/2021
2010,12,5,4,1527920100407016,7,2,04,wd,8747010701,142,0.05,1,1,201027123504wd,1527920100407871871,ATLANTIC THREAD HERRING,,247.31980492,5,14,201027123504wd,,0,05/04/2021
2010,12,5,4,1527920100407016,7,2,04,wd,8747010701,165,0.1,1,1,201027123504wd,1527920100407871871,ATLANTIC THREAD HERRING,,247.31980492,6,16,201027123504wd,,0,05/04/2021
2010,12,5,4,1527920100407017,7,2,04,wd,8747010701,137,0.05,1,1,201027123504wd,1527920100407871871,ATLANTIC THREAD HERRING,,269.80342355,5,13,201027123504wd,,0,05/04/2021
2010,12,5,4,1527920100407017,7,2,04,wd,8747010701,142,0.05,1,1,201027123504wd,1527920100407871871,ATLANTIC THREAD HERRING,,269.80342355,5,14,201027123504wd,,0,05/04/2021
2010,12,5,4,1527920100407017,7,2,04,wd,8747010701,142,0.05,1,1,201027123504wd,1527920100407871871,ATLANTIC THREAD HERRING,,269.80342355,5,14,201027123504wd,,0,05/04/2021
2010,12,5,4,1527920100407017,7,2,04,wd,8747010701,146,0.05,1,1,201027123504wd,1527920100407871871,ATLANTIC THREAD HERRING,,269.80342355,5,14,201027123504wd,,0,05/04/2021
2010,12,5,4,1527920100407017,7,2,04,wd,8747010701,165,0.1,1,1,201027123504wd,1527920100407871871,ATLANTIC THREAD HERRING,,269.80342355,6,16,201027123504wd,,0,05/04/2021
2010,12,5,4,1527920100407018,7,2,04,wd,8747010701,137,0.05,1,1,201027123504wd,1527920100407871871,ATLANTIC THREAD HERRING,,269.80342355,5,13,201027123504wd,,0,05/04/2021
2010,12,5,4,1527920100407018,7,2,04,wd,8747010701,137,0.05,1,1,201027123504wd,1527920100407871871,ATLANTIC THREAD HERRING,,269.80342355,5,13,201027123504wd,,0,05/04/2021
2010,12,5,4,1527920100407018,7,2,04,wd,8747010701,142,0.05,1,1,201027123504wd,1527920100407871871,ATLANTIC THREAD HERRING,,269.80342355,5,14,201027123504wd,,0,05/04/2021
2010,12,5,4,1527920100407018,7,2,04,wd,8747010701,148,0.05,1,1,201027123504wd,1527920100407871871,ATLANTIC THREAD HERRING,,269.80342355,5,14,201027123504wd,,0,05/04/2021
2010,12,5,4,1527920100407018,7,2,04,wd,8747010701,165,0.1,1,1,201027123504wd,1527920100407871871,ATLANTIC THREAD HERRING,,269.80342355,6,16,201027123504wd,,0,05/04/2021
2010,12,5,4,1527920100407019,7,2,04,wd,8835260101,1016,11.14,1,1,201027123504wd,1527920100407871871,COBIA,,195.55310917,39,101,201027123504wd,,0,05/04/2021
2010,12,5,4,1527920100407020,7,2,04,wd,,,,0,0,201027123504wd,1527920100407871871,,,195.55310917,,,201027123504wd,,0,05/04/2021
2010,12,5,4,1527920100407021,7,2,04,wd,8747010701,141,0.05,1,1,201027123504wd,1527920100407871871,ATLANTIC THREAD HERRING,,449.67237259,5,14,201027123504wd,,0,05/04/2021
2010,12,5,4,1527920100407021,7,2,04,wd,8747010701,141,0.05,1,1,201027123504wd,1527920100407871871,ATLANTIC THREAD HERRING,,449.67237259,5,14,201027123504wd,,0,05/04/2021
2010,12,5,4,1527920100407021,7,2,04,wd,8747010701,146,0.05,1,1,201027123504wd,1527920100407871871,ATLANTIC THREAD HERRING,,449.67237259,5,14,201027123504wd,,0,05/04/2021
2010,12,5,4,1527920100407021,7,2,04,wd,8747010701,165,0.1,1,1,201027123504wd,1527920100407871871,ATLANTIC THREAD HERRING,,449.67237259,6,16,201027123504wd,,0,05/04/2021
2010,12,5,4,1527920100407021,7,2,04,wd,8747010701,142,0.05,1,1,201027123504wd,1527920100407871871,ATLANTIC THREAD HERRING,,449.67237259,5,14,201027123504wd,,0,05/04/2021
2010,12,5,4,1527920100407022,7,2,04,wd,8835360112,278,0.36,0,0,201027123504wd,1527920100407871871,LANE SNAPPER,,112.41809315,10,27,201027123504wd,,0,05/04/2021
2010,12,5,4,1527920100407022,7,2,04,wd,8747010701,137,0.05,1,1,201027123504wd,1527920100407871871,ATLANTIC THREAD HERRING,,449.67237259,5,13,201027123504wd,,0,05/04/2021
2010,12,5,4,1527920100407022,7,2,04,wd,8747010701,142,0.05,1,1,201027123504wd,1527920100407871871,ATLANTIC THREAD HERRING,,449.67237259,5,14,201027123504wd,,0,05/04/2021
2010,12,5,4,1527920100407022,7,2,04,wd,8747010701,142,0.05,1,1,201027123504wd,1527920100407871871,ATLANTIC THREAD HERRING,,449.67237259,5,14,201027123504wd,,0,05/04/2021
2010,12,5,4,1527920100407022,7,2,04,wd,8747010701,146,0.05,1,1,201027123504wd,1527920100407871871,ATLANTIC THREAD HERRING,,449.67237259,5,14,201027123504wd,,0,05/04/2021
2010,12,5,4,1527920100407022,7,2,04,wd,8747010701,146,0.05,1,1,201027123504wd,1527920100407871871,ATLANTIC THREAD HERRING,,449.67237259,5,14,201027123504wd,,0,05/04/2021
2010,12,5,4,1527920100407022,7,2,04,wd,8850030501,1016,8.44,1,1,201027123504wd,1527920100407871871,KING MACKEREL,,112.41809315,39,101,201027123504wd,,0,05/04/2021
2010,12,5,3,1527920100407023,7,2,04,wd,8860020201,391,1.41,1,1,201027123504wd,1527920100407871871,GRAY TRIGGERFISH,,125.35911836,15,39,201027123504wd,,0,05/04/2021
2010,12,5,3,1527920100407023,7,2,04,wd,8860020201,405,1.46,1,1,201027123504wd,1527920100407871871,GRAY TRIGGERFISH,,125.35911836,15,40,201027123504wd,,0,05/04/2021
2010,12,5,3,1527920100407023,7,2,04,wd,8835360112,348,0.69,1,1,201027123504wd,1527920100407871871,LANE SNAPPER,,125.35911836,13,34,201027123504wd,,0,05/04/2021
2010,12,5,3,1527920100407023,7,2,04,wd,8860020201,399,1.32,1,1,201027123504wd,1527920100407871871,GRAY TRIGGERFISH,,125.35911836,15,39,201027123504wd,,0,05/04/2021
2010,12,5,3,1527920100407023,7,2,04,wd,8835360112,366,0.74,1,1,201027123504wd,1527920100407871871,LANE SNAPPER,,125.35911836,14,36,201027123504wd,,0,05/04/2021
2010,12,5,3,1527920100407023,7,2,04,wd,8835360102,279,0.32,1,1,201027123504wd,1527920100407871871,GRAY SNAPPER,,150.43094203,10,27,201027123504wd,,0,05/04/2021
2010,12,5,3,1527920100407023,7,2,04,wd,8835360102,294,0.38,1,1,201027123504wd,1527920100407871871,GRAY SNAPPER,,150.43094203,11,29,201027123504wd,,0,05/04/2021
2010,12,5,3,1527920100407023,7,2,04,wd,8835360102,324,0.48,1,1,201027123504wd,1527920100407871871,GRAY SNAPPER,,150.43094203,12,32,201027123504wd,,0,05/04/2021
2010,12,5,3,1527920100407023,7,2,04,wd,8835360102,330,0.58,1,1,201027123504wd,1527920100407871871,GRAY SNAPPER,,150.43094203,12,33,201027123504wd,,0,05/04/2021
2010,12,5,3,1527920100407023,7,2,04,wd,8835360102,376,0.9,1,1,201027123504wd,1527920100407871871,GRAY SNAPPER,,150.43094203,14,37,201027123504wd,,0,05/04/2021
2010,12,5,3,1527920100407024,7,2,04,wd,,,,0,0,201027123504wd,1527920100407871871,,,125.35911836,,,201027123504wd,,0,05/04/2021
2010,12,5,3,1527920100407025,7,2,04,wd,,,,0,0,201027123504wd,1527920100407871871,,,125.35911836,,,201027123504wd,,0,05/04/2021
2010,12,5,3,1527920100407027,7,2,04,wd,,,,0,0,201027123504wd,1527920100407871871,,,125.35911836,,,201027123504wd,,0,05/04/2021
2010,12,5,3,1527920100407028,7,2,04,wd,8835430201,289,0.48,1,1,201027123504wd,1527920100407871871,PINFISH,,218.0642339,11,28,201027123504wd,,0,05/04/2021
2010,12,5,3,1527920100407028,7,2,04,wd,8835360112,366,0.74,1,1,201027123504wd,1527920100407871871,LANE SNAPPER,,218.0642339,14,36,201027123504wd,,0,05/04/2021
2010,12,5,3,1527920100407028,7,2,04,wd,8835360102,282,0.34,1,1,201027123504wd,1527920100407871871,GRAY SNAPPER,,218.0642339,11,28,201027123504wd,,0,05/04/2021
2010,12,5,3,1527920100407028,7,2,04,wd,8835360102,292,0.36,1,1,201027123504wd,1527920100407871871,GRAY SNAPPER,,218.0642339,11,29,201027123504wd,,0,05/04/2021
2010,12,5,3,1527920100407029,7,2,04,wd,8835430201,270,0.36,1,1,201027123504wd,1527920100407871871,PINFISH,,218.0642339,10,27,201027123504wd,,0,05/04/2021
2010,12,5,3,1527920100407030,7,2,04,wd,8835430201,270,0.36,1,1,201027123504wd,1527920100407871871,PINFISH,,218.0642339,10,27,201027123504wd,,0,05/04/2021
2010,12,5,3,1527920100407030,7,2,04,wd,8835430201,289,0.48,1,1,201027123504wd,1527920100407871871,PINFISH,,218.0642339,11,28,201027123504wd,,0,05/04/2021
2010,12,5,3,1527920100407031,7,2,04,wd,8835430201,289,0.48,1,1,201027123504wd,1527920100407871871,PINFISH,,218.0642339,11,28,201027123504wd,,0,05/04/2021
2010,12,5,3,1527920100407031,7,2,04,wd,8835430201,270,0.36,1,1,201027123504wd,1527920100407871871,PINFISH,,218.0642339,10,27,201027123504wd,,0,05/04/2021
2010,12,5,4,1527920100409001,7,2,04,wd,8835430201,270,0.36,1,1,201027123504wd,152792010040987243,PINFISH,,68.032440416,10,27,201027123504wd,,0,05/04/2021
2010,12,5,4,1527920100409002,7,2,04,wd,8835430201,270,0.36,1,1,201027123504wd,152792010040987243,PINFISH,,68.032440416,10,27,201027123504wd,,0,05/04/2021
2010,12,5,4,1527920100409003,7,2,04,wd,8835430201,270,0.36,1,1,201027123504wd,152792010040987243,PINFISH,,68.032440416,10,27,201027123504wd,,0,05/04/2021
2010,12,5,4,1527920100409004,7,2,04,wd,8835430201,270,0.36,1,1,201027123504wd,152792010040987243,PINFISH,,68.032440416,10,27,201027123504wd,,0,05/04/2021
2010,12,5,4,1527920100409005,7,2,04,wd,8835430201,270,0.36,1,1,201027123504wd,152792010040987243,PINFISH,,68.032440416,10,27,201027123504wd,,0,05/04/2021
2010,12,5,4,1527920100409005,7,2,04,wd,8835430201,270,0.36,1,1,201027123504wd,152792010040987243,PINFISH,,68.032440416,10,27,201027123504wd,,0,05/04/2021
2010,12,5,4,1527920100409006,7,2,04,wd,8835430201,270,0.36,1,1,201027123504wd,152792010040987243,PINFISH,,68.032440416,10,27,201027123504wd,,0,05/04/2021
2010,12,5,4,1527920100409006,7,2,04,wd,8835430201,270,0.36,1,1,201027123504wd,152792010040987243,PINFISH,,68.032440416,10,27,201027123504wd,,0,05/04/2021
2010,12,5,4,1527920100409007,7,2,04,wd,8850030503,504,1.08,1,1,201027123504wd,152792010040987243,CERO,,78.651707675,19,50,201027123504wd,,0,05/04/2021
2010,12,5,4,1527920100409007,7,2,04,wd,8850030503,578,1.94,1,1,201027123504wd,152792010040987243,CERO,,78.651707675,22,57,201027123504wd,,0,05/04/2021
2010,12,5,4,1527920100409007,7,2,04,wd,8850030503,627,2.22,1,1,201027123504wd,152792010040987243,CERO,,78.651707675,24,62,201027123504wd,,0,05/04/2021
2010,12,5,4,1527920100409007,7,2,04,wd,8835280201,765,5.62,1,1,201027123504wd,152792010040987243,AFRICAN POMPANO,,78.651707675,30,76,201027123504wd,,0,05/04/2021
2010,12,5,4,1527920100409011,7,2,04,wd,8835250101,432,0.96,1,1,201027123504wd,152792010040987243,BLUEFISH,,75.107716515,17,43,201027123504wd,,0,05/04/2021
2010,12,5,4,1527920100409012,7,2,04,wd,8850030501,634,1.72,1,1,201027123504wd,152792010040987243,KING MACKEREL,,75.107716515,24,63,201027123504wd,,0,05/04/2021
2010,12,5,4,1527920100409013,7,2,04,wd,8835250101,287,0.39,1,1,201027123504wd,152792010040987243,BLUEFISH,,75.107716515,11,28,201027123504wd,,0,05/04/2021
2010,12,5,4,1527920100409020,7,2,04,wd,8850030503,578,1.94,1,1,201027123504wd,152792010040987243,CERO,,118.34354129,22,57,201027123504wd,,0,05/04/2021
2010,12,5,4,1527920100409022,7,2,04,wd,,,,0,0,201027123504wd,152792010040987243,,,68.032440416,,,201027123504wd,,0,05/04/2021
2010,12,5,4,1527920100409026,7,2,04,wd,8850030102,581,2.64,1,1,201027123504wd,152792010040987243,LITTLE TUNNY,,68.032440416,22,58,201027123504wd,,0,05/04/2021
2010,12,5,4,1527920100409027,7,2,04,wd,8850030102,608,3.24,0,0,201027123504wd,152792010040987243,LITTLE TUNNY,,68.032440416,23,60,201027123504wd,,0,05/04/2021
2010,12,5,4,1527920100409028,7,2,04,wd,8850030102,688,4.62,0,0,201027123504wd,152792010040987243,LITTLE TUNNY,,68.032440416,27,68,201027123504wd,,0,05/04/2021
2010,12,5,3,1527920100418001,7,2,04,we,8708020507,532,1.97,1,1,201027123504we,152792010041887243,BLACKTIP SHARK,,23.335393179,20,53,201027123504we,,0,05/04/2021
2010,12,5,3,1527920100418001,7,2,04,we,8708020507,975,4.52,1,1,201027123504we,152792010041887243,BLACKTIP SHARK,,23.335393179,38,97,201027123504we,,0,05/04/2021
2010,12,5,3,1527920100418002,7,2,04,we,,,,0,0,201027123504we,152792010041887243,,,23.600724184,,,201027123504we,,0,05/04/2021
2010,12,5,4,1527920100418003,7,2,04,we,8850030503,541,1.46,1,1,201027123504we,152792010041887243,CERO,,20.926442674,21,54,201027123504we,,0,05/04/2021
2010,12,5,4,1527920100418003,7,2,04,we,8850030102,559,2.52,0,0,201027123504we,152792010041887243,LITTLE TUNNY,,23.915934485,22,55,201027123504we,,0,05/04/2021
2010,12,5,4,1527920100418003,7,2,04,we,8850030102,570,2.38,0,0,201027123504we,152792010041887243,LITTLE TUNNY,,23.915934485,22,57,201027123504we,,0,05/04/2021
2010,12,5,4,1527920100418003,7,2,04,we,8850030102,605,3.18,0,0,201027123504we,152792010041887243,LITTLE TUNNY,,23.915934485,23,60,201027123504we,,0,05/04/2021
2010,12,5,4,1527920100418003,7,2,04,we,8850030102,548,2.38,1,1,201027123504we,152792010041887243,LITTLE TUNNY,,23.915934485,21,54,201027123504we,,0,05/04/2021
2010,12,5,4,1527920100418003,7,2,04,we,8850030102,548,2.22,1,1,201027123504we,152792010041887243,LITTLE TUNNY,,23.915934485,21,54,201027123504we,,0,05/04/2021
2010,12,5,4,1527920100418003,7,2,04,we,8850030102,557,2.38,1,1,201027123504we,152792010041887243,LITTLE TUNNY,,23.915934485,21,55,201027123504we,,0,05/04/2021
2010,12,5,4,1527920100418003,7,2,04,we,8850030102,557,2.38,1,1,201027123504we,152792010041887243,LITTLE TUNNY,,23.915934485,21,55,201027123504we,,0,05/04/2021
2010,12,5,4,1527920100418009,7,2,04,we,8850030503,512,1,0,0,201027123504we,152792010041887243,CERO,,20.926442674,20,51,201027123504we,,0,05/04/2021
2010,12,5,4,1527920100418009,7,2,04,we,8850030501,730,2.68,0,0,201027123504we,152792010041887243,KING MACKEREL,,20.926442674,28,73,201027123504we,,0,05/04/2021
2010,12,5,4,1527920100418009,7,2,04,we,8850030501,787,3.28,0,0,201027123504we,152792010041887243,KING MACKEREL,,20.926442674,30,78,201027123504we,,0,05/04/2021
2010,12,5,4,1527920100418009,7,2,04,we,8850030102,499,1.82,1,1,201027123504we,152792010041887243,LITTLE TUNNY,,20.926442674,19,49,201027123504we,,0,05/04/2021
2010,12,5,4,1527920100418009,7,2,04,we,8850030102,609,3.22,0,0,201027123504we,152792010041887243,LITTLE TUNNY,,20.926442674,23,60,201027123504we,,0,05/04/2021
2010,12,5,4,1527920100418009,7,2,04,we,8850030102,622,3.22,1,1,201027123504we,152792010041887243,LITTLE TUNNY,,20.926442674,24,62,201027123504we,,0,05/04/2021
2010,12,5,4,1527920100418009,7,2,04,we,8850030102,622,3.22,1,1,201027123504we,152792010041887243,LITTLE TUNNY,,20.926442674,24,62,201027123504we,,0,05/04/2021
2010,12,5,4,1527920100418009,7,2,04,we,8835280801,680,4.72,0,0,201027123504we,152792010041887243,GREATER AMBERJACK,,20.926442674,26,68,201027123504we,,0,05/04/2021
2010,12,5,4,1527920100418009,7,2,04,we,8850030102,648,3.58,1,1,201027123504we,152792010041887243,LITTLE TUNNY,,20.926442674,25,64,201027123504we,,0,05/04/2021
2010,12,5,4,1527920100418009,7,2,04,we,8850030102,628,3.78,0,0,201027123504we,152792010041887243,LITTLE TUNNY,,20.926442674,24,62,201027123504we,,0,05/04/2021
2010,12,5,4,1527920100418011,7,2,04,we,,,,0,0,201027123504we,152792010041887243,,,21.164383128,,,201027123504we,,0,05/04/2021
2010,12,5,3,1527920100418012,7,2,04,we,8835430201,289,0.48,1,1,201027123504we,152792010041887243,PINFISH,,23.600724184,11,28,201027123504we,,0,05/04/2021
2010,12,5,3,1527920100418012,7,2,04,we,8835430201,289,0.48,1,1,201027123504we,152792010041887243,PINFISH,,23.600724184,11,28,201027123504we,,0,05/04/2021
2010,12,5,3,1527920100418012,7,2,04,we,8835430201,289,0.48,1,1,201027123504we,152792010041887243,PINFISH,,23.600724184,11,28,201027123504we,,0,05/04/2021
2010,12,5,3,1527920100418012,7,2,04,we,8835430201,289,0.48,1,1,201027123504we,152792010041887243,PINFISH,,23.600724184,11,28,201027123504we,,0,05/04/2021
2010,12,5,3,1527920100418012,7,2,04,we,8835430201,289,0.48,1,1,201027123504we,152792010041887243,PINFISH,,23.600724184,11,28,201027123504we,,0,05/04/2021
2010,12,5,3,1527920100418013,7,2,04,we,8835430201,289,0.48,1,1,201027123504we,152792010041887243,PINFISH,,23.600724184,11,28,201027123504we,,0,05/04/2021
2010,12,5,3,1527920100418013,7,2,04,we,8835430201,270,0.36,1,1,201027123504we,152792010041887243,PINFISH,,23.600724184,10,27,201027123504we,,0,05/04/2021
2010,12,5,3,1527920100418013,7,2,04,we,8835430201,270,0.36,1,1,201027123504we,152792010041887243,PINFISH,,23.600724184,10,27,201027123504we,,0,05/04/2021
2010,12,5,3,1527920100418013,7,2,04,we,8835430201,270,0.36,1,1,201027123504we,152792010041887243,PINFISH,,23.600724184,10,27,201027123504we,,0,05/04/2021
2010,12,5,3,1527920100418013,7,2,04,we,8835430201,270,0.36,1,1,201027123504we,152792010041887243,PINFISH,,23.600724184,10,27,201027123504we,,0,05/04/2021
2010,12,5,4,1527920100418015,7,2,04,we,8835280801,778,7.24,1,1,201027123504we,152792010041887243,GREATER AMBERJACK,,20.926442674,30,77,201027123504we,,0,05/04/2021
2010,12,5,4,1527920100418016,7,2,04,we,,,,0,0,201027123504we,152792010041887243,,,24.467957709,,,201027123504we,,0,05/04/2021
2010,12,5,4,1527920100418017,7,2,04,we,,,,0,0,201027123504we,152792010041887243,,,24.467957709,,,201027123504we,,0,05/04/2021
2010,12,5,4,1527920100418018,7,2,04,we,,,,0,0,201027123504we,152792010041887243,,,24.467957709,,,201027123504we,,0,05/04/2021
2010,12,5,4,1527920100418019,7,2,04,we,8850030501,605,1.48,1,1,201027123504we,152792010041887243,KING MACKEREL,,24.192876837,23,60,201027123504we,,0,05/04/2021
2010,12,5,4,1527920100418019,7,2,04,we,8850030501,730,2.68,1,1,201027123504we,152792010041887243,KING MACKEREL,,24.192876837,28,73,201027123504we,,0,05/04/2021
2010,12,5,4,1527920100418019,7,2,04,we,8850030102,596,2.9,1,1,201027123504we,152792010041887243,LITTLE TUNNY,,24.192876837,23,59,201027123504we,,0,05/04/2021
2010,12,5,4,1527920100418019,7,2,04,we,8850030102,611,2.94,0,0,201027123504we,152792010041887243,LITTLE TUNNY,,24.192876837,24,61,201027123504we,,0,05/04/2021
2010,12,5,4,1527920100418019,7,2,04,we,8850030102,616,3.42,0,0,201027123504we,152792010041887243,LITTLE TUNNY,,24.192876837,24,61,201027123504we,,0,05/04/2021
2010,12,5,4,1527920100418019,7,2,04,we,8850030102,618,3.44,0,0,201027123504we,152792010041887243,LITTLE TUNNY,,24.192876837,24,61,201027123504we,,0,05/04/2021
2010,12,5,4,1527920100418019,7,2,04,we,8850030102,641,4.2,1,1,201027123504we,152792010041887243,LITTLE TUNNY,,24.192876837,25,64,201027123504we,,0,05/04/2021
2010,12,5,4,1527920100418019,7,2,04,we,8850030102,698,5.04,0,0,201027123504we,152792010041887243,LITTLE TUNNY,,24.192876837,27,69,201027123504we,,0,05/04/2021
2010,12,5,4,1527920100418019,7,2,04,we,8850030102,661,4.7,0,0,201027123504we,152792010041887243,LITTLE TUNNY,,24.192876837,26,66,201027123504we,,0,05/04/2021
2010,12,5,4,1527920100418019,7,2,04,we,8850030102,714,5.2,0,0,201027123504we,152792010041887243,LITTLE TUNNY,,24.192876837,28,71,201027123504we,,0,05/04/2021
2010,12,5,4,1527920100418019,7,2,04,we,8803010201,,,0,0,201027123504we,152792010041887243,BALLYHOO,,122.33978854,,,201027123504we,,0,05/04/2021
2010,12,5,4,1527920100418020,7,2,04,we,8803010201,,,0,0,201027123504we,152792010041887243,BALLYHOO,,122.33978854,,,201027123504we,,0,05/04/2021
2010,12,5,4,1527920100418021,7,2,04,we,8803010201,,,0,0,201027123504we,152792010041887243,BALLYHOO,,122.33978854,,,201027123504we,,0,05/04/2021
2010,12,5,4,1527920100418022,7,2,04,we,8803010201,,,0,0,201027123504we,152792010041887243,BALLYHOO,,105.82191564,,,201027123504we,,0,05/04/2021
2010,12,5,4,1527920100418023,7,2,04,we,8803010201,,,0,0,201027123504we,152792010041887243,BALLYHOO,,105.82191564,,,201027123504we,,0,05/04/2021
2010,12,5,4,1527920100418024,7,2,04,we,8850030601,822,2.8,1,1,201027123504we,152792010041887243,WAHOO,,24.192876837,32,82,201027123504we,,0,05/04/2021
2010,12,5,4,1527920100418024,7,2,04,we,8850030501,828,4.22,1,1,201027123504we,152792010041887243,KING MACKEREL,,24.192876837,32,82,201027123504we,,0,05/04/2021
2010,12,5,4,1527920100418024,7,2,04,we,8850030501,853,4.2,0,0,201027123504we,152792010041887243,KING MACKEREL,,24.192876837,33,85,201027123504we,,0,05/04/2021
2010,12,5,4,1527920100418024,7,2,04,we,8850030501,1009,10.06,1,1,201027123504we,152792010041887243,KING MACKEREL,,24.192876837,39,100,201027123504we,,0,05/04/2021
2010,12,5,4,1527920100418024,7,2,04,we,8850030102,499,1.82,0,0,201027123504we,152792010041887243,LITTLE TUNNY,,24.192876837,19,49,201027123504we,,0,05/04/2021
2010,12,5,4,1527920100418024,7,2,04,we,8850030102,548,2.38,0,0,201027123504we,152792010041887243,LITTLE TUNNY,,24.192876837,21,54,201027123504we,,0,05/04/2021
2010,12,5,4,1527920100418024,7,2,04,we,8850030102,548,2.22,0,0,201027123504we,152792010041887243,LITTLE TUNNY,,24.192876837,21,54,201027123504we,,0,05/04/2021
2010,12,5,4,1527920100418024,7,2,04,we,8850030102,557,2.38,0,0,201027123504we,152792010041887243,LITTLE TUNNY,,24.192876837,21,55,201027123504we,,0,05/04/2021
2010,12,5,4,1527920100418024,7,2,04,we,8850030102,581,2.64,0,0,201027123504we,152792010041887243,LITTLE TUNNY,,24.192876837,22,58,201027123504we,,0,05/04/2021
2010,12,5,4,1527920100418024,7,2,04,we,8837010104,933,5.04,0,0,201027123504we,152792010041887243,GREAT BARRACUDA,,24.192876837,36,93,201027123504we,,0,05/04/2021
2010,12,5,4,1527920100418024,7,2,04,we,8837010104,777,2.62,0,0,201027123504we,152792010041887243,GREAT BARRACUDA,,24.192876837,30,77,201027123504we,,0,05/04/2021
2010,12,5,4,1527920100418024,7,2,04,we,8837010104,830,3.44,0,0,201027123504we,152792010041887243,GREAT BARRACUDA,,24.192876837,32,83,201027123504we,,0,05/04/2021
2010,12,5,4,1527920100418024,7,2,04,we,8835290101,629,2.2,0,0,201027123504we,152792010041887243,DOLPHIN,,24.192876837,24,62,201027123504we,,0,05/04/2021
2010,12,5,4,1527920100418025,7,2,04,we,,,,0,0,201027123504we,152792010041887243,,,24.467957709,,,201027123504we,,0,05/04/2021
2010,12,5,4,1527920100418026,7,2,04,we,,,,0,0,201027123504we,152792010041887243,,,21.164383128,,,201027123504we,,0,05/04/2021
2010,12,5,4,1527920100418027,7,2,04,we,,,,0,0,201027123504we,152792010041887243,,,21.164383128,,,201027123504we,,0,05/04/2021
2010,12,5,4,1527920100418028,7,2,04,we,8850030501,605,1.48,0,0,201027123504we,152792010041887243,KING MACKEREL,,24.192876837,23,60,201027123504we,,0,05/04/2021
2010,12,5,4,1527920100418028,7,2,04,we,8850030501,810,3.66,0,0,201027123504we,152792010041887243,KING MACKEREL,,24.192876837,31,81,201027123504we,,0,05/04/2021
2010,12,5,4,1527920100418028,7,2,04,we,8850030404,835,12.3,1,1,201027123504we,152792010041887243,BLACKFIN TUNA,,24.192876837,32,83,201027123504we,,0,05/04/2021
2010,12,5,4,1527920100418028,7,2,04,we,8850030102,648,3.58,0,0,201027123504we,152792010041887243,LITTLE TUNNY,,24.192876837,25,64,201027123504we,,0,05/04/2021
2010,12,5,4,1527920100418028,7,2,04,we,8835360401,352,0.84,1,1,201027123504we,152792010041887243,YELLOWTAIL SNAPPER,,24.192876837,13,35,201027123504we,,0,05/04/2021
2010,12,5,4,1527920100418028,7,2,04,we,8835360401,378,0.86,1,1,201027123504we,152792010041887243,YELLOWTAIL SNAPPER,,24.192876837,14,37,201027123504we,,0,05/04/2021
2010,12,5,4,1527920100418028,7,2,04,we,8835360103,621,4.8,1,1,201027123504we,152792010041887243,MUTTON SNAPPER,,24.192876837,24,62,201027123504we,,0,05/04/2021
2010,12,5,4,1527920100418028,7,2,04,we,8835281301,762,4.24,0,0,201027123504we,152792010041887243,RAINBOW RUNNER,,24.192876837,29,76,201027123504we,,0,05/04/2021
2010,12,5,4,1527920100418029,7,2,04,we,,,,0,0,201027123504we,152792010041887243,,,24.467957709,,,201027123504we,,0,05/04/2021
2010,12,5,4,1527920100418030,7,2,04,we,,,,0,0,201027123504we,152792010041887243,,,24.467957709,,,201027123504we,,0,05/04/2021
2010,12,5,4,1527920100418032,7,2,04,we,,,,0,0,201027123504we,152792010041887243,,,21.164383128,,,201027123504we,,0,05/04/2021
2010,12,5,3,1527920100422005,7,2,04,wd,,,,0,0,201027123504wd,152792010042287243,,,101.54827449,,,201027123504wd,,0,05/04/2021
2010,12,5,3,1527920100422007,7,2,04,wd,,,,0,0,201027123504wd,152792010042287243,,,58.377304401,,,201027123504wd,,0,05/04/2021
2010,12,5,3,1527920100422008,7,2,04,wd,,,,0,0,201027123504wd,152792010042287243,,,58.377304401,,,201027123504wd,,0,05/04/2021
2010,12,5,3,1527920100422009,7,2,04,wd,,,,0,0,201027123504wd,152792010042287243,,,58.377304401,,,201027123504wd,,0,05/04/2021
2010,12,5,3,1527920100422010,7,2,04,wd,,,,0,0,201027123504wd,152792010042287243,,,58.377304401,,,201027123504wd,,0,05/04/2021
2010,12,5,3,1527920100422011,7,2,04,wd,,,,0,0,201027123504wd,152792010042287243,,,58.377304401,,,201027123504wd,,0,05/04/2021
2010,12,5,3,1527920100422012,7,2,04,wd,,,,0,0,201027123504wd,152792010042287243,,,58.377304401,,,201027123504wd,,0,05/04/2021
2010,12,5,4,1527920100422013,7,2,04,wd,8850030503,541,1.46,1,1,201027123504wd,152792010042287243,CERO,,52.350920537,21,54,201027123504wd,,0,05/04/2021
2010,12,5,4,1527920100422014,7,2,04,wd,8850030102,622,3.22,0,0,201027123504wd,152792010042287243,LITTLE TUNNY,,52.350920537,24,62,201027123504wd,,0,05/04/2021
2010,12,5,4,1527920100422014,7,2,04,wd,8837010104,1010,6.76,1,1,201027123504wd,152792010042287243,GREAT BARRACUDA,,52.350920537,39,101,201027123504wd,,0,05/04/2021
2010,12,5,4,1527920100422015,7,2,04,wd,8835360401,366,0.74,1,1,201027123504wd,152792010042287243,YELLOWTAIL SNAPPER,,52.350920537,14,36,201027123504wd,,0,05/04/2021
2010,12,5,4,1527920100422016,7,2,04,wd,8850030501,828,4.22,0,0,201027123504wd,152792010042287243,KING MACKEREL,,52.350920537,32,82,201027123504wd,,0,05/04/2021
2010,12,5,4,1527920100422016,7,2,04,wd,8850030501,1009,10.06,0,0,201027123504wd,152792010042287243,KING MACKEREL,,52.350920537,39,100,201027123504wd,,0,05/04/2021
2010,12,5,4,1527920100422016,7,2,04,wd,8850030404,763,10.06,1,1,201027123504wd,152792010042287243,BLACKFIN TUNA,,52.350920537,30,76,201027123504wd,,0,05/04/2021
2010,12,5,4,1527920100422016,7,2,04,wd,8835280306,250,0.28,1,1,201027123504wd,152792010042287243,BLUE RUNNER,,62.821104645,9,25,201027123504wd,,0,05/04/2021
2010,12,5,4,1527920100422016,7,2,04,wd,8835280306,294,0.46,1,1,201027123504wd,152792010042287243,BLUE RUNNER,,62.821104645,11,29,201027123504wd,,0,05/04/2021
2010,12,5,4,1527920100422016,7,2,04,wd,8835280306,294,0.46,1,1,201027123504wd,152792010042287243,BLUE RUNNER,,62.821104645,11,29,201027123504wd,,0,05/04/2021
2010,12,5,4,1527920100422016,7,2,04,wd,8835280306,331,0.64,1,1,201027123504wd,152792010042287243,BLUE RUNNER,,62.821104645,13,33,201027123504wd,,0,05/04/2021
2010,12,5,4,1527920100422016,7,2,04,wd,8835280306,331,0.64,1,1,201027123504wd,152792010042287243,BLUE RUNNER,,62.821104645,13,33,201027123504wd,,0,05/04/2021
2010,12,5,4,1527920100422016,7,2,04,wd,8747010701,90,0.0126585011,1,1,201027123504wd,152792010042287243,ATLANTIC THREAD HERRING,,62.821104645,3,9,201027123504wd,,0,05/04/2021
2010,12,5,4,1527920100422016,7,2,04,wd,8747010701,137,0.05,1,1,201027123504wd,152792010042287243,ATLANTIC THREAD HERRING,,62.821104645,5,13,201027123504wd,,0,05/04/2021
2010,12,5,4,1527920100422016,7,2,04,wd,8747010701,142,0.05,1,1,201027123504wd,152792010042287243,ATLANTIC THREAD HERRING,,62.821104645,5,14,201027123504wd,,0,05/04/2021
2010,12,5,4,1527920100422016,7,2,04,wd,8747010701,150,0.05,1,1,201027123504wd,152792010042287243,ATLANTIC THREAD HERRING,,62.821104645,5,15,201027123504wd,,0,05/04/2021
2010,12,5,4,1527920100422016,7,2,04,wd,8747010701,153,0.05,1,1,201027123504wd,152792010042287243,ATLANTIC THREAD HERRING,,62.821104645,6,15,201027123504wd,,0,05/04/2021
2010,12,5,4,1527920100422017,7,2,04,wd,8835280306,331,0.64,1,1,201027123504wd,152792010042287243,BLUE RUNNER,,62.821104645,13,33,201027123504wd,,0,05/04/2021
2010,12,5,4,1527920100422017,7,2,04,wd,8835280306,292,0.42,1,1,201027123504wd,152792010042287243,BLUE RUNNER,,62.821104645,11,29,201027123504wd,,0,05/04/2021
2010,12,5,4,1527920100422017,7,2,04,wd,8835280306,294,0.46,1,1,201027123504wd,152792010042287243,BLUE RUNNER,,62.821104645,11,29,201027123504wd,,0,05/04/2021
2010,12,5,4,1527920100422017,7,2,04,wd,8835280306,294,0.46,1,1,201027123504wd,152792010042287243,BLUE RUNNER,,62.821104645,11,29,201027123504wd,,0,05/04/2021
2010,12,5,4,1527920100422017,7,2,04,wd,8835280306,433,1.42,1,1,201027123504wd,152792010042287243,BLUE RUNNER,,62.821104645,17,43,201027123504wd,,0,05/04/2021
2010,12,5,4,1527920100422017,7,2,04,wd,8747010701,82,0.009465388,1,1,201027123504wd,152792010042287243,ATLANTIC THREAD HERRING,,62.821104645,3,8,201027123504wd,,0,05/04/2021
2010,12,5,4,1527920100422017,7,2,04,wd,8747010701,90,0.0126585011,1,1,201027123504wd,152792010042287243,ATLANTIC THREAD HERRING,,62.821104645,3,9,201027123504wd,,0,05/04/2021
2010,12,5,4,1527920100422017,7,2,04,wd,8747010701,90,0.0126585011,1,1,201027123504wd,152792010042287243,ATLANTIC THREAD HERRING,,62.821104645,3,9,201027123504wd,,0,05/04/2021
2010,12,5,4,1527920100422017,7,2,04,wd,8747010701,153,0.05,1,1,201027123504wd,152792010042287243,ATLANTIC THREAD HERRING,,62.821104645,6,15,201027123504wd,,0,05/04/2021
2010,12,5,4,1527920100422017,7,2,04,wd,8747010701,165,0.1,1,1,201027123504wd,152792010042287243,ATLANTIC THREAD HERRING,,62.821104645,6,16,201027123504wd,,0,05/04/2021
2010,12,5,4,1527920100422018,7,2,04,wd,,,,0,0,201027123504wd,152792010042287243,,,52.350920537,,,201027123504wd,,0,05/04/2021
2010,12,5,4,1527920100422020,7,2,04,wd,,,,0,0,201027123504wd,152792010042287243,,,52.350920537,,,201027123504wd,,0,05/04/2021
2010,12,5,4,1527920100422023,7,2,04,wd,,,,0,0,201027123504wd,152792010042287243,,,52.350920537,,,201027123504wd,,0,05/04/2021
2010,12,5,3,1527920100422024,7,2,04,wd,,,,0,0,201027123504wd,152792010042287243,,,58.377304401,,,201027123504wd,,0,05/04/2021
2010,12,5,3,1527920100422025,7,2,04,wd,,,,0,0,201027123504wd,152792010042287243,,,58.377304401,,,201027123504wd,,0,05/04/2021
2010,12,5,4,1527920100422026,7,2,04,wd,8850030102,687,4.24,1,1,201027123504wd,152792010042287243,LITTLE TUNNY,,52.350920537,27,68,201027123504wd,,0,05/04/2021
2010,12,5,4,1527920100422026,7,2,04,wd,8835280306,292,0.42,1,1,201027123504wd,152792010042287243,BLUE RUNNER,,52.350920537,11,29,201027123504wd,,0,05/04/2021
2010,12,5,4,1527920100422026,7,2,04,wd,8747010701,82,0.009465388,1,1,201027123504wd,152792010042287243,ATLANTIC THREAD HERRING,,52.350920537,3,8,201027123504wd,,0,05/04/2021
2010,12,5,4,1527920100422026,7,2,04,wd,8747010701,148,0.05,1,1,201027123504wd,152792010042287243,ATLANTIC THREAD HERRING,,52.350920537,5,14,201027123504wd,,0,05/04/2021
2010,12,5,4,1527920100422027,7,2,04,wd,8850030102,576,2.58,1,1,201027123504wd,152792010042287243,LITTLE TUNNY,,52.350920537,22,57,201027123504wd,,0,05/04/2021
2010,12,5,4,1527920100422027,7,2,04,wd,8835280306,294,0.46,1,1,201027123504wd,152792010042287243,BLUE RUNNER,,52.350920537,11,29,201027123504wd,,0,05/04/2021
2010,12,5,4,1527920100422027,7,2,04,wd,8747010701,82,0.009465388,1,1,201027123504wd,152792010042287243,ATLANTIC THREAD HERRING,,52.350920537,3,8,201027123504wd,,0,05/04/2021
2010,12,5,4,1527920100422027,7,2,04,wd,8747010701,150,0.05,1,1,201027123504wd,152792010042287243,ATLANTIC THREAD HERRING,,52.350920537,5,15,201027123504wd,,0,05/04/2021
2010,12,5,4,1527920100422028,7,2,04,wd,8850030102,556,2.14,1,1,201027123504wd,152792010042287243,LITTLE TUNNY,,52.350920537,21,55,201027123504wd,,0,05/04/2021
2010,12,5,4,1527920100422028,7,2,04,wd,8835280306,331,0.64,1,1,201027123504wd,152792010042287243,BLUE RUNNER,,52.350920537,13,33,201027123504wd,,0,05/04/2021
2010,12,5,4,1527920100422028,7,2,04,wd,8747010701,90,0.0126585011,1,1,201027123504wd,152792010042287243,ATLANTIC THREAD HERRING,,52.350920537,3,9,201027123504wd,,0,05/04/2021
2010,12,5,4,1527920100422028,7,2,04,wd,8747010701,90,0.0126585011,1,1,201027123504wd,152792010042287243,ATLANTIC THREAD HERRING,,52.350920537,3,9,201027123504wd,,0,05/04/2021
2010,12,5,4,1527920100422029,7,2,04,wd,8747010701,82,0.009465388,1,1,201027123504wd,152792010042287243,ATLANTIC THREAD HERRING,,52.350920537,3,8,201027123504wd,,0,05/04/2021
2010,12,5,4,1527920100422029,7,2,04,wd,8747010701,90,0.0126585011,1,1,201027123504wd,152792010042287243,ATLANTIC THREAD HERRING,,52.350920537,3,9,201027123504wd,,0,05/04/2021
2010,12,5,4,1527920100422029,7,2,04,wd,8747010701,137,0.05,1,1,201027123504wd,152792010042287243,ATLANTIC THREAD HERRING,,52.350920537,5,13,201027123504wd,,0,05/04/2021
2010,12,5,4,1527920100422030,7,2,04,wd,8747010701,85,0.0105893021,1,1,201027123504wd,152792010042287243,ATLANTIC THREAD HERRING,,52.350920537,3,8,201027123504wd,,0,05/04/2021
2010,12,5,4,1527920100422030,7,2,04,wd,8747010701,85,0.0105893021,1,1,201027123504wd,152792010042287243,ATLANTIC THREAD HERRING,,52.350920537,3,8,201027123504wd,,0,05/04/2021
2010,12,5,4,1527920100422030,7,2,04,wd,8747010701,90,0.0126585011,1,1,201027123504wd,152792010042287243,ATLANTIC THREAD HERRING,,52.350920537,3,9,201027123504wd,,0,05/04/2021
2010,12,5,4,1527920100422031,7,2,04,wd,8747010701,137,0.05,1,1,201027123504wd,152792010042287243,ATLANTIC THREAD HERRING,,52.350920537,5,13,201027123504wd,,0,05/04/2021
2010,12,5,4,1527920100422031,7,2,04,wd,8747010701,137,0.05,1,1,201027123504wd,152792010042287243,ATLANTIC THREAD HERRING,,52.350920537,5,13,201027123504wd,,0,05/04/2021
2010,12,5,4,1527920100422031,7,2,04,wd,8747010701,142,0.05,1,1,201027123504wd,152792010042287243,ATLANTIC THREAD HERRING,,52.350920537,5,14,201027123504wd,,0,05/04/2021
2010,12,5,3,1527920100424001,7,2,04,we,,,,0,0,201027123504we,152792010042487243,,,29.533600046,,,201027123504we,,0,05/04/2021
2010,12,5,4,1527920100424002,7,2,04,we,8835290101,527,1.28,1,1,201027123504we,152792010042487243,DOLPHIN,,30.343762486,20,52,201027123504we,,0,05/04/2021
2010,12,5,4,1527920100424002,7,2,04,we,8835290101,538,1.32,1,1,201027123504we,152792010042487243,DOLPHIN,,30.343762486,21,53,201027123504we,,0,05/04/2021
2010,12,5,4,1527920100424002,7,2,04,we,8835290101,552,1.42,1,1,201027123504we,152792010042487243,DOLPHIN,,30.343762486,21,55,201027123504we,,0,05/04/2021
2010,12,5,4,1527920100424002,7,2,04,we,8835290101,641,2.38,0,0,201027123504we,152792010042487243,DOLPHIN,,30.343762486,25,64,201027123504we,,0,05/04/2021
2010,12,5,4,1527920100424003,7,2,04,we,,,,0,0,201027123504we,152792010042487243,,,30.618843358,,,201027123504we,,0,05/04/2021
2010,12,5,3,1527920100424004,7,2,04,we,,,,0,0,201027123504we,152792010042487243,,,29.533600046,,,201027123504we,,0,05/04/2021
2010,12,5,3,1527920100424005,7,2,04,we,,,,0,0,201027123504we,152792010042487243,,,29.533600046,,,201027123504we,,0,05/04/2021
2010,12,5,4,1527920100424006,7,2,04,we,8835400102,248,0.32,1,1,201027123504we,152792010042487243,WHITE GRUNT,,41.994973015,9,24,201027123504we,,0,05/04/2021
2010,12,5,4,1527920100424006,7,2,04,we,8835400102,267,0.34,1,1,201027123504we,152792010042487243,WHITE GRUNT,,41.994973015,10,26,201027123504we,,0,05/04/2021
2010,12,5,4,1527920100424006,7,2,04,we,8835400102,271,0.38,1,1,201027123504we,152792010042487243,WHITE GRUNT,,41.994973015,10,27,201027123504we,,0,05/04/2021
2010,12,5,4,1527920100424006,7,2,04,we,8835400102,254,0.36,1,1,201027123504we,152792010042487243,WHITE GRUNT,,41.994973015,9,25,201027123504we,,0,05/04/2021
2010,12,5,4,1527920100424006,7,2,04,we,8835400102,268,0.36,1,1,201027123504we,152792010042487243,WHITE GRUNT,,41.994973015,10,26,201027123504we,,0,05/04/2021
2010,12,5,4,1527920100424006,7,2,04,we,8835360112,346,0.66,1,1,201027123504we,152792010042487243,LANE SNAPPER,,62.992459522,13,34,201027123504we,,0,05/04/2021
2010,12,5,4,1527920100424006,7,2,04,we,8835360112,346,0.66,1,1,201027123504we,152792010042487243,LANE SNAPPER,,62.992459522,13,34,201027123504we,,0,05/04/2021
2010,12,5,4,1527920100424006,7,2,04,we,8835360112,350,0.74,1,1,201027123504we,152792010042487243,LANE SNAPPER,,62.992459522,13,35,201027123504we,,0,05/04/2021
2010,12,5,4,1527920100424006,7,2,04,we,8835360112,350,0.74,1,1,201027123504we,152792010042487243,LANE SNAPPER,,62.992459522,13,35,201027123504we,,0,05/04/2021
2010,12,5,4,1527920100424006,7,2,04,we,8835360112,370,0.84,1,1,201027123504we,152792010042487243,LANE SNAPPER,,62.992459522,14,37,201027123504we,,0,05/04/2021
2010,12,5,4,1527920100424006,7,2,04,we,8835020408,489,2.05,1,1,201027123504we,152792010042487243,RED GROUPER,,31.496229761,19,48,201027123504we,,0,05/04/2021
2010,12,5,4,1527920100424006,7,2,04,we,8835020408,520,2,1,1,201027123504we,152792010042487243,RED GROUPER,,31.496229761,20,52,201027123504we,,0,05/04/2021
2010,12,5,4,1527920100424006,7,2,04,we,8835020408,521,2.05,1,1,201027123504we,152792010042487243,RED GROUPER,,31.496229761,20,52,201027123504we,,0,05/04/2021
2010,12,5,4,1527920100424006,7,2,04,we,8835020408,570,2.92,1,1,201027123504we,152792010042487243,RED GROUPER,,31.496229761,22,57,201027123504we,,0,05/04/2021
2010,12,5,4,1527920100424006,7,2,04,we,8835020408,604,4.8,1,1,201027123504we,152792010042487243,RED GROUPER,,31.496229761,23,60,201027123504we,,0,05/04/2021
2010,12,5,4,1527920100424007,7,2,04,we,,,,0,0,201027123504we,152792010042487243,,,26.484798588,,,201027123504we,,0,05/04/2021
2010,12,5,4,1527920100424008,7,2,04,we,,,,0,0,201027123504we,152792010042487243,,,26.484798588,,,201027123504we,,0,05/04/2021
2010,12,5,4,1527920100424009,7,2,04,we,,,,0,0,201027123504we,152792010042487243,,,26.484798588,,,201027123504we,,0,05/04/2021
2010,12,5,4,1527920100424010,7,2,04,we,8835290101,581,1.78,0,0,201027123504we,152792010042487243,DOLPHIN,,26.246858134,22,58,201027123504we,,0,05/04/2021
2010,12,5,4,1527920100424010,7,2,04,we,8835290101,628,1.88,0,0,201027123504we,152792010042487243,DOLPHIN,,26.246858134,24,62,201027123504we,,0,05/04/2021
2010,12,5,4,1527920100424010,7,2,04,we,8835290101,632,2.26,0,0,201027123504we,152792010042487243,DOLPHIN,,26.246858134,24,63,201027123504we,,0,05/04/2021
2010,12,5,4,1527920100424010,7,2,04,we,8835290101,658,2.5,0,0,201027123504we,152792010042487243,DOLPHIN,,26.246858134,25,65,201027123504we,,0,05/04/2021
2010,12,5,3,1527920100424013,7,2,04,we,,,,0,0,201027123504we,152792010042487243,,,29.533600046,,,201027123504we,,0,05/04/2021
2010,12,5,3,1527920100424014,7,2,04,we,,,,0,0,201027123504we,152792010042487243,,,29.533600046,,,201027123504we,,0,05/04/2021
2010,12,5,3,1527920100424015,7,2,04,we,,,,0,0,201027123504we,152792010042487243,,,29.533600046,,,201027123504we,,0,05/04/2021
2010,12,5,3,1527920100424016,7,2,04,we,,,,0,0,201027123504we,152792010042487243,,,29.533600046,,,201027123504we,,0,05/04/2021
2010,12,5,3,1527920100424017,7,2,04,we,,,,0,0,201027123504we,152792010042487243,,,29.533600046,,,201027123504we,,0,05/04/2021
2010,12,5,3,1527920100424018,7,2,04,we,,,,0,0,201027123504we,152792010042487243,,,29.533600046,,,201027123504we,,0,05/04/2021
2010,12,5,5,1528120100429001,7,2,04,wd,8835440602,275,0.23,0,0,201027121504wd,152812010042937569,GULF KINGFISH,,414.72448236,10,27,201027121504wd,,0,05/04/2021
2010,12,5,5,1528120100429001,7,2,04,wd,8835440602,277,0.22,0,0,201027121504wd,152812010042937569,GULF KINGFISH,,414.72448236,10,27,201027121504wd,,0,05/04/2021
2010,12,5,5,1528120100429001,7,2,04,wd,8835440602,283,0.24,0,0,201027121504wd,152812010042937569,GULF KINGFISH,,414.72448236,11,28,201027121504wd,,0,05/04/2021
2010,12,5,5,1528120100429001,7,2,04,wd,8835440602,285,0.26,0,0,201027121504wd,152812010042937569,GULF KINGFISH,,414.72448236,11,28,201027121504wd,,0,05/04/2021
2010,12,5,5,1528120100429001,7,2,04,wd,8835440602,286,0.26,0,0,201027121504wd,152812010042937569,GULF KINGFISH,,414.72448236,11,28,201027121504wd,,0,05/04/2021
2010,12,5,5,1528120100429001,7,2,04,wd,8835440602,291,0.25,0,0,201027121504wd,152812010042937569,GULF KINGFISH,,414.72448236,11,29,201027121504wd,,0,05/04/2021
2010,12,5,5,1528120100429001,7,2,04,wd,8835440602,293,0.26,0,0,201027121504wd,152812010042937569,GULF KINGFISH,,414.72448236,11,29,201027121504wd,,0,05/04/2021
2010,12,5,5,1528120100429001,7,2,04,wd,8835440602,297,0.28,0,0,201027121504wd,152812010042937569,GULF KINGFISH,,414.72448236,11,29,201027121504wd,,0,05/04/2021
2010,12,5,5,1528120100429001,7,2,04,wd,8835440602,301,0.31,0,0,201027121504wd,152812010042937569,GULF KINGFISH,,414.72448236,11,30,201027121504wd,,0,05/04/2021
2010,12,5,5,1528120100429001,7,2,04,wd,8835440602,305,0.36,0,0,201027121504wd,152812010042937569,GULF KINGFISH,,414.72448236,12,30,201027121504wd,,0,05/04/2021
2010,12,5,5,1528120100429001,7,2,04,wd,8835440602,306,0.33,0,0,201027121504wd,152812010042937569,GULF KINGFISH,,414.72448236,12,30,201027121504wd,,0,05/04/2021
2010,12,5,5,1528120100429001,7,2,04,wd,8835440602,310,0.34,0,0,201027121504wd,152812010042937569,GULF KINGFISH,,414.72448236,12,31,201027121504wd,,0,05/04/2021
2010,12,5,5,1528120100429001,7,2,04,wd,8835440602,310,0.29,0,0,201027121504wd,152812010042937569,GULF KINGFISH,,414.72448236,12,31,201027121504wd,,0,05/04/2021
2010,12,5,5,1528120100429001,7,2,04,wd,8835440602,312,0.31,0,0,201027121504wd,152812010042937569,GULF KINGFISH,,414.72448236,12,31,201027121504wd,,0,05/04/2021
2010,12,5,5,1528120100429001,7,2,04,wd,8835440602,297,0.3,0,0,201027121504wd,152812010042937569,GULF KINGFISH,,414.72448236,11,29,201027121504wd,,0,05/04/2021
2010,12,5,5,1528120100429001,7,2,04,wd,8835440602,312,0.31,0,0,201027121504wd,152812010042937569,GULF KINGFISH,,414.72448236,12,31,201027121504wd,,0,05/04/2021
2010,12,5,5,1528120100429001,7,2,04,wd,8835440602,313,0.36,0,0,201027121504wd,152812010042937569,GULF KINGFISH,,414.72448236,12,31,201027121504wd,,0,05/04/2021
2010,12,5,5,1528120100429001,7,2,04,wd,8835440602,315,0.35,0,0,201027121504wd,152812010042937569,GULF KINGFISH,,414.72448236,12,31,201027121504wd,,0,05/04/2021
2010,12,5,5,1528120100429001,7,2,04,wd,8835440602,317,0.33,0,0,201027121504wd,152812010042937569,GULF KINGFISH,,414.72448236,12,31,201027121504wd,,0,05/04/2021
2010,12,5,5,1528120100429001,7,2,04,wd,8835440602,328,0.42,0,0,201027121504wd,152812010042937569,GULF KINGFISH,,414.72448236,12,32,201027121504wd,,0,05/04/2021
2010,12,5,5,1528120100429001,7,2,04,wd,8835440602,333,0.36,0,0,201027121504wd,152812010042937569,GULF KINGFISH,,414.72448236,13,33,201027121504wd,,0,05/04/2021
2010,12,5,5,1528120100429001,7,2,04,wd,8835440601,310,0.37,0,0,201027121504wd,152812010042937569,SOUTHERN KINGFISH,,414.72448236,12,31,201027121504wd,,0,05/04/2021
2010,12,5,5,1528120100429001,7,2,04,wd,8835440601,330,0.4,0,0,201027121504wd,152812010042937569,SOUTHERN KINGFISH,,414.72448236,12,33,201027121504wd,,0,05/04/2021
2010,12,5,5,1528120100429001,7,2,04,wd,8835440602,271,0.24,0,0,201027121504wd,152812010042937569,GULF KINGFISH,,414.72448236,10,27,201027121504wd,,0,05/04/2021
2010,12,5,5,1528120100429001,7,2,04,wd,8835440601,372,0.59,0,0,201027121504wd,152812010042937569,SOUTHERN KINGFISH,,414.72448236,14,37,201027121504wd,,0,05/04/2021
2010,12,5,5,1528120100429001,7,2,04,wd,8835440601,338,0.43,0,0,201027121504wd,152812010042937569,SOUTHERN KINGFISH,,414.72448236,13,33,201027121504wd,,0,05/04/2021
2010,12,5,5,1528120100429001,7,2,04,wd,8708030101,871,4.98,0,0,201027121504wd,152812010042937569,BONNETHEAD,,414.72448236,34,87,201027121504wd,,0,05/04/2021
2010,12,5,5,1528120100429001,7,2,04,wd,8708020507,532,1.97,0,0,201027121504wd,152812010042937569,BLACKTIP SHARK,,414.72448236,20,53,201027121504wd,,0,05/04/2021
2010,12,5,5,1528120100429002,7,2,04,wd,,,,0,0,201027121504wd,152812010042937569,,,481.44737111,,,201027121504wd,,0,05/04/2021
2010,12,5,5,1528120100429003,7,2,04,wd,,,,0,0,201027121504wd,152812010042937569,,,481.44737111,,,201027121504wd,,0,05/04/2021
2010,12,5,5,1528120100429004,7,2,04,wd,8835440602,275,0.24,0,0,201027121504wd,152812010042937569,GULF KINGFISH,,414.72448236,10,27,201027121504wd,,0,05/04/2021
2010,12,5,5,1528120100429004,7,2,04,wd,8835440602,275,0.22,0,0,201027121504wd,152812010042937569,GULF KINGFISH,,414.72448236,10,27,201027121504wd,,0,05/04/2021
2010,12,5,5,1528120100429004,7,2,04,wd,8835440602,275,0.21,0,0,201027121504wd,152812010042937569,GULF KINGFISH,,414.72448236,10,27,201027121504wd,,0,05/04/2021
2010,12,5,5,1528120100429004,7,2,04,wd,8835440602,277,0.24,0,0,201027121504wd,152812010042937569,GULF KINGFISH,,414.72448236,10,27,201027121504wd,,0,05/04/2021
2010,12,5,5,1528120100429004,7,2,04,wd,8835440602,280,0.24,0,0,201027121504wd,152812010042937569,GULF KINGFISH,,414.72448236,11,28,201027121504wd,,0,05/04/2021
2010,12,5,5,1528120100429004,7,2,04,wd,8835440602,284,0.23,0,0,201027121504wd,152812010042937569,GULF KINGFISH,,414.72448236,11,28,201027121504wd,,0,05/04/2021
2010,12,5,5,1528120100429004,7,2,04,wd,8835440602,286,0.26,0,0,201027121504wd,152812010042937569,GULF KINGFISH,,414.72448236,11,28,201027121504wd,,0,05/04/2021
2010,12,5,5,1528120100429004,7,2,04,wd,8835440602,289,0.23,0,0,201027121504wd,152812010042937569,GULF KINGFISH,,414.72448236,11,28,201027121504wd,,0,05/04/2021
2010,12,5,5,1528120100429004,7,2,04,wd,8835440602,290,0.26,0,0,201027121504wd,152812010042937569,GULF KINGFISH,,414.72448236,11,29,201027121504wd,,0,05/04/2021
2010,12,5,5,1528120100429004,7,2,04,wd,8835440602,290,0.24,0,0,201027121504wd,152812010042937569,GULF KINGFISH,,414.72448236,11,29,201027121504wd,,0,05/04/2021
2010,12,5,5,1528120100429004,7,2,04,wd,8835440602,294,0.26,0,0,201027121504wd,152812010042937569,GULF KINGFISH,,414.72448236,11,29,201027121504wd,,0,05/04/2021
2010,12,5,5,1528120100429004,7,2,04,wd,8835440602,304,0.31,0,0,201027121504wd,152812010042937569,GULF KINGFISH,,414.72448236,11,30,201027121504wd,,0,05/04/2021
2010,12,5,5,1528120100429004,7,2,04,wd,8835440602,310,0.3,0,0,201027121504wd,152812010042937569,GULF KINGFISH,,414.72448236,12,31,201027121504wd,,0,05/04/2021
2010,12,5,5,1528120100429004,7,2,04,wd,8835440602,321,0.36,0,0,201027121504wd,152812010042937569,GULF KINGFISH,,414.72448236,12,32,201027121504wd,,0,05/04/2021
2010,12,5,5,1528120100429004,7,2,04,wd,8835440602,328,0.35,0,0,201027121504wd,152812010042937569,GULF KINGFISH,,414.72448236,12,32,201027121504wd,,0,05/04/2021
2010,12,5,5,1528120100429004,7,2,04,wd,8835440602,340,0.42,0,0,201027121504wd,152812010042937569,GULF KINGFISH,,414.72448236,13,34,201027121504wd,,0,05/04/2021
2010,12,5,5,1528120100429004,7,2,04,wd,8835440602,355,0.52,0,0,201027121504wd,152812010042937569,GULF KINGFISH,,414.72448236,13,35,201027121504wd,,0,05/04/2021
2010,12,5,5,1528120100429004,7,2,04,wd,8835440601,276,0.24,0,0,201027121504wd,152812010042937569,SOUTHERN KINGFISH,,414.72448236,10,27,201027121504wd,,0,05/04/2021
2010,12,5,5,1528120100429004,7,2,04,wd,8835440601,306,0.33,0,0,201027121504wd,152812010042937569,SOUTHERN KINGFISH,,414.72448236,12,30,201027121504wd,,0,05/04/2021
2010,12,5,5,1528120100429004,7,2,04,wd,8835440602,340,0.38,0,0,201027121504wd,152812010042937569,GULF KINGFISH,,414.72448236,13,34,201027121504wd,,0,05/04/2021
2010,12,5,5,1528120100429004,7,2,04,wd,8835440601,322,0.36,0,0,201027121504wd,152812010042937569,SOUTHERN KINGFISH,,414.72448236,12,32,201027121504wd,,0,05/04/2021
2010,12,5,5,1528120100429004,7,2,04,wd,8835440106,298,0.26,0,0,201027121504wd,152812010042937569,SAND SEATROUT,,414.72448236,11,29,201027121504wd,,0,05/04/2021
2010,12,5,5,1528120100429004,7,2,04,wd,8835440106,333,0.29,0,0,201027121504wd,152812010042937569,SAND SEATROUT,,414.72448236,13,33,201027121504wd,,0,05/04/2021
2010,12,5,5,1528120100429004,7,2,04,wd,8835440106,275,0.19,0,0,201027121504wd,152812010042937569,SAND SEATROUT,,414.72448236,10,27,201027121504wd,,0,05/04/2021
2010,12,5,5,1528120100429004,7,2,04,wd,8835440602,320,0.38,0,0,201027121504wd,152812010042937569,GULF KINGFISH,,414.72448236,12,32,201027121504wd,,0,05/04/2021
2010,12,5,5,1528120100429004,7,2,04,wd,8835440106,280,0.18,0,0,201027121504wd,152812010042937569,SAND SEATROUT,,414.72448236,11,28,201027121504wd,,0,05/04/2021
2010,12,5,5,1528120100429004,7,2,04,wd,8835440106,281,0.19,0,0,201027121504wd,152812010042937569,SAND SEATROUT,,414.72448236,11,28,201027121504wd,,0,05/04/2021
2010,12,5,5,1528120100429004,7,2,04,wd,8835440106,292,0.22,0,0,201027121504wd,152812010042937569,SAND SEATROUT,,414.72448236,11,29,201027121504wd,,0,05/04/2021
2010,12,5,5,1528120100429004,7,2,04,wd,8835440106,293,0.24,0,0,201027121504wd,152812010042937569,SAND SEATROUT,,414.72448236,11,29,201027121504wd,,0,05/04/2021
2010,12,5,5,1528120100429004,7,2,04,wd,8835440106,300,0.27,0,0,201027121504wd,152812010042937569,SAND SEATROUT,,414.72448236,11,30,201027121504wd,,0,05/04/2021
2010,12,5,5,1528120100429004,7,2,04,wd,8835440106,300,0.23,0,0,201027121504wd,152812010042937569,SAND SEATROUT,,414.72448236,11,30,201027121504wd,,0,05/04/2021
2010,12,5,5,1528120100429004,7,2,04,wd,8835440106,296,0.23,0,0,201027121504wd,152812010042937569,SAND SEATROUT,,414.72448236,11,29,201027121504wd,,0,05/04/2021
2010,12,5,5,1528120100429004,7,2,04,wd,8835440106,301,0.24,0,0,201027121504wd,152812010042937569,SAND SEATROUT,,414.72448236,11,30,201027121504wd,,0,05/04/2021
2010,12,5,5,1528120100429004,7,2,04,wd,8835440106,311,0.29,0,0,201027121504wd,152812010042937569,SAND SEATROUT,,414.72448236,12,31,201027121504wd,,0,05/04/2021
2010,12,5,5,1528120100429004,7,2,04,wd,8835440106,314,0.3,0,0,201027121504wd,152812010042937569,SAND SEATROUT,,414.72448236,12,31,201027121504wd,,0,05/04/2021
2010,12,5,5,1528120100429004,7,2,04,wd,8835440106,314,0.27,0,0,201027121504wd,152812010042937569,SAND SEATROUT,,414.72448236,12,31,201027121504wd,,0,05/04/2021
2010,12,5,5,1528120100429004,7,2,04,wd,8835440106,320,0.28,0,0,201027121504wd,152812010042937569,SAND SEATROUT,,414.72448236,12,32,201027121504wd,,0,05/04/2021
2010,12,5,5,1528120100429004,7,2,04,wd,8835440602,275,0.21,0,0,201027121504wd,152812010042937569,GULF KINGFISH,,414.72448236,10,27,201027121504wd,,0,05/04/2021
2010,12,5,5,1528120100429004,7,2,04,wd,8835440106,322,0.32,0,0,201027121504wd,152812010042937569,SAND SEATROUT,,414.72448236,12,32,201027121504wd,,0,05/04/2021
2010,12,5,5,1528120100429004,7,2,04,wd,8835440106,330,0.33,0,0,201027121504wd,152812010042937569,SAND SEATROUT,,414.72448236,12,33,201027121504wd,,0,05/04/2021
2010,12,5,5,1528120100429004,7,2,04,wd,8835440106,339,0.36,0,0,201027121504wd,152812010042937569,SAND SEATROUT,,414.72448236,13,33,201027121504wd,,0,05/04/2021
2010,12,5,5,1528120100429004,7,2,04,wd,8835440106,341,0.33,0,0,201027121504wd,152812010042937569,SAND SEATROUT,,414.72448236,13,34,201027121504wd,,0,05/04/2021
2010,12,5,5,1528120100429004,7,2,04,wd,8835440106,346,0.36,0,0,201027121504wd,152812010042937569,SAND SEATROUT,,414.72448236,13,34,201027121504wd,,0,05/04/2021
2010,12,5,5,1528120100429004,7,2,04,wd,8835440106,318,0.34,0,0,201027121504wd,152812010042937569,SAND SEATROUT,,414.72448236,12,31,201027121504wd,,0,05/04/2021
2010,12,5,5,1528120100429004,7,2,04,wd,8835440106,310,0.29,0,0,201027121504wd,152812010042937569,SAND SEATROUT,,414.72448236,12,31,201027121504wd,,0,05/04/2021
2010,12,5,5,1528120100429004,7,2,04,wd,8835440106,290,0.22,0,0,201027121504wd,152812010042937569,SAND SEATROUT,,414.72448236,11,29,201027121504wd,,0,05/04/2021
2010,12,5,5,1528120100429004,7,2,04,wd,8835440106,364,0.45,0,0,201027121504wd,152812010042937569,SAND SEATROUT,,414.72448236,14,36,201027121504wd,,0,05/04/2021
2010,12,5,5,1528120100429004,7,2,04,wd,8835440102,390,0.62,0,0,201027121504wd,152812010042937569,SPOTTED SEATROUT,,414.72448236,15,39,201027121504wd,,0,05/04/2021
2010,12,5,5,1528120100429004,7,2,04,wd,8835440102,390,0.57,0,0,201027121504wd,152812010042937569,SPOTTED SEATROUT,,414.72448236,15,39,201027121504wd,,0,05/04/2021
2010,12,5,5,1528120100429005,7,2,04,wd,,,,0,0,201027121504wd,152812010042937569,,,414.72448236,,,201027121504wd,,0,05/04/2021
2010,12,5,5,1528120100429006,7,2,04,wd,,,,0,0,201027121504wd,152812010042937569,,,414.72448236,,,201027121504wd,,0,05/04/2021
2010,12,5,5,1528120100429007,7,2,04,wd,,,,0,0,201027121504wd,152812010042937569,,,414.72448236,,,201027121504wd,,0,05/04/2021
2010,12,5,3,1528120100429008,7,2,04,wd,8835440602,307,0.3,0,0,201027121504wd,152812010042937569,GULF KINGFISH,,232.35919809,12,30,201027121504wd,,0,05/04/2021
2010,12,5,3,1528120100429008,7,2,04,wd,8835440602,314,0.32,0,0,201027121504wd,152812010042937569,GULF KINGFISH,,232.35919809,12,31,201027121504wd,,0,05/04/2021
2010,12,5,3,1528120100429008,7,2,04,wd,8835440601,285,0.28,0,0,201027121504wd,152812010042937569,SOUTHERN KINGFISH,,232.35919809,11,28,201027121504wd,,0,05/04/2021
2010,12,5,3,1528120100429008,7,2,04,wd,8835440601,305,0.3,0,0,201027121504wd,152812010042937569,SOUTHERN KINGFISH,,232.35919809,12,30,201027121504wd,,0,05/04/2021
2010,12,5,3,1528120100429008,7,2,04,wd,8835440601,311,0.36,0,0,201027121504wd,152812010042937569,SOUTHERN KINGFISH,,232.35919809,12,31,201027121504wd,,0,05/04/2021
2010,12,5,3,1528120100429008,7,2,04,wd,8835440106,273,0.17,0,0,201027121504wd,152812010042937569,SAND SEATROUT,,232.35919809,10,27,201027121504wd,,0,05/04/2021
2010,12,5,3,1528120100429008,7,2,04,wd,8835440106,292,0.23,0,0,201027121504wd,152812010042937569,SAND SEATROUT,,232.35919809,11,29,201027121504wd,,0,05/04/2021
2010,12,5,3,1528120100429008,7,2,04,wd,8835440106,298,0.23,0,0,201027121504wd,152812010042937569,SAND SEATROUT,,232.35919809,11,29,201027121504wd,,0,05/04/2021
2010,12,5,3,1528120100429008,7,2,04,wd,8835440106,308,0.28,0,0,201027121504wd,152812010042937569,SAND SEATROUT,,232.35919809,12,30,201027121504wd,,0,05/04/2021
2010,12,5,3,1528120100429008,7,2,04,wd,8835440106,355,0.38,0,0,201027121504wd,152812010042937569,SAND SEATROUT,,232.35919809,13,35,201027121504wd,,0,05/04/2021
2010,12,5,3,1528120100429008,7,2,04,wd,8835440106,252,0.15,0,0,201027121504wd,152812010042937569,SAND SEATROUT,,232.35919809,9,25,201027121504wd,,0,05/04/2021
2010,12,5,3,1528120100429008,7,2,04,wd,8835440106,267,0.17,0,0,201027121504wd,152812010042937569,SAND SEATROUT,,232.35919809,10,26,201027121504wd,,0,05/04/2021
2010,12,5,3,1528120100429008,7,2,04,wd,8835440106,268,0.18,0,0,201027121504wd,152812010042937569,SAND SEATROUT,,232.35919809,10,26,201027121504wd,,0,05/04/2021
2010,12,5,3,1528120100429008,7,2,04,wd,8835440106,269,0.16,0,0,201027121504wd,152812010042937569,SAND SEATROUT,,232.35919809,10,26,201027121504wd,,0,05/04/2021
2010,12,5,3,1528120100429008,7,2,04,wd,8835440106,271,0.18,0,0,201027121504wd,152812010042937569,SAND SEATROUT,,232.35919809,10,27,201027121504wd,,0,05/04/2021
2010,12,5,3,1528120100429008,7,2,04,wd,8835440106,272,0.16,0,0,201027121504wd,152812010042937569,SAND SEATROUT,,232.35919809,10,27,201027121504wd,,0,05/04/2021
2010,12,5,3,1528120100429008,7,2,04,wd,8835440106,274,0.2,0,0,201027121504wd,152812010042937569,SAND SEATROUT,,232.35919809,10,27,201027121504wd,,0,05/04/2021
2010,12,5,3,1528120100429008,7,2,04,wd,8835440106,275,0.19,0,0,201027121504wd,152812010042937569,SAND SEATROUT,,232.35919809,10,27,201027121504wd,,0,05/04/2021
2010,12,5,3,1528120100429008,7,2,04,wd,8835440106,279,0.18,0,0,201027121504wd,152812010042937569,SAND SEATROUT,,232.35919809,10,27,201027121504wd,,0,05/04/2021
2010,12,5,3,1528120100429008,7,2,04,wd,8835440106,280,0.2,0,0,201027121504wd,152812010042937569,SAND SEATROUT,,232.35919809,11,28,201027121504wd,,0,05/04/2021
2010,12,5,3,1528120100429008,7,2,04,wd,8835440106,280,0.18,0,0,201027121504wd,152812010042937569,SAND SEATROUT,,232.35919809,11,28,201027121504wd,,0,05/04/2021
2010,12,5,3,1528120100429008,7,2,04,wd,8835440106,290,0.2,0,0,201027121504wd,152812010042937569,SAND SEATROUT,,232.35919809,11,29,201027121504wd,,0,05/04/2021
2010,12,5,3,1528120100429008,7,2,04,wd,8835440106,291,0.22,0,0,201027121504wd,152812010042937569,SAND SEATROUT,,232.35919809,11,29,201027121504wd,,0,05/04/2021
2010,12,5,3,1528120100429008,7,2,04,wd,8835440106,292,0.23,0,0,201027121504wd,152812010042937569,SAND SEATROUT,,232.35919809,11,29,201027121504wd,,0,05/04/2021
2010,12,5,3,1528120100429008,7,2,04,wd,8835440106,293,0.21,0,0,201027121504wd,152812010042937569,SAND SEATROUT,,232.35919809,11,29,201027121504wd,,0,05/04/2021
2010,12,5,3,1528120100429008,7,2,04,wd,8835440106,285,0.21,0,0,201027121504wd,152812010042937569,SAND SEATROUT,,232.35919809,11,28,201027121504wd,,0,05/04/2021
2010,12,5,3,1528120100429008,7,2,04,wd,8835440106,294,0.23,0,0,201027121504wd,152812010042937569,SAND SEATROUT,,232.35919809,11,29,201027121504wd,,0,05/04/2021
2010,12,5,3,1528120100429008,7,2,04,wd,8835440106,295,0.24,0,0,201027121504wd,152812010042937569,SAND SEATROUT,,232.35919809,11,29,201027121504wd,,0,05/04/2021
2010,12,5,3,1528120100429008,7,2,04,wd,8835440106,295,0.22,0,0,201027121504wd,152812010042937569,SAND SEATROUT,,232.35919809,11,29,201027121504wd,,0,05/04/2021
2010,12,5,3,1528120100429008,7,2,04,wd,8835440106,297,0.21,0,0,201027121504wd,152812010042937569,SAND SEATROUT,,232.35919809,11,29,201027121504wd,,0,05/04/2021
2010,12,5,3,1528120100429008,7,2,04,wd,8835440106,299,0.25,0,0,201027121504wd,152812010042937569,SAND SEATROUT,,232.35919809,11,29,201027121504wd,,0,05/04/2021
2010,12,5,3,1528120100429008,7,2,04,wd,8835440106,301,0.27,0,0,201027121504wd,152812010042937569,SAND SEATROUT,,232.35919809,11,30,201027121504wd,,0,05/04/2021
2010,12,5,3,1528120100429008,7,2,04,wd,8835440106,302,0.21,0,0,201027121504wd,152812010042937569,SAND SEATROUT,,232.35919809,11,30,201027121504wd,,0,05/04/2021
2010,12,5,3,1528120100429008,7,2,04,wd,8835440106,276,0.18,0,0,201027121504wd,152812010042937569,SAND SEATROUT,,232.35919809,10,27,201027121504wd,,0,05/04/2021
2010,12,5,3,1528120100429008,7,2,04,wd,8835440106,305,0.24,0,0,201027121504wd,152812010042937569,SAND SEATROUT,,232.35919809,12,30,201027121504wd,,0,05/04/2021
2010,12,5,3,1528120100429008,7,2,04,wd,8835440106,306,0.23,0,0,201027121504wd,152812010042937569,SAND SEATROUT,,232.35919809,12,30,201027121504wd,,0,05/04/2021
2010,12,5,3,1528120100429008,7,2,04,wd,8835440106,315,0.26,0,0,201027121504wd,152812010042937569,SAND SEATROUT,,232.35919809,12,31,201027121504wd,,0,05/04/2021
2010,12,5,3,1528120100429008,7,2,04,wd,8835440106,315,0.25,0,0,201027121504wd,152812010042937569,SAND SEATROUT,,232.35919809,12,31,201027121504wd,,0,05/04/2021
2010,12,5,3,1528120100429008,7,2,04,wd,8835440106,316,0.27,0,0,201027121504wd,152812010042937569,SAND SEATROUT,,232.35919809,12,31,201027121504wd,,0,05/04/2021
2010,12,5,3,1528120100429008,7,2,04,wd,8835440106,266,0.16,0,0,201027121504wd,152812010042937569,SAND SEATROUT,,232.35919809,10,26,201027121504wd,,0,05/04/2021
2010,12,5,3,1528120100429008,7,2,04,wd,8835440106,307,0.26,0,0,201027121504wd,152812010042937569,SAND SEATROUT,,232.35919809,12,30,201027121504wd,,0,05/04/2021
2010,12,5,3,1528120100429008,7,2,04,wd,8835440106,322,0.29,0,0,201027121504wd,152812010042937569,SAND SEATROUT,,232.35919809,12,32,201027121504wd,,0,05/04/2021
2010,12,5,3,1528120100429008,7,2,04,wd,8835440106,322,0.28,0,0,201027121504wd,152812010042937569,SAND SEATROUT,,232.35919809,12,32,201027121504wd,,0,05/04/2021
2010,12,5,3,1528120100429008,7,2,04,wd,8835440106,304,0.23,0,0,201027121504wd,152812010042937569,SAND SEATROUT,,232.35919809,11,30,201027121504wd,,0,05/04/2021
2010,12,5,3,1528120100429008,7,2,04,wd,8835440106,325,0.29,0,0,201027121504wd,152812010042937569,SAND SEATROUT,,232.35919809,12,32,201027121504wd,,0,05/04/2021
2010,12,5,3,1528120100429008,7,2,04,wd,8835440106,330,0.31,0,0,201027121504wd,152812010042937569,SAND SEATROUT,,232.35919809,12,33,201027121504wd,,0,05/04/2021
2010,12,5,3,1528120100429008,7,2,04,wd,8835440106,336,0.33,0,0,201027121504wd,152812010042937569,SAND SEATROUT,,232.35919809,13,33,201027121504wd,,0,05/04/2021
2010,12,5,3,1528120100429008,7,2,04,wd,8835440106,339,0.33,0,0,201027121504wd,152812010042937569,SAND SEATROUT,,232.35919809,13,33,201027121504wd,,0,05/04/2021
2010,12,5,3,1528120100429008,7,2,04,wd,8835440601,314,0.35,0,0,201027121504wd,152812010042937569,SOUTHERN KINGFISH,,232.35919809,12,31,201027121504wd,,0,05/04/2021
2010,12,5,3,1528120100429008,7,2,04,wd,8835440106,330,0.31,0,0,201027121504wd,152812010042937569,SAND SEATROUT,,232.35919809,12,33,201027121504wd,,0,05/04/2021
2010,12,5,3,1528120100429008,7,2,04,wd,8835440106,279,0.18,0,0,201027121504wd,152812010042937569,SAND SEATROUT,,232.35919809,10,27,201027121504wd,,0,05/04/2021
2010,12,5,3,1528120100429008,7,2,04,wd,8835440106,294,0.23,0,0,201027121504wd,152812010042937569,SAND SEATROUT,,232.35919809,11,29,201027121504wd,,0,05/04/2021
2010,12,5,3,1528120100429008,7,2,04,wd,8835440106,341,0.34,0,0,201027121504wd,152812010042937569,SAND SEATROUT,,232.35919809,13,34,201027121504wd,,0,05/04/2021
2010,12,5,3,1528120100429008,7,2,04,wd,8835440602,352,0.43,0,0,201027121504wd,152812010042937569,GULF KINGFISH,,232.35919809,13,35,201027121504wd,,0,05/04/2021
2010,12,5,3,1528120100429008,7,2,04,wd,8835440106,337,0.32,0,0,201027121504wd,152812010042937569,SAND SEATROUT,,232.35919809,13,33,201027121504wd,,0,05/04/2021
2010,12,5,3,1528120100429008,7,2,04,wd,8835440106,321,0.32,0,0,201027121504wd,152812010042937569,SAND SEATROUT,,232.35919809,12,32,201027121504wd,,0,05/04/2021
2010,12,5,3,1528120100429008,7,2,04,wd,8835440106,333,0.33,0,0,201027121504wd,152812010042937569,SAND SEATROUT,,232.35919809,13,33,201027121504wd,,0,05/04/2021
2010,12,5,3,1528120100429008,7,2,04,wd,8835440106,282,0.18,0,0,201027121504wd,152812010042937569,SAND SEATROUT,,232.35919809,11,28,201027121504wd,,0,05/04/2021
2010,12,5,3,1528120100429008,7,2,04,wd,8835440102,380,0.54,0,0,201027121504wd,152812010042937569,SPOTTED SEATROUT,,232.35919809,14,38,201027121504wd,,0,05/04/2021
2010,12,5,3,1528120100429008,7,2,04,wd,8835440102,389,0.59,0,0,201027121504wd,152812010042937569,SPOTTED SEATROUT,,232.35919809,15,38,201027121504wd,,0,05/04/2021
2010,12,5,3,1528120100429008,7,2,04,wd,8835440102,450,0.89,0,0,201027121504wd,152812010042937569,SPOTTED SEATROUT,,232.35919809,17,45,201027121504wd,,0,05/04/2021
2010,12,5,3,1528120100429008,7,2,04,wd,8835440102,471,1.18,0,0,201027121504wd,152812010042937569,SPOTTED SEATROUT,,232.35919809,18,47,201027121504wd,,0,05/04/2021
2010,12,5,3,1528120100429008,7,2,04,wd,8835280901,385,1.11,0,0,201027121504wd,152812010042937569,FLORIDA POMPANO,,232.35919809,15,38,201027121504wd,,0,05/04/2021
2010,12,5,3,1528120100429008,7,2,04,wd,8835280901,472,1.98,0,0,201027121504wd,152812010042937569,FLORIDA POMPANO,,232.35919809,18,47,201027121504wd,,0,05/04/2021
2010,12,5,3,1528120100429009,7,2,04,wd,,,,0,0,201027121504wd,152812010042937569,,,232.35919809,,,201027121504wd,,0,05/04/2021
2010,12,5,3,1528120100429010,7,2,04,wd,,,,0,0,201027121504wd,152812010042937569,,,232.35919809,,,201027121504wd,,0,05/04/2021
2010,12,5,4,1534920100419001,7,2,04,wd,8860020201,350,1.03,0,0,201027121504wd,1534920100419331244,GRAY TRIGGERFISH,,56.586999902,13,35,201027121504wd,,0,05/04/2021
2010,12,5,4,1534920100419001,7,2,04,wd,8860020201,356,1,0,0,201027121504wd,1534920100419331244,GRAY TRIGGERFISH,,56.586999902,14,35,201027121504wd,,0,05/04/2021
2010,12,5,4,1534920100419001,7,2,04,wd,8860020201,357,0.97,0,0,201027121504wd,1534920100419331244,GRAY TRIGGERFISH,,56.586999902,14,35,201027121504wd,,0,05/04/2021
2010,12,5,4,1534920100419001,7,2,04,wd,8860020201,361,1.2,0,0,201027121504wd,1534920100419331244,GRAY TRIGGERFISH,,56.586999902,14,36,201027121504wd,,0,05/04/2021
2010,12,5,4,1534920100419001,7,2,04,wd,8860020201,361,1.07,0,0,201027121504wd,1534920100419331244,GRAY TRIGGERFISH,,56.586999902,14,36,201027121504wd,,0,05/04/2021
2010,12,5,4,1534920100419001,7,2,04,wd,8860020201,366,1.04,0,0,201027121504wd,1534920100419331244,GRAY TRIGGERFISH,,56.586999902,14,36,201027121504wd,,0,05/04/2021
2010,12,5,4,1534920100419001,7,2,04,wd,8860020201,378,1.22,0,0,201027121504wd,1534920100419331244,GRAY TRIGGERFISH,,56.586999902,14,37,201027121504wd,,0,05/04/2021
2010,12,5,4,1534920100419001,7,2,04,wd,8860020201,378,1.3,0,0,201027121504wd,1534920100419331244,GRAY TRIGGERFISH,,56.586999902,14,37,201027121504wd,,0,05/04/2021
2010,12,5,4,1534920100419001,7,2,04,wd,8860020201,382,1.32,0,0,201027121504wd,1534920100419331244,GRAY TRIGGERFISH,,56.586999902,15,38,201027121504wd,,0,05/04/2021
2010,12,5,4,1534920100419001,7,2,04,wd,8835430602,230,0.3,0,0,201027121504wd,1534920100419331244,RED PORGY,,56.586999902,9,23,201027121504wd,,0,05/04/2021
2010,12,5,4,1534920100419001,7,2,04,wd,8835430602,232,0.27,0,0,201027121504wd,1534920100419331244,RED PORGY,,56.586999902,9,23,201027121504wd,,0,05/04/2021
2010,12,5,4,1534920100419001,7,2,04,wd,8835430602,233,0.24,0,0,201027121504wd,1534920100419331244,RED PORGY,,56.586999902,9,23,201027121504wd,,0,05/04/2021
2010,12,5,4,1534920100419001,7,2,04,wd,8860020201,362,1.14,0,0,201027121504wd,1534920100419331244,GRAY TRIGGERFISH,,56.586999902,14,36,201027121504wd,,0,05/04/2021
2010,12,5,4,1534920100419001,7,2,04,wd,8835430602,234,0.3,0,0,201027121504wd,1534920100419331244,RED PORGY,,56.586999902,9,23,201027121504wd,,0,05/04/2021
2010,12,5,4,1534920100419001,7,2,04,wd,8835430602,238,0.3,0,0,201027121504wd,1534920100419331244,RED PORGY,,56.586999902,9,23,201027121504wd,,0,05/04/2021
2010,12,5,4,1534920100419001,7,2,04,wd,8835430602,241,0.29,0,0,201027121504wd,1534920100419331244,RED PORGY,,56.586999902,9,24,201027121504wd,,0,05/04/2021
2010,12,5,4,1534920100419001,7,2,04,wd,8835430602,242,0.32,0,0,201027121504wd,1534920100419331244,RED PORGY,,56.586999902,9,24,201027121504wd,,0,05/04/2021
2010,12,5,4,1534920100419001,7,2,04,wd,8835430602,247,0.34,0,0,201027121504wd,1534920100419331244,RED PORGY,,56.586999902,9,24,201027121504wd,,0,05/04/2021
2010,12,5,4,1534920100419001,7,2,04,wd,8835430602,247,0.31,0,0,201027121504wd,1534920100419331244,RED PORGY,,56.586999902,9,24,201027121504wd,,0,05/04/2021
2010,12,5,4,1534920100419001,7,2,04,wd,8835430602,271,0.42,0,0,201027121504wd,1534920100419331244,RED PORGY,,56.586999902,10,27,201027121504wd,,0,05/04/2021
2010,12,5,4,1534920100419001,7,2,04,wd,8835430602,277,0.42,0,0,201027121504wd,1534920100419331244,RED PORGY,,56.586999902,10,27,201027121504wd,,0,05/04/2021
2010,12,5,4,1534920100419001,7,2,04,wd,8835430602,280,0.43,0,0,201027121504wd,1534920100419331244,RED PORGY,,56.586999902,11,28,201027121504wd,,0,05/04/2021
2010,12,5,4,1534920100419001,7,2,04,wd,8835360501,265,0.32,0,0,201027121504wd,1534920100419331244,VERMILION SNAPPER,,56.586999902,10,26,201027121504wd,,0,05/04/2021
2010,12,5,4,1534920100419001,7,2,04,wd,8835360501,282,0.4,0,0,201027121504wd,1534920100419331244,VERMILION SNAPPER,,56.586999902,11,28,201027121504wd,,0,05/04/2021
2010,12,5,4,1534920100419001,7,2,04,wd,8835360112,307,0.48,0,0,201027121504wd,1534920100419331244,LANE SNAPPER,,56.586999902,12,30,201027121504wd,,0,05/04/2021
2010,12,5,4,1534920100419001,7,2,04,wd,8835360112,325,0.51,0,0,201027121504wd,1534920100419331244,LANE SNAPPER,,56.586999902,12,32,201027121504wd,,0,05/04/2021
2010,12,5,4,1534920100419001,7,2,04,wd,8835020408,500,2.1,0,0,201027121504wd,1534920100419331244,RED GROUPER,,56.586999902,19,50,201027121504wd,,0,05/04/2021
2010,12,5,4,1534920100419002,7,2,04,wd,,,,0,0,201027121504wd,1534920100419331244,,,56.586999902,,,201027121504wd,,0,05/04/2021
2010,12,5,4,1534920100419003,7,2,04,wd,,,,0,0,201027121504wd,1534920100419331244,,,56.586999902,,,201027121504wd,,0,05/04/2021
2010,12,5,4,1534920100419004,7,2,04,wd,,,,0,0,201027121504wd,1534920100419331244,,,56.586999902,,,201027121504wd,,0,05/04/2021
2010,12,5,4,1534920100419005,7,2,04,wd,,,,0,0,201027121504wd,1534920100419331244,,,56.586999902,,,201027121504wd,,0,05/04/2021
2010,12,5,4,1534920100419006,7,2,04,wd,,,,0,0,201027121504wd,1534920100419331244,,,56.586999902,,,201027121504wd,,0,05/04/2021
2010,12,5,3,1535720100403002,7,2,04,we,8850030502,340,0.34,1,1,201027121504we,153572010040351820,SPANISH MACKEREL,,61.200489653,13,34,201027121504we,,0,05/04/2021
2010,12,5,3,1535720100403002,7,2,04,we,8850030502,345,0.38,1,1,201027121504we,153572010040351820,SPANISH MACKEREL,,61.200489653,13,34,201027121504we,,0,05/04/2021
2010,12,5,3,1535720100403002,7,2,04,we,8850030502,363,0.44,1,1,201027121504we,153572010040351820,SPANISH MACKEREL,,61.200489653,14,36,201027121504we,,0,05/04/2021
2010,12,5,3,1535720100403002,7,2,04,we,8850030502,366,0.36,1,1,201027121504we,153572010040351820,SPANISH MACKEREL,,61.200489653,14,36,201027121504we,,0,05/04/2021
2010,12,5,3,1535720100403002,7,2,04,we,8850030502,420,0.64,1,1,201027121504we,153572010040351820,SPANISH MACKEREL,,61.200489653,16,42,201027121504we,,0,05/04/2021
2010,12,5,3,1535720100403002,7,2,04,we,8835440801,345,0.66,1,1,201027121504we,153572010040351820,BLACK DRUM,,51.000408044,13,34,201027121504we,,0,05/04/2021
2010,12,5,3,1535720100403002,7,2,04,we,8835430301,362,0.84,1,1,201027121504we,153572010040351820,SHEEPSHEAD,,51.000408044,14,36,201027121504we,,0,05/04/2021
2010,12,5,3,1535720100403002,7,2,04,we,8835430301,365,1,1,1,201027121504we,153572010040351820,SHEEPSHEAD,,51.000408044,14,36,201027121504we,,0,05/04/2021
2010,12,5,3,1535720100403002,7,2,04,we,8835430301,368,1,1,1,201027121504we,153572010040351820,SHEEPSHEAD,,51.000408044,14,36,201027121504we,,0,05/04/2021
2010,12,5,3,1535720100403003,7,2,04,we,8850030502,334,0.32,1,1,201027121504we,153572010040351820,SPANISH MACKEREL,,51.000408044,13,33,201027121504we,,0,05/04/2021
2010,12,5,3,1535720100403003,7,2,04,we,8850030502,320,0.3,1,1,201027121504we,153572010040351820,SPANISH MACKEREL,,51.000408044,12,32,201027121504we,,0,05/04/2021
2010,12,5,3,1535720100403003,7,2,04,we,8850030502,357,0.34,1,1,201027121504we,153572010040351820,SPANISH MACKEREL,,51.000408044,14,35,201027121504we,,0,05/04/2021
2010,12,5,3,1535720100403003,7,2,04,we,8850030502,488,0.76,1,1,201027121504we,153572010040351820,SPANISH MACKEREL,,51.000408044,19,48,201027121504we,,0,05/04/2021
2010,12,5,3,1535720100403003,7,2,04,we,8835430301,319,0.68,1,1,201027121504we,153572010040351820,SHEEPSHEAD,,51.000408044,12,31,201027121504we,,0,05/04/2021
2010,12,5,4,1535720100403004,7,2,04,we,8835430602,238,0.3,1,1,201027121504we,15357201004035663,RED PORGY,,431.51442953,9,23,201027121504we,,0,05/04/2021
2010,12,5,4,1535720100403004,7,2,04,we,8835430602,250,0.32,1,1,201027121504we,15357201004035663,RED PORGY,,431.51442953,9,25,201027121504we,,0,05/04/2021
2010,12,5,4,1535720100403004,7,2,04,we,8835430602,252,0.32,1,1,201027121504we,15357201004035663,RED PORGY,,431.51442953,9,25,201027121504we,,0,05/04/2021
2010,12,5,4,1535720100403004,7,2,04,we,8835360501,264,0.27,1,1,201027121504we,15357201004035663,VERMILION SNAPPER,,55.32236276,10,26,201027121504we,,0,05/04/2021
2010,12,5,4,1535720100403004,7,2,04,we,8835360501,287,0.34,1,1,201027121504we,15357201004035663,VERMILION SNAPPER,,55.32236276,11,28,201027121504we,,0,05/04/2021
2010,12,5,4,1535720100403004,7,2,04,we,8835360501,296,0.38,1,1,201027121504we,15357201004035663,VERMILION SNAPPER,,55.32236276,11,29,201027121504we,,0,05/04/2021
2010,12,5,4,1535720100403004,7,2,04,we,8835360501,329,0.6,1,1,201027121504we,15357201004035663,VERMILION SNAPPER,,55.32236276,12,32,201027121504we,,0,05/04/2021
2010,12,5,4,1535720100403004,7,2,04,we,8835360501,332,0.66,1,1,201027121504we,15357201004035663,VERMILION SNAPPER,,55.32236276,13,33,201027121504we,,0,05/04/2021
2010,12,5,4,1535720100403004,7,2,04,we,8835430602,251,0.34,1,1,201027121504we,15357201004035663,RED PORGY,,431.51442953,9,25,201027121504we,,0,05/04/2021
2010,12,5,4,1535720100403004,7,2,04,we,8835280801,864,8.44,0,0,201027121504we,15357201004035663,GREATER AMBERJACK,,55.32236276,34,86,201027121504we,,0,05/04/2021
2010,12,5,4,1535720100403004,7,2,04,we,8835280801,815,6.97,0,0,201027121504we,15357201004035663,GREATER AMBERJACK,,55.32236276,32,81,201027121504we,,0,05/04/2021
2010,12,5,4,1535720100403004,7,2,04,we,8835280801,853,7.75,0,0,201027121504we,15357201004035663,GREATER AMBERJACK,,55.32236276,33,85,201027121504we,,0,05/04/2021
2010,12,5,4,1535720100403004,7,2,04,we,8835280801,876,9.06,0,0,201027121504we,15357201004035663,GREATER AMBERJACK,,55.32236276,34,87,201027121504we,,0,05/04/2021
2010,12,5,4,1535720100403004,7,2,04,we,8835280801,831,7.89,0,0,201027121504we,15357201004035663,GREATER AMBERJACK,,55.32236276,32,83,201027121504we,,0,05/04/2021
2010,12,5,4,1535720100403004,7,2,04,we,8835280801,862,8.68,0,0,201027121504we,15357201004035663,GREATER AMBERJACK,,55.32236276,33,86,201027121504we,,0,05/04/2021
2010,12,5,4,1535720100403004,7,2,04,we,8835430602,256,0.36,1,1,201027121504we,15357201004035663,RED PORGY,,431.51442953,10,25,201027121504we,,0,05/04/2021
2010,12,5,4,1535720100403004,7,2,04,we,8835020505,370,0.67,0,0,201027121504we,15357201004035663,SCAMP,,55.32236276,14,37,201027121504we,,0,05/04/2021
2010,12,5,4,1535720100403004,7,2,04,we,8835020501,700,5.13,0,0,201027121504we,15357201004035663,GAG,,55.32236276,27,70,201027121504we,,0,05/04/2021
2010,12,5,4,1535720100403005,7,2,04,we,,,,0,0,201027121504we,15357201004035663,,,55.664660043,,,201027121504we,,0,05/04/2021
2010,12,5,4,1535720100403006,7,2,04,we,,,,0,0,201027121504we,15357201004035663,,,55.664660043,,,201027121504we,,0,05/04/2021
2010,12,5,4,1535720100403008,7,2,04,we,,,,0,0,201027121504we,15357201004035663,,,55.664660043,,,201027121504we,,0,05/04/2021
2010,12,5,4,1535720100403009,7,2,04,we,,,,0,0,201027121504we,15357201004035663,,,55.664660043,,,201027121504we,,0,05/04/2021
2010,12,5,4,1535720100403011,7,2,04,we,,,,0,0,201027121504we,15357201004035663,,,55.664660043,,,201027121504we,,0,05/04/2021
2010,12,5,3,1535720100403012,7,2,04,we,8860020201,370,1.24,0,0,201027121504we,15357201004035663,GRAY TRIGGERFISH,,18.064744025,14,37,201027121504we,,0,05/04/2021
2010,12,5,3,1535720100403012,7,2,04,we,8860020201,378,1.24,0,0,201027121504we,15357201004035663,GRAY TRIGGERFISH,,18.064744025,14,37,201027121504we,,0,05/04/2021
2010,12,5,3,1535720100403012,7,2,04,we,8860020201,401,1.57,0,0,201027121504we,15357201004035663,GRAY TRIGGERFISH,,18.064744025,15,40,201027121504we,,0,05/04/2021
2010,12,5,3,1535720100403012,7,2,04,we,8860020201,404,1.55,0,0,201027121504we,15357201004035663,GRAY TRIGGERFISH,,18.064744025,15,40,201027121504we,,0,05/04/2021
2010,12,5,3,1535720100403012,7,2,04,we,8860020201,416,1.58,0,0,201027121504we,15357201004035663,GRAY TRIGGERFISH,,18.064744025,16,41,201027121504we,,0,05/04/2021
2010,12,5,3,1535720100403012,7,2,04,we,8860020201,391,1.41,0,0,201027121504we,15357201004035663,GRAY TRIGGERFISH,,18.064744025,15,39,201027121504we,,0,05/04/2021
2010,12,5,3,1535720100403012,7,2,04,we,8835430602,191,0.15,0,0,201027121504we,15357201004035663,RED PORGY,,39.892976389,7,19,201027121504we,,0,05/04/2021
2010,12,5,3,1535720100403012,7,2,04,we,8835430602,234,0.3,1,1,201027121504we,15357201004035663,RED PORGY,,39.892976389,9,23,201027121504we,,0,05/04/2021
2010,12,5,3,1535720100403012,7,2,04,we,8835430602,243,0.3,0,0,201027121504we,15357201004035663,RED PORGY,,39.892976389,9,24,201027121504we,,0,05/04/2021
2010,12,5,3,1535720100403012,7,2,04,we,8835430602,244,0.3,1,1,201027121504we,15357201004035663,RED PORGY,,39.892976389,9,24,201027121504we,,0,05/04/2021
2010,12,5,3,1535720100403012,7,2,04,we,8835430602,249,0.32,1,1,201027121504we,15357201004035663,RED PORGY,,39.892976389,9,24,201027121504we,,0,05/04/2021
2010,12,5,3,1535720100403012,7,2,04,we,8835430602,251,0.33,0,0,201027121504we,15357201004035663,RED PORGY,,39.892976389,9,25,201027121504we,,0,05/04/2021
2010,12,5,3,1535720100403012,7,2,04,we,8860020201,405,1.46,0,0,201027121504we,15357201004035663,GRAY TRIGGERFISH,,18.064744025,15,40,201027121504we,,0,05/04/2021
2010,12,5,3,1535720100403012,7,2,04,we,8835430602,253,0.35,0,0,201027121504we,15357201004035663,RED PORGY,,39.892976389,9,25,201027121504we,,0,05/04/2021
2010,12,5,3,1535720100403012,7,2,04,we,8835430602,227,0.26,0,0,201027121504we,15357201004035663,RED PORGY,,39.892976389,8,22,201027121504we,,0,05/04/2021
2010,12,5,3,1535720100403012,7,2,04,we,8835430602,255,0.36,1,1,201027121504we,15357201004035663,RED PORGY,,39.892976389,10,25,201027121504we,,0,05/04/2021
2010,12,5,3,1535720100403012,7,2,04,we,8835430602,271,0.41,0,0,201027121504we,15357201004035663,RED PORGY,,39.892976389,10,27,201027121504we,,0,05/04/2021
2010,12,5,3,1535720100403012,7,2,04,we,8835430602,276,0.42,0,0,201027121504we,15357201004035663,RED PORGY,,39.892976389,10,27,201027121504we,,0,05/04/2021
2010,12,5,3,1535720100403012,7,2,04,we,8860020201,372,1.16,0,0,201027121504we,15357201004035663,GRAY TRIGGERFISH,,18.064744025,14,37,201027121504we,,0,05/04/2021
2010,12,5,3,1535720100403012,7,2,04,we,8835430602,275,0.44,0,0,201027121504we,15357201004035663,RED PORGY,,39.892976389,10,27,201027121504we,,0,05/04/2021
2010,12,5,3,1535720100403012,7,2,04,we,8860020201,380,1.31,0,0,201027121504we,15357201004035663,GRAY TRIGGERFISH,,18.064744025,14,38,201027121504we,,0,05/04/2021
2010,12,5,3,1535720100403012,7,2,04,we,8835430602,280,0.43,0,0,201027121504we,15357201004035663,RED PORGY,,39.892976389,11,28,201027121504we,,0,05/04/2021
2010,12,5,3,1535720100403012,7,2,04,we,8835430602,287,0.48,0,0,201027121504we,15357201004035663,RED PORGY,,39.892976389,11,28,201027121504we,,0,05/04/2021
2010,12,5,3,1535720100403012,7,2,04,we,8835430602,295,0.52,0,0,201027121504we,15357201004035663,RED PORGY,,39.892976389,11,29,201027121504we,,0,05/04/2021
2010,12,5,3,1535720100403012,7,2,04,we,8835430602,295,0.52,0,0,201027121504we,15357201004035663,RED PORGY,,39.892976389,11,29,201027121504we,,0,05/04/2021
2010,12,5,3,1535720100403012,7,2,04,we,8835430602,304,0.57,0,0,201027121504we,15357201004035663,RED PORGY,,39.892976389,11,30,201027121504we,,0,05/04/2021
2010,12,5,3,1535720100403012,7,2,04,we,8860020201,399,1.32,0,0,201027121504we,15357201004035663,GRAY TRIGGERFISH,,18.064744025,15,39,201027121504we,,0,05/04/2021
2010,12,5,3,1535720100403012,7,2,04,we,8835430602,316,0.61,0,0,201027121504we,15357201004035663,RED PORGY,,39.892976389,12,31,201027121504we,,0,05/04/2021
2010,12,5,3,1535720100403012,7,2,04,we,8860020201,405,1.47,0,0,201027121504we,15357201004035663,GRAY TRIGGERFISH,,18.064744025,15,40,201027121504we,,0,05/04/2021
2010,12,5,3,1535720100403012,7,2,04,we,8835430602,224,0.24,0,0,201027121504we,15357201004035663,RED PORGY,,39.892976389,8,22,201027121504we,,0,05/04/2021
2010,12,5,3,1535720100403012,7,2,04,we,8835430602,242,0.3,0,0,201027121504we,15357201004035663,RED PORGY,,39.892976389,9,24,201027121504we,,0,05/04/2021
2010,12,5,3,1535720100403012,7,2,04,we,8835430602,317,0.67,0,0,201027121504we,15357201004035663,RED PORGY,,39.892976389,12,31,201027121504we,,0,05/04/2021
2010,12,5,3,1535720100403012,7,2,04,we,8835430602,318,0.63,0,0,201027121504we,15357201004035663,RED PORGY,,39.892976389,12,31,201027121504we,,0,05/04/2021
2010,12,5,3,1535720100403012,7,2,04,we,8835430602,324,0.71,0,0,201027121504we,15357201004035663,RED PORGY,,39.892976389,12,32,201027121504we,,0,05/04/2021
2010,12,5,3,1535720100403012,7,2,04,we,8835430602,241,0.29,0,0,201027121504we,15357201004035663,RED PORGY,,39.892976389,9,24,201027121504we,,0,05/04/2021
2010,12,5,3,1535720100403012,7,2,04,we,8835360501,236,0.2,0,0,201027121504we,15357201004035663,VERMILION SNAPPER,,18.064744025,9,23,201027121504we,,0,05/04/2021
2010,12,5,3,1535720100403012,7,2,04,we,8835360501,240,0.25,0,0,201027121504we,15357201004035663,VERMILION SNAPPER,,18.064744025,9,24,201027121504we,,0,05/04/2021
2010,12,5,3,1535720100403012,7,2,04,we,8835360501,244,0.26,0,0,201027121504we,15357201004035663,VERMILION SNAPPER,,18.064744025,9,24,201027121504we,,0,05/04/2021
2010,12,5,3,1535720100403012,7,2,04,we,8835360501,264,0.32,0,0,201027121504we,15357201004035663,VERMILION SNAPPER,,18.064744025,10,26,201027121504we,,0,05/04/2021
2010,12,5,3,1535720100403012,7,2,04,we,8835360501,283,0.39,0,0,201027121504we,15357201004035663,VERMILION SNAPPER,,18.064744025,11,28,201027121504we,,0,05/04/2021
2010,12,5,3,1535720100403012,7,2,04,we,8835360501,299,0.44,0,0,201027121504we,15357201004035663,VERMILION SNAPPER,,18.064744025,11,29,201027121504we,,0,05/04/2021
2010,12,5,3,1535720100403012,7,2,04,we,8835360501,357,0.75,0,0,201027121504we,15357201004035663,VERMILION SNAPPER,,18.064744025,14,35,201027121504we,,0,05/04/2021
2010,12,5,3,1535720100403012,7,2,04,we,8835280801,1060,11.95,1,1,201027121504we,15357201004035663,GREATER AMBERJACK,,21.075534696,41,106,201027121504we,,0,05/04/2021
2010,12,5,3,1535720100403012,7,2,04,we,8835280801,1055,15.5,1,1,201027121504we,15357201004035663,GREATER AMBERJACK,,21.075534696,41,105,201027121504we,,0,05/04/2021
2010,12,5,3,1535720100403012,7,2,04,we,8835280801,814,7.28,1,1,201027121504we,15357201004035663,GREATER AMBERJACK,,21.075534696,32,81,201027121504we,,0,05/04/2021
2010,12,5,3,1535720100403012,7,2,04,we,8835280801,818,7.33,1,1,201027121504we,15357201004035663,GREATER AMBERJACK,,21.075534696,32,81,201027121504we,,0,05/04/2021
2010,12,5,3,1535720100403012,7,2,04,we,8835280801,845,7.69,0,0,201027121504we,15357201004035663,GREATER AMBERJACK,,21.075534696,33,84,201027121504we,,0,05/04/2021
2010,12,5,3,1535720100403012,7,2,04,we,8835280801,851,8.39,0,0,201027121504we,15357201004035663,GREATER AMBERJACK,,21.075534696,33,85,201027121504we,,0,05/04/2021
2010,12,5,3,1535720100403012,7,2,04,we,8835020505,381,0.75,0,0,201027121504we,15357201004035663,SCAMP,,18.064744025,14,38,201027121504we,,0,05/04/2021
2010,12,5,3,1535720100403012,7,2,04,we,8835020501,567,2.27,0,0,201027121504we,15357201004035663,GAG,,18.064744025,22,56,201027121504we,,0,05/04/2021
2010,12,5,3,1535720100403012,7,2,04,we,8835020501,682,4.19,0,0,201027121504we,15357201004035663,GAG,,18.064744025,26,68,201027121504we,,0,05/04/2021
2010,12,5,3,1535720100403012,7,2,04,we,8835020501,765,6.38,0,0,201027121504we,15357201004035663,GAG,,18.064744025,30,76,201027121504we,,0,05/04/2021
2010,12,5,3,1535720100403012,7,2,04,we,8835020501,821,6.95,0,0,201027121504we,15357201004035663,GAG,,18.064744025,32,82,201027121504we,,0,05/04/2021
2010,12,5,3,1535720100403013,7,2,04,we,,,,0,0,201027121504we,15357201004035663,,,18.176516417,,,201027121504we,,0,05/04/2021
2010,12,5,3,1535720100403014,7,2,04,we,,,,0,0,201027121504we,15357201004035663,,,18.176516417,,,201027121504we,,0,05/04/2021
2010,12,5,3,1535720100403015,7,2,04,we,,,,0,0,201027121504we,15357201004035663,,,18.176516417,,,201027121504we,,0,05/04/2021
2010,12,5,3,1535720100403016,7,2,04,we,,,,0,0,201027121504we,15357201004035663,,,18.176516417,,,201027121504we,,0,05/04/2021
2010,12,5,3,1535720100403017,7,2,04,we,,,,0,0,201027121504we,15357201004035663,,,18.176516417,,,201027121504we,,0,05/04/2021
2010,12,5,3,1535720100403018,7,2,04,we,,,,0,0,201027121504we,15357201004035663,,,18.176516417,,,201027121504we,,0,05/04/2021
2010,12,5,3,1535720100403019,7,2,04,we,,,,0,0,201027121504we,15357201004035663,,,18.176516417,,,201027121504we,,0,05/04/2021
2010,12,5,3,1535720100415001,7,2,04,wd,8835430602,229,0.26,1,1,201027121504wd,15357201004155865,RED PORGY,,256.07498033,9,22,201027121504wd,,0,05/04/2021
2010,12,5,3,1535720100415001,7,2,04,wd,8835430602,235,0.3,1,1,201027121504wd,15357201004155865,RED PORGY,,256.07498033,9,23,201027121504wd,,0,05/04/2021
2010,12,5,3,1535720100415001,7,2,04,wd,8835430602,304,0.57,1,1,201027121504wd,15357201004155865,RED PORGY,,256.07498033,11,30,201027121504wd,,0,05/04/2021
2010,12,5,3,1535720100415001,7,2,04,wd,8835430602,318,0.63,1,1,201027121504wd,15357201004155865,RED PORGY,,256.07498033,12,31,201027121504wd,,0,05/04/2021
2010,12,5,3,1535720100415001,7,2,04,wd,8835430602,324,0.71,1,1,201027121504wd,15357201004155865,RED PORGY,,256.07498033,12,32,201027121504wd,,0,05/04/2021
2010,12,5,3,1535720100415001,7,2,04,wd,8835360501,264,0.32,1,1,201027121504wd,15357201004155865,VERMILION SNAPPER,,60.970233411,10,26,201027121504wd,,0,05/04/2021
2010,12,5,3,1535720100415001,7,2,04,wd,8835360501,299,0.44,1,1,201027121504wd,15357201004155865,VERMILION SNAPPER,,60.970233411,11,29,201027121504wd,,0,05/04/2021
2010,12,5,3,1535720100415002,7,2,04,wd,,,,0,0,201027121504wd,15357201004155865,,,60.970233411,,,201027121504wd,,0,05/04/2021
2010,12,5,3,1535720100415004,7,2,04,wd,,,,0,0,201027121504wd,15357201004155865,,,60.970233411,,,201027121504wd,,0,05/04/2021
2010,12,5,3,1535720100415005,7,2,04,wd,,,,0,0,201027121504wd,15357201004155865,,,60.970233411,,,201027121504wd,,0,05/04/2021
2010,12,5,3,1535720100415006,7,2,04,wd,,,,0,0,201027121504wd,15357201004155865,,,60.970233411,,,201027121504wd,,0,05/04/2021
2010,12,5,3,1535720100417001,7,2,04,we,8850030502,404,0.46,1,1,201027121504we,15357201004175663,SPANISH MACKEREL,,153.25498959,15,40,201027121504we,,0,05/04/2021
2010,12,5,3,1535720100417001,7,2,04,we,8850030502,537,1,1,1,201027121504we,15357201004175663,SPANISH MACKEREL,,153.25498959,21,53,201027121504we,,0,05/04/2021
2010,12,5,3,1535720100417001,7,2,04,we,8850030502,457,0.74,1,1,201027121504we,15357201004175663,SPANISH MACKEREL,,153.25498959,17,45,201027121504we,,0,05/04/2021
2010,12,5,3,1535720100417001,7,2,04,we,8850030502,418,0.52,1,1,201027121504we,15357201004175663,SPANISH MACKEREL,,153.25498959,16,41,201027121504we,,0,05/04/2021
2010,12,5,3,1535720100417001,7,2,04,we,8850030502,363,0.32,1,1,201027121504we,15357201004175663,SPANISH MACKEREL,,153.25498959,14,36,201027121504we,,0,05/04/2021
2010,12,5,3,1535720100417002,7,2,04,we,,,,0,0,201027121504we,15357201004175663,,,16.769923434,,,201027121504we,,0,05/04/2021
2010,12,5,4,1535720100417003,7,2,04,we,8835020501,636,3.49,1,1,201027121504we,15357201004175663,GAG,,51.01474306,25,63,201027121504we,,0,05/04/2021
2010,12,5,4,1535720100417003,7,2,04,we,8835020501,596,2.86,0,0,201027121504we,15357201004175663,GAG,,51.01474306,23,59,201027121504we,,0,05/04/2021
2010,12,5,4,1535720100417003,7,2,04,we,8835020501,636,3.49,0,0,201027121504we,15357201004175663,GAG,,51.01474306,25,63,201027121504we,,0,05/04/2021
2010,12,5,4,1535720100417003,7,2,04,we,8835020501,670,4.24,0,0,201027121504we,15357201004175663,GAG,,51.01474306,26,67,201027121504we,,0,05/04/2021
2010,12,5,4,1535720100417003,7,2,04,we,8835020501,722,5.67,0,0,201027121504we,15357201004175663,GAG,,51.01474306,28,72,201027121504we,,0,05/04/2021
2010,12,5,4,1535720100417003,7,2,04,we,8835430602,219,0.22,1,1,201027121504we,15357201004175663,RED PORGY,,142.84128057,8,21,201027121504we,,0,05/04/2021
2010,12,5,4,1535720100417003,7,2,04,we,8835430602,235,0.3,1,1,201027121504we,15357201004175663,RED PORGY,,142.84128057,9,23,201027121504we,,0,05/04/2021
2010,12,5,4,1535720100417003,7,2,04,we,8835430602,235,0.28,1,1,201027121504we,15357201004175663,RED PORGY,,142.84128057,9,23,201027121504we,,0,05/04/2021
2010,12,5,4,1535720100417003,7,2,04,we,8835430602,245,0.28,1,1,201027121504we,15357201004175663,RED PORGY,,142.84128057,9,24,201027121504we,,0,05/04/2021
2010,12,5,4,1535720100417003,7,2,04,we,8835430602,240,0.28,1,1,201027121504we,15357201004175663,RED PORGY,,142.84128057,9,24,201027121504we,,0,05/04/2021
2010,12,5,4,1535720100417003,7,2,04,we,8835360501,285,0.4,1,1,201027121504we,15357201004175663,VERMILION SNAPPER,,102.02948612,11,28,201027121504we,,0,05/04/2021
2010,12,5,4,1535720100417003,7,2,04,we,8835360501,303,0.44,1,1,201027121504we,15357201004175663,VERMILION SNAPPER,,102.02948612,11,30,201027121504we,,0,05/04/2021
2010,12,5,4,1535720100417003,7,2,04,we,8835360501,306,0.48,1,1,201027121504we,15357201004175663,VERMILION SNAPPER,,102.02948612,12,30,201027121504we,,0,05/04/2021
2010,12,5,4,1535720100417003,7,2,04,we,8835360501,317,0.58,1,1,201027121504we,15357201004175663,VERMILION SNAPPER,,102.02948612,12,31,201027121504we,,0,05/04/2021
2010,12,5,4,1535720100417003,7,2,04,we,8835360501,320,0.56,1,1,201027121504we,15357201004175663,VERMILION SNAPPER,,102.02948612,12,32,201027121504we,,0,05/04/2021
2010,12,5,4,1535720100417003,7,2,04,we,8835360112,370,0.84,1,1,201027121504we,15357201004175663,LANE SNAPPER,,51.01474306,14,37,201027121504we,,0,05/04/2021
2010,12,5,4,1535720100417003,7,2,04,we,8835360102,360,0.7,1,1,201027121504we,15357201004175663,GRAY SNAPPER,,51.01474306,14,36,201027121504we,,0,05/04/2021
2010,12,5,4,1535720100417003,7,2,04,we,8835280804,522,2.44,1,1,201027121504we,15357201004175663,BANDED RUDDERFISH,,51.01474306,20,52,201027121504we,,0,05/04/2021
2010,12,5,4,1535720100417004,7,2,04,we,,,,0,0,201027121504we,15357201004175663,,,51.357040343,,,201027121504we,,0,05/04/2021
2010,12,5,4,1535720100417006,7,2,04,we,,,,0,0,201027121504we,15357201004175663,,,51.357040343,,,201027121504we,,0,05/04/2021
2010,12,5,4,1535720100417007,7,2,04,we,,,,0,0,201027121504we,15357201004175663,,,51.357040343,,,201027121504we,,0,05/04/2021
2010,12,5,4,1535720100417008,7,2,04,we,8860020201,340,1.01,0,0,201027121504we,15357201004175663,GRAY TRIGGERFISH,,51.01474306,13,34,201027121504we,,0,05/04/2021
2010,12,5,4,1535720100417008,7,2,04,we,8860020201,357,0.97,1,1,201027121504we,15357201004175663,GRAY TRIGGERFISH,,51.01474306,14,35,201027121504we,,0,05/04/2021
2010,12,5,4,1535720100417008,7,2,04,we,8860020201,376,1.34,1,1,201027121504we,15357201004175663,GRAY TRIGGERFISH,,51.01474306,14,37,201027121504we,,0,05/04/2021
2010,12,5,4,1535720100417008,7,2,04,we,8835430602,216,0.22,1,1,201027121504we,15357201004175663,RED PORGY,,163.24717779,8,21,201027121504we,,0,05/04/2021
2010,12,5,4,1535720100417008,7,2,04,we,8835430602,230,0.3,1,1,201027121504we,15357201004175663,RED PORGY,,163.24717779,9,23,201027121504we,,0,05/04/2021
2010,12,5,4,1535720100417008,7,2,04,we,8835430602,238,0.3,1,1,201027121504we,15357201004175663,RED PORGY,,163.24717779,9,23,201027121504we,,0,05/04/2021
2010,12,5,4,1535720100417008,7,2,04,we,8835430602,242,0.32,1,1,201027121504we,15357201004175663,RED PORGY,,163.24717779,9,24,201027121504we,,0,05/04/2021
2010,12,5,4,1535720100417008,7,2,04,we,8835430602,271,0.42,1,1,201027121504we,15357201004175663,RED PORGY,,163.24717779,10,27,201027121504we,,0,05/04/2021
2010,12,5,4,1535720100417008,7,2,04,we,8835430508,244,0.24,1,1,201027121504we,15357201004175663,LITTLEHEAD PORGY,,51.01474306,9,24,201027121504we,,0,05/04/2021
2010,12,5,4,1535720100417008,7,2,04,we,8835430505,231,0.32,1,1,201027121504we,15357201004175663,WHITEBONE PORGY,,51.01474306,9,23,201027121504we,,0,05/04/2021
2010,12,5,4,1535720100417008,7,2,04,we,8835360501,280,0.42,1,1,201027121504we,15357201004175663,VERMILION SNAPPER,,51.01474306,11,28,201027121504we,,0,05/04/2021
2010,12,5,4,1535720100417008,7,2,04,we,8835360501,284,0.4,1,1,201027121504we,15357201004175663,VERMILION SNAPPER,,51.01474306,11,28,201027121504we,,0,05/04/2021
2010,12,5,4,1535720100417008,7,2,04,we,8835360501,285,0.4,1,1,201027121504we,15357201004175663,VERMILION SNAPPER,,51.01474306,11,28,201027121504we,,0,05/04/2021
2010,12,5,4,1535720100417008,7,2,04,we,8835360501,293,0.44,1,1,201027121504we,15357201004175663,VERMILION SNAPPER,,51.01474306,11,29,201027121504we,,0,05/04/2021
2010,12,5,4,1535720100417008,7,2,04,we,8835360501,295,0.44,1,1,201027121504we,15357201004175663,VERMILION SNAPPER,,51.01474306,11,29,201027121504we,,0,05/04/2021
2010,12,5,4,1535720100417008,7,2,04,we,8835020501,687,4.35,0,0,201027121504we,15357201004175663,GAG,,51.01474306,27,68,201027121504we,,0,05/04/2021
2010,12,5,4,1535720100417008,7,2,04,we,8835020408,571,3.04,0,0,201027121504we,15357201004175663,RED GROUPER,,51.01474306,22,57,201027121504we,,0,05/04/2021
2010,12,5,4,1535720100417008,7,2,04,we,8835020408,711,6.14,0,0,201027121504we,15357201004175663,RED GROUPER,,51.01474306,27,71,201027121504we,,0,05/04/2021
2010,12,5,4,1535720100417008,7,2,04,we,8835020408,673,5.34,1,1,201027121504we,15357201004175663,RED GROUPER,,51.01474306,26,67,201027121504we,,0,05/04/2021
2010,12,5,4,1535720100417010,7,2,04,we,,,,0,0,201027121504we,15357201004175663,,,51.357040343,,,201027121504we,,0,05/04/2021
2010,12,5,4,1535720100417011,7,2,04,we,,,,0,0,201027121504we,15357201004175663,,,51.357040343,,,201027121504we,,0,05/04/2021
2010,12,5,4,1535720100417012,7,2,04,we,,,,0,0,201027121504we,15357201004175663,,,51.357040343,,,201027121504we,,0,05/04/2021
2010,12,5,4,1535720100417013,7,2,04,we,,,,0,0,201027121504we,15357201004175663,,,51.357040343,,,201027121504we,,0,05/04/2021
2010,12,5,4,1535720100417014,7,2,04,we,8860020201,340,1.01,1,1,201027121504we,15357201004175663,GRAY TRIGGERFISH,,51.01474306,13,34,201027121504we,,0,05/04/2021
2010,12,5,4,1535720100417014,7,2,04,we,8860020201,361,1.2,1,1,201027121504we,15357201004175663,GRAY TRIGGERFISH,,51.01474306,14,36,201027121504we,,0,05/04/2021
2010,12,5,4,1535720100417014,7,2,04,we,8860020201,366,1.04,1,1,201027121504we,15357201004175663,GRAY TRIGGERFISH,,51.01474306,14,36,201027121504we,,0,05/04/2021
2010,12,5,4,1535720100417014,7,2,04,we,8860020201,398,1.51,1,1,201027121504we,15357201004175663,GRAY TRIGGERFISH,,51.01474306,15,39,201027121504we,,0,05/04/2021
2010,12,5,4,1535720100417014,7,2,04,we,8835430602,233,0.24,1,1,201027121504we,15357201004175663,RED PORGY,,234.66781808,9,23,201027121504we,,0,05/04/2021
2010,12,5,4,1535720100417014,7,2,04,we,8835430602,264,0.39,1,1,201027121504we,15357201004175663,RED PORGY,,234.66781808,10,26,201027121504we,,0,05/04/2021
2010,12,5,4,1535720100417014,7,2,04,we,8835430602,272,0.42,1,1,201027121504we,15357201004175663,RED PORGY,,234.66781808,10,27,201027121504we,,0,05/04/2021
2010,12,5,4,1535720100417014,7,2,04,we,8860020201,378,1.3,1,1,201027121504we,15357201004175663,GRAY TRIGGERFISH,,51.01474306,14,37,201027121504we,,0,05/04/2021
2010,12,5,4,1535720100417014,7,2,04,we,8835430602,300,0.57,1,1,201027121504we,15357201004175663,RED PORGY,,234.66781808,11,30,201027121504we,,0,05/04/2021
2010,12,5,4,1535720100417014,7,2,04,we,8835430602,266,0.38,1,1,201027121504we,15357201004175663,RED PORGY,,234.66781808,10,26,201027121504we,,0,05/04/2021
2010,12,5,4,1535720100417014,7,2,04,we,8835360501,273,0.34,1,1,201027121504we,15357201004175663,VERMILION SNAPPER,,122.43538334,10,27,201027121504we,,0,05/04/2021
2010,12,5,4,1535720100417014,7,2,04,we,8835360501,273,0.34,1,1,201027121504we,15357201004175663,VERMILION SNAPPER,,122.43538334,10,27,201027121504we,,0,05/04/2021
2010,12,5,4,1535720100417014,7,2,04,we,8835360501,274,0.34,1,1,201027121504we,15357201004175663,VERMILION SNAPPER,,122.43538334,10,27,201027121504we,,0,05/04/2021
2010,12,5,4,1535720100417014,7,2,04,we,8835360501,278,0.4,1,1,201027121504we,15357201004175663,VERMILION SNAPPER,,122.43538334,10,27,201027121504we,,0,05/04/2021
2010,12,5,4,1535720100417014,7,2,04,we,8835360501,281,0.34,1,1,201027121504we,15357201004175663,VERMILION SNAPPER,,122.43538334,11,28,201027121504we,,0,05/04/2021
2010,12,5,4,1535720100417014,7,2,04,we,8835280801,852,8.56,1,1,201027121504we,15357201004175663,GREATER AMBERJACK,,61.217691672,33,85,201027121504we,,0,05/04/2021
2010,12,5,4,1535720100417014,7,2,04,we,8835280801,840,7.92,1,1,201027121504we,15357201004175663,GREATER AMBERJACK,,61.217691672,33,84,201027121504we,,0,05/04/2021
2010,12,5,4,1535720100417014,7,2,04,we,8835280801,837,7.42,1,1,201027121504we,15357201004175663,GREATER AMBERJACK,,61.217691672,32,83,201027121504we,,0,05/04/2021
2010,12,5,4,1535720100417014,7,2,04,we,8835250101,281,0.45,1,1,201027121504we,15357201004175663,BLUEFISH,,51.01474306,11,28,201027121504we,,0,05/04/2021
2010,12,5,4,1535720100417014,7,2,04,we,8835280801,794,7.08,1,1,201027121504we,15357201004175663,GREATER AMBERJACK,,61.217691672,31,79,201027121504we,,0,05/04/2021
2010,12,5,4,1535720100417014,7,2,04,we,8835280801,754,5.62,1,1,201027121504we,15357201004175663,GREATER AMBERJACK,,61.217691672,29,75,201027121504we,,0,05/04/2021
2010,12,5,4,1535720100417014,7,2,04,we,8835360102,321,0.5,1,1,201027121504we,15357201004175663,GRAY SNAPPER,,51.01474306,12,32,201027121504we,,0,05/04/2021
2010,12,5,4,1535720100417016,7,2,04,we,,,,0,0,201027121504we,15357201004175663,,,51.357040343,,,201027121504we,,0,05/04/2021
2010,12,5,4,1535720100417018,7,2,04,we,,,,0,0,201027121504we,15357201004175663,,,51.357040343,,,201027121504we,,0,05/04/2021
2010,12,5,4,1535720100417019,7,2,04,we,,,,0,0,201027121504we,15357201004175663,,,51.357040343,,,201027121504we,,0,05/04/2021
2010,12,5,4,1535720100417020,7,2,04,we,8835430602,222,0.28,0,0,201027121504we,15357201004175663,RED PORGY,,74.203262633,8,22,201027121504we,,0,05/04/2021
2010,12,5,4,1535720100417020,7,2,04,we,8835430602,222,0.28,1,1,201027121504we,15357201004175663,RED PORGY,,74.203262633,8,22,201027121504we,,0,05/04/2021
2010,12,5,4,1535720100417020,7,2,04,we,8835430602,235,0.28,0,0,201027121504we,15357201004175663,RED PORGY,,74.203262633,9,23,201027121504we,,0,05/04/2021
2010,12,5,4,1535720100417020,7,2,04,we,8835430602,240,0.33,0,0,201027121504we,15357201004175663,RED PORGY,,74.203262633,9,24,201027121504we,,0,05/04/2021
2010,12,5,4,1535720100417020,7,2,04,we,8835430602,240,0.33,1,1,201027121504we,15357201004175663,RED PORGY,,74.203262633,9,24,201027121504we,,0,05/04/2021
2010,12,5,4,1535720100417020,7,2,04,we,8835430602,241,0.32,0,0,201027121504we,15357201004175663,RED PORGY,,74.203262633,9,24,201027121504we,,0,05/04/2021
2010,12,5,4,1535720100417020,7,2,04,we,8835430602,241,0.3,1,1,201027121504we,15357201004175663,RED PORGY,,74.203262633,9,24,201027121504we,,0,05/04/2021
2010,12,5,4,1535720100417020,7,2,04,we,8835430602,242,0.32,0,0,201027121504we,15357201004175663,RED PORGY,,74.203262633,9,24,201027121504we,,0,05/04/2021
2010,12,5,4,1535720100417020,7,2,04,we,8835430602,242,0.32,1,1,201027121504we,15357201004175663,RED PORGY,,74.203262633,9,24,201027121504we,,0,05/04/2021
2010,12,5,4,1535720100417020,7,2,04,we,8835430602,250,0.37,0,0,201027121504we,15357201004175663,RED PORGY,,74.203262633,9,25,201027121504we,,0,05/04/2021
2010,12,5,4,1535720100417020,7,2,04,we,8835430602,254,0.37,0,0,201027121504we,15357201004175663,RED PORGY,,74.203262633,9,25,201027121504we,,0,05/04/2021
2010,12,5,4,1535720100417020,7,2,04,we,8835430602,254,0.35,0,0,201027121504we,15357201004175663,RED PORGY,,74.203262633,9,25,201027121504we,,0,05/04/2021
2010,12,5,4,1535720100417020,7,2,04,we,8835430602,264,0.39,0,0,201027121504we,15357201004175663,RED PORGY,,74.203262633,10,26,201027121504we,,0,05/04/2021
2010,12,5,4,1535720100417020,7,2,04,we,8835430602,272,0.42,0,0,201027121504we,15357201004175663,RED PORGY,,74.203262633,10,27,201027121504we,,0,05/04/2021
2010,12,5,4,1535720100417020,7,2,04,we,8835430602,298,0.53,0,0,201027121504we,15357201004175663,RED PORGY,,74.203262633,11,29,201027121504we,,0,05/04/2021
2010,12,5,4,1535720100417020,7,2,04,we,8835430602,300,0.57,0,0,201027121504we,15357201004175663,RED PORGY,,74.203262633,11,30,201027121504we,,0,05/04/2021
2010,12,5,4,1535720100417020,7,2,04,we,8835430602,310,0.67,0,0,201027121504we,15357201004175663,RED PORGY,,74.203262633,12,31,201027121504we,,0,05/04/2021
2010,12,5,4,1535720100417020,7,2,04,we,8835430602,323,0.74,0,0,201027121504we,15357201004175663,RED PORGY,,74.203262633,12,32,201027121504we,,0,05/04/2021
2010,12,5,4,1535720100417020,7,2,04,we,8835360501,218,0.2,0,0,201027121504we,15357201004175663,VERMILION SNAPPER,,51.01474306,8,21,201027121504we,,0,05/04/2021
2010,12,5,4,1535720100417020,7,2,04,we,8835360501,225,0.21,0,0,201027121504we,15357201004175663,VERMILION SNAPPER,,51.01474306,8,22,201027121504we,,0,05/04/2021
2010,12,5,4,1535720100417020,7,2,04,we,8835430602,247,0.33,0,0,201027121504we,15357201004175663,RED PORGY,,74.203262633,9,24,201027121504we,,0,05/04/2021
2010,12,5,4,1535720100417020,7,2,04,we,8835360501,238,0.25,0,0,201027121504we,15357201004175663,VERMILION SNAPPER,,51.01474306,9,23,201027121504we,,0,05/04/2021
2010,12,5,4,1535720100417020,7,2,04,we,8835360501,251,0.3,0,0,201027121504we,15357201004175663,VERMILION SNAPPER,,51.01474306,9,25,201027121504we,,0,05/04/2021
2010,12,5,4,1535720100417020,7,2,04,we,8835430602,241,0.3,0,0,201027121504we,15357201004175663,RED PORGY,,74.203262633,9,24,201027121504we,,0,05/04/2021
2010,12,5,4,1535720100417020,7,2,04,we,8835360501,264,0.34,0,0,201027121504we,15357201004175663,VERMILION SNAPPER,,51.01474306,10,26,201027121504we,,0,05/04/2021
2010,12,5,4,1535720100417020,7,2,04,we,8835430602,266,0.42,0,0,201027121504we,15357201004175663,RED PORGY,,74.203262633,10,26,201027121504we,,0,05/04/2021
2010,12,5,4,1535720100417020,7,2,04,we,8835360112,348,0.69,0,0,201027121504we,15357201004175663,LANE SNAPPER,,51.01474306,13,34,201027121504we,,0,05/04/2021
2010,12,5,4,1535720100417020,7,2,04,we,8835360102,465,1.4,0,0,201027121504we,15357201004175663,GRAY SNAPPER,,51.01474306,18,46,201027121504we,,0,05/04/2021
2010,12,5,4,1535720100417020,7,2,04,we,8835430602,266,0.38,0,0,201027121504we,15357201004175663,RED PORGY,,74.203262633,10,26,201027121504we,,0,05/04/2021
2010,12,5,4,1535720100417020,7,2,04,we,8835280804,472,1.72,1,1,201027121504we,15357201004175663,BANDED RUDDERFISH,,71.420640284,18,47,201027121504we,,0,05/04/2021
2010,12,5,4,1535720100417020,7,2,04,we,8835280804,476,1.73,1,1,201027121504we,15357201004175663,BANDED RUDDERFISH,,71.420640284,18,47,201027121504we,,0,05/04/2021
2010,12,5,4,1535720100417020,7,2,04,we,8835280804,485,1.64,1,1,201027121504we,15357201004175663,BANDED RUDDERFISH,,71.420640284,19,48,201027121504we,,0,05/04/2021
2010,12,5,4,1535720100417020,7,2,04,we,8835280804,496,1.98,1,1,201027121504we,15357201004175663,BANDED RUDDERFISH,,71.420640284,19,49,201027121504we,,0,05/04/2021
2010,12,5,4,1535720100417020,7,2,04,we,8835280804,532,2.18,1,1,201027121504we,15357201004175663,BANDED RUDDERFISH,,71.420640284,20,53,201027121504we,,0,05/04/2021
2010,12,5,4,1535720100417020,7,2,04,we,8835280803,912,10.12,1,1,201027121504we,15357201004175663,ALMACO JACK,,51.01474306,35,91,201027121504we,,0,05/04/2021
2010,12,5,4,1535720100417020,7,2,04,we,8835280801,864,8.44,1,1,201027121504we,15357201004175663,GREATER AMBERJACK,,51.01474306,34,86,201027121504we,,0,05/04/2021
2010,12,5,4,1535720100417020,7,2,04,we,8835280801,751,5.96,0,0,201027121504we,15357201004175663,GREATER AMBERJACK,,51.01474306,29,75,201027121504we,,0,05/04/2021
2010,12,5,4,1535720100417020,7,2,04,we,8835280801,876,9.06,1,1,201027121504we,15357201004175663,GREATER AMBERJACK,,51.01474306,34,87,201027121504we,,0,05/04/2021
2010,12,5,4,1535720100417020,7,2,04,we,8835020505,430,1.2,0,0,201027121504we,15357201004175663,SCAMP,,51.01474306,16,43,201027121504we,,0,05/04/2021
2010,12,5,4,1535720100417020,7,2,04,we,8835280801,775,6.26,0,0,201027121504we,15357201004175663,GREATER AMBERJACK,,51.01474306,30,77,201027121504we,,0,05/04/2021
2010,12,5,4,1535720100417020,7,2,04,we,8835280801,780,6.3,1,1,201027121504we,15357201004175663,GREATER AMBERJACK,,51.01474306,30,78,201027121504we,,0,05/04/2021
2010,12,5,4,1535720100417020,7,2,04,we,8835280801,862,8.68,1,1,201027121504we,15357201004175663,GREATER AMBERJACK,,51.01474306,33,86,201027121504we,,0,05/04/2021
2010,12,5,4,1535720100417021,7,2,04,we,,,,0,0,201027121504we,15357201004175663,,,51.357040343,,,201027121504we,,0,05/04/2021
2010,12,5,4,1535720100417022,7,2,04,we,,,,0,0,201027121504we,15357201004175663,,,51.357040343,,,201027121504we,,0,05/04/2021
2010,12,5,4,1535720100417023,7,2,04,we,,,,0,0,201027121504we,15357201004175663,,,51.357040343,,,201027121504we,,0,05/04/2021
2010,12,5,4,1535720100417025,7,2,04,we,,,,0,0,201027121504we,15357201004175663,,,51.357040343,,,201027121504we,,0,05/04/2021
2010,12,5,4,1535720100417026,7,2,04,we,8860020201,380,1.39,0,0,201027121504we,15357201004175663,GRAY TRIGGERFISH,,51.01474306,14,38,201027121504we,,0,05/04/2021
2010,12,5,4,1535720100417026,7,2,04,we,8835360501,330,0.64,0,0,201027121504we,15357201004175663,VERMILION SNAPPER,,51.01474306,12,33,201027121504we,,0,05/04/2021
2010,12,5,4,1535720100417026,7,2,04,we,8835360102,314,0.48,1,1,201027121504we,15357201004175663,GRAY SNAPPER,,51.01474306,12,31,201027121504we,,0,05/04/2021
2010,12,5,4,1535720100417026,7,2,04,we,8835280801,873,8.45,0,0,201027121504we,15357201004175663,GREATER AMBERJACK,,68.019657414,34,87,201027121504we,,0,05/04/2021
2010,12,5,4,1535720100417026,7,2,04,we,8835280801,872,9.15,0,0,201027121504we,15357201004175663,GREATER AMBERJACK,,68.019657414,34,87,201027121504we,,0,05/04/2021
2010,12,5,4,1535720100417026,7,2,04,we,8835280801,831,7.89,1,1,201027121504we,15357201004175663,GREATER AMBERJACK,,68.019657414,32,83,201027121504we,,0,05/04/2021
2010,12,5,4,1535720100417026,7,2,04,we,8835280801,775,6.26,1,1,201027121504we,15357201004175663,GREATER AMBERJACK,,68.019657414,30,77,201027121504we,,0,05/04/2021
2010,12,5,4,1535720100417026,7,2,04,we,8835280801,815,6.97,1,1,201027121504we,15357201004175663,GREATER AMBERJACK,,68.019657414,32,81,201027121504we,,0,05/04/2021
2010,12,5,4,1535720100417026,7,2,04,we,8835280801,853,7.75,1,1,201027121504we,15357201004175663,GREATER AMBERJACK,,68.019657414,33,85,201027121504we,,0,05/04/2021
2010,12,5,4,1535720100417026,7,2,04,we,8835020501,572,2.68,1,1,201027121504we,15357201004175663,GAG,,51.01474306,22,57,201027121504we,,0,05/04/2021
2010,12,5,4,1535720100417026,7,2,04,we,8835360102,584,2.87,0,0,201027121504we,15357201004175663,GRAY SNAPPER,,51.01474306,22,58,201027121504we,,0,05/04/2021
2010,12,5,4,1535720100417026,7,2,04,we,8835020501,588,2.75,0,0,201027121504we,15357201004175663,GAG,,51.01474306,23,58,201027121504we,,0,05/04/2021
2010,12,5,4,1535720100417026,7,2,04,we,8835020501,593,3,0,0,201027121504we,15357201004175663,GAG,,51.01474306,23,59,201027121504we,,0,05/04/2021
2010,12,5,4,1535720100417026,7,2,04,we,8860020201,398,1.51,0,0,201027121504we,15357201004175663,GRAY TRIGGERFISH,,51.01474306,15,39,201027121504we,,0,05/04/2021
2010,12,5,4,1535720100417026,7,2,04,we,8835020501,624,3.6,0,0,201027121504we,15357201004175663,GAG,,51.01474306,24,62,201027121504we,,0,05/04/2021
2010,12,5,4,1535720100417026,7,2,04,we,8835020501,626,3.57,0,0,201027121504we,15357201004175663,GAG,,51.01474306,24,62,201027121504we,,0,05/04/2021
2010,12,5,4,1535720100417026,7,2,04,we,8835020501,665,4.08,0,0,201027121504we,15357201004175663,GAG,,51.01474306,26,66,201027121504we,,0,05/04/2021
2010,12,5,4,1535720100417026,7,2,04,we,8835020501,683,5.06,0,0,201027121504we,15357201004175663,GAG,,51.01474306,26,68,201027121504we,,0,05/04/2021
2010,12,5,4,1535720100417026,7,2,04,we,8835020501,689,4.86,0,0,201027121504we,15357201004175663,GAG,,51.01474306,27,68,201027121504we,,0,05/04/2021
2010,12,5,4,1535720100417026,7,2,04,we,8835020501,698,4.72,0,0,201027121504we,15357201004175663,GAG,,51.01474306,27,69,201027121504we,,0,05/04/2021
2010,12,5,4,1535720100417026,7,2,04,we,8835020501,730,5.21,0,0,201027121504we,15357201004175663,GAG,,51.01474306,28,73,201027121504we,,0,05/04/2021
2010,12,5,4,1535720100417026,7,2,04,we,8835020501,750,5.75,0,0,201027121504we,15357201004175663,GAG,,51.01474306,29,75,201027121504we,,0,05/04/2021
2010,12,5,4,1535720100417026,7,2,04,we,8835020501,832,9.57,0,0,201027121504we,15357201004175663,GAG,,51.01474306,32,83,201027121504we,,0,05/04/2021
2010,12,5,4,1535720100417026,7,2,04,we,8835020408,495,2.4,1,1,201027121504we,15357201004175663,RED GROUPER,,51.01474306,19,49,201027121504we,,0,05/04/2021
2010,12,5,4,1535720100417026,7,2,04,we,8708020301,746,2.96,0,0,201027121504we,15357201004175663,ATLANTIC SHARPNOSE SHARK,,51.01474306,29,74,201027121504we,,0,05/04/2021
2010,12,5,4,1535720100417026,7,2,04,we,8708020301,746,2.96,1,1,201027121504we,15357201004175663,ATLANTIC SHARPNOSE SHARK,,51.01474306,29,74,201027121504we,,0,05/04/2021
2010,12,5,4,1535720100417027,7,2,04,we,,,,0,0,201027121504we,15357201004175663,,,62.042608592,,,201027121504we,,0,05/04/2021
2010,12,5,4,1535720100417028,7,2,04,we,,,,0,0,201027121504we,15357201004175663,,,62.042608592,,,201027121504we,,0,05/04/2021
2010,12,5,4,1535720100417029,7,2,04,we,,,,0,0,201027121504we,15357201004175663,,,62.042608592,,,201027121504we,,0,05/04/2021
2010,12,5,4,1535720100417030,7,2,04,we,,,,0,0,201027121504we,15357201004175663,,,62.042608592,,,201027121504we,,0,05/04/2021
2010,12,5,4,1535720100417031,7,2,04,we,,,,0,0,201027121504we,15357201004175663,,,62.042608592,,,201027121504we,,0,05/04/2021
2010,12,5,3,1535720100429001,7,2,04,wd,8850030502,455,0.64,1,1,201027121504wd,15357201004295663,SPANISH MACKEREL,,25.810912628,17,45,201027121504wd,,0,05/04/2021
2010,12,5,3,1535720100429001,7,2,04,wd,8850030502,634,2.34,1,1,201027121504wd,15357201004295663,SPANISH MACKEREL,,25.810912628,24,63,201027121504wd,,0,05/04/2021
2010,12,5,3,1535720100429001,7,2,04,wd,8850030502,500,1,1,1,201027121504wd,15357201004295663,SPANISH MACKEREL,,25.810912628,19,50,201027121504wd,,0,05/04/2021
2010,12,5,3,1535720100429004,7,2,04,wd,,,,0,0,201027121504wd,15357201004295663,,,25.810912628,,,201027121504wd,,0,05/04/2021
2010,12,5,3,1535720100429007,7,2,04,wd,8835260101,860,8.42,1,1,201027121504wd,15357201004295663,COBIA,,25.810912628,33,86,201027121504wd,,0,05/04/2021
2010,12,5,3,1535720100429007,7,2,04,wd,8835260101,1031,12.18,0,0,201027121504wd,15357201004295663,COBIA,,25.810912628,40,103,201027121504wd,,0,05/04/2021
2010,12,5,3,1535720100429011,7,2,04,wd,8850030502,578,1.36,1,1,201027121504wd,15357201004295663,SPANISH MACKEREL,,20.820111701,22,57,201027121504wd,,0,05/04/2021
2010,12,5,4,1535720100429012,7,2,04,wd,8835430602,256,0.35,1,1,201027121504wd,15357201004295663,RED PORGY,,110.66245597,10,25,201027121504wd,,0,05/04/2021
2010,12,5,4,1535720100429012,7,2,04,wd,8835430602,261,0.35,1,1,201027121504wd,15357201004295663,RED PORGY,,110.66245597,10,26,201027121504wd,,0,05/04/2021
2010,12,5,4,1535720100429012,7,2,04,wd,8835430602,272,0.42,1,1,201027121504wd,15357201004295663,RED PORGY,,110.66245597,10,27,201027121504wd,,0,05/04/2021
2010,12,5,4,1535720100429012,7,2,04,wd,8835430602,281,0.43,1,1,201027121504wd,15357201004295663,RED PORGY,,110.66245597,11,28,201027121504wd,,0,05/04/2021
2010,12,5,4,1535720100429012,7,2,04,wd,8835430602,265,0.34,1,1,201027121504wd,15357201004295663,RED PORGY,,110.66245597,10,26,201027121504wd,,0,05/04/2021
2010,12,5,4,1535720100429012,7,2,04,wd,8835360501,257,0.28,1,1,201027121504wd,15357201004295663,VERMILION SNAPPER,,79.044611405,10,25,201027121504wd,,0,05/04/2021
2010,12,5,4,1535720100429012,7,2,04,wd,8835360501,260,0.3,1,1,201027121504wd,15357201004295663,VERMILION SNAPPER,,79.044611405,10,26,201027121504wd,,0,05/04/2021
2010,12,5,4,1535720100429012,7,2,04,wd,8835360501,257,0.3,1,1,201027121504wd,15357201004295663,VERMILION SNAPPER,,79.044611405,10,25,201027121504wd,,0,05/04/2021
2010,12,5,4,1535720100429012,7,2,04,wd,8835360501,265,0.32,1,1,201027121504wd,15357201004295663,VERMILION SNAPPER,,79.044611405,10,26,201027121504wd,,0,05/04/2021
2010,12,5,4,1535720100429012,7,2,04,wd,8835360501,277,0.34,1,1,201027121504wd,15357201004295663,VERMILION SNAPPER,,79.044611405,10,27,201027121504wd,,0,05/04/2021
2010,12,5,4,1535720100429012,7,2,04,wd,8835360102,387,0.92,1,1,201027121504wd,15357201004295663,GRAY SNAPPER,,79.044611405,15,38,201027121504wd,,0,05/04/2021
2010,12,5,4,1535720100429012,7,2,04,wd,8835280801,872,9.15,1,1,201027121504wd,15357201004295663,GREATER AMBERJACK,,79.044611405,34,87,201027121504wd,,0,05/04/2021
2010,12,5,4,1535720100429012,7,2,04,wd,8835280801,751,5.96,1,1,201027121504wd,15357201004295663,GREATER AMBERJACK,,79.044611405,29,75,201027121504wd,,0,05/04/2021
2010,12,5,4,1535720100429013,7,2,04,wd,,,,0,0,201027121504wd,15357201004295663,,,79.044611405,,,201027121504wd,,0,05/04/2021
2010,12,5,4,1535720100429015,7,2,04,wd,,,,0,0,201027121504wd,15357201004295663,,,79.044611405,,,201027121504wd,,0,05/04/2021
2010,12,5,4,1535720100429017,7,2,04,wd,,,,0,0,201027121504wd,15357201004295663,,,79.044611405,,,201027121504wd,,0,05/04/2021
2010,12,5,4,1543120100304001,7,2,03,wd,8803010201,,,0,0,201027123503wd,154312010030487303,BALLYHOO,,903.95760369,,,201027123503wd,,0,05/04/2021
2010,12,5,4,1543120100304002,7,2,03,wd,8803010201,,,0,0,201027123503wd,154312010030487303,BALLYHOO,,903.95760369,,,201027123503wd,,0,05/04/2021
2010,12,5,4,1543120100304003,7,2,03,wd,8803010201,,,0,0,201027123503wd,154312010030487303,BALLYHOO,,903.95760369,,,201027123503wd,,0,05/04/2021
2010,12,5,4,1543120100304004,7,2,03,wd,8803010201,,,0,0,201027123503wd,154312010030487303,BALLYHOO,,903.95760369,,,201027123503wd,,0,05/04/2021
2010,12,5,4,1543120100304005,7,2,03,wd,8835360103,615,4.54,1,1,201027123503wd,154312010030487303,MUTTON SNAPPER,,57.740034875,24,61,201027123503wd,,0,05/04/2021
2010,12,5,4,1543120100304005,7,2,03,wd,8747010804,139,0.06,1,1,201027123503wd,154312010030487303,SCALED SARDINE,,138.5760837,5,13,201027123503wd,,0,05/04/2021
2010,12,5,4,1543120100304005,7,2,03,wd,8747010804,152,0.06,1,1,201027123503wd,154312010030487303,SCALED SARDINE,,138.5760837,5,15,201027123503wd,,0,05/04/2021
2010,12,5,4,1543120100304005,7,2,03,wd,8747010804,152,0.06,1,1,201027123503wd,154312010030487303,SCALED SARDINE,,138.5760837,5,15,201027123503wd,,0,05/04/2021
2010,12,5,4,1543120100304005,7,2,03,wd,8747010804,155,0.06,1,1,201027123503wd,154312010030487303,SCALED SARDINE,,138.5760837,6,15,201027123503wd,,0,05/04/2021
2010,12,5,4,1543120100304005,7,2,03,wd,8747010804,155,0.06,1,1,201027123503wd,154312010030487303,SCALED SARDINE,,138.5760837,6,15,201027123503wd,,0,05/04/2021
2010,12,5,4,1543120100304006,7,2,03,wd,8835280803,555,2.6,1,1,201027123503wd,154312010030487303,ALMACO JACK,,57.740034875,21,55,201027123503wd,,0,05/04/2021
2010,12,5,4,1543120100304006,7,2,03,wd,8747010804,128,0.06,1,1,201027123503wd,154312010030487303,SCALED SARDINE,,150.12409068,5,12,201027123503wd,,0,05/04/2021
2010,12,5,4,1543120100304006,7,2,03,wd,8747010804,131,0.06,1,1,201027123503wd,154312010030487303,SCALED SARDINE,,150.12409068,5,13,201027123503wd,,0,05/04/2021
2010,12,5,4,1543120100304006,7,2,03,wd,8747010804,134,0.06,1,1,201027123503wd,154312010030487303,SCALED SARDINE,,150.12409068,5,13,201027123503wd,,0,05/04/2021
2010,12,5,4,1543120100304006,7,2,03,wd,8747010804,134,0.06,1,1,201027123503wd,154312010030487303,SCALED SARDINE,,150.12409068,5,13,201027123503wd,,0,05/04/2021
2010,12,5,4,1543120100304006,7,2,03,wd,8747010804,152,0.06,1,1,201027123503wd,154312010030487303,SCALED SARDINE,,150.12409068,5,15,201027123503wd,,0,05/04/2021
2010,12,5,4,1543120100304007,7,2,03,wd,8835280803,352,2.48,1,1,201027123503wd,154312010030487303,ALMACO JACK,,57.740034875,13,35,201027123503wd,,0,05/04/2021
2010,12,5,4,1543120100304007,7,2,03,wd,8747010804,128,0.06,1,1,201027123503wd,154312010030487303,SCALED SARDINE,,138.5760837,5,12,201027123503wd,,0,05/04/2021
2010,12,5,4,1543120100304007,7,2,03,wd,8747010804,131,0.06,1,1,201027123503wd,154312010030487303,SCALED SARDINE,,138.5760837,5,13,201027123503wd,,0,05/04/2021
2010,12,5,4,1543120100304007,7,2,03,wd,8747010804,136,0.06,1,1,201027123503wd,154312010030487303,SCALED SARDINE,,138.5760837,5,13,201027123503wd,,0,05/04/2021
2010,12,5,4,1543120100304007,7,2,03,wd,8747010804,142,0.06,1,1,201027123503wd,154312010030487303,SCALED SARDINE,,138.5760837,5,14,201027123503wd,,0,05/04/2021
2010,12,5,4,1543120100304007,7,2,03,wd,8747010804,142,0.06,1,1,201027123503wd,154312010030487303,SCALED SARDINE,,138.5760837,5,14,201027123503wd,,0,05/04/2021
2010,12,5,4,1543120100304008,7,2,03,wd,8835360401,364,0.74,1,1,201027123503wd,154312010030487303,YELLOWTAIL SNAPPER,,57.740034875,14,36,201027123503wd,,0,05/04/2021
2010,12,5,4,1543120100304008,7,2,03,wd,8835280803,435,1.54,1,1,201027123503wd,154312010030487303,ALMACO JACK,,57.740034875,17,43,201027123503wd,,0,05/04/2021
2010,12,5,4,1543120100304008,7,2,03,wd,8747010804,135,0.06,1,1,201027123503wd,154312010030487303,SCALED SARDINE,,150.12409068,5,13,201027123503wd,,0,05/04/2021
2010,12,5,4,1543120100304008,7,2,03,wd,8747010804,139,0.06,1,1,201027123503wd,154312010030487303,SCALED SARDINE,,150.12409068,5,13,201027123503wd,,0,05/04/2021
2010,12,5,4,1543120100304008,7,2,03,wd,8747010804,142,0.06,1,1,201027123503wd,154312010030487303,SCALED SARDINE,,150.12409068,5,14,201027123503wd,,0,05/04/2021
2010,12,5,4,1543120100304008,7,2,03,wd,8747010804,145,0.06,1,1,201027123503wd,154312010030487303,SCALED SARDINE,,150.12409068,5,14,201027123503wd,,0,05/04/2021
2010,12,5,4,1543120100304008,7,2,03,wd,8747010804,145,0.06,1,1,201027123503wd,154312010030487303,SCALED SARDINE,,150.12409068,5,14,201027123503wd,,0,05/04/2021
2010,12,5,4,1543120100304009,7,2,03,wd,8835280801,873,8.45,1,1,201027123503wd,154312010030487303,GREATER AMBERJACK,,57.740034875,34,87,201027123503wd,,0,05/04/2021
2010,12,5,4,1543120100304009,7,2,03,wd,8835280306,292,0.42,1,1,201027123503wd,154312010030487303,BLUE RUNNER,,57.740034875,11,29,201027123503wd,,0,05/04/2021
2010,12,5,4,1543120100304010,7,2,03,wd,8835280801,1037,17.02,1,1,201027123503wd,154312010030487303,GREATER AMBERJACK,,57.740034875,40,103,201027123503wd,,0,05/04/2021
2010,12,5,4,1543120100304010,7,2,03,wd,8835280306,331,0.64,1,1,201027123503wd,154312010030487303,BLUE RUNNER,,57.740034875,13,33,201027123503wd,,0,05/04/2021
2010,12,5,4,1543120100304010,7,2,03,wd,8835280306,250,0.28,1,1,201027123503wd,154312010030487303,BLUE RUNNER,,57.740034875,9,25,201027123503wd,,0,05/04/2021
2010,12,5,4,1543120100304011,7,2,03,wd,8835280801,1020,14.54,1,1,201027123503wd,154312010030487303,GREATER AMBERJACK,,57.740034875,40,102,201027123503wd,,0,05/04/2021
2010,12,5,4,1543120100304011,7,2,03,wd,8835280306,292,0.42,1,1,201027123503wd,154312010030487303,BLUE RUNNER,,57.740034875,11,29,201027123503wd,,0,05/04/2021
2010,12,5,4,1543120100304011,7,2,03,wd,8835280306,433,1.42,1,1,201027123503wd,154312010030487303,BLUE RUNNER,,57.740034875,17,43,201027123503wd,,0,05/04/2021
2010,12,5,4,1543120100304012,7,2,03,wd,8835280801,1101,13.62,1,1,201027123503wd,154312010030487303,GREATER AMBERJACK,,57.740034875,43,110,201027123503wd,,0,05/04/2021
2010,12,5,4,1543120100304012,7,2,03,wd,8835280306,294,0.46,1,1,201027123503wd,154312010030487303,BLUE RUNNER,,57.740034875,11,29,201027123503wd,,0,05/04/2021
2010,12,5,4,1543120100304013,7,2,03,wd,8850030404,718,9.08,1,1,201027123503wd,154312010030487303,BLACKFIN TUNA,,138.5760837,28,71,201027123503wd,,0,05/04/2021
2010,12,5,4,1543120100304013,7,2,03,wd,8850030404,811,11.32,1,1,201027123503wd,154312010030487303,BLACKFIN TUNA,,138.5760837,31,81,201027123503wd,,0,05/04/2021
2010,12,5,4,1543120100304013,7,2,03,wd,8850030404,811,11.32,1,1,201027123503wd,154312010030487303,BLACKFIN TUNA,,138.5760837,31,81,201027123503wd,,0,05/04/2021
2010,12,5,4,1543120100304013,7,2,03,wd,8850030404,811,11.32,1,1,201027123503wd,154312010030487303,BLACKFIN TUNA,,138.5760837,31,81,201027123503wd,,0,05/04/2021
2010,12,5,4,1543120100304013,7,2,03,wd,8835280803,321,0.64,1,1,201027123503wd,154312010030487303,ALMACO JACK,,57.740034875,12,32,201027123503wd,,0,05/04/2021
2010,12,5,4,1543120100304013,7,2,03,wd,8835280803,491,1.9,1,1,201027123503wd,154312010030487303,ALMACO JACK,,57.740034875,19,49,201027123503wd,,0,05/04/2021
2010,12,5,4,1543120100304013,7,2,03,wd,8835280803,530,2.48,1,1,201027123503wd,154312010030487303,ALMACO JACK,,57.740034875,20,53,201027123503wd,,0,05/04/2021
2010,12,5,4,1543120100304013,7,2,03,wd,8850030404,718,9.08,1,1,201027123503wd,154312010030487303,BLACKFIN TUNA,,138.5760837,28,71,201027123503wd,,0,05/04/2021
2010,12,5,4,1543120100304013,7,2,03,wd,8835280803,530,2.48,1,1,201027123503wd,154312010030487303,ALMACO JACK,,57.740034875,20,53,201027123503wd,,0,05/04/2021
2010,12,5,4,1543120100304013,7,2,03,wd,8835280803,955,12.48,1,1,201027123503wd,154312010030487303,ALMACO JACK,,57.740034875,37,95,201027123503wd,,0,05/04/2021
2010,12,5,4,1543120100304013,7,2,03,wd,8835280801,939,12.98,1,1,201027123503wd,154312010030487303,GREATER AMBERJACK,,57.740034875,36,93,201027123503wd,,0,05/04/2021
2010,12,5,4,1543120100304013,7,2,03,wd,8747010804,133,0.06,1,1,201027123503wd,154312010030487303,SCALED SARDINE,,288.70017438,5,13,201027123503wd,,0,05/04/2021
2010,12,5,4,1543120100304013,7,2,03,wd,8747010804,135,0.06,1,1,201027123503wd,154312010030487303,SCALED SARDINE,,288.70017438,5,13,201027123503wd,,0,05/04/2021
2010,12,5,4,1543120100304013,7,2,03,wd,8747010804,145,0.06,1,1,201027123503wd,154312010030487303,SCALED SARDINE,,288.70017438,5,14,201027123503wd,,0,05/04/2021
2010,12,5,4,1543120100304013,7,2,03,wd,8747010804,153,0.06,1,1,201027123503wd,154312010030487303,SCALED SARDINE,,288.70017438,6,15,201027123503wd,,0,05/04/2021
2010,12,5,4,1543120100304013,7,2,03,wd,8747010804,158,0.06,1,1,201027123503wd,154312010030487303,SCALED SARDINE,,288.70017438,6,15,201027123503wd,,0,05/04/2021
2010,12,5,4,1543120100304014,7,2,03,wd,8747010804,135,0.06,1,1,201027123503wd,154312010030487303,SCALED SARDINE,,288.70017438,5,13,201027123503wd,,0,05/04/2021
2010,12,5,4,1543120100304014,7,2,03,wd,8747010804,142,0.06,1,1,201027123503wd,154312010030487303,SCALED SARDINE,,288.70017438,5,14,201027123503wd,,0,05/04/2021
2010,12,5,4,1543120100304014,7,2,03,wd,8747010804,149,0.06,1,1,201027123503wd,154312010030487303,SCALED SARDINE,,288.70017438,5,14,201027123503wd,,0,05/04/2021
2010,12,5,4,1543120100304014,7,2,03,wd,8747010804,149,0.06,1,1,201027123503wd,154312010030487303,SCALED SARDINE,,288.70017438,5,14,201027123503wd,,0,05/04/2021
2010,12,5,4,1543120100304014,7,2,03,wd,8747010804,153,0.06,1,1,201027123503wd,154312010030487303,SCALED SARDINE,,288.70017438,6,15,201027123503wd,,0,05/04/2021
2010,12,5,4,1543120100304015,7,2,03,wd,8747010804,140,0.06,1,1,201027123503wd,154312010030487303,SCALED SARDINE,,288.70017438,5,14,201027123503wd,,0,05/04/2021
2010,12,5,4,1543120100304015,7,2,03,wd,8747010804,140,0.06,1,1,201027123503wd,154312010030487303,SCALED SARDINE,,288.70017438,5,14,201027123503wd,,0,05/04/2021
2010,12,5,4,1543120100304015,7,2,03,wd,8747010804,140,0.06,1,1,201027123503wd,154312010030487303,SCALED SARDINE,,288.70017438,5,14,201027123503wd,,0,05/04/2021
2010,12,5,4,1543120100304015,7,2,03,wd,8747010804,142,0.06,1,1,201027123503wd,154312010030487303,SCALED SARDINE,,288.70017438,5,14,201027123503wd,,0,05/04/2021
2010,12,5,4,1543120100304015,7,2,03,wd,8747010804,153,0.06,1,1,201027123503wd,154312010030487303,SCALED SARDINE,,288.70017438,6,15,201027123503wd,,0,05/04/2021
2010,12,5,4,1543120100304016,7,2,03,wd,8747010804,135,0.06,1,1,201027123503wd,154312010030487303,SCALED SARDINE,,288.70017438,5,13,201027123503wd,,0,05/04/2021
2010,12,5,4,1543120100304016,7,2,03,wd,8747010804,136,0.06,1,1,201027123503wd,154312010030487303,SCALED SARDINE,,288.70017438,5,13,201027123503wd,,0,05/04/2021
2010,12,5,4,1543120100304016,7,2,03,wd,8747010804,140,0.06,1,1,201027123503wd,154312010030487303,SCALED SARDINE,,288.70017438,5,14,201027123503wd,,0,05/04/2021
2010,12,5,4,1543120100304016,7,2,03,wd,8747010804,140,0.06,1,1,201027123503wd,154312010030487303,SCALED SARDINE,,288.70017438,5,14,201027123503wd,,0,05/04/2021
2010,12,5,4,1543120100304016,7,2,03,wd,8747010804,140,0.06,1,1,201027123503wd,154312010030487303,SCALED SARDINE,,288.70017438,5,14,201027123503wd,,0,05/04/2021
2010,12,5,4,1543120100304017,7,2,03,wd,8835400100,,,0,0,201027123503wd,154312010030487303,GRUNT GENUS,,57.740034875,,,201027123503wd,,0,05/04/2021
2010,12,5,4,1543120100304017,7,2,03,wd,8803010201,,,0,0,201027123503wd,154312010030487303,BALLYHOO,,1385.760837,,,201027123503wd,,0,05/04/2021
2010,12,5,4,1543120100304017,7,2,03,wd,8747010804,128,0.06,1,1,201027123503wd,154312010030487303,SCALED SARDINE,,80.836048825,5,12,201027123503wd,,0,05/04/2021
2010,12,5,4,1543120100304017,7,2,03,wd,8747010804,139,0.06,1,1,201027123503wd,154312010030487303,SCALED SARDINE,,80.836048825,5,13,201027123503wd,,0,05/04/2021
2010,12,5,4,1543120100304017,7,2,03,wd,8747010804,140,0.06,1,1,201027123503wd,154312010030487303,SCALED SARDINE,,80.836048825,5,14,201027123503wd,,0,05/04/2021
2010,12,5,4,1543120100304017,7,2,03,wd,8747010804,158,0.06,1,1,201027123503wd,154312010030487303,SCALED SARDINE,,80.836048825,6,15,201027123503wd,,0,05/04/2021
2010,12,5,4,1543120100304017,7,2,03,wd,8747010804,158,0.06,1,1,201027123503wd,154312010030487303,SCALED SARDINE,,80.836048825,6,15,201027123503wd,,0,05/04/2021
2010,12,5,4,1543120100304018,7,2,03,wd,8835400100,,,0,0,201027123503wd,154312010030487303,GRUNT GENUS,,57.740034875,,,201027123503wd,,0,05/04/2021
2010,12,5,4,1543120100304018,7,2,03,wd,8803010201,,,0,0,201027123503wd,154312010030487303,BALLYHOO,,1385.760837,,,201027123503wd,,0,05/04/2021
2010,12,5,4,1543120100304018,7,2,03,wd,8747010804,130,0.06,1,1,201027123503wd,154312010030487303,SCALED SARDINE,,80.836048825,5,13,201027123503wd,,0,05/04/2021
2010,12,5,4,1543120100304018,7,2,03,wd,8747010804,142,0.06,1,1,201027123503wd,154312010030487303,SCALED SARDINE,,80.836048825,5,14,201027123503wd,,0,05/04/2021
2010,12,5,4,1543120100304018,7,2,03,wd,8747010804,146,0.06,1,1,201027123503wd,154312010030487303,SCALED SARDINE,,80.836048825,5,14,201027123503wd,,0,05/04/2021
2010,12,5,4,1543120100304018,7,2,03,wd,8747010804,150,0.06,1,1,201027123503wd,154312010030487303,SCALED SARDINE,,80.836048825,5,15,201027123503wd,,0,05/04/2021
2010,12,5,4,1543120100304018,7,2,03,wd,8747010804,153,0.06,1,1,201027123503wd,154312010030487303,SCALED SARDINE,,80.836048825,6,15,201027123503wd,,0,05/04/2021
2010,12,5,4,1543120100304019,7,2,03,wd,8835281203,,,0,0,201027123503wd,154312010030487303,REDTAIL SCAD,,57.740034875,,,201027123503wd,,0,05/04/2021
2010,12,5,4,1543120100304019,7,2,03,wd,8803010201,,,0,0,201027123503wd,154312010030487303,BALLYHOO,,1385.760837,,,201027123503wd,,0,05/04/2021
2010,12,5,4,1543120100304019,7,2,03,wd,8747010804,124,0.06,1,1,201027123503wd,154312010030487303,SCALED SARDINE,,80.836048825,4,12,201027123503wd,,0,05/04/2021
2010,12,5,4,1543120100304019,7,2,03,wd,8747010804,145,0.06,1,1,201027123503wd,154312010030487303,SCALED SARDINE,,80.836048825,5,14,201027123503wd,,0,05/04/2021
2010,12,5,4,1543120100304019,7,2,03,wd,8747010804,146,0.06,1,1,201027123503wd,154312010030487303,SCALED SARDINE,,80.836048825,5,14,201027123503wd,,0,05/04/2021
2010,12,5,4,1543120100304019,7,2,03,wd,8747010804,146,0.06,1,1,201027123503wd,154312010030487303,SCALED SARDINE,,80.836048825,5,14,201027123503wd,,0,05/04/2021
2010,12,5,4,1543120100304019,7,2,03,wd,8747010804,147,0.06,1,1,201027123503wd,154312010030487303,SCALED SARDINE,,80.836048825,5,14,201027123503wd,,0,05/04/2021
2010,12,5,4,1543120100304020,7,2,03,wd,8837010104,1010,6.76,1,1,201027123503wd,154312010030487303,GREAT BARRACUDA,,57.740034875,39,101,201027123503wd,,0,05/04/2021
2010,12,5,4,1543120100304020,7,2,03,wd,8835281203,,,0,0,201027123503wd,154312010030487303,REDTAIL SCAD,,57.740034875,,,201027123503wd,,0,05/04/2021
2010,12,5,4,1543120100304020,7,2,03,wd,8803010201,,,0,0,201027123503wd,154312010030487303,BALLYHOO,,1385.760837,,,201027123503wd,,0,05/04/2021
2010,12,5,4,1543120100304020,7,2,03,wd,8747010804,146,0.06,1,1,201027123503wd,154312010030487303,SCALED SARDINE,,92.3840558,5,14,201027123503wd,,0,05/04/2021
2010,12,5,4,1543120100304020,7,2,03,wd,8747010804,146,0.06,1,1,201027123503wd,154312010030487303,SCALED SARDINE,,92.3840558,5,14,201027123503wd,,0,05/04/2021
2010,12,5,4,1543120100304020,7,2,03,wd,8747010804,147,0.06,1,1,201027123503wd,154312010030487303,SCALED SARDINE,,92.3840558,5,14,201027123503wd,,0,05/04/2021
2010,12,5,4,1543120100304020,7,2,03,wd,8747010804,150,0.06,1,1,201027123503wd,154312010030487303,SCALED SARDINE,,92.3840558,5,15,201027123503wd,,0,05/04/2021
2010,12,5,4,1543120100304020,7,2,03,wd,8747010804,151,0.06,1,1,201027123503wd,154312010030487303,SCALED SARDINE,,92.3840558,5,15,201027123503wd,,0,05/04/2021
2010,12,5,3,1543120100311001,7,2,03,wd,,,,0,0,201027123503wd,1543120100311871247,,,336.33683873,,,201027123503wd,,0,05/04/2021
2010,12,5,3,1543120100311002,7,2,03,wd,,,,0,0,201027123503wd,1543120100311871247,,,336.33683873,,,201027123503wd,,0,05/04/2021
2010,12,5,3,1543120100311003,7,2,03,wd,8835430502,250,0.42,1,1,201027123503wd,1543120100311871247,JOLTHEAD PORGY,,388.83606936,9,25,201027123503wd,,0,05/04/2021
2010,12,5,3,1543120100311003,7,2,03,wd,8835430502,269,0.49,1,1,201027123503wd,1543120100311871247,JOLTHEAD PORGY,,388.83606936,10,26,201027123503wd,,0,05/04/2021
2010,12,5,3,1543120100311003,7,2,03,wd,8835430502,269,0.49,1,1,201027123503wd,1543120100311871247,JOLTHEAD PORGY,,388.83606936,10,26,201027123503wd,,0,05/04/2021
2010,12,5,3,1543120100311003,7,2,03,wd,8835430502,282,0.56,1,1,201027123503wd,1543120100311871247,JOLTHEAD PORGY,,388.83606936,11,28,201027123503wd,,0,05/04/2021
2010,12,5,3,1543120100311003,7,2,03,wd,8835360103,611,3.9,1,1,201027123503wd,1543120100311871247,MUTTON SNAPPER,,388.83606936,24,61,201027123503wd,,0,05/04/2021
2010,12,5,3,1543120100311003,7,2,03,wd,8835360102,262,0.28,1,1,201027123503wd,1543120100311871247,GRAY SNAPPER,,388.83606936,10,26,201027123503wd,,0,05/04/2021
2010,12,5,3,1543120100311003,7,2,03,wd,8835360102,274,0.3,1,1,201027123503wd,1543120100311871247,GRAY SNAPPER,,388.83606936,10,27,201027123503wd,,0,05/04/2021
2010,12,5,3,1543120100311004,7,2,03,wd,,,,0,0,201027123503wd,1543120100311871247,,,336.33683873,,,201027123503wd,,0,05/04/2021
2010,12,5,3,1543120100311005,7,2,03,wd,,,,0,0,201027123503wd,1543120100311871247,,,336.33683873,,,201027123503wd,,0,05/04/2021
2010,12,5,3,1543120100311006,7,2,03,wd,,,,0,0,201027123503wd,1543120100311871247,,,336.33683873,,,201027123503wd,,0,05/04/2021
2010,12,5,4,1543120100321001,7,2,03,we,8835360102,262,0.28,1,1,201027123503we,154312010032187543,GRAY SNAPPER,,47.834286978,10,26,201027123503we,,0,05/04/2021
2010,12,5,4,1543120100321001,7,2,03,we,8835360102,310,0.44,1,1,201027123503we,154312010032187543,GRAY SNAPPER,,47.834286978,12,31,201027123503we,,0,05/04/2021
2010,12,5,4,1543120100321001,7,2,03,we,8835360102,362,0.72,1,1,201027123503we,154312010032187543,GRAY SNAPPER,,47.834286978,14,36,201027123503we,,0,05/04/2021
2010,12,5,4,1543120100321001,7,2,03,we,8835360102,450,1.42,1,1,201027123503we,154312010032187543,GRAY SNAPPER,,47.834286978,17,45,201027123503we,,0,05/04/2021
2010,12,5,4,1543120100321001,7,2,03,we,8835360102,584,2.87,1,1,201027123503we,154312010032187543,GRAY SNAPPER,,47.834286978,22,58,201027123503we,,0,05/04/2021
2010,12,5,4,1543120100321002,7,2,03,we,8835360401,243,0.24,1,1,201027123503we,154312010032187543,YELLOWTAIL SNAPPER,,29.896429361,9,24,201027123503we,,0,05/04/2021
2010,12,5,4,1543120100321002,7,2,03,we,8835360401,277,0.34,0,0,201027123503we,154312010032187543,YELLOWTAIL SNAPPER,,29.896429361,10,27,201027123503we,,0,05/04/2021
2010,12,5,4,1543120100321002,7,2,03,we,8835360401,274,0.38,0,0,201027123503we,154312010032187543,YELLOWTAIL SNAPPER,,29.896429361,10,27,201027123503we,,0,05/04/2021
2010,12,5,4,1543120100321002,7,2,03,we,8835360401,308,0.44,1,1,201027123503we,154312010032187543,YELLOWTAIL SNAPPER,,29.896429361,12,30,201027123503we,,0,05/04/2021
2010,12,5,4,1543120100321002,7,2,03,we,8835360109,,,0,0,201027123503we,154312010032187543,DOG SNAPPER,,29.896429361,,,201027123503we,,0,05/04/2021
2010,12,5,4,1543120100321002,7,2,03,we,8835360104,,,0,0,201027123503we,154312010032187543,SCHOOLMASTER,,29.896429361,,,201027123503we,,0,05/04/2021
2010,12,5,4,1543120100321002,7,2,03,we,8835360103,628,4.3,1,1,201027123503we,154312010032187543,MUTTON SNAPPER,,29.896429361,24,62,201027123503we,,0,05/04/2021
2010,12,5,4,1543120100321002,7,2,03,we,8835360102,262,0.28,0,0,201027123503we,154312010032187543,GRAY SNAPPER,,79.72381163,10,26,201027123503we,,0,05/04/2021
2010,12,5,4,1543120100321002,7,2,03,we,8835360102,265,0.3,1,1,201027123503we,154312010032187543,GRAY SNAPPER,,79.72381163,10,26,201027123503we,,0,05/04/2021
2010,12,5,4,1543120100321002,7,2,03,we,8835360102,289,0.38,1,1,201027123503we,154312010032187543,GRAY SNAPPER,,79.72381163,11,28,201027123503we,,0,05/04/2021
2010,12,5,4,1543120100321002,7,2,03,we,8835360102,306,0.4,1,1,201027123503we,154312010032187543,GRAY SNAPPER,,79.72381163,12,30,201027123503we,,0,05/04/2021
2010,12,5,4,1543120100321002,7,2,03,we,8835360102,314,0.44,1,1,201027123503we,154312010032187543,GRAY SNAPPER,,79.72381163,12,31,201027123503we,,0,05/04/2021
2010,12,5,4,1543120100321002,7,2,03,we,8835360102,450,1.42,0,0,201027123503we,154312010032187543,GRAY SNAPPER,,79.72381163,17,45,201027123503we,,0,05/04/2021
2010,12,5,4,1543120100321002,7,2,03,we,8835250101,471,1.3,0,0,201027123503we,154312010032187543,BLUEFISH,,29.896429361,18,47,201027123503we,,0,05/04/2021
2010,12,5,4,1543120100321003,7,2,03,we,,,,0,0,201027123503we,154312010032187543,,,30.134369815,,,201027123503we,,0,05/04/2021
2010,12,5,4,1543120100321004,7,2,03,we,,,,0,0,201027123503we,154312010032187543,,,30.134369815,,,201027123503we,,0,05/04/2021
2010,12,5,4,1543120100321005,7,2,03,we,8850030503,511,1.24,1,1,201027123503we,154312010032187543,CERO,,29.896429361,20,51,201027123503we,,0,05/04/2021
2010,12,5,4,1543120100321005,7,2,03,we,8850030503,536,1.36,0,0,201027123503we,154312010032187543,CERO,,29.896429361,21,53,201027123503we,,0,05/04/2021
2010,12,5,4,1543120100321005,7,2,03,we,8850030503,545,1.42,1,1,201027123503we,154312010032187543,CERO,,29.896429361,21,54,201027123503we,,0,05/04/2021
2010,12,5,4,1543120100321005,7,2,03,we,8850030503,545,1.42,1,1,201027123503we,154312010032187543,CERO,,29.896429361,21,54,201027123503we,,0,05/04/2021
2010,12,5,4,1543120100321005,7,2,03,we,8850030503,516,1.16,0,0,201027123503we,154312010032187543,CERO,,29.896429361,20,51,201027123503we,,0,05/04/2021
2010,12,5,4,1543120100321005,7,2,03,we,8850030503,565,1.58,0,0,201027123503we,154312010032187543,CERO,,29.896429361,22,56,201027123503we,,0,05/04/2021
2010,12,5,4,1543120100321005,7,2,03,we,8850030502,474,0.8,0,0,201027123503we,154312010032187543,SPANISH MACKEREL,,29.896429361,18,47,201027123503we,,0,05/04/2021
2010,12,5,4,1543120100321005,7,2,03,we,8850030502,476,0.76,0,0,201027123503we,154312010032187543,SPANISH MACKEREL,,29.896429361,18,47,201027123503we,,0,05/04/2021
2010,12,5,4,1543120100321005,7,2,03,we,8835360401,297,0.48,1,1,201027123503we,154312010032187543,YELLOWTAIL SNAPPER,,29.896429361,11,29,201027123503we,,0,05/04/2021
2010,12,5,4,1543120100321005,7,2,03,we,8835360401,299,0.56,1,1,201027123503we,154312010032187543,YELLOWTAIL SNAPPER,,29.896429361,11,29,201027123503we,,0,05/04/2021
2010,12,5,4,1543120100321005,7,2,03,we,8835360401,302,0.5,1,1,201027123503we,154312010032187543,YELLOWTAIL SNAPPER,,29.896429361,11,30,201027123503we,,0,05/04/2021
2010,12,5,4,1543120100321005,7,2,03,we,8835360401,320,0.56,1,1,201027123503we,154312010032187543,YELLOWTAIL SNAPPER,,29.896429361,12,32,201027123503we,,0,05/04/2021
2010,12,5,4,1543120100321005,7,2,03,we,8835360401,348,0.72,0,0,201027123503we,154312010032187543,YELLOWTAIL SNAPPER,,29.896429361,13,34,201027123503we,,0,05/04/2021
2010,12,5,4,1543120100321005,7,2,03,we,8835360401,362,0.8,0,0,201027123503we,154312010032187543,YELLOWTAIL SNAPPER,,29.896429361,14,36,201027123503we,,0,05/04/2021
2010,12,5,4,1543120100321005,7,2,03,we,8835360102,360,0.7,0,0,201027123503we,154312010032187543,GRAY SNAPPER,,29.896429361,14,36,201027123503we,,0,05/04/2021
2010,12,5,4,1543120100321006,7,2,03,we,,,,0,0,201027123503we,154312010032187543,,,30.134369815,,,201027123503we,,0,05/04/2021
2010,12,5,4,1543120100321007,7,2,03,we,,,,0,0,201027123503we,154312010032187543,,,30.134369815,,,201027123503we,,0,05/04/2021
2010,12,5,4,1543120100321010,7,2,03,we,8857030302,332,0.44,0,0,201027123503we,154312010032187543,GULF FLOUNDER,,29.896429361,13,33,201027123503we,,0,05/04/2021
2010,12,5,4,1543120100321010,7,2,03,we,8835440102,379,0.54,0,0,201027123503we,154312010032187543,SPOTTED SEATROUT,,29.896429361,14,37,201027123503we,,0,05/04/2021
2010,12,5,4,1543120100321010,7,2,03,we,8835440102,412,0.88,0,0,201027123503we,154312010032187543,SPOTTED SEATROUT,,29.896429361,16,41,201027123503we,,0,05/04/2021
2010,12,5,4,1543120100321010,7,2,03,we,8835440102,413,0.72,0,0,201027123503we,154312010032187543,SPOTTED SEATROUT,,29.896429361,16,41,201027123503we,,0,05/04/2021
2010,12,5,4,1543120100321010,7,2,03,we,8835440102,417,0.7,0,0,201027123503we,154312010032187543,SPOTTED SEATROUT,,29.896429361,16,41,201027123503we,,0,05/04/2021
2010,12,5,4,1543120100321010,7,2,03,we,8835440102,420,0.76,0,0,201027123503we,154312010032187543,SPOTTED SEATROUT,,29.896429361,16,42,201027123503we,,0,05/04/2021
2010,12,5,4,1543120100321010,7,2,03,we,8835440102,441,0.8,0,0,201027123503we,154312010032187543,SPOTTED SEATROUT,,29.896429361,17,44,201027123503we,,0,05/04/2021
2010,12,5,4,1543120100321010,7,2,03,we,8835440102,482,1.16,0,0,201027123503we,154312010032187543,SPOTTED SEATROUT,,29.896429361,18,48,201027123503we,,0,05/04/2021
2010,12,5,4,1543120100321010,7,2,03,we,8835440102,441,0.94,0,0,201027123503we,154312010032187543,SPOTTED SEATROUT,,29.896429361,17,44,201027123503we,,0,05/04/2021
2010,12,5,4,1543120100321011,7,2,03,we,,,,0,0,201027123503we,154312010032187543,,,30.134369815,,,201027123503we,,0,05/04/2021
2010,12,5,4,1543120100321012,7,2,03,we,,,,0,0,201027123503we,154312010032187543,,,30.134369815,,,201027123503we,,0,05/04/2021
2010,12,5,3,1543120100321013,7,2,03,we,8835440102,389,0.59,1,1,201027123503we,154312010032187543,SPOTTED SEATROUT,,40.005553433,15,38,201027123503we,,0,05/04/2021
2010,12,5,3,1543120100321013,7,2,03,we,8835440102,416,0.56,1,1,201027123503we,154312010032187543,SPOTTED SEATROUT,,40.005553433,16,41,201027123503we,,0,05/04/2021
2010,12,5,3,1543120100321013,7,2,03,we,8835440102,451,0.86,1,1,201027123503we,154312010032187543,SPOTTED SEATROUT,,40.005553433,17,45,201027123503we,,0,05/04/2021
2010,12,5,3,1543120100321013,7,2,03,we,8835440102,475,1.06,1,1,201027123503we,154312010032187543,SPOTTED SEATROUT,,40.005553433,18,47,201027123503we,,0,05/04/2021
2010,12,5,3,1543120100321013,7,2,03,we,8835440102,510,1.18,1,1,201027123503we,154312010032187543,SPOTTED SEATROUT,,40.005553433,20,51,201027123503we,,0,05/04/2021
2010,12,5,3,1543120100321014,7,2,03,we,,,,0,0,201027123503we,154312010032187543,,,33.603292198,,,201027123503we,,0,05/04/2021
2010,12,5,3,1543120100321015,7,2,03,we,,,,0,0,201027123503we,154312010032187543,,,33.603292198,,,201027123503we,,0,05/04/2021
2010,12,5,4,1543120100321016,7,2,03,we,,,,0,0,201027123503we,154312010032187543,,,30.134369815,,,201027123503we,,0,05/04/2021
2010,12,5,4,1543120100321017,7,2,03,we,,,,0,0,201027123503we,154312010032187543,,,30.134369815,,,201027123503we,,0,05/04/2021
2010,12,5,4,1543120100321018,7,2,03,we,8850030501,765,3,1,1,201027123503we,154312010032187543,KING MACKEREL,,29.896429361,30,76,201027123503we,,0,05/04/2021
2010,12,5,4,1543120100321018,7,2,03,we,8850030501,861,4.2,1,1,201027123503we,154312010032187543,KING MACKEREL,,29.896429361,33,86,201027123503we,,0,05/04/2021
2010,12,5,4,1543120100321018,7,2,03,we,8839010901,327,0.68,0,0,201027123503we,154312010032187543,HOGFISH,,29.896429361,12,32,201027123503we,,0,05/04/2021
2010,12,5,4,1543120100321018,7,2,03,we,8839010901,310,0.62,0,0,201027123503we,154312010032187543,HOGFISH,,29.896429361,12,31,201027123503we,,0,05/04/2021
2010,12,5,4,1543120100321018,7,2,03,we,8850030501,777,2.9,1,1,201027123503we,154312010032187543,KING MACKEREL,,29.896429361,30,77,201027123503we,,0,05/04/2021
2010,12,5,4,1543120100321018,7,2,03,we,8839010901,353,0.82,0,0,201027123503we,154312010032187543,HOGFISH,,29.896429361,13,35,201027123503we,,0,05/04/2021
2010,12,5,4,1543120100321018,7,2,03,we,8835360401,262,0.32,0,0,201027123503we,154312010032187543,YELLOWTAIL SNAPPER,,44.844644042,10,26,201027123503we,,0,05/04/2021
2010,12,5,4,1543120100321018,7,2,03,we,8835360401,275,0.38,0,0,201027123503we,154312010032187543,YELLOWTAIL SNAPPER,,44.844644042,10,27,201027123503we,,0,05/04/2021
2010,12,5,4,1543120100321018,7,2,03,we,8835360401,287,0.38,0,0,201027123503we,154312010032187543,YELLOWTAIL SNAPPER,,44.844644042,11,28,201027123503we,,0,05/04/2021
2010,12,5,4,1543120100321018,7,2,03,we,8835360401,294,0.46,1,1,201027123503we,154312010032187543,YELLOWTAIL SNAPPER,,44.844644042,11,29,201027123503we,,0,05/04/2021
2010,12,5,4,1543120100321018,7,2,03,we,8835360401,296,0.46,1,1,201027123503we,154312010032187543,YELLOWTAIL SNAPPER,,44.844644042,11,29,201027123503we,,0,05/04/2021
2010,12,5,4,1543120100321018,7,2,03,we,8835360401,299,0.48,1,1,201027123503we,154312010032187543,YELLOWTAIL SNAPPER,,44.844644042,11,29,201027123503we,,0,05/04/2021
2010,12,5,4,1543120100321018,7,2,03,we,8835360401,300,0.46,1,1,201027123503we,154312010032187543,YELLOWTAIL SNAPPER,,44.844644042,11,30,201027123503we,,0,05/04/2021
2010,12,5,4,1543120100321018,7,2,03,we,8835360401,316,0.52,0,0,201027123503we,154312010032187543,YELLOWTAIL SNAPPER,,44.844644042,12,31,201027123503we,,0,05/04/2021
2010,12,5,4,1543120100321018,7,2,03,we,8835360112,286,0.4,1,1,201027123503we,154312010032187543,LANE SNAPPER,,29.896429361,11,28,201027123503we,,0,05/04/2021
2010,12,5,4,1543120100321019,7,2,03,we,,,,0,0,201027123503we,154312010032187543,,,30.134369815,,,201027123503we,,0,05/04/2021
2010,12,5,4,1543120100321020,7,2,03,we,,,,0,0,201027123503we,154312010032187543,,,30.134369815,,,201027123503we,,0,05/04/2021
2010,12,5,3,1543120100323001,7,2,03,wd,8835360102,360,0.42,0,0,201027123503wd,154312010032387354,GRAY SNAPPER,,157.14170119,14,36,201027123503wd,,0,05/04/2021
2010,12,5,3,1543120100323002,7,2,03,wd,8835360102,252,0.26,1,1,201027123503wd,154312010032387354,GRAY SNAPPER,,157.14170119,9,25,201027123503wd,,0,05/04/2021
2010,12,5,3,1543120100323002,7,2,03,wd,8835360102,284,0.38,0,0,201027123503wd,154312010032387354,GRAY SNAPPER,,157.14170119,11,28,201027123503wd,,0,05/04/2021
2010,12,5,4,1543120100323003,7,2,03,wd,8850030501,765,3,0,0,201027123503wd,154312010032387788,KING MACKEREL,,110.95740165,30,76,201027123503wd,,0,05/04/2021
2010,12,5,4,1543120100323003,7,2,03,wd,8850030501,777,2.9,0,0,201027123503wd,154312010032387788,KING MACKEREL,,110.95740165,30,77,201027123503wd,,0,05/04/2021
2010,12,5,4,1543120100323003,7,2,03,wd,8850030501,816,3.88,0,0,201027123503wd,154312010032387788,KING MACKEREL,,110.95740165,32,81,201027123503wd,,0,05/04/2021
2010,12,5,4,1543120100323003,7,2,03,wd,8850030501,831,4.2,0,0,201027123503wd,154312010032387788,KING MACKEREL,,110.95740165,32,83,201027123503wd,,0,05/04/2021
2010,12,5,4,1543120100323003,7,2,03,wd,8835360103,500,2.2,0,0,201027123503wd,154312010032387788,MUTTON SNAPPER,,110.95740165,19,50,201027123503wd,,0,05/04/2021
2010,12,5,4,1543120100323003,7,2,03,wd,8835360103,529,2.7,0,0,201027123503wd,154312010032387788,MUTTON SNAPPER,,110.95740165,20,52,201027123503wd,,0,05/04/2021
2010,12,5,4,1543120100323003,7,2,03,wd,8803010201,,,0,0,201027123503wd,154312010032387788,BALLYHOO,,1331.4888198,,,201027123503wd,,0,05/04/2021
2010,12,5,4,1543120100323003,7,2,03,wd,8747010804,127,0.06,1,1,201027123503wd,154312010032387788,SCALED SARDINE,,177.53184264,4,12,201027123503wd,,0,05/04/2021
2010,12,5,4,1543120100323003,7,2,03,wd,8747010804,139,0.06,1,1,201027123503wd,154312010032387788,SCALED SARDINE,,177.53184264,5,13,201027123503wd,,0,05/04/2021
2010,12,5,4,1543120100323003,7,2,03,wd,8747010804,148,0.06,1,1,201027123503wd,154312010032387788,SCALED SARDINE,,177.53184264,5,14,201027123503wd,,0,05/04/2021
2010,12,5,4,1543120100323003,7,2,03,wd,8747010804,151,0.06,1,1,201027123503wd,154312010032387788,SCALED SARDINE,,177.53184264,5,15,201027123503wd,,0,05/04/2021
2010,12,5,4,1543120100323003,7,2,03,wd,8747010804,151,0.06,1,1,201027123503wd,154312010032387788,SCALED SARDINE,,177.53184264,5,15,201027123503wd,,0,05/04/2021
2010,12,5,4,1543120100323004,7,2,03,wd,8803010201,,,0,0,201027123503wd,154312010032387788,BALLYHOO,,1331.4888198,,,201027123503wd,,0,05/04/2021
2010,12,5,4,1543120100323004,7,2,03,wd,8747010804,127,0.06,1,1,201027123503wd,154312010032387788,SCALED SARDINE,,155.34036231,4,12,201027123503wd,,0,05/04/2021
2010,12,5,4,1543120100323004,7,2,03,wd,8747010804,127,0.06,1,1,201027123503wd,154312010032387788,SCALED SARDINE,,155.34036231,4,12,201027123503wd,,0,05/04/2021
2010,12,5,4,1543120100323004,7,2,03,wd,8747010804,128,0.06,1,1,201027123503wd,154312010032387788,SCALED SARDINE,,155.34036231,5,12,201027123503wd,,0,05/04/2021
2010,12,5,4,1543120100323004,7,2,03,wd,8747010804,151,0.06,1,1,201027123503wd,154312010032387788,SCALED SARDINE,,155.34036231,5,15,201027123503wd,,0,05/04/2021
2010,12,5,4,1543120100323004,7,2,03,wd,8747010804,152,0.06,1,1,201027123503wd,154312010032387788,SCALED SARDINE,,155.34036231,5,15,201027123503wd,,0,05/04/2021
2010,12,5,4,1543120100323005,7,2,03,wd,8850030102,641,4.2,0,0,201027123503wd,154312010032387788,LITTLE TUNNY,,110.95740165,25,64,201027123503wd,,0,05/04/2021
2010,12,5,4,1543120100323005,7,2,03,wd,8747010804,131,0.06,1,1,201027123503wd,154312010032387788,SCALED SARDINE,,199.72332297,5,13,201027123503wd,,0,05/04/2021
2010,12,5,4,1543120100323005,7,2,03,wd,8747010804,131,0.06,1,1,201027123503wd,154312010032387788,SCALED SARDINE,,199.72332297,5,13,201027123503wd,,0,05/04/2021
2010,12,5,4,1543120100323005,7,2,03,wd,8747010804,147,0.06,1,1,201027123503wd,154312010032387788,SCALED SARDINE,,199.72332297,5,14,201027123503wd,,0,05/04/2021
2010,12,5,4,1543120100323005,7,2,03,wd,8747010804,147,0.06,1,1,201027123503wd,154312010032387788,SCALED SARDINE,,199.72332297,5,14,201027123503wd,,0,05/04/2021
2010,12,5,4,1543120100323005,7,2,03,wd,8747010804,148,0.06,1,1,201027123503wd,154312010032387788,SCALED SARDINE,,199.72332297,5,14,201027123503wd,,0,05/04/2021
2010,12,5,4,1543120100323006,7,2,03,wd,8850030102,596,2.9,0,0,201027123503wd,154312010032387788,LITTLE TUNNY,,110.95740165,23,59,201027123503wd,,0,05/04/2021
2010,12,5,4,1543120100323006,7,2,03,wd,8747010804,125,0.06,1,1,201027123503wd,154312010032387788,SCALED SARDINE,,199.72332297,4,12,201027123503wd,,0,05/04/2021
2010,12,5,4,1543120100323006,7,2,03,wd,8747010804,139,0.06,1,1,201027123503wd,154312010032387788,SCALED SARDINE,,199.72332297,5,13,201027123503wd,,0,05/04/2021
2010,12,5,4,1543120100323006,7,2,03,wd,8747010804,142,0.06,1,1,201027123503wd,154312010032387788,SCALED SARDINE,,199.72332297,5,14,201027123503wd,,0,05/04/2021
2010,12,5,4,1543120100323006,7,2,03,wd,8747010804,143,0.06,1,1,201027123503wd,154312010032387788,SCALED SARDINE,,199.72332297,5,14,201027123503wd,,0,05/04/2021
2010,12,5,4,1543120100323006,7,2,03,wd,8747010804,146,0.06,1,1,201027123503wd,154312010032387788,SCALED SARDINE,,199.72332297,5,14,201027123503wd,,0,05/04/2021
2010,12,5,4,1543120100323007,7,2,03,wd,8850030102,556,2.14,1,1,201027123503wd,154312010032387788,LITTLE TUNNY,,110.95740165,21,55,201027123503wd,,0,05/04/2021
2010,12,5,4,1543120100323007,7,2,03,wd,8747010804,125,0.06,1,1,201027123503wd,154312010032387788,SCALED SARDINE,,199.72332297,4,12,201027123503wd,,0,05/04/2021
2010,12,5,4,1543120100323007,7,2,03,wd,8747010804,143,0.06,1,1,201027123503wd,154312010032387788,SCALED SARDINE,,199.72332297,5,14,201027123503wd,,0,05/04/2021
2010,12,5,4,1543120100323007,7,2,03,wd,8747010804,149,0.06,1,1,201027123503wd,154312010032387788,SCALED SARDINE,,199.72332297,5,14,201027123503wd,,0,05/04/2021
2010,12,5,4,1543120100323007,7,2,03,wd,8747010804,153,0.06,1,1,201027123503wd,154312010032387788,SCALED SARDINE,,199.72332297,6,15,201027123503wd,,0,05/04/2021
2010,12,5,4,1543120100323007,7,2,03,wd,8747010804,153,0.06,1,1,201027123503wd,154312010032387788,SCALED SARDINE,,199.72332297,6,15,201027123503wd,,0,05/04/2021
2010,12,5,4,1543120100323008,7,2,03,wd,8850030102,687,4.24,0,0,201027123503wd,154312010032387788,LITTLE TUNNY,,110.95740165,27,68,201027123503wd,,0,05/04/2021
2010,12,5,4,1543120100323008,7,2,03,wd,8747010804,139,0.06,1,1,201027123503wd,154312010032387788,SCALED SARDINE,,199.72332297,5,13,201027123503wd,,0,05/04/2021
2010,12,5,4,1543120100323008,7,2,03,wd,8747010804,139,0.06,1,1,201027123503wd,154312010032387788,SCALED SARDINE,,199.72332297,5,13,201027123503wd,,0,05/04/2021
2010,12,5,4,1543120100323008,7,2,03,wd,8747010804,139,0.06,1,1,201027123503wd,154312010032387788,SCALED SARDINE,,199.72332297,5,13,201027123503wd,,0,05/04/2021
2010,12,5,4,1543120100323008,7,2,03,wd,8747010804,145,0.06,1,1,201027123503wd,154312010032387788,SCALED SARDINE,,199.72332297,5,14,201027123503wd,,0,05/04/2021
2010,12,5,4,1543120100323008,7,2,03,wd,8747010804,149,0.06,1,1,201027123503wd,154312010032387788,SCALED SARDINE,,199.72332297,5,14,201027123503wd,,0,05/04/2021
2010,12,5,4,1543120100327001,7,2,03,we,,,,0,0,201027123503we,154312010032787509,,,42.8230928,,,201027123503we,,0,05/04/2021
2010,12,5,4,1543120100327002,7,2,03,we,,,,0,0,201027123503we,154312010032787509,,,42.8230928,,,201027123503we,,0,05/04/2021
2010,12,5,4,1543120100327003,7,2,03,we,,,,0,0,201027123503we,154312010032787509,,,42.8230928,,,201027123503we,,0,05/04/2021
2010,12,5,3,1543120100327004,7,2,03,we,,,,0,0,201027123503we,154312010032787509,,,47.752679383,,,201027123503we,,0,05/04/2021
2010,12,5,3,1543120100327008,7,2,03,we,,,,0,0,201027123503we,154312010032787509,,,83.06656574,,,201027123503we,,0,05/04/2021
2010,12,5,3,1543120100327009,7,2,03,we,,,,0,0,201027123503we,154312010032787509,,,83.06656574,,,201027123503we,,0,05/04/2021
2010,12,5,4,1543120100327010,7,2,03,we,,,,0,0,201027123503we,154312010032787509,,,74.491469364,,,201027123503we,,0,05/04/2021
2010,12,5,4,1543120100327011,7,2,03,we,,,,0,0,201027123503we,154312010032787509,,,74.491469364,,,201027123503we,,0,05/04/2021
2010,12,5,3,1543120100327012,7,2,03,we,,,,0,0,201027123503we,154312010032787509,,,47.752679383,,,201027123503we,,0,05/04/2021
2010,12,5,4,1543120100328006,7,2,03,we,8850030503,481,0.86,0,0,201027123503we,1543120100328871340,CERO,,40.019842652,18,48,201027123503we,,0,05/04/2021
2010,12,5,4,1543120100328006,7,2,03,we,8850030503,684,2.84,0,0,201027123503we,1543120100328871340,CERO,,40.019842652,26,68,201027123503we,,0,05/04/2021
2010,12,5,4,1543120100328006,7,2,03,we,8850030501,780,3.14,1,1,201027123503we,1543120100328871340,KING MACKEREL,,40.019842652,30,78,201027123503we,,0,05/04/2021
2010,12,5,4,1543120100328006,7,2,03,we,8835290101,529,1.46,0,0,201027123503we,1543120100328871340,DOLPHIN,,40.019842652,20,52,201027123503we,,0,05/04/2021
2010,12,5,4,1543120100328006,7,2,03,we,8835290101,610,2,0,0,201027123503we,1543120100328871340,DOLPHIN,,40.019842652,24,61,201027123503we,,0,05/04/2021
2010,12,5,3,1543120100328009,7,2,03,we,,,,0,0,201027123503we,1543120100328871340,,,44.892063688,,,201027123503we,,0,05/04/2021
2010,12,5,3,1543120100328010,7,2,03,we,,,,0,0,201027123503we,1543120100328871340,,,44.892063688,,,201027123503we,,0,05/04/2021
2010,12,5,4,1543120100402001,7,2,04,wd,,,,0,0,201027123504wd,1543120100402871379,,,170.58226938,,,201027123504wd,,0,05/04/2021
2010,12,5,4,1543120100402002,7,2,04,wd,8837010104,1049,7.14,0,0,201027123504wd,1543120100402871379,GREAT BARRACUDA,,170.58226938,41,104,201027123504wd,,0,05/04/2021
2010,12,5,4,1543120100402003,7,2,04,wd,8839010901,379,1.08,1,1,201027123504wd,1543120100402871379,HOGFISH,,170.58226938,14,37,201027123504wd,,0,05/04/2021
2010,12,5,4,1543120100402004,7,2,04,wd,,,,0,0,201027123504wd,1543120100402871379,,,170.58226938,,,201027123504wd,,0,05/04/2021
2010,12,5,4,1543120100402005,7,2,04,wd,8850030503,504,1.08,0,0,201027123504wd,1543120100402871379,CERO,,170.58226938,19,50,201027123504wd,,0,05/04/2021
2010,12,5,4,1543120100402005,7,2,04,wd,8850030501,686,2.28,0,0,201027123504wd,1543120100402871379,KING MACKEREL,,170.58226938,27,68,201027123504wd,,0,05/04/2021
2010,12,5,4,1543120100402005,7,2,04,wd,8850030501,773,3.22,0,0,201027123504wd,1543120100402871379,KING MACKEREL,,170.58226938,30,77,201027123504wd,,0,05/04/2021
2010,12,5,4,1543120100402005,7,2,04,wd,8850030501,780,3.14,0,0,201027123504wd,1543120100402871379,KING MACKEREL,,170.58226938,30,78,201027123504wd,,0,05/04/2021
2010,12,5,4,1543120100402005,7,2,04,wd,8850030501,802,3.8,0,0,201027123504wd,1543120100402871379,KING MACKEREL,,170.58226938,31,80,201027123504wd,,0,05/04/2021
2010,12,5,4,1543120100402005,7,2,04,wd,8850030501,834,4.14,1,1,201027123504wd,1543120100402871379,KING MACKEREL,,170.58226938,32,83,201027123504wd,,0,05/04/2021
2010,12,5,4,1543120100402005,7,2,04,wd,8850030501,861,4.2,0,0,201027123504wd,1543120100402871379,KING MACKEREL,,170.58226938,33,86,201027123504wd,,0,05/04/2021
2010,12,5,4,1543120100402005,7,2,04,wd,8850030501,937,7.04,1,1,201027123504wd,1543120100402871379,KING MACKEREL,,170.58226938,36,93,201027123504wd,,0,05/04/2021
2010,12,5,4,1543120100402005,7,2,04,wd,8837010104,906,4.52,0,0,201027123504wd,1543120100402871379,GREAT BARRACUDA,,170.58226938,35,90,201027123504wd,,0,05/04/2021
2010,12,5,4,1543120100402005,7,2,04,wd,8835360401,243,0.24,0,0,201027123504wd,1543120100402871379,YELLOWTAIL SNAPPER,,170.58226938,9,24,201027123504wd,,0,05/04/2021
2010,12,5,4,1543120100402005,7,2,04,wd,8835360401,308,0.44,0,0,201027123504wd,1543120100402871379,YELLOWTAIL SNAPPER,,170.58226938,12,30,201027123504wd,,0,05/04/2021
2010,12,5,4,1543120100402005,7,2,04,wd,8835360401,352,0.84,0,0,201027123504wd,1543120100402871379,YELLOWTAIL SNAPPER,,170.58226938,13,35,201027123504wd,,0,05/04/2021
2010,12,5,4,1543120100402005,7,2,04,wd,8835360401,364,0.74,0,0,201027123504wd,1543120100402871379,YELLOWTAIL SNAPPER,,170.58226938,14,36,201027123504wd,,0,05/04/2021
2010,12,5,4,1543120100402005,7,2,04,wd,8835360401,366,0.74,0,0,201027123504wd,1543120100402871379,YELLOWTAIL SNAPPER,,170.58226938,14,36,201027123504wd,,0,05/04/2021
2010,12,5,4,1543120100402005,7,2,04,wd,8850030102,576,2.58,0,0,201027123504wd,1543120100402871379,LITTLE TUNNY,,170.58226938,22,57,201027123504wd,,0,05/04/2021
2010,12,5,4,1543120100402005,7,2,04,wd,8850030501,827,4.34,0,0,201027123504wd,1543120100402871379,KING MACKEREL,,170.58226938,32,82,201027123504wd,,0,05/04/2021
2010,12,5,4,1543120100402005,7,2,04,wd,8835360401,378,0.86,0,0,201027123504wd,1543120100402871379,YELLOWTAIL SNAPPER,,170.58226938,14,37,201027123504wd,,0,05/04/2021
2010,12,5,4,1543120100402005,7,2,04,wd,8835360401,381,0.96,0,0,201027123504wd,1543120100402871379,YELLOWTAIL SNAPPER,,170.58226938,14,38,201027123504wd,,0,05/04/2021
2010,12,5,4,1543120100402005,7,2,04,wd,8835360401,381,0.9,0,0,201027123504wd,1543120100402871379,YELLOWTAIL SNAPPER,,170.58226938,14,38,201027123504wd,,0,05/04/2021
2010,12,5,4,1543120100402005,7,2,04,wd,8835360401,396,1.02,0,0,201027123504wd,1543120100402871379,YELLOWTAIL SNAPPER,,170.58226938,15,39,201027123504wd,,0,05/04/2021
2010,12,5,4,1543120100402005,7,2,04,wd,8850030501,699,2.48,0,0,201027123504wd,1543120100402871379,KING MACKEREL,,170.58226938,27,69,201027123504wd,,0,05/04/2021
2010,12,5,4,1543120100402005,7,2,04,wd,8835360401,396,0.98,0,0,201027123504wd,1543120100402871379,YELLOWTAIL SNAPPER,,170.58226938,15,39,201027123504wd,,0,05/04/2021
2010,12,5,4,1543120100402005,7,2,04,wd,8835360401,400,0.96,0,0,201027123504wd,1543120100402871379,YELLOWTAIL SNAPPER,,170.58226938,15,40,201027123504wd,,0,05/04/2021
2010,12,5,4,1543120100402005,7,2,04,wd,8835360401,420,1.08,0,0,201027123504wd,1543120100402871379,YELLOWTAIL SNAPPER,,170.58226938,16,42,201027123504wd,,0,05/04/2021
2010,12,5,4,1543120100402005,7,2,04,wd,8835360401,462,1.52,0,0,201027123504wd,1543120100402871379,YELLOWTAIL SNAPPER,,170.58226938,18,46,201027123504wd,,0,05/04/2021
2010,12,5,4,1543120100402005,7,2,04,wd,8835290101,503,1.16,0,0,201027123504wd,1543120100402871379,DOLPHIN,,170.58226938,19,50,201027123504wd,,0,05/04/2021
2010,12,5,4,1543120100402005,7,2,04,wd,8835280803,352,2.48,0,0,201027123504wd,1543120100402871379,ALMACO JACK,,170.58226938,13,35,201027123504wd,,0,05/04/2021
2010,12,5,4,1543120100402005,7,2,04,wd,8835280306,294,0.46,1,1,201027123504wd,1543120100402871379,BLUE RUNNER,,170.58226938,11,29,201027123504wd,,0,05/04/2021
2010,12,5,4,1543120100402005,7,2,04,wd,8835280306,331,0.64,1,1,201027123504wd,1543120100402871379,BLUE RUNNER,,170.58226938,13,33,201027123504wd,,0,05/04/2021
2010,12,5,4,1543120100402005,7,2,04,wd,8835280306,331,0.64,1,1,201027123504wd,1543120100402871379,BLUE RUNNER,,170.58226938,13,33,201027123504wd,,0,05/04/2021
2010,12,5,4,1543120100402005,7,2,04,wd,8835280201,765,5.62,0,0,201027123504wd,1543120100402871379,AFRICAN POMPANO,,170.58226938,30,76,201027123504wd,,0,05/04/2021
2010,12,5,4,1543120100402005,7,2,04,wd,8835280201,784,6.7,0,0,201027123504wd,1543120100402871379,AFRICAN POMPANO,,170.58226938,30,78,201027123504wd,,0,05/04/2021
2010,12,5,4,1543120100402006,7,2,04,wd,8835280306,294,0.46,1,1,201027123504wd,1543120100402871379,BLUE RUNNER,,170.58226938,11,29,201027123504wd,,0,05/04/2021
2010,12,5,4,1543120100402006,7,2,04,wd,8835280306,294,0.46,1,1,201027123504wd,1543120100402871379,BLUE RUNNER,,170.58226938,11,29,201027123504wd,,0,05/04/2021
2010,12,5,4,1543120100402006,7,2,04,wd,8835280306,331,0.64,1,1,201027123504wd,1543120100402871379,BLUE RUNNER,,170.58226938,13,33,201027123504wd,,0,05/04/2021
2010,12,5,4,1543120100402007,7,2,04,wd,8835360401,281,0.42,1,1,201027123504wd,1543120100402871379,YELLOWTAIL SNAPPER,,204.69872325,11,28,201027123504wd,,0,05/04/2021
2010,12,5,4,1543120100402007,7,2,04,wd,8835360401,284,0.44,1,1,201027123504wd,1543120100402871379,YELLOWTAIL SNAPPER,,204.69872325,11,28,201027123504wd,,0,05/04/2021
2010,12,5,4,1543120100402007,7,2,04,wd,8835360401,294,0.42,1,1,201027123504wd,1543120100402871379,YELLOWTAIL SNAPPER,,204.69872325,11,29,201027123504wd,,0,05/04/2021
2010,12,5,4,1543120100402007,7,2,04,wd,8835360401,296,0.44,1,1,201027123504wd,1543120100402871379,YELLOWTAIL SNAPPER,,204.69872325,11,29,201027123504wd,,0,05/04/2021
2010,12,5,4,1543120100402007,7,2,04,wd,8835360401,299,0.44,1,1,201027123504wd,1543120100402871379,YELLOWTAIL SNAPPER,,204.69872325,11,29,201027123504wd,,0,05/04/2021
2010,12,5,4,1543120100402007,7,2,04,wd,8835360103,431,1.54,1,1,201027123504wd,1543120100402871379,MUTTON SNAPPER,,170.58226938,16,43,201027123504wd,,0,05/04/2021
2010,12,5,4,1543120100402007,7,2,04,wd,8835360103,552,2.9,1,1,201027123504wd,1543120100402871379,MUTTON SNAPPER,,170.58226938,21,55,201027123504wd,,0,05/04/2021
2010,12,5,4,1543120100402007,7,2,04,wd,8835360102,375,0.86,1,1,201027123504wd,1543120100402871379,GRAY SNAPPER,,238.81517713,14,37,201027123504wd,,0,05/04/2021
2010,12,5,4,1543120100402007,7,2,04,wd,8835360102,327,0.58,1,1,201027123504wd,1543120100402871379,GRAY SNAPPER,,238.81517713,12,32,201027123504wd,,0,05/04/2021
2010,12,5,4,1543120100402007,7,2,04,wd,8835360102,331,0.56,1,1,201027123504wd,1543120100402871379,GRAY SNAPPER,,238.81517713,13,33,201027123504wd,,0,05/04/2021
2010,12,5,4,1543120100402007,7,2,04,wd,8835360102,351,0.66,1,1,201027123504wd,1543120100402871379,GRAY SNAPPER,,238.81517713,13,35,201027123504wd,,0,05/04/2021
2010,12,5,4,1543120100402007,7,2,04,wd,8835360102,374,0.88,1,1,201027123504wd,1543120100402871379,GRAY SNAPPER,,238.81517713,14,37,201027123504wd,,0,05/04/2021
2010,12,5,4,1543120100402008,7,2,04,wd,,,,0,0,201027123504wd,1543120100402871379,,,170.58226938,,,201027123504wd,,0,05/04/2021
2010,12,5,4,1543120100402009,7,2,04,wd,8835360401,281,0.42,1,1,201027123504wd,1543120100402871379,YELLOWTAIL SNAPPER,,170.58226938,11,28,201027123504wd,,0,05/04/2021
2010,12,5,4,1543120100402009,7,2,04,wd,8835360401,287,0.42,1,1,201027123504wd,1543120100402871379,YELLOWTAIL SNAPPER,,170.58226938,11,28,201027123504wd,,0,05/04/2021
2010,12,5,4,1543120100402009,7,2,04,wd,8835360102,295,0.44,1,1,201027123504wd,1543120100402871379,GRAY SNAPPER,,170.58226938,11,29,201027123504wd,,0,05/04/2021
2010,12,5,4,1543120100402009,7,2,04,wd,8835360102,316,0.52,1,1,201027123504wd,1543120100402871379,GRAY SNAPPER,,170.58226938,12,31,201027123504wd,,0,05/04/2021
2010,12,5,4,1543120100402009,7,2,04,wd,8835360102,350,0.66,1,1,201027123504wd,1543120100402871379,GRAY SNAPPER,,170.58226938,13,35,201027123504wd,,0,05/04/2021
2010,12,5,4,1543120100402010,7,2,04,wd,8835360401,278,0.38,1,1,201027123504wd,1543120100402871379,YELLOWTAIL SNAPPER,,170.58226938,10,27,201027123504wd,,0,05/04/2021
2010,12,5,4,1543120100402010,7,2,04,wd,8835360401,280,0.4,1,1,201027123504wd,1543120100402871379,YELLOWTAIL SNAPPER,,170.58226938,11,28,201027123504wd,,0,05/04/2021
2010,12,5,4,1543120100402010,7,2,04,wd,8835360102,349,0.6,1,1,201027123504wd,1543120100402871379,GRAY SNAPPER,,170.58226938,13,34,201027123504wd,,0,05/04/2021
2010,12,5,4,1543120100402010,7,2,04,wd,8835360102,541,2.42,1,1,201027123504wd,1543120100402871379,GRAY SNAPPER,,170.58226938,21,54,201027123504wd,,0,05/04/2021
2010,12,5,4,1543120100402010,7,2,04,wd,8835360102,642,4.2,1,1,201027123504wd,1543120100402871379,GRAY SNAPPER,,170.58226938,25,64,201027123504wd,,0,05/04/2021
2010,12,5,4,1543120100402011,7,2,04,wd,8835360401,262,0.36,1,1,201027123504wd,1543120100402871379,YELLOWTAIL SNAPPER,,170.58226938,10,26,201027123504wd,,0,05/04/2021
2010,12,5,4,1543120100402011,7,2,04,wd,8835360401,280,0.38,1,1,201027123504wd,1543120100402871379,YELLOWTAIL SNAPPER,,170.58226938,11,28,201027123504wd,,0,05/04/2021
2010,12,5,4,1543120100402011,7,2,04,wd,8835360102,495,1.68,1,1,201027123504wd,1543120100402871379,GRAY SNAPPER,,170.58226938,19,49,201027123504wd,,0,05/04/2021
2010,12,5,4,1543120100402011,7,2,04,wd,8835360102,505,1.76,1,1,201027123504wd,1543120100402871379,GRAY SNAPPER,,170.58226938,19,50,201027123504wd,,0,05/04/2021
2010,12,5,4,1543120100402011,7,2,04,wd,8835360102,515,1.94,1,1,201027123504wd,1543120100402871379,GRAY SNAPPER,,170.58226938,20,51,201027123504wd,,0,05/04/2021
2010,12,5,4,1543120100402012,7,2,04,wd,8835360401,256,0.32,1,1,201027123504wd,1543120100402871379,YELLOWTAIL SNAPPER,,170.58226938,10,25,201027123504wd,,0,05/04/2021
2010,12,5,4,1543120100402012,7,2,04,wd,8835360401,271,0.36,1,1,201027123504wd,1543120100402871379,YELLOWTAIL SNAPPER,,170.58226938,10,27,201027123504wd,,0,05/04/2021
2010,12,5,4,1543120100402012,7,2,04,wd,8835360401,277,0.36,1,1,201027123504wd,1543120100402871379,YELLOWTAIL SNAPPER,,170.58226938,10,27,201027123504wd,,0,05/04/2021
2010,12,5,4,1543120100402012,7,2,04,wd,8835360102,295,0.38,1,1,201027123504wd,1543120100402871379,GRAY SNAPPER,,170.58226938,11,29,201027123504wd,,0,05/04/2021
2010,12,5,4,1543120100402012,7,2,04,wd,8835360102,381,0.56,1,1,201027123504wd,1543120100402871379,GRAY SNAPPER,,170.58226938,14,38,201027123504wd,,0,05/04/2021
2010,12,5,4,1543120100406001,7,2,04,wd,8850030502,476,0.76,1,1,201027123504wd,154312010040687279,SPANISH MACKEREL,,72.588546487,18,47,201027123504wd,,0,05/04/2021
2010,12,5,4,1543120100406001,7,2,04,wd,8850030502,527,1.44,1,1,201027123504wd,154312010040687279,SPANISH MACKEREL,,72.588546487,20,52,201027123504wd,,0,05/04/2021
2010,12,5,4,1543120100406001,7,2,04,wd,8850030101,536,2.7,0,0,201027123504wd,154312010040687279,SKIPJACK TUNA,,72.588546487,21,53,201027123504wd,,0,05/04/2021
2010,12,5,4,1543120100406001,7,2,04,wd,8835400100,,,0,0,201027123504wd,154312010040687279,GRUNT GENUS,,145.17709297,,,201027123504wd,,0,05/04/2021
2010,12,5,4,1543120100406001,7,2,04,wd,8835360401,262,0.36,0,0,201027123504wd,154312010040687279,YELLOWTAIL SNAPPER,,72.588546487,10,26,201027123504wd,,0,05/04/2021
2010,12,5,4,1543120100406001,7,2,04,wd,8835360401,262,0.32,0,0,201027123504wd,154312010040687279,YELLOWTAIL SNAPPER,,72.588546487,10,26,201027123504wd,,0,05/04/2021
2010,12,5,4,1543120100406001,7,2,04,wd,8835360401,267,0.3,0,0,201027123504wd,154312010040687279,YELLOWTAIL SNAPPER,,72.588546487,10,26,201027123504wd,,0,05/04/2021
2010,12,5,4,1543120100406001,7,2,04,wd,8835360401,271,0.32,0,0,201027123504wd,154312010040687279,YELLOWTAIL SNAPPER,,72.588546487,10,27,201027123504wd,,0,05/04/2021
2010,12,5,4,1543120100406001,7,2,04,wd,8835360401,271,0.32,0,0,201027123504wd,154312010040687279,YELLOWTAIL SNAPPER,,72.588546487,10,27,201027123504wd,,0,05/04/2021
2010,12,5,4,1543120100406001,7,2,04,wd,8835360401,271,0.32,1,1,201027123504wd,154312010040687279,YELLOWTAIL SNAPPER,,72.588546487,10,27,201027123504wd,,0,05/04/2021
2010,12,5,4,1543120100406001,7,2,04,wd,8835360401,278,0.38,0,0,201027123504wd,154312010040687279,YELLOWTAIL SNAPPER,,72.588546487,10,27,201027123504wd,,0,05/04/2021
2010,12,5,4,1543120100406001,7,2,04,wd,8835360401,280,0.4,0,0,201027123504wd,154312010040687279,YELLOWTAIL SNAPPER,,72.588546487,11,28,201027123504wd,,0,05/04/2021
2010,12,5,4,1543120100406001,7,2,04,wd,8835360401,280,0.38,0,0,201027123504wd,154312010040687279,YELLOWTAIL SNAPPER,,72.588546487,11,28,201027123504wd,,0,05/04/2021
2010,12,5,4,1543120100406001,7,2,04,wd,8835360401,281,0.42,0,0,201027123504wd,154312010040687279,YELLOWTAIL SNAPPER,,72.588546487,11,28,201027123504wd,,0,05/04/2021
2010,12,5,4,1543120100406001,7,2,04,wd,8835360401,281,0.42,0,0,201027123504wd,154312010040687279,YELLOWTAIL SNAPPER,,72.588546487,11,28,201027123504wd,,0,05/04/2021
2010,12,5,4,1543120100406001,7,2,04,wd,8835360401,284,0.44,0,0,201027123504wd,154312010040687279,YELLOWTAIL SNAPPER,,72.588546487,11,28,201027123504wd,,0,05/04/2021
2010,12,5,4,1543120100406001,7,2,04,wd,8835360401,287,0.42,0,0,201027123504wd,154312010040687279,YELLOWTAIL SNAPPER,,72.588546487,11,28,201027123504wd,,0,05/04/2021
2010,12,5,4,1543120100406001,7,2,04,wd,8835360401,277,0.36,0,0,201027123504wd,154312010040687279,YELLOWTAIL SNAPPER,,72.588546487,10,27,201027123504wd,,0,05/04/2021
2010,12,5,4,1543120100406001,7,2,04,wd,8835360401,289,0.4,0,0,201027123504wd,154312010040687279,YELLOWTAIL SNAPPER,,72.588546487,11,28,201027123504wd,,0,05/04/2021
2010,12,5,4,1543120100406001,7,2,04,wd,8835360401,294,0.46,0,0,201027123504wd,154312010040687279,YELLOWTAIL SNAPPER,,72.588546487,11,29,201027123504wd,,0,05/04/2021
2010,12,5,4,1543120100406001,7,2,04,wd,8835360401,294,0.42,0,0,201027123504wd,154312010040687279,YELLOWTAIL SNAPPER,,72.588546487,11,29,201027123504wd,,0,05/04/2021
2010,12,5,4,1543120100406001,7,2,04,wd,8835360401,296,0.46,0,0,201027123504wd,154312010040687279,YELLOWTAIL SNAPPER,,72.588546487,11,29,201027123504wd,,0,05/04/2021
2010,12,5,4,1543120100406001,7,2,04,wd,8835360401,271,0.36,0,0,201027123504wd,154312010040687279,YELLOWTAIL SNAPPER,,72.588546487,10,27,201027123504wd,,0,05/04/2021
2010,12,5,4,1543120100406001,7,2,04,wd,8835360401,296,0.44,0,0,201027123504wd,154312010040687279,YELLOWTAIL SNAPPER,,72.588546487,11,29,201027123504wd,,0,05/04/2021
2010,12,5,4,1543120100406001,7,2,04,wd,8835360401,297,0.48,0,0,201027123504wd,154312010040687279,YELLOWTAIL SNAPPER,,72.588546487,11,29,201027123504wd,,0,05/04/2021
2010,12,5,4,1543120100406001,7,2,04,wd,8835360401,297,0.48,0,0,201027123504wd,154312010040687279,YELLOWTAIL SNAPPER,,72.588546487,11,29,201027123504wd,,0,05/04/2021
2010,12,5,4,1543120100406001,7,2,04,wd,8835360401,299,0.56,0,0,201027123504wd,154312010040687279,YELLOWTAIL SNAPPER,,72.588546487,11,29,201027123504wd,,0,05/04/2021
2010,12,5,4,1543120100406001,7,2,04,wd,8835360401,256,0.32,0,0,201027123504wd,154312010040687279,YELLOWTAIL SNAPPER,,72.588546487,10,25,201027123504wd,,0,05/04/2021
2010,12,5,4,1543120100406001,7,2,04,wd,8835360401,299,0.48,0,0,201027123504wd,154312010040687279,YELLOWTAIL SNAPPER,,72.588546487,11,29,201027123504wd,,0,05/04/2021
2010,12,5,4,1543120100406001,7,2,04,wd,8835360401,299,0.44,0,0,201027123504wd,154312010040687279,YELLOWTAIL SNAPPER,,72.588546487,11,29,201027123504wd,,0,05/04/2021
2010,12,5,4,1543120100406001,7,2,04,wd,8835360401,300,0.46,0,0,201027123504wd,154312010040687279,YELLOWTAIL SNAPPER,,72.588546487,11,30,201027123504wd,,0,05/04/2021
2010,12,5,4,1543120100406001,7,2,04,wd,8835360401,302,0.5,0,0,201027123504wd,154312010040687279,YELLOWTAIL SNAPPER,,72.588546487,11,30,201027123504wd,,0,05/04/2021
2010,12,5,4,1543120100406001,7,2,04,wd,8835360401,320,0.56,0,0,201027123504wd,154312010040687279,YELLOWTAIL SNAPPER,,72.588546487,12,32,201027123504wd,,0,05/04/2021
2010,12,5,4,1543120100406001,7,2,04,wd,8835360102,265,0.3,0,0,201027123504wd,154312010040687279,GRAY SNAPPER,,72.588546487,10,26,201027123504wd,,0,05/04/2021
2010,12,5,4,1543120100406001,7,2,04,wd,8835360102,289,0.38,0,0,201027123504wd,154312010040687279,GRAY SNAPPER,,72.588546487,11,28,201027123504wd,,0,05/04/2021
2010,12,5,4,1543120100406001,7,2,04,wd,8835360102,306,0.4,0,0,201027123504wd,154312010040687279,GRAY SNAPPER,,72.588546487,12,30,201027123504wd,,0,05/04/2021
2010,12,5,4,1543120100406001,7,2,04,wd,8835280801,1020,14.54,0,0,201027123504wd,154312010040687279,GREATER AMBERJACK,,72.588546487,40,102,201027123504wd,,0,05/04/2021
2010,12,5,4,1543120100406001,7,2,04,wd,8835280801,1037,17.02,0,0,201027123504wd,154312010040687279,GREATER AMBERJACK,,72.588546487,40,103,201027123504wd,,0,05/04/2021
2010,12,5,4,1543120100406001,7,2,04,wd,8835280801,1152,15.6,1,1,201027123504wd,154312010040687279,GREATER AMBERJACK,,72.588546487,45,115,201027123504wd,,0,05/04/2021
2010,12,5,4,1543120100406001,7,2,04,wd,8835280801,1101,13.62,0,0,201027123504wd,154312010040687279,GREATER AMBERJACK,,72.588546487,43,110,201027123504wd,,0,05/04/2021
2010,12,5,4,1543120100406001,7,2,04,wd,8835280306,292,0.42,1,1,201027123504wd,154312010040687279,BLUE RUNNER,,72.588546487,11,29,201027123504wd,,0,05/04/2021
2010,12,5,4,1543120100406001,7,2,04,wd,8835280306,294,0.46,1,1,201027123504wd,154312010040687279,BLUE RUNNER,,72.588546487,11,29,201027123504wd,,0,05/04/2021
2010,12,5,4,1543120100406001,7,2,04,wd,8835260101,962,10.2,0,0,201027123504wd,154312010040687279,COBIA,,72.588546487,37,96,201027123504wd,,0,05/04/2021
2010,12,5,4,1543120100406002,7,2,04,wd,8835400100,,,0,0,201027123504wd,154312010040687279,GRUNT GENUS,,145.17709297,,,201027123504wd,,0,05/04/2021
2010,12,5,4,1543120100406002,7,2,04,wd,8835280306,433,1.42,1,1,201027123504wd,154312010040687279,BLUE RUNNER,,72.588546487,17,43,201027123504wd,,0,05/04/2021
2010,12,5,4,1543120100406002,7,2,04,wd,8835280306,294,0.46,1,1,201027123504wd,154312010040687279,BLUE RUNNER,,72.588546487,11,29,201027123504wd,,0,05/04/2021
2010,12,5,4,1543120100406003,7,2,04,wd,8835400100,,,0,0,201027123504wd,154312010040687279,GRUNT GENUS,,145.17709297,,,201027123504wd,,0,05/04/2021
2010,12,5,4,1543120100406003,7,2,04,wd,8835280306,250,0.28,1,1,201027123504wd,154312010040687279,BLUE RUNNER,,72.588546487,9,25,201027123504wd,,0,05/04/2021
2010,12,5,4,1543120100406003,7,2,04,wd,8835280306,250,0.28,1,1,201027123504wd,154312010040687279,BLUE RUNNER,,72.588546487,9,25,201027123504wd,,0,05/04/2021
2010,12,5,4,1543120100406004,7,2,04,wd,8835400100,,,0,0,201027123504wd,154312010040687279,GRUNT GENUS,,72.588546487,,,201027123504wd,,0,05/04/2021
2010,12,5,4,1543120100406004,7,2,04,wd,8835280306,331,0.64,1,1,201027123504wd,154312010040687279,BLUE RUNNER,,72.588546487,13,33,201027123504wd,,0,05/04/2021
2010,12,5,4,1543120100406004,7,2,04,wd,8835280306,294,0.46,1,1,201027123504wd,154312010040687279,BLUE RUNNER,,72.588546487,11,29,201027123504wd,,0,05/04/2021
2010,12,5,4,1543120100406005,7,2,04,wd,8835400100,,,0,0,201027123504wd,154312010040687279,GRUNT GENUS,,72.588546487,,,201027123504wd,,0,05/04/2021
2010,12,5,4,1543120100406005,7,2,04,wd,8835280306,292,0.42,1,1,201027123504wd,154312010040687279,BLUE RUNNER,,72.588546487,11,29,201027123504wd,,0,05/04/2021
2010,12,5,4,1543120100406005,7,2,04,wd,8835280306,294,0.46,1,1,201027123504wd,154312010040687279,BLUE RUNNER,,72.588546487,11,29,201027123504wd,,0,05/04/2021
2010,12,5,4,1543120100406005,7,2,04,wd,8835280306,331,0.64,1,1,201027123504wd,154312010040687279,BLUE RUNNER,,72.588546487,13,33,201027123504wd,,0,05/04/2021
2010,12,5,4,1543120100406006,7,2,04,wd,8835400100,,,0,0,201027123504wd,154312010040687279,GRUNT GENUS,,145.17709297,,,201027123504wd,,0,05/04/2021
2010,12,5,4,1543120100406006,7,2,04,wd,8835280306,331,0.64,1,1,201027123504wd,154312010040687279,BLUE RUNNER,,72.588546487,13,33,201027123504wd,,0,05/04/2021
2010,12,5,4,1543120100406006,7,2,04,wd,8835280306,292,0.42,1,1,201027123504wd,154312010040687279,BLUE RUNNER,,72.588546487,11,29,201027123504wd,,0,05/04/2021
2010,12,5,4,1543120100406006,7,2,04,wd,8835280306,331,0.64,1,1,201027123504wd,154312010040687279,BLUE RUNNER,,72.588546487,13,33,201027123504wd,,0,05/04/2021
2010,12,5,4,1543120100406006,7,2,04,wd,8835280306,433,1.42,1,1,201027123504wd,154312010040687279,BLUE RUNNER,,72.588546487,17,43,201027123504wd,,0,05/04/2021
2010,12,5,4,1543120100406007,7,2,04,wd,8835360401,262,0.32,1,1,201027123504wd,154312010040687279,YELLOWTAIL SNAPPER,,72.588546487,10,26,201027123504wd,,0,05/04/2021
2010,12,5,4,1543120100406007,7,2,04,wd,8835360401,267,0.3,1,1,201027123504wd,154312010040687279,YELLOWTAIL SNAPPER,,72.588546487,10,26,201027123504wd,,0,05/04/2021
2010,12,5,4,1543120100406007,7,2,04,wd,8835360401,271,0.32,1,1,201027123504wd,154312010040687279,YELLOWTAIL SNAPPER,,72.588546487,10,27,201027123504wd,,0,05/04/2021
2010,12,5,4,1543120100406007,7,2,04,wd,8835360401,304,0.48,0,0,201027123504wd,154312010040687279,YELLOWTAIL SNAPPER,,72.588546487,11,30,201027123504wd,,0,05/04/2021
2010,12,5,4,1543120100406007,7,2,04,wd,8835290101,562,2.06,0,0,201027123504wd,154312010040687279,DOLPHIN,,72.588546487,22,56,201027123504wd,,0,05/04/2021
2010,12,5,4,1543120100406007,7,2,04,wd,8835260101,860,8.42,0,0,201027123504wd,154312010040687279,COBIA,,72.588546487,33,86,201027123504wd,,0,05/04/2021
2010,12,5,4,1543120100406007,7,2,04,wd,8835260101,1016,11.14,0,0,201027123504wd,154312010040687279,COBIA,,72.588546487,39,101,201027123504wd,,0,05/04/2021
2010,12,5,4,1543120100406007,7,2,04,wd,8835260101,1092,15.38,0,0,201027123504wd,154312010040687279,COBIA,,72.588546487,42,109,201027123504wd,,0,05/04/2021
2010,12,5,4,1543120100406007,7,2,04,wd,8803010201,,,0,0,201027123504wd,154312010040687279,BALLYHOO,,450.08413221,,,201027123504wd,,0,05/04/2021
2010,12,5,4,1543120100406007,7,2,04,wd,8747010804,140,0.06,1,1,201027123504wd,154312010040687279,SCALED SARDINE,,382.57151238,5,14,201027123504wd,,0,05/04/2021
2010,12,5,4,1543120100406007,7,2,04,wd,8747010804,149,0.06,1,1,201027123504wd,154312010040687279,SCALED SARDINE,,382.57151238,5,14,201027123504wd,,0,05/04/2021
2010,12,5,4,1543120100406007,7,2,04,wd,8747010804,149,0.06,1,1,201027123504wd,154312010040687279,SCALED SARDINE,,382.57151238,5,14,201027123504wd,,0,05/04/2021
2010,12,5,4,1543120100406007,7,2,04,wd,8747010804,150,0.06,1,1,201027123504wd,154312010040687279,SCALED SARDINE,,382.57151238,5,15,201027123504wd,,0,05/04/2021
2010,12,5,4,1543120100406007,7,2,04,wd,8747010804,151,0.06,1,1,201027123504wd,154312010040687279,SCALED SARDINE,,382.57151238,5,15,201027123504wd,,0,05/04/2021
2010,12,5,4,1543120100406008,7,2,04,wd,8803010201,,,0,0,201027123504wd,154312010040687279,BALLYHOO,,450.08413221,,,201027123504wd,,0,05/04/2021
2010,12,5,4,1543120100406008,7,2,04,wd,8747010804,124,0.06,1,1,201027123504wd,154312010040687279,SCALED SARDINE,,382.57151238,4,12,201027123504wd,,0,05/04/2021
2010,12,5,4,1543120100406008,7,2,04,wd,8747010804,124,0.06,1,1,201027123504wd,154312010040687279,SCALED SARDINE,,382.57151238,4,12,201027123504wd,,0,05/04/2021
2010,12,5,4,1543120100406008,7,2,04,wd,8747010804,133,0.06,1,1,201027123504wd,154312010040687279,SCALED SARDINE,,382.57151238,5,13,201027123504wd,,0,05/04/2021
2010,12,5,4,1543120100406008,7,2,04,wd,8747010804,139,0.06,1,1,201027123504wd,154312010040687279,SCALED SARDINE,,382.57151238,5,13,201027123504wd,,0,05/04/2021
2010,12,5,4,1543120100406008,7,2,04,wd,8747010804,150,0.06,1,1,201027123504wd,154312010040687279,SCALED SARDINE,,382.57151238,5,15,201027123504wd,,0,05/04/2021
2010,12,5,4,1543120100406009,7,2,04,wd,8803010201,,,0,0,201027123504wd,154312010040687279,BALLYHOO,,450.08413221,,,201027123504wd,,0,05/04/2021
2010,12,5,4,1543120100406009,7,2,04,wd,8747010804,130,0.06,1,1,201027123504wd,154312010040687279,SCALED SARDINE,,405.07571899,5,13,201027123504wd,,0,05/04/2021
2010,12,5,4,1543120100406009,7,2,04,wd,8747010804,130,0.06,1,1,201027123504wd,154312010040687279,SCALED SARDINE,,405.07571899,5,13,201027123504wd,,0,05/04/2021
2010,12,5,4,1543120100406009,7,2,04,wd,8747010804,139,0.06,1,1,201027123504wd,154312010040687279,SCALED SARDINE,,405.07571899,5,13,201027123504wd,,0,05/04/2021
2010,12,5,4,1543120100406009,7,2,04,wd,8747010804,155,0.06,1,1,201027123504wd,154312010040687279,SCALED SARDINE,,405.07571899,6,15,201027123504wd,,0,05/04/2021
2010,12,5,4,1543120100406009,7,2,04,wd,8747010804,155,0.06,1,1,201027123504wd,154312010040687279,SCALED SARDINE,,405.07571899,6,15,201027123504wd,,0,05/04/2021
2010,12,5,4,1543120100410001,7,2,04,we,8835400100,,,0,0,201027123504we,154312010041087303,GRUNT GENUS,,201.60397141,,,201027123504we,,0,05/04/2021
2010,12,5,4,1543120100410001,7,2,04,we,8835360501,274,0.34,1,1,201027123504we,154312010041087303,VERMILION SNAPPER,,38.08350252,10,27,201027123504we,,0,05/04/2021
2010,12,5,4,1543120100410001,7,2,04,we,8835360501,287,0.34,0,0,201027123504we,154312010041087303,VERMILION SNAPPER,,38.08350252,11,28,201027123504we,,0,05/04/2021
2010,12,5,4,1543120100410001,7,2,04,we,8835360501,296,0.38,0,0,201027123504we,154312010041087303,VERMILION SNAPPER,,38.08350252,11,29,201027123504we,,0,05/04/2021
2010,12,5,4,1543120100410001,7,2,04,we,8835360501,296,0.48,1,1,201027123504we,154312010041087303,VERMILION SNAPPER,,38.08350252,11,29,201027123504we,,0,05/04/2021
2010,12,5,4,1543120100410001,7,2,04,we,8835360501,301,0.54,1,1,201027123504we,154312010041087303,VERMILION SNAPPER,,38.08350252,11,30,201027123504we,,0,05/04/2021
2010,12,5,4,1543120100410001,7,2,04,we,8835360501,302,0.52,1,1,201027123504we,154312010041087303,VERMILION SNAPPER,,38.08350252,11,30,201027123504we,,0,05/04/2021
2010,12,5,4,1543120100410001,7,2,04,we,8835360113,280,0.34,0,0,201027123504we,154312010041087303,SILK SNAPPER,,28.56262689,11,28,201027123504we,,0,05/04/2021
2010,12,5,4,1543120100410001,7,2,04,we,8835360113,287,0.4,0,0,201027123504we,154312010041087303,SILK SNAPPER,,28.56262689,11,28,201027123504we,,0,05/04/2021
2010,12,5,4,1543120100410001,7,2,04,we,8835360113,340,0.54,1,1,201027123504we,154312010041087303,SILK SNAPPER,,28.56262689,13,34,201027123504we,,0,05/04/2021
2010,12,5,4,1543120100410001,7,2,04,we,8835280801,1056,15.42,1,1,201027123504we,154312010041087303,GREATER AMBERJACK,,28.56262689,41,105,201027123504we,,0,05/04/2021
2010,12,5,4,1543120100410001,7,2,04,we,8835280801,1179,18.946970154,1,1,201027123504we,154312010041087303,GREATER AMBERJACK,,28.56262689,46,117,201027123504we,,0,05/04/2021
2010,12,5,4,1543120100410001,7,2,04,we,8835280801,874,10.26,1,1,201027123504we,154312010041087303,GREATER AMBERJACK,,28.56262689,34,87,201027123504we,,0,05/04/2021
2010,12,5,4,1543120100410001,7,2,04,we,8835280306,292,0.42,1,1,201027123504we,154312010041087303,BLUE RUNNER,,28.800567344,11,29,201027123504we,,0,05/04/2021
2010,12,5,4,1543120100410001,7,2,04,we,8835280306,294,0.46,1,1,201027123504we,154312010041087303,BLUE RUNNER,,28.800567344,11,29,201027123504we,,0,05/04/2021
2010,12,5,4,1543120100410001,7,2,04,we,8835170101,415,0.48,1,1,201027123504we,154312010041087303,BIGEYE,,28.56262689,16,41,201027123504we,,0,05/04/2021
2010,12,5,4,1543120100410001,7,2,04,we,8835170101,429,0.98,1,1,201027123504we,154312010041087303,BIGEYE,,28.56262689,16,42,201027123504we,,0,05/04/2021
2010,12,5,4,1543120100410002,7,2,04,we,8835400100,,,0,0,201027123504we,154312010041087303,GRUNT GENUS,,230.40453875,,,201027123504we,,0,05/04/2021
2010,12,5,4,1543120100410002,7,2,04,we,8835280306,294,0.46,1,1,201027123504we,154312010041087303,BLUE RUNNER,,28.800567344,11,29,201027123504we,,0,05/04/2021
2010,12,5,4,1543120100410002,7,2,04,we,8835280306,250,0.28,1,1,201027123504we,154312010041087303,BLUE RUNNER,,28.800567344,9,25,201027123504we,,0,05/04/2021
2010,12,5,4,1543120100410003,7,2,04,we,8850030101,647,5.54,0,0,201027123504we,154312010041087303,SKIPJACK TUNA,,28.56262689,25,64,201027123504we,,0,05/04/2021
2010,12,5,4,1543120100410003,7,2,04,we,8835280803,555,2.6,0,0,201027123504we,154312010041087303,ALMACO JACK,,28.56262689,21,55,201027123504we,,0,05/04/2021
2010,12,5,4,1543120100410003,7,2,04,we,8835280803,866,8.64,1,1,201027123504we,154312010041087303,ALMACO JACK,,28.56262689,34,86,201027123504we,,0,05/04/2021
2010,12,5,4,1543120100410003,7,2,04,we,8835280801,939,12.98,0,0,201027123504we,154312010041087303,GREATER AMBERJACK,,28.56262689,36,93,201027123504we,,0,05/04/2021
2010,12,5,4,1543120100410003,7,2,04,we,8835280801,800,7.02,1,1,201027123504we,154312010041087303,GREATER AMBERJACK,,28.56262689,31,80,201027123504we,,0,05/04/2021
2010,12,5,4,1543120100410003,7,2,04,we,8835280801,900,10,1,1,201027123504we,154312010041087303,GREATER AMBERJACK,,28.56262689,35,90,201027123504we,,0,05/04/2021
2010,12,5,4,1543120100410006,7,2,04,we,8835360401,245,0.28,0,0,201027123504we,154312010041087303,YELLOWTAIL SNAPPER,,28.56262689,9,24,201027123504we,,0,05/04/2021
2010,12,5,4,1543120100410006,7,2,04,we,8835360401,249,0.44,0,0,201027123504we,154312010041087303,YELLOWTAIL SNAPPER,,28.56262689,9,24,201027123504we,,0,05/04/2021
2010,12,5,4,1543120100410006,7,2,04,we,8835360401,249,0.36,0,0,201027123504we,154312010041087303,YELLOWTAIL SNAPPER,,28.56262689,9,24,201027123504we,,0,05/04/2021
2010,12,5,4,1543120100410006,7,2,04,we,8835360401,255,0.46,0,0,201027123504we,154312010041087303,YELLOWTAIL SNAPPER,,28.56262689,10,25,201027123504we,,0,05/04/2021
2010,12,5,4,1543120100410006,7,2,04,we,8835360401,255,0.3,0,0,201027123504we,154312010041087303,YELLOWTAIL SNAPPER,,28.56262689,10,25,201027123504we,,0,05/04/2021
2010,12,5,4,1543120100410006,7,2,04,we,8835360401,260,0.34,0,0,201027123504we,154312010041087303,YELLOWTAIL SNAPPER,,28.56262689,10,26,201027123504we,,0,05/04/2021
2010,12,5,4,1543120100410006,7,2,04,we,8835360401,250,0.42,0,0,201027123504we,154312010041087303,YELLOWTAIL SNAPPER,,28.56262689,9,25,201027123504we,,0,05/04/2021
2010,12,5,4,1543120100410006,7,2,04,we,8835360401,261,0.32,0,0,201027123504we,154312010041087303,YELLOWTAIL SNAPPER,,28.56262689,10,26,201027123504we,,0,05/04/2021
2010,12,5,4,1543120100410006,7,2,04,we,8835360401,262,0.5,0,0,201027123504we,154312010041087303,YELLOWTAIL SNAPPER,,28.56262689,10,26,201027123504we,,0,05/04/2021
2010,12,5,4,1543120100410006,7,2,04,we,8835360401,262,0.42,0,0,201027123504we,154312010041087303,YELLOWTAIL SNAPPER,,28.56262689,10,26,201027123504we,,0,05/04/2021
2010,12,5,4,1543120100410006,7,2,04,we,8835360401,264,0.46,0,0,201027123504we,154312010041087303,YELLOWTAIL SNAPPER,,28.56262689,10,26,201027123504we,,0,05/04/2021
2010,12,5,4,1543120100410006,7,2,04,we,8835360401,265,0.38,0,0,201027123504we,154312010041087303,YELLOWTAIL SNAPPER,,28.56262689,10,26,201027123504we,,0,05/04/2021
2010,12,5,4,1543120100410006,7,2,04,we,8835360401,281,0.38,0,0,201027123504we,154312010041087303,YELLOWTAIL SNAPPER,,28.56262689,11,28,201027123504we,,0,05/04/2021
2010,12,5,4,1543120100410006,7,2,04,we,8835360401,289,0.44,0,0,201027123504we,154312010041087303,YELLOWTAIL SNAPPER,,28.56262689,11,28,201027123504we,,0,05/04/2021
2010,12,5,4,1543120100410006,7,2,04,we,8835280801,1057,15.92,1,1,201027123504we,154312010041087303,GREATER AMBERJACK,,28.56262689,41,105,201027123504we,,0,05/04/2021
2010,12,5,4,1543120100410006,7,2,04,we,8835280801,1152,15.6,0,0,201027123504we,154312010041087303,GREATER AMBERJACK,,28.56262689,45,115,201027123504we,,0,05/04/2021
2010,12,5,4,1543120100410006,7,2,04,we,8835280801,898,10.6,1,1,201027123504we,154312010041087303,GREATER AMBERJACK,,28.56262689,35,89,201027123504we,,0,05/04/2021
2010,12,5,4,1543120100410006,7,2,04,we,8835280801,981,12.4,1,1,201027123504we,154312010041087303,GREATER AMBERJACK,,28.56262689,38,98,201027123504we,,0,05/04/2021
2010,12,5,4,1543120100410006,7,2,04,we,8835280801,981,14.03,1,1,201027123504we,154312010041087303,GREATER AMBERJACK,,28.56262689,38,98,201027123504we,,0,05/04/2021
2010,12,5,4,1543120100410006,7,2,04,we,8835280306,331,0.64,1,1,201027123504we,154312010041087303,BLUE RUNNER,,28.800567344,13,33,201027123504we,,0,05/04/2021
2010,12,5,4,1543120100410007,7,2,04,we,8835280306,292,0.42,1,1,201027123504we,154312010041087303,BLUE RUNNER,,28.800567344,11,29,201027123504we,,0,05/04/2021
2010,12,5,4,1543120100410007,7,2,04,we,8835280306,294,0.46,1,1,201027123504we,154312010041087303,BLUE RUNNER,,28.800567344,11,29,201027123504we,,0,05/04/2021
2010,12,5,4,1543120100410008,7,2,04,we,8835280306,331,0.64,1,1,201027123504we,154312010041087303,BLUE RUNNER,,28.800567344,13,33,201027123504we,,0,05/04/2021
2010,12,5,4,1543120100410009,7,2,04,we,8835280306,331,0.64,1,1,201027123504we,154312010041087303,BLUE RUNNER,,28.800567344,13,33,201027123504we,,0,05/04/2021
2010,12,5,4,1543120100410010,7,2,04,we,8835280306,433,1.42,1,1,201027123504we,154312010041087303,BLUE RUNNER,,28.800567344,17,43,201027123504we,,0,05/04/2021
2010,12,5,4,1543120100413001,7,2,04,wd,8835360401,294,0.48,0,0,201027123504wd,154312010041387788,YELLOWTAIL SNAPPER,,90.578641945,11,29,201027123504wd,,0,05/04/2021
2010,12,5,4,1543120100413001,7,2,04,wd,8835360401,295,0.52,0,0,201027123504wd,154312010041387788,YELLOWTAIL SNAPPER,,90.578641945,11,29,201027123504wd,,0,05/04/2021
2010,12,5,4,1543120100413001,7,2,04,wd,8835360401,304,0.56,0,0,201027123504wd,154312010041387788,YELLOWTAIL SNAPPER,,90.578641945,11,30,201027123504wd,,0,05/04/2021
2010,12,5,4,1543120100413001,7,2,04,wd,8835280801,1056,15.42,0,0,201027123504wd,154312010041387788,GREATER AMBERJACK,,90.578641945,41,105,201027123504wd,,0,05/04/2021
2010,12,5,4,1543120100413002,7,2,04,wd,,,,0,0,201027123504wd,154312010041387788,,,90.578641945,,,201027123504wd,,0,05/04/2021
2010,12,5,4,1543120100413003,7,2,04,wd,,,,0,0,201027123504wd,154312010041387788,,,90.578641945,,,201027123504wd,,0,05/04/2021
2010,12,5,4,1543120100413004,7,2,04,wd,8850030404,432,1.58,1,1,201027123504wd,154312010041387788,BLACKFIN TUNA,,108.69437033,17,43,201027123504wd,,0,05/04/2021
2010,12,5,4,1543120100413004,7,2,04,wd,8850030404,432,1.58,1,1,201027123504wd,154312010041387788,BLACKFIN TUNA,,108.69437033,17,43,201027123504wd,,0,05/04/2021
2010,12,5,4,1543120100413004,7,2,04,wd,8850030404,451,1.8,1,1,201027123504wd,154312010041387788,BLACKFIN TUNA,,108.69437033,17,45,201027123504wd,,0,05/04/2021
2010,12,5,4,1543120100413004,7,2,04,wd,8850030404,451,1.8,1,1,201027123504wd,154312010041387788,BLACKFIN TUNA,,108.69437033,17,45,201027123504wd,,0,05/04/2021
2010,12,5,4,1543120100413004,7,2,04,wd,8850030404,451,1.8,1,1,201027123504wd,154312010041387788,BLACKFIN TUNA,,108.69437033,17,45,201027123504wd,,0,05/04/2021
2010,12,5,4,1543120100413004,7,2,04,wd,8835290101,527,1.28,1,1,201027123504wd,154312010041387788,DOLPHIN,,90.578641945,20,52,201027123504wd,,0,05/04/2021
2010,12,5,4,1543120100413004,7,2,04,wd,8835280801,779,6.66,1,1,201027123504wd,154312010041387788,GREATER AMBERJACK,,90.578641945,30,77,201027123504wd,,0,05/04/2021
2010,12,5,4,1543120100413004,7,2,04,wd,8835280801,781,6.12,1,1,201027123504wd,154312010041387788,GREATER AMBERJACK,,90.578641945,30,78,201027123504wd,,0,05/04/2021
2010,12,5,3,1543120100415001,7,2,04,wd,8747010804,134,0.06,1,1,201027123504wd,154312010041587788,SCALED SARDINE,,240.09117442,5,13,201027123504wd,,0,05/04/2021
2010,12,5,3,1543120100415001,7,2,04,wd,8747010804,134,0.06,1,1,201027123504wd,154312010041587788,SCALED SARDINE,,240.09117442,5,13,201027123504wd,,0,05/04/2021
2010,12,5,3,1543120100415001,7,2,04,wd,8747010804,142,0.06,1,1,201027123504wd,154312010041587788,SCALED SARDINE,,240.09117442,5,14,201027123504wd,,0,05/04/2021
2010,12,5,3,1543120100415001,7,2,04,wd,8747010804,142,0.06,1,1,201027123504wd,154312010041587788,SCALED SARDINE,,240.09117442,5,14,201027123504wd,,0,05/04/2021
2010,12,5,3,1543120100415001,7,2,04,wd,8747010804,152,0.06,1,1,201027123504wd,154312010041587788,SCALED SARDINE,,240.09117442,5,15,201027123504wd,,0,05/04/2021
2010,12,5,3,1543120100415002,7,2,04,wd,8835430201,289,0.48,1,1,201027123504wd,154312010041587788,PINFISH,,80.030391473,11,28,201027123504wd,,0,05/04/2021
2010,12,5,3,1543120100415002,7,2,04,wd,8835430201,289,0.48,1,1,201027123504wd,154312010041587788,PINFISH,,80.030391473,11,28,201027123504wd,,0,05/04/2021
2010,12,5,3,1543120100415002,7,2,04,wd,8835430201,289,0.48,1,1,201027123504wd,154312010041587788,PINFISH,,80.030391473,11,28,201027123504wd,,0,05/04/2021
2010,12,5,3,1543120100415002,7,2,04,wd,8835430201,289,0.48,1,1,201027123504wd,154312010041587788,PINFISH,,80.030391473,11,28,201027123504wd,,0,05/04/2021
2010,12,5,3,1543120100415002,7,2,04,wd,8835430201,289,0.48,1,1,201027123504wd,154312010041587788,PINFISH,,80.030391473,11,28,201027123504wd,,0,05/04/2021
2010,12,5,3,1543120100415002,7,2,04,wd,8747010804,134,0.06,1,1,201027123504wd,154312010041587788,SCALED SARDINE,,240.09117442,5,13,201027123504wd,,0,05/04/2021
2010,12,5,3,1543120100415002,7,2,04,wd,8747010804,134,0.06,1,1,201027123504wd,154312010041587788,SCALED SARDINE,,240.09117442,5,13,201027123504wd,,0,05/04/2021
2010,12,5,3,1543120100415002,7,2,04,wd,8747010804,142,0.06,1,1,201027123504wd,154312010041587788,SCALED SARDINE,,240.09117442,5,14,201027123504wd,,0,05/04/2021
2010,12,5,3,1543120100415002,7,2,04,wd,8747010804,155,0.06,1,1,201027123504wd,154312010041587788,SCALED SARDINE,,240.09117442,6,15,201027123504wd,,0,05/04/2021
2010,12,5,3,1543120100415002,7,2,04,wd,8747010804,155,0.06,1,1,201027123504wd,154312010041587788,SCALED SARDINE,,240.09117442,6,15,201027123504wd,,0,05/04/2021
2010,12,5,4,1543120100415003,7,2,04,wd,8850030502,351,0.32,0,0,201027123504wd,154312010041587788,SPANISH MACKEREL,,59.807270245,13,35,201027123504wd,,0,05/04/2021
2010,12,5,4,1543120100415003,7,2,04,wd,8850030502,527,1.44,0,0,201027123504wd,154312010041587788,SPANISH MACKEREL,,59.807270245,20,52,201027123504wd,,0,05/04/2021
2010,12,5,4,1543120100415003,7,2,04,wd,8835360401,286,0.42,0,0,201027123504wd,154312010041587788,YELLOWTAIL SNAPPER,,59.807270245,11,28,201027123504wd,,0,05/04/2021
2010,12,5,4,1543120100415003,7,2,04,wd,8835360401,289,0.5,0,0,201027123504wd,154312010041587788,YELLOWTAIL SNAPPER,,59.807270245,11,28,201027123504wd,,0,05/04/2021
2010,12,5,4,1543120100415003,7,2,04,wd,8835360401,295,0.56,0,0,201027123504wd,154312010041587788,YELLOWTAIL SNAPPER,,59.807270245,11,29,201027123504wd,,0,05/04/2021
2010,12,5,4,1543120100415003,7,2,04,wd,8835360401,303,0.54,0,0,201027123504wd,154312010041587788,YELLOWTAIL SNAPPER,,59.807270245,11,30,201027123504wd,,0,05/04/2021
2010,12,5,4,1543120100415003,7,2,04,wd,8835360401,304,0.5,0,0,201027123504wd,154312010041587788,YELLOWTAIL SNAPPER,,59.807270245,11,30,201027123504wd,,0,05/04/2021
2010,12,5,4,1543120100415003,7,2,04,wd,8835360401,325,0.64,0,0,201027123504wd,154312010041587788,YELLOWTAIL SNAPPER,,59.807270245,12,32,201027123504wd,,0,05/04/2021
2010,12,5,4,1543120100415003,7,2,04,wd,8835360401,338,0.74,0,0,201027123504wd,154312010041587788,YELLOWTAIL SNAPPER,,59.807270245,13,33,201027123504wd,,0,05/04/2021
2010,12,5,4,1543120100415003,7,2,04,wd,8835360401,351,0.82,0,0,201027123504wd,154312010041587788,YELLOWTAIL SNAPPER,,59.807270245,13,35,201027123504wd,,0,05/04/2021
2010,12,5,4,1543120100415003,7,2,04,wd,8835360102,314,0.44,0,0,201027123504wd,154312010041587788,GRAY SNAPPER,,59.807270245,12,31,201027123504wd,,0,05/04/2021
2010,12,5,4,1543120100415003,7,2,04,wd,8835280801,1179,18.946970154,0,1,201027123504wd,154312010041587788,GREATER AMBERJACK,,59.807270245,46,117,201027123504wd,,0,05/04/2021
2010,12,5,4,1543120100415003,7,2,04,wd,8835280306,331,0.64,1,1,201027123504wd,154312010041587788,BLUE RUNNER,,59.807270245,13,33,201027123504wd,,0,05/04/2021
2010,12,5,4,1543120100415003,7,2,04,wd,8835280306,294,0.46,1,1,201027123504wd,154312010041587788,BLUE RUNNER,,59.807270245,11,29,201027123504wd,,0,05/04/2021
2010,12,5,4,1543120100415003,7,2,04,wd,8835280306,294,0.46,1,1,201027123504wd,154312010041587788,BLUE RUNNER,,59.807270245,11,29,201027123504wd,,0,05/04/2021
2010,12,5,4,1543120100415004,7,2,04,wd,8835280306,250,0.28,1,1,201027123504wd,154312010041587788,BLUE RUNNER,,59.807270245,9,25,201027123504wd,,0,05/04/2021
2010,12,5,4,1543120100415004,7,2,04,wd,8835280306,250,0.28,1,1,201027123504wd,154312010041587788,BLUE RUNNER,,59.807270245,9,25,201027123504wd,,0,05/04/2021
2010,12,5,4,1543120100420001,7,2,04,wd,8850030503,511,1.24,1,1,201027123504wd,154312010042087525,CERO,,70.106526407,20,51,201027123504wd,,0,05/04/2021
2010,12,5,4,1543120100420001,7,2,04,wd,8835360401,255,0.46,1,1,201027123504wd,154312010042087525,YELLOWTAIL SNAPPER,,70.106526407,10,25,201027123504wd,,0,05/04/2021
2010,12,5,4,1543120100420001,7,2,04,wd,8835360401,262,0.5,1,1,201027123504wd,154312010042087525,YELLOWTAIL SNAPPER,,70.106526407,10,26,201027123504wd,,0,05/04/2021
2010,12,5,4,1543120100420001,7,2,04,wd,8850030503,502,1.2,1,1,201027123504wd,154312010042087525,CERO,,70.106526407,19,50,201027123504wd,,0,05/04/2021
2010,12,5,4,1543120100420001,7,2,04,wd,8835360401,264,0.46,1,1,201027123504wd,154312010042087525,YELLOWTAIL SNAPPER,,70.106526407,10,26,201027123504wd,,0,05/04/2021
2010,12,5,4,1543120100420001,7,2,04,wd,8835360401,289,0.44,1,1,201027123504wd,154312010042087525,YELLOWTAIL SNAPPER,,70.106526407,11,28,201027123504wd,,0,05/04/2021
2010,12,5,4,1543120100420001,7,2,04,wd,8835360401,304,0.48,1,1,201027123504wd,154312010042087525,YELLOWTAIL SNAPPER,,70.106526407,11,30,201027123504wd,,0,05/04/2021
2010,12,5,4,1543120100420001,7,2,04,wd,8835360102,288,0.3,1,1,201027123504wd,154312010042087525,GRAY SNAPPER,,70.106526407,11,28,201027123504wd,,0,05/04/2021
2010,12,5,4,1543120100420001,7,2,04,wd,8835360102,492,1.87,1,1,201027123504wd,154312010042087525,GRAY SNAPPER,,70.106526407,19,49,201027123504wd,,0,05/04/2021
2010,12,5,4,1543120100420001,7,2,04,wd,8835360102,506,2.04,1,1,201027123504wd,154312010042087525,GRAY SNAPPER,,70.106526407,19,50,201027123504wd,,0,05/04/2021
2010,12,5,4,1543120100420001,7,2,04,wd,8835360102,526,2.38,1,1,201027123504wd,154312010042087525,GRAY SNAPPER,,70.106526407,20,52,201027123504wd,,0,05/04/2021
2010,12,5,4,1543120100420001,7,2,04,wd,8835360102,604,3.57,1,1,201027123504wd,154312010042087525,GRAY SNAPPER,,70.106526407,23,60,201027123504wd,,0,05/04/2021
2010,12,5,4,1543120100420002,7,2,04,wd,8835280306,331,0.64,1,1,201027123504wd,154312010042087525,BLUE RUNNER,,70.106526407,13,33,201027123504wd,,0,05/04/2021
2010,12,5,4,1543120100420003,7,2,04,wd,,,,0,0,201027123504wd,154312010042087525,,,70.106526407,,,201027123504wd,,0,05/04/2021
2010,12,5,4,1543120100420004,7,2,04,wd,8835280306,250,0.28,1,1,201027123504wd,154312010042087525,BLUE RUNNER,,70.106526407,9,25,201027123504wd,,0,05/04/2021
2010,12,5,4,1543120100420005,7,2,04,wd,,,,0,0,201027123504wd,154312010042087525,,,70.106526407,,,201027123504wd,,0,05/04/2021
2010,12,5,4,1543120100420006,7,2,04,wd,,,,0,0,201027123504wd,154312010042087525,,,70.106526407,,,201027123504wd,,0,05/04/2021
2010,12,5,4,1543120100420007,7,2,04,wd,8850030503,482,1.1,1,1,201027123504wd,154312010042087525,CERO,,70.106526407,18,48,201027123504wd,,0,05/04/2021
2010,12,5,4,1543120100420007,7,2,04,wd,8850030503,482,1.1,1,1,201027123504wd,154312010042087525,CERO,,70.106526407,18,48,201027123504wd,,0,05/04/2021
2010,12,5,4,1543120100420007,7,2,04,wd,8850030503,502,1.2,1,1,201027123504wd,154312010042087525,CERO,,70.106526407,19,50,201027123504wd,,0,05/04/2021
2010,12,5,4,1543120100420007,7,2,04,wd,8835360401,249,0.36,1,1,201027123504wd,154312010042087525,YELLOWTAIL SNAPPER,,84.127831688,9,24,201027123504wd,,0,05/04/2021
2010,12,5,4,1543120100420007,7,2,04,wd,8835360401,250,0.42,1,1,201027123504wd,154312010042087525,YELLOWTAIL SNAPPER,,84.127831688,9,25,201027123504wd,,0,05/04/2021
2010,12,5,4,1543120100420007,7,2,04,wd,8835360401,262,0.42,1,1,201027123504wd,154312010042087525,YELLOWTAIL SNAPPER,,84.127831688,10,26,201027123504wd,,0,05/04/2021
2010,12,5,4,1543120100420007,7,2,04,wd,8835360401,265,0.38,1,1,201027123504wd,154312010042087525,YELLOWTAIL SNAPPER,,84.127831688,10,26,201027123504wd,,0,05/04/2021
2010,12,5,4,1543120100420007,7,2,04,wd,8835360401,281,0.38,1,1,201027123504wd,154312010042087525,YELLOWTAIL SNAPPER,,84.127831688,11,28,201027123504wd,,0,05/04/2021
2010,12,5,4,1543120100420007,7,2,04,wd,8835360103,628,4.3,1,1,201027123504wd,154312010042087525,MUTTON SNAPPER,,70.106526407,24,62,201027123504wd,,0,05/04/2021
2010,12,5,4,1543120100420007,7,2,04,wd,8835360102,411,1.04,1,1,201027123504wd,154312010042087525,GRAY SNAPPER,,112.17044225,16,41,201027123504wd,,0,05/04/2021
2010,12,5,4,1543120100420007,7,2,04,wd,8835360102,428,1.27,1,1,201027123504wd,154312010042087525,GRAY SNAPPER,,112.17044225,16,42,201027123504wd,,0,05/04/2021
2010,12,5,4,1543120100420007,7,2,04,wd,8835360102,431,1.25,1,1,201027123504wd,154312010042087525,GRAY SNAPPER,,112.17044225,16,43,201027123504wd,,0,05/04/2021
2010,12,5,4,1543120100420007,7,2,04,wd,8835360102,481,1.46,1,1,201027123504wd,154312010042087525,GRAY SNAPPER,,112.17044225,18,48,201027123504wd,,0,05/04/2021
2010,12,5,4,1543120100420007,7,2,04,wd,8835360102,486,1.53,1,1,201027123504wd,154312010042087525,GRAY SNAPPER,,112.17044225,19,48,201027123504wd,,0,05/04/2021
2010,12,5,4,1543120100420007,7,2,04,wd,8835280306,331,0.64,1,1,201027123504wd,154312010042087525,BLUE RUNNER,,70.106526407,13,33,201027123504wd,,0,05/04/2021
2010,12,5,4,1543120100420008,7,2,04,wd,8835280301,391,0.98,1,1,201027123504wd,154312010042087525,YELLOW JACK,,70.106526407,15,39,201027123504wd,,0,05/04/2021
2010,12,5,4,1543120100420009,7,2,04,wd,8835280303,671,5.2720717823,1,1,201027123504wd,154312010042087525,CREVALLE JACK,,70.106526407,26,67,201027123504wd,,0,05/04/2021
2010,12,5,4,1543120100420010,7,2,04,wd,8835280306,331,0.64,1,1,201027123504wd,154312010042087525,BLUE RUNNER,,70.106526407,13,33,201027123504wd,,0,05/04/2021
2010,12,5,4,1543120100420011,7,2,04,wd,,,,0,0,201027123504wd,154312010042087525,,,70.106526407,,,201027123504wd,,0,05/04/2021
2010,12,5,4,1543120100420012,7,2,04,wd,8835360401,245,0.28,1,1,201027123504wd,154312010042087525,YELLOWTAIL SNAPPER,,70.106526407,9,24,201027123504wd,,0,05/04/2021
2010,12,5,4,1543120100420012,7,2,04,wd,8835360401,255,0.3,1,1,201027123504wd,154312010042087525,YELLOWTAIL SNAPPER,,70.106526407,10,25,201027123504wd,,0,05/04/2021
2010,12,5,4,1543120100420012,7,2,04,wd,8835360401,260,0.34,1,1,201027123504wd,154312010042087525,YELLOWTAIL SNAPPER,,70.106526407,10,26,201027123504wd,,0,05/04/2021
2010,12,5,4,1543120100420012,7,2,04,wd,8835360401,261,0.32,1,1,201027123504wd,154312010042087525,YELLOWTAIL SNAPPER,,70.106526407,10,26,201027123504wd,,0,05/04/2021
2010,12,5,4,1543120100420012,7,2,04,wd,8835360401,304,0.56,1,1,201027123504wd,154312010042087525,YELLOWTAIL SNAPPER,,70.106526407,11,30,201027123504wd,,0,05/04/2021
2010,12,5,4,1543120100420012,7,2,04,wd,8835280803,321,0.64,1,1,201027123504wd,154312010042087525,ALMACO JACK,,70.106526407,12,32,201027123504wd,,0,05/04/2021
2010,12,5,4,1543120100420012,7,2,04,wd,8835280306,250,0.28,1,1,201027123504wd,154312010042087525,BLUE RUNNER,,70.106526407,9,25,201027123504wd,,0,05/04/2021
2010,12,5,4,1543120100420013,7,2,04,wd,8835280306,294,0.46,1,1,201027123504wd,154312010042087525,BLUE RUNNER,,70.106526407,11,29,201027123504wd,,0,05/04/2021
2010,12,5,4,1543120100420014,7,2,04,wd,,,,0,0,201027123504wd,154312010042087525,,,70.106526407,,,201027123504wd,,0,05/04/2021
2010,12,5,4,1543120100420015,7,2,04,wd,8835280306,292,0.42,1,1,201027123504wd,154312010042087525,BLUE RUNNER,,70.106526407,11,29,201027123504wd,,0,05/04/2021
2010,12,5,3,1543120100420016,7,2,04,wd,,,,0,0,201027123504wd,154312010042087525,,,78.176849434,,,201027123504wd,,0,05/04/2021
2010,12,5,3,1543120100420017,7,2,04,wd,,,,0,0,201027123504wd,154312010042087525,,,78.176849434,,,201027123504wd,,0,05/04/2021
2010,12,5,4,1543120100420018,7,2,04,wd,8850030503,627,2.22,0,0,201027123504wd,154312010042087525,CERO,,70.106526407,24,62,201027123504wd,,0,05/04/2021
2010,12,5,4,1543120100420018,7,2,04,wd,8835360401,294,0.48,1,1,201027123504wd,154312010042087525,YELLOWTAIL SNAPPER,,70.106526407,11,29,201027123504wd,,0,05/04/2021
2010,12,5,4,1543120100420018,7,2,04,wd,8835360401,325,0.64,1,1,201027123504wd,154312010042087525,YELLOWTAIL SNAPPER,,70.106526407,12,32,201027123504wd,,0,05/04/2021
2010,12,5,4,1543120100420018,7,2,04,wd,8835360401,338,0.74,1,1,201027123504wd,154312010042087525,YELLOWTAIL SNAPPER,,70.106526407,13,33,201027123504wd,,0,05/04/2021
2010,12,5,4,1543120100420018,7,2,04,wd,8835360401,351,0.82,1,1,201027123504wd,154312010042087525,YELLOWTAIL SNAPPER,,70.106526407,13,35,201027123504wd,,0,05/04/2021
2010,12,5,4,1543120100420018,7,2,04,wd,8835360401,295,0.56,1,1,201027123504wd,154312010042087525,YELLOWTAIL SNAPPER,,70.106526407,11,29,201027123504wd,,0,05/04/2021
2010,12,5,4,1543120100420018,7,2,04,wd,8835360103,420,1.32,0,0,201027123504wd,154312010042087525,MUTTON SNAPPER,,70.106526407,16,42,201027123504wd,,0,05/04/2021
2010,12,5,4,1543120100420018,7,2,04,wd,8835360102,295,0.44,0,0,201027123504wd,154312010042087525,GRAY SNAPPER,,70.106526407,11,29,201027123504wd,,0,05/04/2021
2010,12,5,4,1543120100420018,7,2,04,wd,8835360102,316,0.52,0,0,201027123504wd,154312010042087525,GRAY SNAPPER,,70.106526407,12,31,201027123504wd,,0,05/04/2021
2010,12,5,4,1543120100420018,7,2,04,wd,8835360102,326,0.56,0,0,201027123504wd,154312010042087525,GRAY SNAPPER,,70.106526407,12,32,201027123504wd,,0,05/04/2021
2010,12,5,4,1543120100420018,7,2,04,wd,8835360102,327,0.58,0,0,201027123504wd,154312010042087525,GRAY SNAPPER,,70.106526407,12,32,201027123504wd,,0,05/04/2021
2010,12,5,4,1543120100420018,7,2,04,wd,8835360102,331,0.56,0,0,201027123504wd,154312010042087525,GRAY SNAPPER,,70.106526407,13,33,201027123504wd,,0,05/04/2021
2010,12,5,4,1543120100420018,7,2,04,wd,8835360102,351,0.66,0,0,201027123504wd,154312010042087525,GRAY SNAPPER,,70.106526407,13,35,201027123504wd,,0,05/04/2021
2010,12,5,4,1543120100420018,7,2,04,wd,8835360102,357,0.74,0,0,201027123504wd,154312010042087525,GRAY SNAPPER,,70.106526407,14,35,201027123504wd,,0,05/04/2021
2010,12,5,4,1543120100420018,7,2,04,wd,8835360102,374,0.88,0,0,201027123504wd,154312010042087525,GRAY SNAPPER,,70.106526407,14,37,201027123504wd,,0,05/04/2021
2010,12,5,4,1543120100420018,7,2,04,wd,8835360102,375,0.86,0,0,201027123504wd,154312010042087525,GRAY SNAPPER,,70.106526407,14,37,201027123504wd,,0,05/04/2021
2010,12,5,4,1543120100420018,7,2,04,wd,8835360102,387,0.9,0,0,201027123504wd,154312010042087525,GRAY SNAPPER,,70.106526407,15,38,201027123504wd,,0,05/04/2021
2010,12,5,4,1543120100420019,7,2,04,wd,8835280306,331,0.64,1,1,201027123504wd,154312010042087525,BLUE RUNNER,,70.106526407,13,33,201027123504wd,,0,05/04/2021
2010,12,5,4,1543120100420020,7,2,04,wd,,,,0,0,201027123504wd,154312010042087525,,,70.106526407,,,201027123504wd,,0,05/04/2021
2010,12,5,4,1543120100420021,7,2,04,wd,,,,0,0,201027123504wd,154312010042087525,,,70.106526407,,,201027123504wd,,0,05/04/2021
2010,12,5,4,1543120100420022,7,2,04,wd,,,,0,0,201027123504wd,154312010042087525,,,70.106526407,,,201027123504wd,,0,05/04/2021
2010,12,5,4,1543120100420023,7,2,04,wd,8835280306,250,0.28,1,1,201027123504wd,154312010042087525,BLUE RUNNER,,70.106526407,9,25,201027123504wd,,0,05/04/2021
2010,12,5,4,1543120100420024,7,2,04,wd,8835360401,303,0.54,1,1,201027123504wd,154312010042087525,YELLOWTAIL SNAPPER,,70.106526407,11,30,201027123504wd,,0,05/04/2021
2010,12,5,4,1543120100420024,7,2,04,wd,8835360102,292,0.38,0,0,201027123504wd,154312010042087525,GRAY SNAPPER,,70.106526407,11,29,201027123504wd,,0,05/04/2021
2010,12,5,4,1543120100420024,7,2,04,wd,8835360102,349,0.6,0,0,201027123504wd,154312010042087525,GRAY SNAPPER,,70.106526407,13,34,201027123504wd,,0,05/04/2021
2010,12,5,4,1543120100420024,7,2,04,wd,8835360102,350,0.66,0,0,201027123504wd,154312010042087525,GRAY SNAPPER,,70.106526407,13,35,201027123504wd,,0,05/04/2021
2010,12,5,4,1543120100420024,7,2,04,wd,8835360102,385,1.04,1,1,201027123504wd,154312010042087525,GRAY SNAPPER,,70.106526407,15,38,201027123504wd,,0,05/04/2021
2010,12,5,4,1543120100420024,7,2,04,wd,8835360102,403,0.88,1,1,201027123504wd,154312010042087525,GRAY SNAPPER,,70.106526407,15,40,201027123504wd,,0,05/04/2021
2010,12,5,4,1543120100420024,7,2,04,wd,8835280301,391,0.98,0,0,201027123504wd,154312010042087525,YELLOW JACK,,70.106526407,15,39,201027123504wd,,0,05/04/2021
2010,12,5,4,1543120100420025,7,2,04,wd,,,,0,0,201027123504wd,154312010042087525,,,70.106526407,,,201027123504wd,,0,05/04/2021
2010,12,5,4,1543120100420026,7,2,04,wd,,,,0,0,201027123504wd,154312010042087525,,,70.106526407,,,201027123504wd,,0,05/04/2021
2010,12,5,4,1543120100420027,7,2,04,wd,,,,0,0,201027123504wd,154312010042087525,,,70.106526407,,,201027123504wd,,0,05/04/2021
2010,12,5,4,1543120100424001,7,2,04,we,8835290101,516,1.2,1,1,201027123504we,1543120100424871379,DOLPHIN,,43.83338784,20,51,201027123504we,,0,05/04/2021
2010,12,5,4,1543120100424002,7,2,04,we,8850030102,577,2.7,1,1,201027123504we,1543120100424871379,LITTLE TUNNY,,43.83338784,22,57,201027123504we,,0,05/04/2021
2010,12,5,4,1543120100424002,7,2,04,we,8835290101,526,1.16,1,1,201027123504we,1543120100424871379,DOLPHIN,,43.83338784,20,52,201027123504we,,0,05/04/2021
2010,12,5,4,1543120100424003,7,2,04,we,8835290101,521,1.2,0,0,201027123504we,1543120100424871379,DOLPHIN,,43.83338784,20,52,201027123504we,,0,05/04/2021
2010,12,5,4,1543120100424004,7,2,04,we,8835290101,526,1.16,1,1,201027123504we,1543120100424871379,DOLPHIN,,43.83338784,20,52,201027123504we,,0,05/04/2021
2010,12,5,4,1543120100424005,7,2,04,we,8850030102,590,3.02,1,1,201027123504we,1543120100424871379,LITTLE TUNNY,,43.83338784,23,59,201027123504we,,0,05/04/2021
2010,12,5,4,1543120100424006,7,2,04,we,8850030503,502,1.2,0,0,201027123504we,1543120100424871379,CERO,,43.83338784,19,50,201027123504we,,0,05/04/2021
2010,12,5,4,1543120100424006,7,2,04,we,8850030503,511,1.24,0,0,201027123504we,1543120100424871379,CERO,,43.83338784,20,51,201027123504we,,0,05/04/2021
2010,12,5,4,1543120100424006,7,2,04,we,8850030503,541,1.46,0,0,201027123504we,1543120100424871379,CERO,,43.83338784,21,54,201027123504we,,0,05/04/2021
2010,12,5,4,1543120100424006,7,2,04,we,8850030503,545,1.42,0,0,201027123504we,1543120100424871379,CERO,,43.83338784,21,54,201027123504we,,0,05/04/2021
2010,12,5,4,1543120100424006,7,2,04,we,8850030503,578,1.94,0,0,201027123504we,1543120100424871379,CERO,,43.83338784,22,57,201027123504we,,0,05/04/2021
2010,12,5,4,1543120100424006,7,2,04,we,8850030501,669,2.08,0,0,201027123504we,1543120100424871379,KING MACKEREL,,43.83338784,26,66,201027123504we,,0,05/04/2021
2010,12,5,4,1543120100424006,7,2,04,we,8850030501,834,4.14,0,0,201027123504we,1543120100424871379,KING MACKEREL,,43.83338784,32,83,201027123504we,,0,05/04/2021
2010,12,5,4,1543120100424006,7,2,04,we,8850030102,556,2.14,0,0,201027123504we,1543120100424871379,LITTLE TUNNY,,43.83338784,21,55,201027123504we,,0,05/04/2021
2010,12,5,4,1543120100424006,7,2,04,we,8835360401,270,0.36,0,0,201027123504we,1543120100424871379,YELLOWTAIL SNAPPER,,43.83338784,10,27,201027123504we,,0,05/04/2021
2010,12,5,4,1543120100424006,7,2,04,we,8835360401,294,0.44,0,0,201027123504we,1543120100424871379,YELLOWTAIL SNAPPER,,43.83338784,11,29,201027123504we,,0,05/04/2021
2010,12,5,4,1543120100424006,7,2,04,we,8835360401,304,0.5,1,1,201027123504we,1543120100424871379,YELLOWTAIL SNAPPER,,43.83338784,11,30,201027123504we,,0,05/04/2021
2010,12,5,4,1543120100424006,7,2,04,we,8835360103,408,1.14,0,0,201027123504we,1543120100424871379,MUTTON SNAPPER,,43.83338784,16,40,201027123504we,,0,05/04/2021
2010,12,5,4,1543120100424008,7,2,04,we,8850030404,432,1.58,1,1,201027123504we,1543120100424871379,BLACKFIN TUNA,,43.83338784,17,43,201027123504we,,0,05/04/2021
2010,12,5,4,1543120100424008,7,2,04,we,8835290101,501,1.12,1,1,201027123504we,1543120100424871379,DOLPHIN,,43.83338784,19,50,201027123504we,,0,05/04/2021
2010,12,5,4,1543120100424009,7,2,04,we,8850030404,418,1.38,1,1,201027123504we,1543120100424871379,BLACKFIN TUNA,,43.83338784,16,41,201027123504we,,0,05/04/2021
2010,12,5,4,1543120100424009,7,2,04,we,8835290101,497,1.1,1,1,201027123504we,1543120100424871379,DOLPHIN,,43.83338784,19,49,201027123504we,,0,05/04/2021
2010,12,5,4,1543120100424010,7,2,04,we,8850030503,505,1.2,1,1,201027123504we,1543120100424871379,CERO,,43.83338784,19,50,201027123504we,,0,05/04/2021
2010,12,5,4,1543120100424011,7,2,04,we,8837010104,1010,8.96,1,1,201027123504we,1543120100424871379,GREAT BARRACUDA,,43.83338784,39,101,201027123504we,,0,05/04/2021
2010,12,5,4,1543120100424012,7,2,04,we,8850030404,418,1.38,1,1,201027123504we,1543120100424871379,BLACKFIN TUNA,,43.83338784,16,41,201027123504we,,0,05/04/2021
2010,12,5,4,1543120100424013,7,2,04,we,8850030403,556,2.82,0,0,201027123504we,1543120100424871379,YELLOWFIN TUNA,,43.83338784,21,55,201027123504we,,0,05/04/2021
2010,12,5,4,1543120100424013,7,2,04,we,8850030101,539,3.28,0,0,201027123504we,1543120100424871379,SKIPJACK TUNA,,43.83338784,21,53,201027123504we,,0,05/04/2021
2010,12,5,4,1543120100424014,7,2,04,we,8850030102,558,2.54,1,1,201027123504we,1543120100424871379,LITTLE TUNNY,,43.83338784,21,55,201027123504we,,0,05/04/2021
2010,12,5,4,1543120100424017,7,2,04,we,8850030102,577,2.7,0,0,201027123504we,1543120100424871379,LITTLE TUNNY,,43.83338784,22,57,201027123504we,,0,05/04/2021
2010,12,5,4,1543120100427001,7,2,04,wd,,,,0,0,201027123504wd,154312010042787543,,,77.388557487,,,201027123504wd,,0,05/04/2021
2010,12,5,3,1543120100427004,7,2,04,wd,8738010101,380,0.43,1,1,201027123504wd,154312010042787543,LADYFISH,,240.18449029,14,38,201027123504wd,,0,05/04/2021
2010,12,5,3,1543120100427004,7,2,04,wd,8738010101,440,0.6,1,1,201027123504wd,154312010042787543,LADYFISH,,240.18449029,17,44,201027123504wd,,0,05/04/2021
2010,12,5,3,1543120100427004,7,2,04,wd,8738010101,440,0.6,1,1,201027123504wd,154312010042787543,LADYFISH,,240.18449029,17,44,201027123504wd,,0,05/04/2021
2010,12,5,3,1543120100427004,7,2,04,wd,8738010101,440,0.6,1,1,201027123504wd,154312010042787543,LADYFISH,,240.18449029,17,44,201027123504wd,,0,05/04/2021
2010,12,5,3,1543120100427004,7,2,04,wd,8738010101,440,0.6,1,1,201027123504wd,154312010042787543,LADYFISH,,240.18449029,17,44,201027123504wd,,0,05/04/2021
2010,12,5,3,1543120100427005,7,2,04,wd,8738010101,427,0.62,1,1,201027123504wd,154312010042787543,LADYFISH,,180.13836772,16,42,201027123504wd,,0,05/04/2021
2010,12,5,3,1543120100427005,7,2,04,wd,8738010101,427,0.62,1,1,201027123504wd,154312010042787543,LADYFISH,,180.13836772,16,42,201027123504wd,,0,05/04/2021
2010,12,5,3,1543120100427005,7,2,04,wd,8738010101,427,0.62,1,1,201027123504wd,154312010042787543,LADYFISH,,180.13836772,16,42,201027123504wd,,0,05/04/2021
2010,12,5,3,1543120100427005,7,2,04,wd,8738010101,440,0.6,1,1,201027123504wd,154312010042787543,LADYFISH,,180.13836772,17,44,201027123504wd,,0,05/04/2021
2010,12,5,3,1543120100427005,7,2,04,wd,8738010101,440,0.6,1,1,201027123504wd,154312010042787543,LADYFISH,,180.13836772,17,44,201027123504wd,,0,05/04/2021
2010,12,5,3,1543120100427006,7,2,04,wd,8835440102,462,1.04,0,0,201027123504wd,154312010042787543,SPOTTED SEATROUT,,86.297152586,18,46,201027123504wd,,0,05/04/2021
2010,12,5,3,1543120100427006,7,2,04,wd,8835440102,381,0.48,0,0,201027123504wd,154312010042787543,SPOTTED SEATROUT,,86.297152586,14,38,201027123504wd,,0,05/04/2021
2010,12,5,3,1543120100427006,7,2,04,wd,8835440102,389,0.56,0,0,201027123504wd,154312010042787543,SPOTTED SEATROUT,,86.297152586,15,38,201027123504wd,,0,05/04/2021
2010,12,5,3,1543120100427006,7,2,04,wd,8835440102,389,0.56,1,1,201027123504wd,154312010042787543,SPOTTED SEATROUT,,86.297152586,15,38,201027123504wd,,0,05/04/2021
2010,12,5,3,1543120100427006,7,2,04,wd,8835440102,411,0.68,0,0,201027123504wd,154312010042787543,SPOTTED SEATROUT,,86.297152586,16,41,201027123504wd,,0,05/04/2021
2010,12,5,3,1543120100427006,7,2,04,wd,8835440102,415,0.76,0,0,201027123504wd,154312010042787543,SPOTTED SEATROUT,,86.297152586,16,41,201027123504wd,,0,05/04/2021
2010,12,5,3,1543120100427006,7,2,04,wd,8835440102,415,0.74,0,0,201027123504wd,154312010042787543,SPOTTED SEATROUT,,86.297152586,16,41,201027123504wd,,0,05/04/2021
2010,12,5,3,1543120100427006,7,2,04,wd,8835440102,424,0.74,0,0,201027123504wd,154312010042787543,SPOTTED SEATROUT,,86.297152586,16,42,201027123504wd,,0,05/04/2021
2010,12,5,3,1543120100427006,7,2,04,wd,8835360102,254,0.26,1,1,201027123504wd,154312010042787543,GRAY SNAPPER,,103.5565831,9,25,201027123504wd,,0,05/04/2021
2010,12,5,3,1543120100427006,7,2,04,wd,8835360102,254,0.26,1,1,201027123504wd,154312010042787543,GRAY SNAPPER,,103.5565831,9,25,201027123504wd,,0,05/04/2021
2010,12,5,3,1543120100427006,7,2,04,wd,8835360102,264,0.28,1,1,201027123504wd,154312010042787543,GRAY SNAPPER,,103.5565831,10,26,201027123504wd,,0,05/04/2021
2010,12,5,3,1543120100427006,7,2,04,wd,8835360102,265,0.26,1,1,201027123504wd,154312010042787543,GRAY SNAPPER,,103.5565831,10,26,201027123504wd,,0,05/04/2021
2010,12,5,3,1543120100427006,7,2,04,wd,8835360102,271,0.3,1,1,201027123504wd,154312010042787543,GRAY SNAPPER,,103.5565831,10,27,201027123504wd,,0,05/04/2021
2010,12,5,3,1543120100427007,7,2,04,wd,,,,0,0,201027123504wd,154312010042787543,,,86.297152586,,,201027123504wd,,0,05/04/2021
2010,12,5,3,1543120100427008,7,2,04,wd,8850030502,426,0.56,0,0,201027123504wd,154312010042787543,SPANISH MACKEREL,,86.297152586,16,42,201027123504wd,,0,05/04/2021
2010,12,5,3,1543120100427008,7,2,04,wd,8835430201,289,0.48,1,1,201027123504wd,154312010042787543,PINFISH,,258.89145776,11,28,201027123504wd,,0,05/04/2021
2010,12,5,3,1543120100427008,7,2,04,wd,8835430201,289,0.48,1,1,201027123504wd,154312010042787543,PINFISH,,258.89145776,11,28,201027123504wd,,0,05/04/2021
2010,12,5,3,1543120100427008,7,2,04,wd,8835430201,289,0.48,1,1,201027123504wd,154312010042787543,PINFISH,,258.89145776,11,28,201027123504wd,,0,05/04/2021
2010,12,5,3,1543120100427008,7,2,04,wd,8835430201,289,0.48,1,1,201027123504wd,154312010042787543,PINFISH,,258.89145776,11,28,201027123504wd,,0,05/04/2021
2010,12,5,3,1543120100427008,7,2,04,wd,8835360102,251,0.24,1,1,201027123504wd,154312010042787543,GRAY SNAPPER,,120.81601362,9,25,201027123504wd,,0,05/04/2021
2010,12,5,3,1543120100427008,7,2,04,wd,8835430201,289,0.48,1,1,201027123504wd,154312010042787543,PINFISH,,258.89145776,11,28,201027123504wd,,0,05/04/2021
2010,12,5,3,1543120100427008,7,2,04,wd,8835360102,278,0.32,0,0,201027123504wd,154312010042787543,GRAY SNAPPER,,120.81601362,10,27,201027123504wd,,0,05/04/2021
2010,12,5,3,1543120100427008,7,2,04,wd,8835360102,279,0.32,0,0,201027123504wd,154312010042787543,GRAY SNAPPER,,120.81601362,10,27,201027123504wd,,0,05/04/2021
2010,12,5,3,1543120100427008,7,2,04,wd,8835360102,304,0.3,1,1,201027123504wd,154312010042787543,GRAY SNAPPER,,120.81601362,11,30,201027123504wd,,0,05/04/2021
2010,12,5,3,1543120100427008,7,2,04,wd,8835360102,304,0.28,1,1,201027123504wd,154312010042787543,GRAY SNAPPER,,120.81601362,11,30,201027123504wd,,0,05/04/2021
2010,12,5,3,1543120100427008,7,2,04,wd,8835360102,321,0.42,1,1,201027123504wd,154312010042787543,GRAY SNAPPER,,120.81601362,12,32,201027123504wd,,0,05/04/2021
2010,12,5,3,1543120100427008,7,2,04,wd,8835360102,324,0.48,0,0,201027123504wd,154312010042787543,GRAY SNAPPER,,120.81601362,12,32,201027123504wd,,0,05/04/2021
2010,12,5,3,1543120100427008,7,2,04,wd,8835360102,333,0.54,0,0,201027123504wd,154312010042787543,GRAY SNAPPER,,120.81601362,13,33,201027123504wd,,0,05/04/2021
2010,12,5,3,1543120100427008,7,2,04,wd,8835360102,376,0.9,0,0,201027123504wd,154312010042787543,GRAY SNAPPER,,120.81601362,14,37,201027123504wd,,0,05/04/2021
2010,12,5,3,1543120100427008,7,2,04,wd,8835360102,449,1.64,0,0,201027123504wd,154312010042787543,GRAY SNAPPER,,120.81601362,17,44,201027123504wd,,0,05/04/2021
2010,12,5,3,1543120100427008,7,2,04,wd,8835250101,361,0.58,1,1,201027123504wd,154312010042787543,BLUEFISH,,86.297152586,14,36,201027123504wd,,0,05/04/2021
2010,12,5,3,1543120100427008,7,2,04,wd,8835250101,371,0.7,1,1,201027123504wd,154312010042787543,BLUEFISH,,86.297152586,14,37,201027123504wd,,0,05/04/2021
2010,12,5,3,1543120100427008,7,2,04,wd,8803010201,,,0,0,201027123504wd,154312010042787543,BALLYHOO,,2502.617425,,,201027123504wd,,0,05/04/2021
2010,12,5,3,1543120100427009,7,2,04,wd,8835430201,289,0.48,1,1,201027123504wd,154312010042787543,PINFISH,,258.89145776,11,28,201027123504wd,,0,05/04/2021
2010,12,5,3,1543120100427009,7,2,04,wd,8835430201,289,0.48,1,1,201027123504wd,154312010042787543,PINFISH,,258.89145776,11,28,201027123504wd,,0,05/04/2021
2010,12,5,3,1543120100427009,7,2,04,wd,8835430201,289,0.48,1,1,201027123504wd,154312010042787543,PINFISH,,258.89145776,11,28,201027123504wd,,0,05/04/2021
2010,12,5,3,1543120100427009,7,2,04,wd,8835430201,289,0.48,1,1,201027123504wd,154312010042787543,PINFISH,,258.89145776,11,28,201027123504wd,,0,05/04/2021
2010,12,5,3,1543120100427009,7,2,04,wd,8835430201,289,0.48,1,1,201027123504wd,154312010042787543,PINFISH,,258.89145776,11,28,201027123504wd,,0,05/04/2021
2010,12,5,3,1543120100427009,7,2,04,wd,8803010201,,,0,0,201027123504wd,154312010042787543,BALLYHOO,,431.48576293,,,201027123504wd,,0,05/04/2021
2010,12,5,3,1543120100427010,7,2,04,wd,8835360102,252,0.26,0,0,201027123504wd,154312010042787543,GRAY SNAPPER,,86.297152586,9,25,201027123504wd,,0,05/04/2021
2010,12,5,3,1543120100427010,7,2,04,wd,8835360102,254,0.26,0,0,201027123504wd,154312010042787543,GRAY SNAPPER,,86.297152586,9,25,201027123504wd,,0,05/04/2021
2010,12,5,3,1543120100427010,7,2,04,wd,8835360102,259,0.28,0,0,201027123504wd,154312010042787543,GRAY SNAPPER,,86.297152586,10,25,201027123504wd,,0,05/04/2021
2010,12,5,3,1543120100427010,7,2,04,wd,8835360102,260,0.26,0,0,201027123504wd,154312010042787543,GRAY SNAPPER,,86.297152586,10,26,201027123504wd,,0,05/04/2021
2010,12,5,3,1543120100427010,7,2,04,wd,8835360102,262,0.28,0,0,201027123504wd,154312010042787543,GRAY SNAPPER,,86.297152586,10,26,201027123504wd,,0,05/04/2021
2010,12,5,3,1543120100427010,7,2,04,wd,8835360102,271,0.26,0,0,201027123504wd,154312010042787543,GRAY SNAPPER,,86.297152586,10,27,201027123504wd,,0,05/04/2021
2010,12,5,3,1543120100427010,7,2,04,wd,8835360102,274,0.34,0,0,201027123504wd,154312010042787543,GRAY SNAPPER,,86.297152586,10,27,201027123504wd,,0,05/04/2021
2010,12,5,3,1543120100427010,7,2,04,wd,8835360102,274,0.3,0,0,201027123504wd,154312010042787543,GRAY SNAPPER,,86.297152586,10,27,201027123504wd,,0,05/04/2021
2010,12,5,3,1543120100427010,7,2,04,wd,8835360102,278,0.38,0,0,201027123504wd,154312010042787543,GRAY SNAPPER,,86.297152586,10,27,201027123504wd,,0,05/04/2021
2010,12,5,3,1543120100427010,7,2,04,wd,8835360102,281,0.36,0,0,201027123504wd,154312010042787543,GRAY SNAPPER,,86.297152586,11,28,201027123504wd,,0,05/04/2021
2010,12,5,3,1543120100427010,7,2,04,wd,8835360102,282,0.34,0,0,201027123504wd,154312010042787543,GRAY SNAPPER,,86.297152586,11,28,201027123504wd,,0,05/04/2021
2010,12,5,3,1543120100427010,7,2,04,wd,8835360102,292,0.36,0,0,201027123504wd,154312010042787543,GRAY SNAPPER,,86.297152586,11,29,201027123504wd,,0,05/04/2021
2010,12,5,3,1543120100427010,7,2,04,wd,8835360102,294,0.38,0,0,201027123504wd,154312010042787543,GRAY SNAPPER,,86.297152586,11,29,201027123504wd,,0,05/04/2021
2010,12,5,3,1543120100427010,7,2,04,wd,8835360102,330,0.58,0,0,201027123504wd,154312010042787543,GRAY SNAPPER,,86.297152586,12,33,201027123504wd,,0,05/04/2021
2010,12,5,3,1543120100427010,7,2,04,wd,8835360102,391,0.96,0,0,201027123504wd,154312010042787543,GRAY SNAPPER,,86.297152586,15,39,201027123504wd,,0,05/04/2021
2010,12,5,3,1543120100427011,7,2,04,wd,,,,0,0,201027123504wd,154312010042787543,,,86.297152586,,,201027123504wd,,0,05/04/2021
2010,12,5,3,1543120100427012,7,2,04,wd,,,,0,0,201027123504wd,154312010042787543,,,86.297152586,,,201027123504wd,,0,05/04/2021
2010,12,5,3,1543120100427013,7,2,04,wd,8850030502,491,1.02,0,0,201027123504wd,154312010042787543,SPANISH MACKEREL,,86.297152586,19,49,201027123504wd,,0,05/04/2021
2010,12,5,3,1543120100427013,7,2,04,wd,8850030502,497,1.04,0,0,201027123504wd,154312010042787543,SPANISH MACKEREL,,86.297152586,19,49,201027123504wd,,0,05/04/2021
2010,12,5,3,1543120100427013,7,2,04,wd,8835360102,246,0.24,0,0,201027123504wd,154312010042787543,GRAY SNAPPER,,86.297152586,9,24,201027123504wd,,0,05/04/2021
2010,12,5,3,1543120100427013,7,2,04,wd,8835360102,251,0.24,0,0,201027123504wd,154312010042787543,GRAY SNAPPER,,86.297152586,9,25,201027123504wd,,0,05/04/2021
2010,12,5,3,1543120100427013,7,2,04,wd,8835360102,254,0.26,0,0,201027123504wd,154312010042787543,GRAY SNAPPER,,86.297152586,9,25,201027123504wd,,0,05/04/2021
2010,12,5,3,1543120100427013,7,2,04,wd,8835360102,260,0.26,0,0,201027123504wd,154312010042787543,GRAY SNAPPER,,86.297152586,10,26,201027123504wd,,0,05/04/2021
2010,12,5,3,1543120100427013,7,2,04,wd,8835360102,262,0.3,0,0,201027123504wd,154312010042787543,GRAY SNAPPER,,86.297152586,10,26,201027123504wd,,0,05/04/2021
2010,12,5,3,1543120100427013,7,2,04,wd,8835360102,264,0.28,0,0,201027123504wd,154312010042787543,GRAY SNAPPER,,86.297152586,10,26,201027123504wd,,0,05/04/2021
2010,12,5,3,1543120100427013,7,2,04,wd,8835360102,265,0.26,0,0,201027123504wd,154312010042787543,GRAY SNAPPER,,86.297152586,10,26,201027123504wd,,0,05/04/2021
2010,12,5,3,1543120100427013,7,2,04,wd,8835360102,271,0.3,0,0,201027123504wd,154312010042787543,GRAY SNAPPER,,86.297152586,10,27,201027123504wd,,0,05/04/2021
2010,12,5,3,1543120100427013,7,2,04,wd,8835360102,283,0.36,0,0,201027123504wd,154312010042787543,GRAY SNAPPER,,86.297152586,11,28,201027123504wd,,0,05/04/2021
2010,12,5,3,1543120100427013,7,2,04,wd,8835360102,298,0.42,0,0,201027123504wd,154312010042787543,GRAY SNAPPER,,86.297152586,11,29,201027123504wd,,0,05/04/2021
2010,12,5,3,1543120100427013,7,2,04,wd,8738010101,427,0.62,1,1,201027123504wd,154312010042787543,LADYFISH,,86.297152586,16,42,201027123504wd,,0,05/04/2021
2010,12,5,3,1543120100427013,7,2,04,wd,8738010101,427,0.62,1,1,201027123504wd,154312010042787543,LADYFISH,,86.297152586,16,42,201027123504wd,,0,05/04/2021
2010,12,5,3,1543120100427014,7,2,04,wd,8738010101,427,0.62,1,1,201027123504wd,154312010042787543,LADYFISH,,86.297152586,16,42,201027123504wd,,0,05/04/2021
2010,12,5,3,1543120100427014,7,2,04,wd,8738010101,462,0.7,1,1,201027123504wd,154312010042787543,LADYFISH,,86.297152586,18,46,201027123504wd,,0,05/04/2021
2010,12,5,3,1543120100427015,7,2,04,wd,8738010101,462,0.7,1,1,201027123504wd,154312010042787543,LADYFISH,,86.297152586,18,46,201027123504wd,,0,05/04/2021
2010,12,5,3,1543120100427015,7,2,04,wd,8738010101,462,0.7,1,1,201027123504wd,154312010042787543,LADYFISH,,86.297152586,18,46,201027123504wd,,0,05/04/2021
2010,12,5,4,1543120100427016,7,2,04,wd,8850030503,482,1.1,0,0,201027123504wd,154312010042787543,CERO,,77.388557487,18,48,201027123504wd,,0,05/04/2021
2010,12,5,4,1543120100427016,7,2,04,wd,8850030503,505,1.2,1,1,201027123504wd,154312010042787543,CERO,,77.388557487,19,50,201027123504wd,,0,05/04/2021
2010,12,5,4,1543120100427016,7,2,04,wd,8850030102,504,1.86,1,1,201027123504wd,154312010042787543,LITTLE TUNNY,,77.388557487,19,50,201027123504wd,,0,05/04/2021
2010,12,5,4,1543120100427016,7,2,04,wd,8850030102,590,3.02,0,0,201027123504wd,154312010042787543,LITTLE TUNNY,,77.388557487,23,59,201027123504wd,,0,05/04/2021
2010,12,5,4,1543120100427016,7,2,04,wd,8835430602,399,1.32,0,0,201027123504wd,154312010042787543,RED PORGY,,77.388557487,15,39,201027123504wd,,0,05/04/2021
2010,12,5,4,1543120100427016,7,2,04,wd,8835290101,1135,12.38,0,0,201027123504wd,154312010042787543,DOLPHIN,,77.388557487,44,113,201027123504wd,,0,05/04/2021
2010,12,5,4,1543120100427016,7,2,04,wd,8835281202,,,0,0,201027123504wd,154312010042787543,ROUND SCAD,,619.1084599,,,201027123504wd,,0,05/04/2021
2010,12,5,4,1543120100427016,7,2,04,wd,8835020411,570,2.86,0,0,201027123504wd,154312010042787543,SNOWY GROUPER,,77.388557487,22,57,201027123504wd,,0,05/04/2021
2010,12,5,4,1543120100427016,7,2,04,wd,8835020405,506,1.96,0,0,201027123504wd,154312010042787543,YELLOWEDGE GROUPER,,77.388557487,19,50,201027123504wd,,0,05/04/2021
2010,12,5,4,1543120100427016,7,2,04,wd,8835020405,732,5.38,0,0,201027123504wd,154312010042787543,YELLOWEDGE GROUPER,,77.388557487,28,73,201027123504wd,,0,05/04/2021
2010,12,5,4,1543120100427016,7,2,04,wd,8747010804,131,0.06,1,1,201027123504wd,154312010042787543,SCALED SARDINE,,510.76447941,5,13,201027123504wd,,0,05/04/2021
2010,12,5,4,1543120100427016,7,2,04,wd,8747010804,133,0.06,1,1,201027123504wd,154312010042787543,SCALED SARDINE,,510.76447941,5,13,201027123504wd,,0,05/04/2021
2010,12,5,4,1543120100427016,7,2,04,wd,8747010804,145,0.06,1,1,201027123504wd,154312010042787543,SCALED SARDINE,,510.76447941,5,14,201027123504wd,,0,05/04/2021
2010,12,5,4,1543120100427016,7,2,04,wd,8747010804,153,0.06,1,1,201027123504wd,154312010042787543,SCALED SARDINE,,510.76447941,6,15,201027123504wd,,0,05/04/2021
2010,12,5,4,1543120100427016,7,2,04,wd,8747010804,153,0.06,1,1,201027123504wd,154312010042787543,SCALED SARDINE,,510.76447941,6,15,201027123504wd,,0,05/04/2021
2010,12,5,4,1543120100427017,7,2,04,wd,8835281202,,,0,0,201027123504wd,154312010042787543,ROUND SCAD,,619.1084599,,,201027123504wd,,0,05/04/2021
2010,12,5,4,1543120100427017,7,2,04,wd,8747010804,130,0.06,1,1,201027123504wd,154312010042787543,SCALED SARDINE,,526.24219091,5,13,201027123504wd,,0,05/04/2021
2010,12,5,4,1543120100427017,7,2,04,wd,8747010804,139,0.06,1,1,201027123504wd,154312010042787543,SCALED SARDINE,,526.24219091,5,13,201027123504wd,,0,05/04/2021
2010,12,5,4,1543120100427017,7,2,04,wd,8747010804,152,0.06,1,1,201027123504wd,154312010042787543,SCALED SARDINE,,526.24219091,5,15,201027123504wd,,0,05/04/2021
2010,12,5,4,1543120100427017,7,2,04,wd,8747010804,152,0.06,1,1,201027123504wd,154312010042787543,SCALED SARDINE,,526.24219091,5,15,201027123504wd,,0,05/04/2021
2010,12,5,4,1543120100427017,7,2,04,wd,8747010804,155,0.06,1,1,201027123504wd,154312010042787543,SCALED SARDINE,,526.24219091,6,15,201027123504wd,,0,05/04/2021
2010,12,5,4,1543120100427018,7,2,04,wd,8835281202,,,0,0,201027123504wd,154312010042787543,ROUND SCAD,,619.1084599,,,201027123504wd,,0,05/04/2021
2010,12,5,4,1543120100427018,7,2,04,wd,8747010804,145,0.06,1,1,201027123504wd,154312010042787543,SCALED SARDINE,,510.76447941,5,14,201027123504wd,,0,05/04/2021
2010,12,5,4,1543120100427018,7,2,04,wd,8747010804,155,0.06,1,1,201027123504wd,154312010042787543,SCALED SARDINE,,510.76447941,6,15,201027123504wd,,0,05/04/2021
2010,12,5,4,1543120100427018,7,2,04,wd,8747010804,155,0.06,1,1,201027123504wd,154312010042787543,SCALED SARDINE,,510.76447941,6,15,201027123504wd,,0,05/04/2021
2010,12,5,4,1543120100427018,7,2,04,wd,8747010804,155,0.06,1,1,201027123504wd,154312010042787543,SCALED SARDINE,,510.76447941,6,15,201027123504wd,,0,05/04/2021
2010,12,5,4,1543120100427018,7,2,04,wd,8747010804,155,0.06,1,1,201027123504wd,154312010042787543,SCALED SARDINE,,510.76447941,6,15,201027123504wd,,0,05/04/2021
2010,12,5,4,1543120100429001,7,2,04,wd,8835360401,270,0.36,1,1,201027123504wd,154312010042987788,YELLOWTAIL SNAPPER,,200.29443125,10,27,201027123504wd,,0,05/04/2021
2010,12,5,4,1543120100429001,7,2,04,wd,8835360401,289,0.5,1,1,201027123504wd,154312010042987788,YELLOWTAIL SNAPPER,,200.29443125,11,28,201027123504wd,,0,05/04/2021
2010,12,5,4,1543120100429001,7,2,04,wd,8835360401,294,0.44,1,1,201027123504wd,154312010042987788,YELLOWTAIL SNAPPER,,200.29443125,11,29,201027123504wd,,0,05/04/2021
2010,12,5,4,1543120100429001,7,2,04,wd,8835360401,316,0.58,1,1,201027123504wd,154312010042987788,YELLOWTAIL SNAPPER,,200.29443125,12,31,201027123504wd,,0,05/04/2021
2010,12,5,4,1543120100429001,7,2,04,wd,8835360401,337,0.68,1,1,201027123504wd,154312010042987788,YELLOWTAIL SNAPPER,,200.29443125,13,33,201027123504wd,,0,05/04/2021
2010,12,5,4,1543120100429002,7,2,04,wd,,,,0,0,201027123504wd,154312010042987788,,,62.592009765,,,201027123504wd,,0,05/04/2021
2010,12,5,4,1543120100429003,7,2,04,wd,,,,0,0,201027123504wd,154312010042987788,,,62.592009765,,,201027123504wd,,0,05/04/2021
2010,12,5,4,1543120100429004,7,2,04,wd,8835290101,486,1.04,0,0,201027123504wd,154312010042987788,DOLPHIN,,62.592009765,19,48,201027123504wd,,0,05/04/2021
2010,12,5,4,1543120100429004,7,2,04,wd,8835290101,497,1.1,1,1,201027123504wd,154312010042987788,DOLPHIN,,62.592009765,19,49,201027123504wd,,0,05/04/2021
2010,12,5,4,1543120100429004,7,2,04,wd,8835290101,510,1.1,1,1,201027123504wd,154312010042987788,DOLPHIN,,62.592009765,20,51,201027123504wd,,0,05/04/2021
2010,12,5,4,1543120100429004,7,2,04,wd,8835290101,510,1.1,1,1,201027123504wd,154312010042987788,DOLPHIN,,62.592009765,20,51,201027123504wd,,0,05/04/2021
2010,12,5,4,1543120100429004,7,2,04,wd,8835290101,525,1.32,0,0,201027123504wd,154312010042987788,DOLPHIN,,62.592009765,20,52,201027123504wd,,0,05/04/2021
2010,12,5,4,1543120100429004,7,2,04,wd,8835290101,532,1.42,0,0,201027123504wd,154312010042987788,DOLPHIN,,62.592009765,20,53,201027123504wd,,0,05/04/2021
2010,12,5,4,1543120100429004,7,2,04,wd,8835290101,652,2.74,0,0,201027123504wd,154312010042987788,DOLPHIN,,62.592009765,25,65,201027123504wd,,0,05/04/2021
2010,12,5,4,1543120100429004,7,2,04,wd,8835281202,,,0,0,201027123504wd,154312010042987788,ROUND SCAD,,375.55205859,,,201027123504wd,,0,05/04/2021
2010,12,5,4,1543120100429005,7,2,04,wd,8835281202,,,0,0,201027123504wd,154312010042987788,ROUND SCAD,,375.55205859,,,201027123504wd,,0,05/04/2021
2010,12,5,4,1543120100429006,7,2,04,wd,8835281202,,,0,0,201027123504wd,154312010042987788,ROUND SCAD,,375.55205859,,,201027123504wd,,0,05/04/2021
2010,12,5,4,1543120100429007,7,2,04,wd,8835281202,,,0,0,201027123504wd,154312010042987788,ROUND SCAD,,375.55205859,,,201027123504wd,,0,05/04/2021
2010,12,5,4,1543120100429008,7,2,04,wd,8835281202,,,0,0,201027123504wd,154312010042987788,ROUND SCAD,,375.55205859,,,201027123504wd,,0,05/04/2021
2010,12,5,4,1543120100429009,7,2,04,wd,8835290101,497,1.1,0,0,201027123504wd,154312010042987788,DOLPHIN,,98.829489103,19,49,201027123504wd,,0,05/04/2021
2010,12,5,4,1543120100429009,7,2,04,wd,8835290101,501,1.12,0,0,201027123504wd,154312010042987788,DOLPHIN,,98.829489103,19,50,201027123504wd,,0,05/04/2021
2010,12,5,4,1543120100429009,7,2,04,wd,8835290101,510,1.1,0,0,201027123504wd,154312010042987788,DOLPHIN,,98.829489103,20,51,201027123504wd,,0,05/04/2021
2010,12,5,4,1543120100429009,7,2,04,wd,8835290101,516,1.2,0,0,201027123504wd,154312010042987788,DOLPHIN,,98.829489103,20,51,201027123504wd,,0,05/04/2021
2010,12,5,4,1543120100429009,7,2,04,wd,8835290101,526,1.5,0,0,201027123504wd,154312010042987788,DOLPHIN,,98.829489103,20,52,201027123504wd,,0,05/04/2021
2010,12,5,4,1543120100429009,7,2,04,wd,8835290101,526,1.16,0,0,201027123504wd,154312010042987788,DOLPHIN,,98.829489103,20,52,201027123504wd,,0,05/04/2021
2010,12,5,4,1543120100429009,7,2,04,wd,8835290101,527,1.28,0,0,201027123504wd,154312010042987788,DOLPHIN,,98.829489103,20,52,201027123504wd,,0,05/04/2021
2010,12,5,4,1543120100429009,7,2,04,wd,8835290101,538,1.32,0,0,201027123504wd,154312010042987788,DOLPHIN,,98.829489103,21,53,201027123504wd,,0,05/04/2021
2010,12,5,4,1543120100429009,7,2,04,wd,8835290101,552,1.42,0,0,201027123504wd,154312010042987788,DOLPHIN,,98.829489103,21,55,201027123504wd,,0,05/04/2021
2010,12,5,4,1543120100429009,7,2,04,wd,8835290101,555,1.56,0,0,201027123504wd,154312010042987788,DOLPHIN,,98.829489103,21,55,201027123504wd,,0,05/04/2021
2010,12,5,4,1543120100429009,7,2,04,wd,8835290101,571,1.8,1,1,201027123504wd,154312010042987788,DOLPHIN,,98.829489103,22,57,201027123504wd,,0,05/04/2021
2010,12,5,4,1543120100429009,7,2,04,wd,8835290101,590,1.84,1,1,201027123504wd,154312010042987788,DOLPHIN,,98.829489103,23,59,201027123504wd,,0,05/04/2021
2010,12,5,4,1543120100429009,7,2,04,wd,8835290101,590,1.84,1,1,201027123504wd,154312010042987788,DOLPHIN,,98.829489103,23,59,201027123504wd,,0,05/04/2021
2010,12,5,4,1543120100429009,7,2,04,wd,8835290101,598,2,0,0,201027123504wd,154312010042987788,DOLPHIN,,98.829489103,23,59,201027123504wd,,0,05/04/2021
2010,12,5,4,1543120100429009,7,2,04,wd,8835290101,610,2.3,0,0,201027123504wd,154312010042987788,DOLPHIN,,98.829489103,24,61,201027123504wd,,0,05/04/2021
2010,12,5,4,1543120100429009,7,2,04,wd,8835290101,612,2.24,1,1,201027123504wd,154312010042987788,DOLPHIN,,98.829489103,24,61,201027123504wd,,0,05/04/2021
2010,12,5,4,1543120100429009,7,2,04,wd,8835290101,711,2.96,0,0,201027123504wd,154312010042987788,DOLPHIN,,98.829489103,27,71,201027123504wd,,0,05/04/2021
2010,12,5,4,1543120100429009,7,2,04,wd,8835290101,864,5.9,0,0,201027123504wd,154312010042987788,DOLPHIN,,98.829489103,34,86,201027123504wd,,0,05/04/2021
2010,12,5,4,1543120100429009,7,2,04,wd,8835290101,1032,9.18,0,0,201027123504wd,154312010042987788,DOLPHIN,,98.829489103,40,103,201027123504wd,,0,05/04/2021
2010,12,5,4,1543120100429009,7,2,04,wd,8835281202,,,0,0,201027123504wd,154312010042987788,ROUND SCAD,,438.14406836,,,201027123504wd,,0,05/04/2021
2010,12,5,4,1543120100429010,7,2,04,wd,8835281202,,,0,0,201027123504wd,154312010042987788,ROUND SCAD,,438.14406836,,,201027123504wd,,0,05/04/2021
2010,12,5,4,1543120100429011,7,2,04,wd,8835281202,,,0,0,201027123504wd,154312010042987788,ROUND SCAD,,438.14406836,,,201027123504wd,,0,05/04/2021
2010,12,5,4,1543120100429012,7,2,04,wd,8835281202,,,0,0,201027123504wd,154312010042987788,ROUND SCAD,,500.73607812,,,201027123504wd,,0,05/04/2021
2010,12,5,4,1543120100429013,7,2,04,wd,8835281202,,,0,0,201027123504wd,154312010042987788,ROUND SCAD,,438.14406836,,,201027123504wd,,0,05/04/2021
2010,12,5,4,1543120100429014,7,2,04,wd,8850030102,504,1.86,0,0,201027123504wd,154312010042987788,LITTLE TUNNY,,62.592009765,19,50,201027123504wd,,0,05/04/2021
2010,12,5,4,1543120100429014,7,2,04,wd,8850030102,504,1.86,1,1,201027123504wd,154312010042987788,LITTLE TUNNY,,62.592009765,19,50,201027123504wd,,0,05/04/2021
2010,12,5,4,1543120100429014,7,2,04,wd,8850030102,506,1.86,0,0,201027123504wd,154312010042987788,LITTLE TUNNY,,62.592009765,19,50,201027123504wd,,0,05/04/2021
2010,12,5,4,1543120100429014,7,2,04,wd,8850030102,558,2.54,0,0,201027123504wd,154312010042987788,LITTLE TUNNY,,62.592009765,21,55,201027123504wd,,0,05/04/2021
2010,12,5,4,1543120100429014,7,2,04,wd,8835360401,264,0.34,0,0,201027123504wd,154312010042987788,YELLOWTAIL SNAPPER,,62.592009765,10,26,201027123504wd,,0,05/04/2021
2010,12,5,4,1543120100429014,7,2,04,wd,8835360401,282,0.42,0,0,201027123504wd,154312010042987788,YELLOWTAIL SNAPPER,,62.592009765,11,28,201027123504wd,,0,05/04/2021
2010,12,5,4,1543120100429014,7,2,04,wd,8835360401,289,0.52,1,1,201027123504wd,154312010042987788,YELLOWTAIL SNAPPER,,62.592009765,11,28,201027123504wd,,0,05/04/2021
2010,12,5,4,1543120100429014,7,2,04,wd,8835360401,289,0.52,0,0,201027123504wd,154312010042987788,YELLOWTAIL SNAPPER,,62.592009765,11,28,201027123504wd,,0,05/04/2021
2010,12,5,4,1543120100429014,7,2,04,wd,8835360401,290,0.46,0,0,201027123504wd,154312010042987788,YELLOWTAIL SNAPPER,,62.592009765,11,29,201027123504wd,,0,05/04/2021
2010,12,5,4,1543120100429014,7,2,04,wd,8835360401,290,0.42,0,0,201027123504wd,154312010042987788,YELLOWTAIL SNAPPER,,62.592009765,11,29,201027123504wd,,0,05/04/2021
2010,12,5,4,1543120100429014,7,2,04,wd,8835360401,298,0.48,0,0,201027123504wd,154312010042987788,YELLOWTAIL SNAPPER,,62.592009765,11,29,201027123504wd,,0,05/04/2021
2010,12,5,4,1543120100429014,7,2,04,wd,8835360401,301,0.52,0,0,201027123504wd,154312010042987788,YELLOWTAIL SNAPPER,,62.592009765,11,30,201027123504wd,,0,05/04/2021
2010,12,5,4,1543120100429014,7,2,04,wd,8835360401,301,0.5,0,0,201027123504wd,154312010042987788,YELLOWTAIL SNAPPER,,62.592009765,11,30,201027123504wd,,0,05/04/2021
2010,12,5,4,1543120100429014,7,2,04,wd,8835360401,301,0.52,1,1,201027123504wd,154312010042987788,YELLOWTAIL SNAPPER,,62.592009765,11,30,201027123504wd,,0,05/04/2021
2010,12,5,4,1543120100429014,7,2,04,wd,8835360401,301,0.5,1,1,201027123504wd,154312010042987788,YELLOWTAIL SNAPPER,,62.592009765,11,30,201027123504wd,,0,05/04/2021
2010,12,5,4,1543120100429014,7,2,04,wd,8835360401,302,0.46,0,0,201027123504wd,154312010042987788,YELLOWTAIL SNAPPER,,62.592009765,11,30,201027123504wd,,0,05/04/2021
2010,12,5,4,1543120100429014,7,2,04,wd,8835360401,316,0.58,0,0,201027123504wd,154312010042987788,YELLOWTAIL SNAPPER,,62.592009765,12,31,201027123504wd,,0,05/04/2021
2010,12,5,4,1543120100429014,7,2,04,wd,8835360401,337,0.68,0,0,201027123504wd,154312010042987788,YELLOWTAIL SNAPPER,,62.592009765,13,33,201027123504wd,,0,05/04/2021
2010,12,5,4,1543120100429014,7,2,04,wd,8835280801,803,7.09,1,1,201027123504wd,154312010042987788,GREATER AMBERJACK,,62.592009765,31,80,201027123504wd,,0,05/04/2021
2010,12,5,4,1543120100429014,7,2,04,wd,8835280801,769,6.33,1,1,201027123504wd,154312010042987788,GREATER AMBERJACK,,62.592009765,30,76,201027123504wd,,0,05/04/2021
2010,12,5,4,1543120100429014,7,2,04,wd,8747010804,133,0.06,1,1,201027123504wd,154312010042987788,SCALED SARDINE,,62.592009765,5,13,201027123504wd,,0,05/04/2021
2010,12,5,4,1543120100429014,7,2,04,wd,8747010804,135,0.06,1,1,201027123504wd,154312010042987788,SCALED SARDINE,,62.592009765,5,13,201027123504wd,,0,05/04/2021
2010,12,5,4,1543120100429014,7,2,04,wd,8747010804,139,0.06,1,1,201027123504wd,154312010042987788,SCALED SARDINE,,62.592009765,5,13,201027123504wd,,0,05/04/2021
2010,12,5,4,1543120100429014,7,2,04,wd,8747010804,140,0.06,1,1,201027123504wd,154312010042987788,SCALED SARDINE,,62.592009765,5,14,201027123504wd,,0,05/04/2021
2010,12,5,4,1543120100429014,7,2,04,wd,8747010804,150,0.06,1,1,201027123504wd,154312010042987788,SCALED SARDINE,,62.592009765,5,15,201027123504wd,,0,05/04/2021
2010,12,5,4,1543120100429015,7,2,04,wd,8850030102,506,1.86,1,1,201027123504wd,154312010042987788,LITTLE TUNNY,,62.592009765,19,50,201027123504wd,,0,05/04/2021
2010,12,5,4,1543120100429015,7,2,04,wd,8747010804,131,0.06,1,1,201027123504wd,154312010042987788,SCALED SARDINE,,62.592009765,5,13,201027123504wd,,0,05/04/2021
2010,12,5,4,1543120100429015,7,2,04,wd,8747010804,135,0.06,1,1,201027123504wd,154312010042987788,SCALED SARDINE,,62.592009765,5,13,201027123504wd,,0,05/04/2021
2010,12,5,4,1543120100429015,7,2,04,wd,8747010804,140,0.06,1,1,201027123504wd,154312010042987788,SCALED SARDINE,,62.592009765,5,14,201027123504wd,,0,05/04/2021
2010,12,5,4,1543120100429015,7,2,04,wd,8747010804,150,0.06,1,1,201027123504wd,154312010042987788,SCALED SARDINE,,62.592009765,5,15,201027123504wd,,0,05/04/2021
2010,12,5,4,1543120100429015,7,2,04,wd,8747010804,151,0.06,1,1,201027123504wd,154312010042987788,SCALED SARDINE,,62.592009765,5,15,201027123504wd,,0,05/04/2021
2010,12,5,4,1543120100429016,7,2,04,wd,8850030503,505,1.2,0,0,201027123504wd,154312010042987788,CERO,,62.592009765,19,50,201027123504wd,,0,05/04/2021
2010,12,5,4,1543120100429016,7,2,04,wd,8835290101,527,1.46,0,0,201027123504wd,154312010042987788,DOLPHIN,,83.45601302,20,52,201027123504wd,,0,05/04/2021
2010,12,5,4,1543120100429016,7,2,04,wd,8835290101,527,1.46,1,1,201027123504wd,154312010042987788,DOLPHIN,,83.45601302,20,52,201027123504wd,,0,05/04/2021
2010,12,5,4,1543120100429016,7,2,04,wd,8835290101,527,1.46,1,1,201027123504wd,154312010042987788,DOLPHIN,,83.45601302,20,52,201027123504wd,,0,05/04/2021
2010,12,5,4,1543120100429016,7,2,04,wd,8835290101,571,1.8,0,0,201027123504wd,154312010042987788,DOLPHIN,,83.45601302,22,57,201027123504wd,,0,05/04/2021
2010,12,5,4,1543120100429016,7,2,04,wd,8835290101,571,1.8,1,1,201027123504wd,154312010042987788,DOLPHIN,,83.45601302,22,57,201027123504wd,,0,05/04/2021
2010,12,5,4,1543120100429016,7,2,04,wd,8835290101,577,1.72,0,0,201027123504wd,154312010042987788,DOLPHIN,,83.45601302,22,57,201027123504wd,,0,05/04/2021
2010,12,5,4,1543120100429016,7,2,04,wd,8835290101,577,1.72,1,1,201027123504wd,154312010042987788,DOLPHIN,,83.45601302,22,57,201027123504wd,,0,05/04/2021
2010,12,5,4,1543120100429016,7,2,04,wd,8835290101,590,1.84,0,0,201027123504wd,154312010042987788,DOLPHIN,,83.45601302,23,59,201027123504wd,,0,05/04/2021
2010,12,5,4,1543120100429016,7,2,04,wd,8835290101,612,2.24,0,0,201027123504wd,154312010042987788,DOLPHIN,,83.45601302,24,61,201027123504wd,,0,05/04/2021
2010,12,5,4,1543120100429017,7,2,04,wd,,,,0,0,201027123504wd,154312010042987788,,,62.592009765,,,201027123504wd,,0,05/04/2021
2010,12,5,4,1543120100429018,7,2,04,wd,,,,0,0,201027123504wd,154312010042987788,,,62.592009765,,,201027123504wd,,0,05/04/2021
2010,12,5,4,1543120100429019,7,2,04,wd,,,,0,0,201027123504wd,154312010042987788,,,62.592009765,,,201027123504wd,,0,05/04/2021
2010,12,5,4,1543120100429020,7,2,04,wd,8835360401,264,0.34,1,1,201027123504wd,154312010042987788,YELLOWTAIL SNAPPER,,112.66561758,10,26,201027123504wd,,0,05/04/2021
2010,12,5,4,1543120100429020,7,2,04,wd,8835360401,290,0.46,1,1,201027123504wd,154312010042987788,YELLOWTAIL SNAPPER,,112.66561758,11,29,201027123504wd,,0,05/04/2021
2010,12,5,4,1543120100429020,7,2,04,wd,8835360401,290,0.42,1,1,201027123504wd,154312010042987788,YELLOWTAIL SNAPPER,,112.66561758,11,29,201027123504wd,,0,05/04/2021
2010,12,5,4,1543120100429020,7,2,04,wd,8835360401,298,0.48,1,1,201027123504wd,154312010042987788,YELLOWTAIL SNAPPER,,112.66561758,11,29,201027123504wd,,0,05/04/2021
2010,12,5,4,1543120100429020,7,2,04,wd,8835360401,302,0.46,1,1,201027123504wd,154312010042987788,YELLOWTAIL SNAPPER,,112.66561758,11,30,201027123504wd,,0,05/04/2021
2010,12,5,4,1543120100429021,7,2,04,wd,8850030101,536,2.7,1,1,201027123504wd,154312010042987788,SKIPJACK TUNA,,62.592009765,21,53,201027123504wd,,0,05/04/2021
2010,12,5,4,1543120100429022,7,2,04,wd,,,,0,0,201027123504wd,154312010042987788,,,62.592009765,,,201027123504wd,,0,05/04/2021
2010,12,5,4,1543120100429023,7,2,04,wd,,,,0,0,201027123504wd,154312010042987788,,,62.592009765,,,201027123504wd,,0,05/04/2021
2010,12,5,4,1543120100429024,7,2,04,wd,8850030102,749,5.98,1,1,201027123504wd,154312010042987788,LITTLE TUNNY,,62.592009765,29,74,201027123504wd,,0,05/04/2021
2010,12,5,4,1543120100429024,7,2,04,wd,8835360401,306,0.54,0,0,201027123504wd,154312010042987788,YELLOWTAIL SNAPPER,,109.53601709,12,30,201027123504wd,,0,05/04/2021
2010,12,5,4,1543120100429024,7,2,04,wd,8835360401,306,0.54,1,1,201027123504wd,154312010042987788,YELLOWTAIL SNAPPER,,109.53601709,12,30,201027123504wd,,0,05/04/2021
2010,12,5,4,1543120100429024,7,2,04,wd,8835360401,340,0.86,0,0,201027123504wd,154312010042987788,YELLOWTAIL SNAPPER,,109.53601709,13,34,201027123504wd,,0,05/04/2021
2010,12,5,4,1543120100429024,7,2,04,wd,8835360401,340,0.86,1,1,201027123504wd,154312010042987788,YELLOWTAIL SNAPPER,,109.53601709,13,34,201027123504wd,,0,05/04/2021
2010,12,5,4,1543120100429024,7,2,04,wd,8835360401,447,1.84,0,0,201027123504wd,154312010042987788,YELLOWTAIL SNAPPER,,109.53601709,17,44,201027123504wd,,0,05/04/2021
2010,12,5,4,1543120100429024,7,2,04,wd,8835360401,447,1.84,1,1,201027123504wd,154312010042987788,YELLOWTAIL SNAPPER,,109.53601709,17,44,201027123504wd,,0,05/04/2021
2010,12,5,4,1543120100429024,7,2,04,wd,8835360401,502,2.22,0,0,201027123504wd,154312010042987788,YELLOWTAIL SNAPPER,,109.53601709,19,50,201027123504wd,,0,05/04/2021
2010,12,5,4,1543120100429024,7,2,04,wd,8835360401,502,2.22,1,1,201027123504wd,154312010042987788,YELLOWTAIL SNAPPER,,109.53601709,19,50,201027123504wd,,0,05/04/2021
2010,12,5,4,1543120100429024,7,2,04,wd,8835281202,,,0,0,201027123504wd,154312010042987788,ROUND SCAD,,125.18401953,,,201027123504wd,,0,05/04/2021
2010,12,5,4,1543120100429024,7,2,04,wd,8803010201,,,0,0,201027123504wd,154312010042987788,BALLYHOO,,1001.4721562,,,201027123504wd,,0,05/04/2021
2010,12,5,4,1543120100429025,7,2,04,wd,8835281202,,,0,0,201027123504wd,154312010042987788,ROUND SCAD,,125.18401953,,,201027123504wd,,0,05/04/2021
2010,12,5,4,1543120100429025,7,2,04,wd,8803010201,,,0,0,201027123504wd,154312010042987788,BALLYHOO,,1001.4721562,,,201027123504wd,,0,05/04/2021
2010,12,5,4,1543120100429026,7,2,04,wd,8835281202,,,0,0,201027123504wd,154312010042987788,ROUND SCAD,,125.18401953,,,201027123504wd,,0,05/04/2021
2010,12,5,4,1543120100429026,7,2,04,wd,8803010201,,,0,0,201027123504wd,154312010042987788,BALLYHOO,,1001.4721562,,,201027123504wd,,0,05/04/2021
2010,12,5,5,1544320100305004,7,2,03,wd,,,,0,0,201027122503wd,1544320100305103767,,,306.52595068,,,201027122503wd,,0,05/04/2021
2010,12,5,5,1544320100323001,7,2,03,wd,8850030502,388,0.44,0,0,201027122503wd,1544320100323115286,SPANISH MACKEREL,,392.0040311,15,38,201027122503wd,,0,05/04/2021
2010,12,5,5,1544320100323001,7,2,03,wd,8850030502,401,0.52,0,0,201027122503wd,1544320100323115286,SPANISH MACKEREL,,392.0040311,15,40,201027122503wd,,0,05/04/2021
2010,12,5,5,1544320100323001,7,2,03,wd,8835440801,510,1.98,0,0,201027122503wd,1544320100323115286,BLACK DRUM,,392.0040311,20,51,201027122503wd,,0,05/04/2021
2010,12,5,5,1544320100323001,7,2,03,wd,8835430301,315,0.74,0,0,201027122503wd,1544320100323115286,SHEEPSHEAD,,457.33803629,12,31,201027122503wd,,0,05/04/2021
2010,12,5,5,1544320100323001,7,2,03,wd,8835430301,315,0.74,1,1,201027122503wd,1544320100323115286,SHEEPSHEAD,,457.33803629,12,31,201027122503wd,,0,05/04/2021
2010,12,5,5,1544320100323001,7,2,03,wd,8835430301,343,0.92,0,0,201027122503wd,1544320100323115286,SHEEPSHEAD,,457.33803629,13,34,201027122503wd,,0,05/04/2021
2010,12,5,5,1544320100323001,7,2,03,wd,8835430301,372,1.34,1,1,201027122503wd,1544320100323115286,SHEEPSHEAD,,457.33803629,14,37,201027122503wd,,0,05/04/2021
2010,12,5,5,1544320100323001,7,2,03,wd,8835430301,386,1.32,1,1,201027122503wd,1544320100323115286,SHEEPSHEAD,,457.33803629,15,38,201027122503wd,,0,05/04/2021
2010,12,5,5,1544320100323001,7,2,03,wd,8835430301,393,1.58,1,1,201027122503wd,1544320100323115286,SHEEPSHEAD,,457.33803629,15,39,201027122503wd,,0,05/04/2021
2010,12,5,5,1544320100323002,7,2,03,wd,,,,0,0,201027122503wd,1544320100323115286,,,392.0040311,,,201027122503wd,,0,05/04/2021
2010,12,5,5,1544320100323003,7,2,03,wd,8835440801,535,2.17,1,1,201027122503wd,1544320100323115286,BLACK DRUM,,325.72586659,21,53,201027122503wd,,0,05/04/2021
2010,12,5,5,1544320100323003,7,2,03,wd,8835440102,438,0.62,0,0,201027122503wd,1544320100323115286,SPOTTED SEATROUT,,325.72586659,17,43,201027122503wd,,0,05/04/2021
2010,12,5,5,1544320100323003,7,2,03,wd,8835430301,297,0.59,1,1,201027122503wd,1544320100323115286,SHEEPSHEAD,,325.72586659,11,29,201027122503wd,,0,05/04/2021
2010,12,5,5,1544320100323003,7,2,03,wd,8835430301,331,0.84,1,1,201027122503wd,1544320100323115286,SHEEPSHEAD,,325.72586659,13,33,201027122503wd,,0,05/04/2021
2010,12,5,5,1544320100323003,7,2,03,wd,8835430301,371,1.23,1,1,201027122503wd,1544320100323115286,SHEEPSHEAD,,325.72586659,14,37,201027122503wd,,0,05/04/2021
2010,12,5,5,1544320100323003,7,2,03,wd,8835430301,384,1.38,0,0,201027122503wd,1544320100323115286,SHEEPSHEAD,,325.72586659,15,38,201027122503wd,,0,05/04/2021
2010,12,5,5,1544320100323003,7,2,03,wd,8835430301,386,1.32,0,0,201027122503wd,1544320100323115286,SHEEPSHEAD,,325.72586659,15,38,201027122503wd,,0,05/04/2021
2010,12,5,5,1544320100323004,7,2,03,wd,,,,0,0,201027122503wd,1544320100323115286,,,325.72586659,,,201027122503wd,,0,05/04/2021
2010,12,5,5,1544320100323005,7,2,03,wd,,,,0,0,201027122503wd,1544320100323115286,,,325.72586659,,,201027122503wd,,0,05/04/2021
2010,12,5,5,1544320100323006,7,2,03,wd,8835440102,582,1.68,1,1,201027122503wd,1544320100323115286,SPOTTED SEATROUT,,392.0040311,22,58,201027122503wd,,0,05/04/2021
2010,12,5,5,1544320100323007,7,2,03,wd,8850030502,336,0.47,1,1,201027122503wd,1544320100323115286,SPANISH MACKEREL,,392.0040311,13,33,201027122503wd,,0,05/04/2021
2010,12,5,5,1544320100323008,7,2,03,wd,,,,0,0,201027122503wd,1544320100323115286,,,392.0040311,,,201027122503wd,,0,05/04/2021
2010,12,5,3,1544420100306001,7,2,03,we,8835400102,278,0.44,1,1,201027122503we,1544420100306103524,WHITE GRUNT,,46.673822988,10,27,201027122503we,,0,05/04/2021
2010,12,5,3,1544420100306001,7,2,03,we,8835400102,284,0.46,1,1,201027122503we,1544420100306103524,WHITE GRUNT,,46.673822988,11,28,201027122503we,,0,05/04/2021
2010,12,5,3,1544420100306001,7,2,03,we,8835400102,284,0.46,1,1,201027122503we,1544420100306103524,WHITE GRUNT,,46.673822988,11,28,201027122503we,,0,05/04/2021
2010,12,5,3,1544420100306001,7,2,03,we,8835400102,294,0.56,1,1,201027122503we,1544420100306103524,WHITE GRUNT,,46.673822988,11,29,201027122503we,,0,05/04/2021
2010,12,5,3,1544420100306001,7,2,03,we,8835020000,,,0,0,201027122503we,1544420100306103524,SEA BASS FAMILY,,46.673822988,,,201027122503we,,0,05/04/2021
2010,12,5,3,1544420100306002,7,2,03,we,8835400102,278,0.44,1,1,201027122503we,1544420100306103524,WHITE GRUNT,,46.673822988,10,27,201027122503we,,0,05/04/2021
2010,12,5,3,1544420100306002,7,2,03,we,8835400102,278,0.44,1,1,201027122503we,1544420100306103524,WHITE GRUNT,,46.673822988,10,27,201027122503we,,0,05/04/2021
2010,12,5,3,1544420100306002,7,2,03,we,8835400102,278,0.44,1,1,201027122503we,1544420100306103524,WHITE GRUNT,,46.673822988,10,27,201027122503we,,0,05/04/2021
2010,12,5,3,1544420100306002,7,2,03,we,8835400102,278,0.44,1,1,201027122503we,1544420100306103524,WHITE GRUNT,,46.673822988,10,27,201027122503we,,0,05/04/2021
2010,12,5,3,1544420100306003,7,2,03,we,8835400102,275,0.42,1,1,201027122503we,1544420100306103524,WHITE GRUNT,,46.673822988,10,27,201027122503we,,0,05/04/2021
2010,12,5,3,1544420100306003,7,2,03,we,8835400102,275,0.42,1,1,201027122503we,1544420100306103524,WHITE GRUNT,,46.673822988,10,27,201027122503we,,0,05/04/2021
2010,12,5,3,1544420100306003,7,2,03,we,8835400102,280,0.4,1,1,201027122503we,1544420100306103524,WHITE GRUNT,,46.673822988,11,28,201027122503we,,0,05/04/2021
2010,12,5,3,1544420100306003,7,2,03,we,8835400102,280,0.4,1,1,201027122503we,1544420100306103524,WHITE GRUNT,,46.673822988,11,28,201027122503we,,0,05/04/2021
2010,12,5,3,1544420100306004,7,2,03,we,8835400102,270,0.4,1,1,201027122503we,1544420100306103524,WHITE GRUNT,,46.673822988,10,27,201027122503we,,0,05/04/2021
2010,12,5,3,1544420100306004,7,2,03,we,8835400102,270,0.4,1,1,201027122503we,1544420100306103524,WHITE GRUNT,,46.673822988,10,27,201027122503we,,0,05/04/2021
2010,12,5,3,1544420100306004,7,2,03,we,8835400102,270,0.4,1,1,201027122503we,1544420100306103524,WHITE GRUNT,,46.673822988,10,27,201027122503we,,0,05/04/2021
2010,12,5,3,1544420100306004,7,2,03,we,8835400102,270,0.4,1,1,201027122503we,1544420100306103524,WHITE GRUNT,,46.673822988,10,27,201027122503we,,0,05/04/2021
2010,12,5,3,1544420100306005,7,2,03,we,8835400102,209,0.18,0,0,201027122503we,1544420100306103524,WHITE GRUNT,,42.449903943,8,20,201027122503we,,0,05/04/2021
2010,12,5,3,1544420100306005,7,2,03,we,8835400102,220,0.2,0,0,201027122503we,1544420100306103524,WHITE GRUNT,,42.449903943,8,22,201027122503we,,0,05/04/2021
2010,12,5,3,1544420100306005,7,2,03,we,8835400102,247,0.32,0,0,201027122503we,1544420100306103524,WHITE GRUNT,,42.449903943,9,24,201027122503we,,0,05/04/2021
2010,12,5,3,1544420100306005,7,2,03,we,8835400102,248,0.32,0,0,201027122503we,1544420100306103524,WHITE GRUNT,,42.449903943,9,24,201027122503we,,0,05/04/2021
2010,12,5,3,1544420100306005,7,2,03,we,8835400102,254,0.36,0,0,201027122503we,1544420100306103524,WHITE GRUNT,,42.449903943,9,25,201027122503we,,0,05/04/2021
2010,12,5,3,1544420100306005,7,2,03,we,8835400102,254,0.36,1,1,201027122503we,1544420100306103524,WHITE GRUNT,,42.449903943,9,25,201027122503we,,0,05/04/2021
2010,12,5,3,1544420100306005,7,2,03,we,8835400102,254,0.36,1,1,201027122503we,1544420100306103524,WHITE GRUNT,,42.449903943,9,25,201027122503we,,0,05/04/2021
2010,12,5,3,1544420100306005,7,2,03,we,8835400102,261,0.34,0,0,201027122503we,1544420100306103524,WHITE GRUNT,,42.449903943,10,26,201027122503we,,0,05/04/2021
2010,12,5,3,1544420100306005,7,2,03,we,8835400102,268,0.4,0,0,201027122503we,1544420100306103524,WHITE GRUNT,,42.449903943,10,26,201027122503we,,0,05/04/2021
2010,12,5,3,1544420100306005,7,2,03,we,8835400102,268,0.4,1,1,201027122503we,1544420100306103524,WHITE GRUNT,,42.449903943,10,26,201027122503we,,0,05/04/2021
2010,12,5,3,1544420100306005,7,2,03,we,8835400102,268,0.4,1,1,201027122503we,1544420100306103524,WHITE GRUNT,,42.449903943,10,26,201027122503we,,0,05/04/2021
2010,12,5,3,1544420100306005,7,2,03,we,8835400102,270,0.4,0,0,201027122503we,1544420100306103524,WHITE GRUNT,,42.449903943,10,27,201027122503we,,0,05/04/2021
2010,12,5,3,1544420100306005,7,2,03,we,8835400102,270,0.4,0,0,201027122503we,1544420100306103524,WHITE GRUNT,,42.449903943,10,27,201027122503we,,0,05/04/2021
2010,12,5,3,1544420100306005,7,2,03,we,8835400102,275,0.42,0,0,201027122503we,1544420100306103524,WHITE GRUNT,,42.449903943,10,27,201027122503we,,0,05/04/2021
2010,12,5,3,1544420100306005,7,2,03,we,8835400102,278,0.44,0,0,201027122503we,1544420100306103524,WHITE GRUNT,,42.449903943,10,27,201027122503we,,0,05/04/2021
2010,12,5,3,1544420100306005,7,2,03,we,8835400102,278,0.44,0,0,201027122503we,1544420100306103524,WHITE GRUNT,,42.449903943,10,27,201027122503we,,0,05/04/2021
2010,12,5,3,1544420100306005,7,2,03,we,8835400102,280,0.4,0,0,201027122503we,1544420100306103524,WHITE GRUNT,,42.449903943,11,28,201027122503we,,0,05/04/2021
2010,12,5,3,1544420100306005,7,2,03,we,8835400102,284,0.46,0,0,201027122503we,1544420100306103524,WHITE GRUNT,,42.449903943,11,28,201027122503we,,0,05/04/2021
2010,12,5,3,1544420100306005,7,2,03,we,8835400102,294,0.56,0,0,201027122503we,1544420100306103524,WHITE GRUNT,,42.449903943,11,29,201027122503we,,0,05/04/2021
2010,12,5,3,1544420100306006,7,2,03,we,,,,0,0,201027122503we,1544420100306103524,,,46.673822988,,,201027122503we,,0,05/04/2021
2010,12,5,3,1544420100306007,7,2,03,we,,,,0,0,201027122503we,1544420100306103524,,,46.673822988,,,201027122503we,,0,05/04/2021
2010,12,5,3,1544420100306008,7,2,03,we,,,,0,0,201027122503we,1544420100306103524,,,46.673822988,,,201027122503we,,0,05/04/2021
2010,12,5,3,1544420100306009,7,2,03,we,,,,0,0,201027122503we,1544420100306103524,,,46.673822988,,,201027122503we,,0,05/04/2021
2010,12,5,4,1544420100306010,7,2,03,we,8835400102,228,0.2,0,0,201027122503we,1544420100306103524,WHITE GRUNT,,59.559083804,8,22,201027122503we,,0,05/04/2021
2010,12,5,4,1544420100306010,7,2,03,we,8835400102,228,0.2,1,1,201027122503we,1544420100306103524,WHITE GRUNT,,59.559083804,8,22,201027122503we,,0,05/04/2021
2010,12,5,4,1544420100306010,7,2,03,we,8835400102,229,0.24,0,0,201027122503we,1544420100306103524,WHITE GRUNT,,59.559083804,9,22,201027122503we,,0,05/04/2021
2010,12,5,4,1544420100306010,7,2,03,we,8835400102,229,0.2,0,0,201027122503we,1544420100306103524,WHITE GRUNT,,59.559083804,9,22,201027122503we,,0,05/04/2021
2010,12,5,4,1544420100306010,7,2,03,we,8835400102,229,0.2,1,1,201027122503we,1544420100306103524,WHITE GRUNT,,59.559083804,9,22,201027122503we,,0,05/04/2021
2010,12,5,4,1544420100306010,7,2,03,we,8835400102,245,0.32,0,0,201027122503we,1544420100306103524,WHITE GRUNT,,59.559083804,9,24,201027122503we,,0,05/04/2021
2010,12,5,4,1544420100306010,7,2,03,we,8835400102,245,0.32,1,1,201027122503we,1544420100306103524,WHITE GRUNT,,59.559083804,9,24,201027122503we,,0,05/04/2021
2010,12,5,4,1544420100306010,7,2,03,we,8835400102,248,0.32,0,0,201027122503we,1544420100306103524,WHITE GRUNT,,59.559083804,9,24,201027122503we,,0,05/04/2021
2010,12,5,4,1544420100306010,7,2,03,we,8835400102,250,0.3,0,0,201027122503we,1544420100306103524,WHITE GRUNT,,59.559083804,9,25,201027122503we,,0,05/04/2021
2010,12,5,4,1544420100306010,7,2,03,we,8835400102,250,0.3,1,1,201027122503we,1544420100306103524,WHITE GRUNT,,59.559083804,9,25,201027122503we,,0,05/04/2021
2010,12,5,4,1544420100306010,7,2,03,we,8835400102,254,0.36,0,0,201027122503we,1544420100306103524,WHITE GRUNT,,59.559083804,9,25,201027122503we,,0,05/04/2021
2010,12,5,4,1544420100306010,7,2,03,we,8835400102,258,0.34,0,0,201027122503we,1544420100306103524,WHITE GRUNT,,59.559083804,10,25,201027122503we,,0,05/04/2021
2010,12,5,4,1544420100306010,7,2,03,we,8835400102,267,0.34,0,0,201027122503we,1544420100306103524,WHITE GRUNT,,59.559083804,10,26,201027122503we,,0,05/04/2021
2010,12,5,4,1544420100306010,7,2,03,we,8835400102,268,0.42,0,0,201027122503we,1544420100306103524,WHITE GRUNT,,59.559083804,10,26,201027122503we,,0,05/04/2021
2010,12,5,4,1544420100306010,7,2,03,we,8835400102,268,0.36,0,0,201027122503we,1544420100306103524,WHITE GRUNT,,59.559083804,10,26,201027122503we,,0,05/04/2021
2010,12,5,4,1544420100306010,7,2,03,we,8835400102,271,0.38,0,0,201027122503we,1544420100306103524,WHITE GRUNT,,59.559083804,10,27,201027122503we,,0,05/04/2021
2010,12,5,4,1544420100306010,7,2,03,we,8835400102,308,0.58,0,0,201027122503we,1544420100306103524,WHITE GRUNT,,59.559083804,12,30,201027122503we,,0,05/04/2021
2010,12,5,4,1544420100306010,7,2,03,we,8835400102,320,0.66,0,0,201027122503we,1544420100306103524,WHITE GRUNT,,59.559083804,12,32,201027122503we,,0,05/04/2021
2010,12,5,4,1544420100306010,7,2,03,we,8835360102,328,0.5,0,0,201027122503we,1544420100306103524,GRAY SNAPPER,,30.630385956,12,32,201027122503we,,0,05/04/2021
2010,12,5,4,1544420100306012,7,2,03,we,,,,0,0,201027122503we,1544420100306103524,,,30.993258432,,,201027122503we,,0,05/04/2021
2010,12,5,4,1544420100306013,7,2,03,we,,,,0,0,201027122503we,1544420100306103524,,,30.993258432,,,201027122503we,,0,05/04/2021
2010,12,5,4,1544420100306015,7,2,03,we,,,,0,0,201027122503we,1544420100306103524,,,30.993258432,,,201027122503we,,0,05/04/2021
2010,12,5,4,1544420100306016,7,2,03,we,,,,0,0,201027122503we,1544420100306103524,,,30.993258432,,,201027122503we,,0,05/04/2021
2010,12,5,4,1544420100306017,7,2,03,we,,,,0,0,201027122503we,1544420100306103524,,,25.805937984,,,201027122503we,,0,05/04/2021
2010,12,5,4,1544420100306018,7,2,03,we,,,,0,0,201027122503we,1544420100306103524,,,30.993258432,,,201027122503we,,0,05/04/2021
2010,12,5,5,1544420100321001,7,2,03,we,8857030302,392,0.66,1,1,201027122503we,1544420100321115466,GULF FLOUNDER,,350.07607961,15,39,201027122503we,,0,05/04/2021
2010,12,5,5,1544420100321001,7,2,03,we,8835440102,394,0.5,0,0,201027122503we,1544420100321115466,SPOTTED SEATROUT,,350.07607961,15,39,201027122503we,,0,05/04/2021
2010,12,5,5,1544420100321001,7,2,03,we,8835440102,415,0.62,0,0,201027122503we,1544420100321115466,SPOTTED SEATROUT,,350.07607961,16,41,201027122503we,,0,05/04/2021
2010,12,5,5,1544420100321001,7,2,03,we,8835440102,526,1.33,1,1,201027122503we,1544420100321115466,SPOTTED SEATROUT,,350.07607961,20,52,201027122503we,,0,05/04/2021
2010,12,5,5,1544420100321002,7,2,03,we,8835440102,497,0.9,1,1,201027122503we,1544420100321115466,SPOTTED SEATROUT,,350.07607961,19,49,201027122503we,,0,05/04/2021
2010,12,5,5,1544420100321003,7,2,03,we,,,,0,0,201027122503we,1544420100321115466,,,291.48408581,,,201027122503we,,0,05/04/2021
2010,12,5,5,1544420100321004,7,2,03,we,,,,0,0,201027122503we,1544420100321115466,,,291.48408581,,,201027122503we,,0,05/04/2021
2010,12,5,4,1544420100321005,7,2,03,we,8835280801,800,7.02,0,0,201027122503we,1544420100321115466,GREATER AMBERJACK,,122.69995215,31,80,201027122503we,,0,05/04/2021
2010,12,5,4,1544420100321005,7,2,03,we,8835280801,874,10.26,0,0,201027122503we,1544420100321115466,GREATER AMBERJACK,,122.69995215,34,87,201027122503we,,0,05/04/2021
2010,12,5,4,1544420100321005,7,2,03,we,8835280801,900,10,0,0,201027122503we,1544420100321115466,GREATER AMBERJACK,,122.69995215,35,90,201027122503we,,0,05/04/2021
2010,12,5,4,1544420100321006,7,2,03,we,,,,0,0,201027122503we,1544420100321115466,,,137.86230836,,,201027122503we,,0,05/04/2021
2010,12,5,4,1544420100321007,7,2,03,we,,,,0,0,201027122503we,1544420100321115466,,,165.57437879,,,201027122503we,,0,05/04/2021
2010,12,5,4,1544420100321008,7,2,03,we,,,,0,0,201027122503we,1544420100321115466,,,165.57437879,,,201027122503we,,0,05/04/2021
2010,12,5,4,1544420100321009,7,2,03,we,,,,0,0,201027122503we,1544420100321115466,,,165.57437879,,,201027122503we,,0,05/04/2021
2010,12,5,3,1544420100424001,7,2,04,we,8850030502,363,0.32,0,0,201027122504we,1544420100424103524,SPANISH MACKEREL,,73.799554211,14,36,201027122504we,,0,05/04/2021
2010,12,5,3,1544420100424001,7,2,04,we,8850030502,382,0.42,0,0,201027122504we,1544420100424103524,SPANISH MACKEREL,,73.799554211,15,38,201027122504we,,0,05/04/2021
2010,12,5,3,1544420100424001,7,2,04,we,8850030502,400,0.48,0,0,201027122504we,1544420100424103524,SPANISH MACKEREL,,73.799554211,15,40,201027122504we,,0,05/04/2021
2010,12,5,3,1544420100424001,7,2,04,we,8850030502,403,0.52,0,0,201027122504we,1544420100424103524,SPANISH MACKEREL,,73.799554211,15,40,201027122504we,,0,05/04/2021
2010,12,5,3,1544420100424001,7,2,04,we,8850030502,404,0.46,0,0,201027122504we,1544420100424103524,SPANISH MACKEREL,,73.799554211,15,40,201027122504we,,0,05/04/2021
2010,12,5,3,1544420100424001,7,2,04,we,8850030502,404,0.46,0,0,201027122504we,1544420100424103524,SPANISH MACKEREL,,73.799554211,15,40,201027122504we,,0,05/04/2021
2010,12,5,3,1544420100424001,7,2,04,we,8850030502,418,0.52,0,0,201027122504we,1544420100424103524,SPANISH MACKEREL,,73.799554211,16,41,201027122504we,,0,05/04/2021
2010,12,5,3,1544420100424001,7,2,04,we,8850030502,425,0.58,0,0,201027122504we,1544420100424103524,SPANISH MACKEREL,,73.799554211,16,42,201027122504we,,0,05/04/2021
2010,12,5,3,1544420100424001,7,2,04,we,8850030502,464,0.82,0,0,201027122504we,1544420100424103524,SPANISH MACKEREL,,73.799554211,18,46,201027122504we,,0,05/04/2021
2010,12,5,3,1544420100424001,7,2,04,we,8850030502,555,1.6,0,0,201027122504we,1544420100424103524,SPANISH MACKEREL,,73.799554211,21,55,201027122504we,,0,05/04/2021
2010,12,5,3,1544420100424002,7,2,04,we,,,,0,0,201027122504we,1544420100424103524,,,261.20338184,,,201027122504we,,0,05/04/2021
2010,12,5,3,1544420100424003,7,2,04,we,,,,0,0,201027122504we,1544420100424103524,,,83.052795855,,,201027122504we,,0,05/04/2021
2010,12,5,3,1544420100424004,7,2,04,we,,,,0,0,201027122504we,1544420100424103524,,,83.052795855,,,201027122504we,,0,05/04/2021
2010,12,5,3,1544420100424005,7,2,04,we,,,,0,0,201027122504we,1544420100424103524,,,83.052795855,,,201027122504we,,0,05/04/2021
2010,12,5,3,1544420100424007,7,2,04,we,8850030502,346,0.42,1,1,201027122504we,1544420100424103524,SPANISH MACKEREL,,76.809716677,13,34,201027122504we,,0,05/04/2021
2010,12,5,3,1544420100424007,7,2,04,we,8850030502,348,0.36,1,1,201027122504we,1544420100424103524,SPANISH MACKEREL,,76.809716677,13,34,201027122504we,,0,05/04/2021
2010,12,5,3,1544420100424007,7,2,04,we,8850030502,359,0.32,0,0,201027122504we,1544420100424103524,SPANISH MACKEREL,,76.809716677,14,35,201027122504we,,0,05/04/2021
2010,12,5,3,1544420100424007,7,2,04,we,8850030502,378,0.46,1,1,201027122504we,1544420100424103524,SPANISH MACKEREL,,76.809716677,14,37,201027122504we,,0,05/04/2021
2010,12,5,3,1544420100424007,7,2,04,we,8850030502,380,0.46,1,1,201027122504we,1544420100424103524,SPANISH MACKEREL,,76.809716677,14,38,201027122504we,,0,05/04/2021
2010,12,5,3,1544420100424007,7,2,04,we,8850030502,385,0.4,0,0,201027122504we,1544420100424103524,SPANISH MACKEREL,,76.809716677,15,38,201027122504we,,0,05/04/2021
2010,12,5,3,1544420100424007,7,2,04,we,8850030502,455,0.64,0,0,201027122504we,1544420100424103524,SPANISH MACKEREL,,76.809716677,17,45,201027122504we,,0,05/04/2021
2010,12,5,3,1544420100424007,7,2,04,we,8850030502,464,0.8,0,0,201027122504we,1544420100424103524,SPANISH MACKEREL,,76.809716677,18,46,201027122504we,,0,05/04/2021
2010,12,5,3,1544420100424007,7,2,04,we,8850030502,468,0.88,0,0,201027122504we,1544420100424103524,SPANISH MACKEREL,,76.809716677,18,46,201027122504we,,0,05/04/2021
2010,12,5,3,1544420100424007,7,2,04,we,8850030502,500,1,0,0,201027122504we,1544420100424103524,SPANISH MACKEREL,,76.809716677,19,50,201027122504we,,0,05/04/2021
2010,12,5,3,1544420100424007,7,2,04,we,8850030502,508,1.2,0,0,201027122504we,1544420100424103524,SPANISH MACKEREL,,76.809716677,19,50,201027122504we,,0,05/04/2021
2010,12,5,3,1544420100424007,7,2,04,we,8850030502,565,1.4,0,0,201027122504we,1544420100424103524,SPANISH MACKEREL,,76.809716677,22,56,201027122504we,,0,05/04/2021
2010,12,5,3,1544420100424007,7,2,04,we,8850030501,670,1.88,0,0,201027122504we,1544420100424103524,KING MACKEREL,,61.447773342,26,67,201027122504we,,0,05/04/2021
2010,12,5,3,1544420100424009,7,2,04,we,,,,0,0,201027122504we,1544420100424103524,,,61.902774578,,,201027122504we,,0,05/04/2021
2010,12,5,3,1544420100424012,7,2,04,we,8850030502,515,0.94,0,0,201027122504we,1544420100424103524,SPANISH MACKEREL,,73.799554211,20,51,201027122504we,,0,05/04/2021
2010,12,5,3,1544420100424012,7,2,04,we,8850030502,578,1.36,0,0,201027122504we,1544420100424103524,SPANISH MACKEREL,,73.799554211,22,57,201027122504we,,0,05/04/2021
2010,12,5,3,1544420100424012,7,2,04,we,8850030502,634,2.34,0,0,201027122504we,1544420100424103524,SPANISH MACKEREL,,73.799554211,24,63,201027122504we,,0,05/04/2021
2010,12,5,3,1544420100424012,7,2,04,we,8850030501,681,2.62,0,0,201027122504we,1544420100424103524,KING MACKEREL,,73.799554211,26,68,201027122504we,,0,05/04/2021
2010,12,5,3,1544420100424012,7,2,04,we,8850030502,568,1.76,0,0,201027122504we,1544420100424103524,SPANISH MACKEREL,,73.799554211,22,56,201027122504we,,0,05/04/2021
2010,12,5,3,1544420100424012,7,2,04,we,8850030501,776,3.4,0,0,201027122504we,1544420100424103524,KING MACKEREL,,73.799554211,30,77,201027122504we,,0,05/04/2021
2010,12,5,3,1544420100424012,7,2,04,we,8850030501,789,3.18,0,0,201027122504we,1544420100424103524,KING MACKEREL,,73.799554211,31,78,201027122504we,,0,05/04/2021
2010,12,5,3,1544420100424012,7,2,04,we,8850030501,798,3.8,0,0,201027122504we,1544420100424103524,KING MACKEREL,,73.799554211,31,79,201027122504we,,0,05/04/2021
2010,12,5,3,1544420100424012,7,2,04,we,8850030501,802,3.64,0,0,201027122504we,1544420100424103524,KING MACKEREL,,73.799554211,31,80,201027122504we,,0,05/04/2021
2010,12,5,3,1544420100424012,7,2,04,we,8850030501,820,3.52,0,0,201027122504we,1544420100424103524,KING MACKEREL,,73.799554211,32,82,201027122504we,,0,05/04/2021
2010,12,5,3,1544420100424012,7,2,04,we,8850030501,822,3.62,0,0,201027122504we,1544420100424103524,KING MACKEREL,,73.799554211,32,82,201027122504we,,0,05/04/2021
2010,12,5,3,1544420100424012,7,2,04,we,8850030501,825,3.94,0,0,201027122504we,1544420100424103524,KING MACKEREL,,73.799554211,32,82,201027122504we,,0,05/04/2021
2010,12,5,3,1544420100424012,7,2,04,we,8850030501,865,4.56,0,0,201027122504we,1544420100424103524,KING MACKEREL,,73.799554211,34,86,201027122504we,,0,05/04/2021
2010,12,5,3,1544420100424012,7,2,04,we,8850030501,900,5.04,0,0,201027122504we,1544420100424103524,KING MACKEREL,,73.799554211,35,90,201027122504we,,0,05/04/2021
2010,12,5,3,1544420100424012,7,2,04,we,8850030501,900,4.66,0,0,201027122504we,1544420100424103524,KING MACKEREL,,73.799554211,35,90,201027122504we,,0,05/04/2021
2010,12,5,3,1544420100424013,7,2,04,we,,,,0,0,201027122504we,1544420100424103524,,,74.34601646,,,201027122504we,,0,05/04/2021
2010,12,5,3,1544420100424014,7,2,04,we,,,,0,0,201027122504we,1544420100424103524,,,74.34601646,,,201027122504we,,0,05/04/2021
2010,12,5,3,1544420100424015,7,2,04,we,,,,0,0,201027122504we,1544420100424103524,,,74.34601646,,,201027122504we,,0,05/04/2021
2010,12,5,3,1544420100424016,7,2,04,we,,,,0,0,201027122504we,1544420100424103524,,,74.34601646,,,201027122504we,,0,05/04/2021
2010,12,5,3,1544420100424017,7,2,04,we,8850030502,344,0.34,1,1,201027122504we,1544420100424103524,SPANISH MACKEREL,,61.447773342,13,34,201027122504we,,0,05/04/2021
2010,12,5,3,1544420100424017,7,2,04,we,8850030502,430,0.52,0,0,201027122504we,1544420100424103524,SPANISH MACKEREL,,61.447773342,16,43,201027122504we,,0,05/04/2021
2010,12,5,3,1544420100424017,7,2,04,we,8850030502,448,0.58,0,0,201027122504we,1544420100424103524,SPANISH MACKEREL,,61.447773342,17,44,201027122504we,,0,05/04/2021
2010,12,5,3,1544420100424017,7,2,04,we,8850030502,494,0.84,0,0,201027122504we,1544420100424103524,SPANISH MACKEREL,,61.447773342,19,49,201027122504we,,0,05/04/2021
2010,12,5,3,1544420100424017,7,2,04,we,8850030502,417,0.54,0,0,201027122504we,1544420100424103524,SPANISH MACKEREL,,61.447773342,16,41,201027122504we,,0,05/04/2021
2010,12,5,3,1544420100424017,7,2,04,we,8850030502,537,0.98,0,0,201027122504we,1544420100424103524,SPANISH MACKEREL,,61.447773342,21,53,201027122504we,,0,05/04/2021
2010,12,5,3,1544420100424017,7,2,04,we,8850030502,565,1.6,0,0,201027122504we,1544420100424103524,SPANISH MACKEREL,,61.447773342,22,56,201027122504we,,0,05/04/2021
2010,12,5,3,1544420100424017,7,2,04,we,8850030502,618,2.14,0,0,201027122504we,1544420100424103524,SPANISH MACKEREL,,61.447773342,24,61,201027122504we,,0,05/04/2021
2010,12,5,3,1544420100424017,7,2,04,we,8850030501,617,1.48,0,0,201027122504we,1544420100424103524,KING MACKEREL,,61.447773342,24,61,201027122504we,,0,05/04/2021
2010,12,5,3,1544420100424017,7,2,04,we,8850030501,621,1.5,0,0,201027122504we,1544420100424103524,KING MACKEREL,,61.447773342,24,62,201027122504we,,0,05/04/2021
2010,12,5,3,1544420100424017,7,2,04,we,8850030501,649,1.66,0,0,201027122504we,1544420100424103524,KING MACKEREL,,61.447773342,25,64,201027122504we,,0,05/04/2021
2010,12,5,3,1544420100424017,7,2,04,we,8850030501,684,2,0,0,201027122504we,1544420100424103524,KING MACKEREL,,61.447773342,26,68,201027122504we,,0,05/04/2021
2010,12,5,3,1544420100424017,7,2,04,we,8850030501,695,2.12,0,0,201027122504we,1544420100424103524,KING MACKEREL,,61.447773342,27,69,201027122504we,,0,05/04/2021
2010,12,5,3,1544420100424017,7,2,04,we,8850030501,700,2.18,0,0,201027122504we,1544420100424103524,KING MACKEREL,,61.447773342,27,70,201027122504we,,0,05/04/2021
2010,12,5,3,1544420100424017,7,2,04,we,8850030501,708,2.14,0,0,201027122504we,1544420100424103524,KING MACKEREL,,61.447773342,27,70,201027122504we,,0,05/04/2021
2010,12,5,3,1544420100424017,7,2,04,we,8850030501,719,2.3,0,0,201027122504we,1544420100424103524,KING MACKEREL,,61.447773342,28,71,201027122504we,,0,05/04/2021
2010,12,5,5,1546420100318001,7,2,03,wd,,,,0,0,201027122503wd,15464201003181151380,,,368.89734783,,,201027122503wd,,0,05/04/2021
2010,12,5,5,1546420100318002,7,2,03,wd,,,,0,0,201027122503wd,15464201003181151380,,,368.89734783,,,201027122503wd,,0,05/04/2021
2010,12,5,5,1546420100318003,7,2,03,wd,8835440901,651,2.99,0,0,201027122503wd,1546420100318115315,RED DRUM,,368.89734783,25,65,201027122503wd,,0,05/04/2021
2010,12,5,5,1546420100318003,7,2,03,wd,8835430301,271,0.49,1,1,201027122503wd,1546420100318115315,SHEEPSHEAD,,368.89734783,10,27,201027122503wd,,0,05/04/2021
2010,12,5,5,1546420100318004,7,2,03,wd,,,,0,0,201027122503wd,1546420100318115315,,,368.89734783,,,201027122503wd,,0,05/04/2021
2010,12,5,5,1546420100318005,7,2,03,wd,,,,0,0,201027122503wd,1546420100318115315,,,368.89734783,,,201027122503wd,,0,05/04/2021
2010,12,5,5,1546420100318006,7,2,03,wd,,,,0,0,201027122503wd,1546420100318115315,,,368.89734783,,,201027122503wd,,0,05/04/2021
2010,12,5,3,1546420100407001,7,2,04,wd,8850030501,656,1.78,0,0,201027122504wd,1546420100407811376,KING MACKEREL,,166.8979076,25,65,201027122504wd,,0,05/04/2021
2010,12,5,3,1546420100407001,7,2,04,wd,8835430301,454,2.23,0,0,201027122504wd,1546420100407811376,SHEEPSHEAD,,166.8979076,17,45,201027122504wd,,0,05/04/2021
2010,12,5,3,1546420100407001,7,2,04,wd,8835430301,404,1.55,0,0,201027122504wd,1546420100407811376,SHEEPSHEAD,,166.8979076,15,40,201027122504wd,,0,05/04/2021
2010,12,5,3,1546420100407001,7,2,04,wd,8835400102,247,0.32,1,1,201027122504wd,1546420100407811376,WHITE GRUNT,,166.8979076,9,24,201027122504wd,,0,05/04/2021
2010,12,5,3,1546420100407001,7,2,04,wd,8835400102,248,0.32,1,1,201027122504wd,1546420100407811376,WHITE GRUNT,,166.8979076,9,24,201027122504wd,,0,05/04/2021
2010,12,5,3,1546420100407001,7,2,04,wd,8835400102,248,0.32,1,1,201027122504wd,1546420100407811376,WHITE GRUNT,,166.8979076,9,24,201027122504wd,,0,05/04/2021
2010,12,5,3,1546420100407001,7,2,04,wd,8835400102,261,0.34,1,1,201027122504wd,1546420100407811376,WHITE GRUNT,,166.8979076,10,26,201027122504wd,,0,05/04/2021
2010,12,5,3,1546420100407001,7,2,04,wd,8835400102,261,0.34,1,1,201027122504wd,1546420100407811376,WHITE GRUNT,,166.8979076,10,26,201027122504wd,,0,05/04/2021
2010,12,5,3,1546420100407002,7,2,04,wd,,,,0,0,201027122504wd,1546420100407811376,,,166.8979076,,,201027122504wd,,0,05/04/2021
2010,12,5,3,1546420100407003,7,2,04,wd,,,,0,0,201027122504wd,1546420100407811376,,,166.8979076,,,201027122504wd,,0,05/04/2021
2010,12,5,3,1546420100407004,7,2,04,wd,,,,0,0,201027122504wd,1546420100407811376,,,166.8979076,,,201027122504wd,,0,05/04/2021
2010,12,5,3,1546420100407005,7,2,04,wd,,,,0,0,201027122504wd,1546420100407811376,,,166.8979076,,,201027122504wd,,0,05/04/2021
2010,12,5,3,1546420100407006,7,2,04,wd,,,,0,0,201027122504wd,1546420100407811376,,,166.8979076,,,201027122504wd,,0,05/04/2021
2010,12,5,5,1546420100407007,7,2,04,wd,8850030502,442,0.68,0,0,201027122504wd,1546420100407811376,SPANISH MACKEREL,,234.32253509,17,44,201027122504wd,,0,05/04/2021
2010,12,5,5,1546420100407007,7,2,04,wd,8850030502,444,0.6,0,0,201027122504wd,1546420100407811376,SPANISH MACKEREL,,234.32253509,17,44,201027122504wd,,0,05/04/2021
2010,12,5,5,1546420100407007,7,2,04,wd,8835440102,372,0.51,0,0,201027122504wd,1546420100407811376,SPOTTED SEATROUT,,234.32253509,14,37,201027122504wd,,0,05/04/2021
2010,12,5,5,1546420100407007,7,2,04,wd,8835440102,413,0.68,1,1,201027122504wd,1546420100407811376,SPOTTED SEATROUT,,234.32253509,16,41,201027122504wd,,0,05/04/2021
2010,12,5,5,1546420100407007,7,2,04,wd,8835440102,438,0.71,0,0,201027122504wd,1546420100407811376,SPOTTED SEATROUT,,234.32253509,17,43,201027122504wd,,0,05/04/2021
2010,12,5,5,1546420100407008,7,2,04,wd,,,,0,0,201027122504wd,1546420100407811376,,,234.32253509,,,201027122504wd,,0,05/04/2021
2010,12,5,5,1546420100407009,7,2,04,wd,,,,0,0,201027122504wd,1546420100407811376,,,234.32253509,,,201027122504wd,,0,05/04/2021
2010,12,5,3,1546420100407010,7,2,04,wd,8835400102,209,0.18,1,1,201027122504wd,1546420100407811376,WHITE GRUNT,,267.03665216,8,20,201027122504wd,,0,05/04/2021
2010,12,5,3,1546420100407010,7,2,04,wd,8835400102,209,0.18,1,1,201027122504wd,1546420100407811376,WHITE GRUNT,,267.03665216,8,20,201027122504wd,,0,05/04/2021
2010,12,5,3,1546420100407010,7,2,04,wd,8835400102,220,0.2,1,1,201027122504wd,1546420100407811376,WHITE GRUNT,,267.03665216,8,22,201027122504wd,,0,05/04/2021
2010,12,5,3,1546420100407010,7,2,04,wd,8835400102,220,0.2,1,1,201027122504wd,1546420100407811376,WHITE GRUNT,,267.03665216,8,22,201027122504wd,,0,05/04/2021
2010,12,5,3,1546420100407010,7,2,04,wd,8835400102,247,0.32,1,1,201027122504wd,1546420100407811376,WHITE GRUNT,,267.03665216,9,24,201027122504wd,,0,05/04/2021
2010,12,5,3,1546420100407010,7,2,04,wd,8835020501,639,3.33,0,0,201027122504wd,1546420100407811376,GAG,,166.8979076,25,63,201027122504wd,,0,05/04/2021
2010,12,5,3,1546420100407010,7,2,04,wd,8835020408,609,3.8728495661,0,1,201027122504wd,1546420100407811376,RED GROUPER,,166.8979076,23,60,201027122504wd,,0,05/04/2021
2010,12,5,3,1546420100407011,7,2,04,wd,,,,0,0,201027122504wd,1546420100407811376,,,166.8979076,,,201027122504wd,,0,05/04/2021
2010,12,5,3,1546420100407013,7,2,04,wd,,,,0,0,201027122504wd,1546420100407811376,,,166.8979076,,,201027122504wd,,0,05/04/2021
2010,12,5,3,1546420100407014,7,2,04,wd,,,,0,0,201027122504wd,1546420100407811376,,,166.8979076,,,201027122504wd,,0,05/04/2021
2010,12,5,5,1546420100421001,7,2,04,wd,8835440102,461,0.82,0,0,201027122504wd,1546420100421115286,SPOTTED SEATROUT,,306.52595068,18,46,201027122504wd,,0,05/04/2021
2010,12,5,5,1546420100421001,7,2,04,wd,8835440102,497,0.9,0,0,201027122504wd,1546420100421115286,SPOTTED SEATROUT,,306.52595068,19,49,201027122504wd,,0,05/04/2021
2010,12,5,5,1546420100421001,7,2,04,wd,8835440102,509,1.21,0,0,201027122504wd,1546420100421115286,SPOTTED SEATROUT,,306.52595068,20,50,201027122504wd,,0,05/04/2021
2010,12,5,5,1546420100421001,7,2,04,wd,8835440102,526,1.33,0,0,201027122504wd,1546420100421115286,SPOTTED SEATROUT,,306.52595068,20,52,201027122504wd,,0,05/04/2021
2010,12,5,5,1546420100421002,7,2,04,wd,,,,0,0,201027122504wd,1546420100421115286,,,306.52595068,,,201027122504wd,,0,05/04/2021
2010,12,5,5,1546420100421003,7,2,04,wd,,,,0,0,201027122504wd,1546420100421115286,,,306.52595068,,,201027122504wd,,0,05/04/2021
2010,12,5,5,1546420100428001,7,2,04,wd,8835440901,658,3.49,0,0,201027122504wd,154642010042881851,RED DRUM,,306.52595068,25,65,201027122504wd,,0,05/04/2021
2010,12,5,5,1546420100428001,7,2,04,wd,8835440901,660,3,0,0,201027122504wd,154642010042881851,RED DRUM,,306.52595068,25,66,201027122504wd,,0,05/04/2021
2010,12,5,5,1546420100428001,7,2,04,wd,8835440102,425,0.71,0,0,201027122504wd,154642010042881851,SPOTTED SEATROUT,,306.52595068,16,42,201027122504wd,,0,05/04/2021
2010,12,5,5,1546420100428002,7,2,04,wd,,,,0,0,201027122504wd,154642010042881851,,,306.52595068,,,201027122504wd,,0,05/04/2021
2010,12,5,5,1546420100428003,7,2,04,wd,,,,0,0,201027122504wd,154642010042881851,,,306.52595068,,,201027122504wd,,0,05/04/2021
2010,12,5,5,1546620100306002,7,2,03,we,8857030302,336,0.36,0,0,201027122503we,154662010030681590,GULF FLOUNDER,,290.88689237,13,33,201027122503we,,0,05/04/2021
2010,12,5,5,1546620100306002,7,2,03,we,8835430301,372,1.34,0,0,201027122503we,154662010030681590,SHEEPSHEAD,,290.88689237,14,37,201027122503we,,0,05/04/2021
2010,12,5,5,1546620100306002,7,2,03,we,8835430301,271,0.49,0,0,201027122503we,154662010030681590,SHEEPSHEAD,,290.88689237,10,27,201027122503we,,0,05/04/2021
2010,12,5,5,1546620100306002,7,2,03,we,8835430301,371,1.23,0,0,201027122503we,154662010030681590,SHEEPSHEAD,,290.88689237,14,37,201027122503we,,0,05/04/2021
2010,12,5,5,1546620100306002,7,2,03,we,8835430301,281,0.5,0,0,201027122503we,154662010030681590,SHEEPSHEAD,,290.88689237,11,28,201027122503we,,0,05/04/2021
2010,12,5,5,1546620100306002,7,2,03,we,8835430301,291,0.58,0,0,201027122503we,154662010030681590,SHEEPSHEAD,,290.88689237,11,29,201027122503we,,0,05/04/2021
2010,12,5,5,1546620100306002,7,2,03,we,8835430301,297,0.59,0,0,201027122503we,154662010030681590,SHEEPSHEAD,,290.88689237,11,29,201027122503we,,0,05/04/2021
2010,12,5,5,1546620100306002,7,2,03,we,8835430301,331,0.84,0,0,201027122503we,154662010030681590,SHEEPSHEAD,,290.88689237,13,33,201027122503we,,0,05/04/2021
2010,12,5,5,1546620100306002,7,2,03,we,8835430301,350,1.12,0,0,201027122503we,154662010030681590,SHEEPSHEAD,,290.88689237,13,35,201027122503we,,0,05/04/2021
2010,12,5,5,1546620100306002,7,2,03,we,8835430301,373,1.27,0,0,201027122503we,154662010030681590,SHEEPSHEAD,,290.88689237,14,37,201027122503we,,0,05/04/2021
2010,12,5,5,1546620100306002,7,2,03,we,8835430301,393,1.58,0,0,201027122503we,154662010030681590,SHEEPSHEAD,,290.88689237,15,39,201027122503we,,0,05/04/2021
2010,12,5,5,1546620100306003,7,2,03,we,,,,0,0,201027122503we,154662010030681590,,,290.88689237,,,201027122503we,,0,05/04/2021
2010,12,5,5,1546620100306004,7,2,03,we,,,,0,0,201027122503we,154662010030681590,,,290.88689237,,,201027122503we,,0,05/04/2021
2010,12,5,5,1546620100306005,7,2,03,we,,,,0,0,201027122503we,154662010030681590,,,290.88689237,,,201027122503we,,0,05/04/2021
2010,12,5,5,1546620100403010,7,2,04,we,8850030502,379,0.49,0,0,201027122504we,154662010040381887,SPANISH MACKEREL,,291.48408581,14,37,201027122504we,,0,05/04/2021
2010,12,5,5,1546620100403010,7,2,04,we,8850030502,415,0.62,0,0,201027122504we,154662010040381887,SPANISH MACKEREL,,291.48408581,16,41,201027122504we,,0,05/04/2021
2010,12,5,5,1546620100403010,7,2,04,we,8850030502,459,0.68,0,0,201027122504we,154662010040381887,SPANISH MACKEREL,,291.48408581,18,45,201027122504we,,0,05/04/2021
2010,12,5,5,1546620100403010,7,2,04,we,8850030502,488,0.81,0,0,201027122504we,154662010040381887,SPANISH MACKEREL,,291.48408581,19,48,201027122504we,,0,05/04/2021
2010,12,5,5,1546620100403010,7,2,04,we,8850030502,489,0.89,0,0,201027122504we,154662010040381887,SPANISH MACKEREL,,291.48408581,19,48,201027122504we,,0,05/04/2021
2010,12,5,5,1546620100403010,7,2,04,we,8850030502,491,0.88,0,0,201027122504we,154662010040381887,SPANISH MACKEREL,,291.48408581,19,49,201027122504we,,0,05/04/2021
2010,12,5,5,1546620100403010,7,2,04,we,8850030502,501,1.05,0,0,201027122504we,154662010040381887,SPANISH MACKEREL,,291.48408581,19,50,201027122504we,,0,05/04/2021
2010,12,5,5,1546620100403010,7,2,04,we,8850030502,509,1.01,0,0,201027122504we,154662010040381887,SPANISH MACKEREL,,291.48408581,20,50,201027122504we,,0,05/04/2021
2010,12,5,5,1546620100403010,7,2,04,we,8850030502,569,1.25,0,0,201027122504we,154662010040381887,SPANISH MACKEREL,,291.48408581,22,56,201027122504we,,0,05/04/2021
2010,12,5,5,1546620100403010,7,2,04,we,8835440102,464,1.04,0,0,201027122504we,154662010040381887,SPOTTED SEATROUT,,291.48408581,18,46,201027122504we,,0,05/04/2021
2010,12,5,5,1546620100403011,7,2,04,we,,,,0,0,201027122504we,154662010040381887,,,291.48408581,,,201027122504we,,0,05/04/2021
2010,12,5,5,1546620100403012,7,2,04,we,,,,0,0,201027122504we,154662010040381887,,,291.48408581,,,201027122504we,,0,05/04/2021
2010,12,5,5,1546620100403013,7,2,04,we,8835020501,626,3.3,1,1,201027122504we,154662010040381887,GAG,,350.07607961,24,62,201027122504we,,0,05/04/2021
2010,12,5,5,1546620100403013,7,2,04,we,8835020501,700,4.16,1,1,201027122504we,154662010040381887,GAG,,350.07607961,27,70,201027122504we,,0,05/04/2021
2010,12,5,5,1546620100403014,7,2,04,we,8835020501,592,2.8,1,1,201027122504we,154662010040381887,GAG,,350.07607961,23,59,201027122504we,,0,05/04/2021
2010,12,5,5,1546620100403015,7,2,04,we,8835020501,550,2.3,1,1,201027122504we,154662010040381887,GAG,,291.48408581,21,55,201027122504we,,0,05/04/2021
2010,12,5,5,1546620100403022,7,2,04,we,8850030502,336,0.47,0,0,201027122504we,154662010040381851,SPANISH MACKEREL,,242.20135232,13,33,201027122504we,,0,05/04/2021
2010,12,5,5,1546620100403022,7,2,04,we,8850030502,337,0.48,0,0,201027122504we,154662010040381851,SPANISH MACKEREL,,242.20135232,13,33,201027122504we,,0,05/04/2021
2010,12,5,5,1546620100403022,7,2,04,we,8850030502,379,0.51,0,0,201027122504we,154662010040381851,SPANISH MACKEREL,,242.20135232,14,37,201027122504we,,0,05/04/2021
2010,12,5,5,1546620100403022,7,2,04,we,8850030502,379,0.44,0,0,201027122504we,154662010040381851,SPANISH MACKEREL,,242.20135232,14,37,201027122504we,,0,05/04/2021
2010,12,5,5,1546620100403022,7,2,04,we,8850030502,381,0.53,0,0,201027122504we,154662010040381851,SPANISH MACKEREL,,242.20135232,14,38,201027122504we,,0,05/04/2021
2010,12,5,5,1546620100403022,7,2,04,we,8850030502,390,0.52,0,0,201027122504we,154662010040381851,SPANISH MACKEREL,,242.20135232,15,39,201027122504we,,0,05/04/2021
2010,12,5,5,1546620100403022,7,2,04,we,8850030502,391,0.49,0,0,201027122504we,154662010040381851,SPANISH MACKEREL,,242.20135232,15,39,201027122504we,,0,05/04/2021
2010,12,5,5,1546620100403022,7,2,04,we,8850030502,398,0.52,0,0,201027122504we,154662010040381851,SPANISH MACKEREL,,242.20135232,15,39,201027122504we,,0,05/04/2021
2010,12,5,5,1546620100403022,7,2,04,we,8850030502,410,0.55,0,0,201027122504we,154662010040381851,SPANISH MACKEREL,,242.20135232,16,41,201027122504we,,0,05/04/2021
2010,12,5,5,1546620100403022,7,2,04,we,8850030502,414,0.55,0,0,201027122504we,154662010040381851,SPANISH MACKEREL,,242.20135232,16,41,201027122504we,,0,05/04/2021
2010,12,5,5,1546620100403022,7,2,04,we,8850030502,431,0.74,0,0,201027122504we,154662010040381851,SPANISH MACKEREL,,242.20135232,16,43,201027122504we,,0,05/04/2021
2010,12,5,5,1546620100403022,7,2,04,we,8850030502,447,0.75,0,0,201027122504we,154662010040381851,SPANISH MACKEREL,,242.20135232,17,44,201027122504we,,0,05/04/2021
2010,12,5,5,1546620100403022,7,2,04,we,8850030502,452,0.77,0,0,201027122504we,154662010040381851,SPANISH MACKEREL,,242.20135232,17,45,201027122504we,,0,05/04/2021
2010,12,5,5,1546620100403022,7,2,04,we,8835440901,532,1.77,0,0,201027122504we,154662010040381851,RED DRUM,,242.20135232,20,53,201027122504we,,0,05/04/2021
2010,12,5,5,1546620100403022,7,2,04,we,8835440102,333,0.48,0,0,201027122504we,154662010040381851,SPOTTED SEATROUT,,242.20135232,13,33,201027122504we,,0,05/04/2021
2010,12,5,5,1546620100403024,7,2,04,we,,,,0,0,201027122504we,154662010040381851,,,242.20135232,,,201027122504we,,0,05/04/2021
2010,12,5,5,1546620100403026,7,2,04,we,,,,0,0,201027122504we,154662010040381851,,,242.20135232,,,201027122504we,,0,05/04/2021
2010,12,5,3,1546620100417001,7,2,04,we,8835360102,302,0.29,0,0,201027122504we,1546620100417115286,GRAY SNAPPER,,300.08034911,11,30,201027122504we,,0,05/04/2021
2010,12,5,3,1546620100417001,7,2,04,we,8835360102,304,0.3,0,0,201027122504we,1546620100417115286,GRAY SNAPPER,,300.08034911,11,30,201027122504we,,0,05/04/2021
2010,12,5,3,1546620100417001,7,2,04,we,8835360102,304,0.28,0,0,201027122504we,1546620100417115286,GRAY SNAPPER,,300.08034911,11,30,201027122504we,,0,05/04/2021
2010,12,5,3,1546620100417001,7,2,04,we,8835360102,319,0.4,0,0,201027122504we,1546620100417115286,GRAY SNAPPER,,300.08034911,12,31,201027122504we,,0,05/04/2021
2010,12,5,3,1546620100417001,7,2,04,we,8835360102,321,0.42,0,0,201027122504we,1546620100417115286,GRAY SNAPPER,,300.08034911,12,32,201027122504we,,0,05/04/2021
2010,12,5,3,1546620100417001,7,2,04,we,8835360102,322,0.4,0,0,201027122504we,1546620100417115286,GRAY SNAPPER,,300.08034911,12,32,201027122504we,,0,05/04/2021
2010,12,5,3,1546620100417001,7,2,04,we,8835280901,271,0.3,0,0,201027122504we,1546620100417115286,FLORIDA POMPANO,,300.08034911,10,27,201027122504we,,0,05/04/2021
2010,12,5,3,1546620100417001,7,2,04,we,8835280901,272,0.34,0,0,201027122504we,1546620100417115286,FLORIDA POMPANO,,300.08034911,10,27,201027122504we,,0,05/04/2021
2010,12,5,3,1546620100417001,7,2,04,we,8835280901,281,0.46,0,0,201027122504we,1546620100417115286,FLORIDA POMPANO,,300.08034911,11,28,201027122504we,,0,05/04/2021
2010,12,5,3,1546620100417001,7,2,04,we,8835360102,324,0.44,0,0,201027122504we,1546620100417115286,GRAY SNAPPER,,300.08034911,12,32,201027122504we,,0,05/04/2021
2010,12,5,3,1546620100417001,7,2,04,we,8835280901,288,0.44,0,0,201027122504we,1546620100417115286,FLORIDA POMPANO,,300.08034911,11,28,201027122504we,,0,05/04/2021
2010,12,5,3,1546620100417001,7,2,04,we,8835280901,289,0.46,0,0,201027122504we,1546620100417115286,FLORIDA POMPANO,,300.08034911,11,28,201027122504we,,0,05/04/2021
2010,12,5,3,1546620100417001,7,2,04,we,8835280901,291,0.44,0,0,201027122504we,1546620100417115286,FLORIDA POMPANO,,300.08034911,11,29,201027122504we,,0,05/04/2021
2010,12,5,3,1546620100417001,7,2,04,we,8835280901,294,0.5,0,0,201027122504we,1546620100417115286,FLORIDA POMPANO,,300.08034911,11,29,201027122504we,,0,05/04/2021
2010,12,5,3,1546620100417001,7,2,04,we,8835280901,294,0.44,0,0,201027122504we,1546620100417115286,FLORIDA POMPANO,,300.08034911,11,29,201027122504we,,0,05/04/2021
2010,12,5,3,1546620100417001,7,2,04,we,8835280901,299,0.46,0,0,201027122504we,1546620100417115286,FLORIDA POMPANO,,300.08034911,11,29,201027122504we,,0,05/04/2021
2010,12,5,3,1546620100417001,7,2,04,we,8835280901,301,0.52,0,0,201027122504we,1546620100417115286,FLORIDA POMPANO,,300.08034911,11,30,201027122504we,,0,05/04/2021
2010,12,5,3,1546620100417001,7,2,04,we,8835280901,301,0.52,0,0,201027122504we,1546620100417115286,FLORIDA POMPANO,,300.08034911,11,30,201027122504we,,0,05/04/2021
2010,12,5,3,1546620100417001,7,2,04,we,8835280901,301,0.5,0,0,201027122504we,1546620100417115286,FLORIDA POMPANO,,300.08034911,11,30,201027122504we,,0,05/04/2021
2010,12,5,3,1546620100417001,7,2,04,we,8835280901,304,0.51,0,0,201027122504we,1546620100417115286,FLORIDA POMPANO,,300.08034911,11,30,201027122504we,,0,05/04/2021
2010,12,5,3,1546620100417001,7,2,04,we,8835280901,304,0.5,0,0,201027122504we,1546620100417115286,FLORIDA POMPANO,,300.08034911,11,30,201027122504we,,0,05/04/2021
2010,12,5,3,1546620100417001,7,2,04,we,8835280901,308,0.49,0,0,201027122504we,1546620100417115286,FLORIDA POMPANO,,300.08034911,12,30,201027122504we,,0,05/04/2021
2010,12,5,3,1546620100417001,7,2,04,we,8835280901,309,0.53,0,0,201027122504we,1546620100417115286,FLORIDA POMPANO,,300.08034911,12,30,201027122504we,,0,05/04/2021
2010,12,5,3,1546620100417001,7,2,04,we,8835280901,311,0.56,0,0,201027122504we,1546620100417115286,FLORIDA POMPANO,,300.08034911,12,31,201027122504we,,0,05/04/2021
2010,12,5,3,1546620100417001,7,2,04,we,8835280901,311,0.48,0,0,201027122504we,1546620100417115286,FLORIDA POMPANO,,300.08034911,12,31,201027122504we,,0,05/04/2021
2010,12,5,3,1546620100417001,7,2,04,we,8835280901,351,0.79,0,0,201027122504we,1546620100417115286,FLORIDA POMPANO,,300.08034911,13,35,201027122504we,,0,05/04/2021
2010,12,5,3,1546620100417001,7,2,04,we,8835280901,352,0.88,0,0,201027122504we,1546620100417115286,FLORIDA POMPANO,,300.08034911,13,35,201027122504we,,0,05/04/2021
2010,12,5,3,1546620100417002,7,2,04,we,,,,0,0,201027122504we,1546620100417115286,,,300.08034911,,,201027122504we,,0,05/04/2021
2010,12,5,3,1546620100417003,7,2,04,we,,,,0,0,201027122504we,1546620100417115286,,,300.08034911,,,201027122504we,,0,05/04/2021
2010,12,5,4,1546620100417016,7,2,04,we,8835360102,281,0.36,0,0,201027122504we,1546620100417115466,GRAY SNAPPER,,196.52508977,11,28,201027122504we,,0,05/04/2021
2010,12,5,4,1546620100417016,7,2,04,we,8835360102,288,0.3,0,0,201027122504we,1546620100417115466,GRAY SNAPPER,,196.52508977,11,28,201027122504we,,0,05/04/2021
2010,12,5,4,1546620100417016,7,2,04,we,8835360102,295,0.38,0,0,201027122504we,1546620100417115466,GRAY SNAPPER,,196.52508977,11,29,201027122504we,,0,05/04/2021
2010,12,5,4,1546620100417016,7,2,04,we,8835360102,381,0.56,0,0,201027122504we,1546620100417115466,GRAY SNAPPER,,196.52508977,14,38,201027122504we,,0,05/04/2021
2010,12,5,4,1546620100417016,7,2,04,we,8835360102,477,1.66,0,0,201027122504we,1546620100417115466,GRAY SNAPPER,,196.52508977,18,47,201027122504we,,0,05/04/2021
2010,12,5,4,1546620100417016,7,2,04,we,8835360102,495,1.68,0,0,201027122504we,1546620100417115466,GRAY SNAPPER,,196.52508977,19,49,201027122504we,,0,05/04/2021
2010,12,5,4,1546620100417016,7,2,04,we,8835360102,505,1.76,0,0,201027122504we,1546620100417115466,GRAY SNAPPER,,196.52508977,19,50,201027122504we,,0,05/04/2021
2010,12,5,4,1546620100417016,7,2,04,we,8835360102,515,1.94,0,0,201027122504we,1546620100417115466,GRAY SNAPPER,,196.52508977,20,51,201027122504we,,0,05/04/2021
2010,12,5,4,1546620100417016,7,2,04,we,8835360102,541,2.42,0,0,201027122504we,1546620100417115466,GRAY SNAPPER,,196.52508977,21,54,201027122504we,,0,05/04/2021
2010,12,5,4,1546620100417016,7,2,04,we,8835360102,642,4.2,0,0,201027122504we,1546620100417115466,GRAY SNAPPER,,196.52508977,25,64,201027122504we,,0,05/04/2021
2010,12,5,4,1546620100417016,7,2,04,we,8835280801,771,6.14,1,1,201027122504we,1546620100417115466,GREATER AMBERJACK,,196.52508977,30,77,201027122504we,,0,05/04/2021
2010,12,5,4,1546620100417016,7,2,04,we,8835280801,898,10.6,0,0,201027122504we,1546620100417115466,GREATER AMBERJACK,,196.52508977,35,89,201027122504we,,0,05/04/2021
2010,12,5,4,1546620100417016,7,2,04,we,8835280801,981,12.4,0,0,201027122504we,1546620100417115466,GREATER AMBERJACK,,196.52508977,38,98,201027122504we,,0,05/04/2021
2010,12,5,4,1546620100417016,7,2,04,we,8835280801,982,13.04,0,0,201027122504we,1546620100417115466,GREATER AMBERJACK,,196.52508977,38,98,201027122504we,,0,05/04/2021
2010,12,5,4,1546620100417016,7,2,04,we,8835280801,1057,15.92,0,0,201027122504we,1546620100417115466,GREATER AMBERJACK,,196.52508977,41,105,201027122504we,,0,05/04/2021
2010,12,5,4,1546620100417016,7,2,04,we,8835020501,572,2.68,0,0,201027122504we,1546620100417115466,GAG,,196.52508977,22,57,201027122504we,,0,05/04/2021
2010,12,5,4,1546620100417016,7,2,04,we,8835020501,675,4.32,0,0,201027122504we,1546620100417115466,GAG,,196.52508977,26,67,201027122504we,,0,05/04/2021
2010,12,5,4,1546620100417017,7,2,04,we,,,,0,0,201027122504we,1546620100417115466,,,196.52508977,,,201027122504we,,0,05/04/2021
2010,12,5,4,1546620100417018,7,2,04,we,,,,0,0,201027122504we,1546620100417115466,,,196.52508977,,,201027122504we,,0,05/04/2021
2010,12,5,4,1546620100417019,7,2,04,we,,,,0,0,201027122504we,1546620100417115466,,,236.02912241,,,201027122504we,,0,05/04/2021
2010,12,5,4,1546620100417020,7,2,04,we,,,,0,0,201027122504we,1546620100417115466,,,236.02912241,,,201027122504we,,0,05/04/2021
2010,12,5,4,1546620100417021,7,2,04,we,,,,0,0,201027122504we,1546620100417115466,,,196.52508977,,,201027122504we,,0,05/04/2021
2010,12,5,5,1546620100417022,7,2,04,we,8850030502,577,1.18,0,0,201027122504we,1546620100417115466,SPANISH MACKEREL,,414.66426405,22,57,201027122504we,,0,05/04/2021
2010,12,5,5,1546620100417022,7,2,04,we,8835440102,508,0.94,0,0,201027122504we,1546620100417115466,SPOTTED SEATROUT,,414.66426405,19,50,201027122504we,,0,05/04/2021
2010,12,5,5,1546620100417022,7,2,04,we,8835440102,466,0.87,0,0,201027122504we,1546620100417115466,SPOTTED SEATROUT,,414.66426405,18,46,201027122504we,,0,05/04/2021
2010,12,5,5,1546620100417022,7,2,04,we,8850030502,437,0.72,0,0,201027122504we,1546620100417115466,SPANISH MACKEREL,,414.66426405,17,43,201027122504we,,0,05/04/2021
2010,12,5,5,1546620100417022,7,2,04,we,8835440102,451,0.88,0,0,201027122504we,1546620100417115466,SPOTTED SEATROUT,,414.66426405,17,45,201027122504we,,0,05/04/2021
2010,12,5,5,1546620100417022,7,2,04,we,8835440102,551,1.35,0,0,201027122504we,1546620100417115466,SPOTTED SEATROUT,,414.66426405,21,55,201027122504we,,0,05/04/2021
2010,12,5,5,1546620100417022,7,2,04,we,8835440102,599,1.56,0,0,201027122504we,1546620100417115466,SPOTTED SEATROUT,,414.66426405,23,59,201027122504we,,0,05/04/2021
2010,12,5,5,1546620100417022,7,2,04,we,8835440102,413,0.68,0,0,201027122504we,1546620100417115466,SPOTTED SEATROUT,,414.66426405,16,41,201027122504we,,0,05/04/2021
2010,12,5,5,1546620100417022,7,2,04,we,8835440102,428,0.68,0,0,201027122504we,1546620100417115466,SPOTTED SEATROUT,,414.66426405,16,42,201027122504we,,0,05/04/2021
2010,12,5,5,1546620100417022,7,2,04,we,8835440102,431,0.61,0,0,201027122504we,1546620100417115466,SPOTTED SEATROUT,,414.66426405,16,43,201027122504we,,0,05/04/2021
2010,12,5,5,1546620100417022,7,2,04,we,8835440102,444,0.76,0,0,201027122504we,1546620100417115466,SPOTTED SEATROUT,,414.66426405,17,44,201027122504we,,0,05/04/2021
2010,12,5,5,1546620100417022,7,2,04,we,8835440102,458,0.9,0,0,201027122504we,1546620100417115466,SPOTTED SEATROUT,,414.66426405,18,45,201027122504we,,0,05/04/2021
2010,12,5,5,1546620100417022,7,2,04,we,8835440102,469,0.87,0,0,201027122504we,1546620100417115466,SPOTTED SEATROUT,,414.66426405,18,46,201027122504we,,0,05/04/2021
2010,12,5,5,1546620100417022,7,2,04,we,8835440102,439,0.72,0,0,201027122504we,1546620100417115466,SPOTTED SEATROUT,,414.66426405,17,43,201027122504we,,0,05/04/2021
2010,12,5,5,1546620100417022,7,2,04,we,8835440102,479,0.88,0,0,201027122504we,1546620100417115466,SPOTTED SEATROUT,,414.66426405,18,47,201027122504we,,0,05/04/2021
2010,12,5,5,1546620100417023,7,2,04,we,,,,0,0,201027122504we,1546620100417115466,,,414.66426405,,,201027122504we,,0,05/04/2021
2010,12,5,5,1546620100417024,7,2,04,we,,,,0,0,201027122504we,1546620100417115466,,,345.26219003,,,201027122504we,,0,05/04/2021
2010,12,5,5,1546620100423003,7,2,04,wd,8850030502,471,0.86,0,0,201027122504wd,1546620100423115286,SPANISH MACKEREL,,306.52595068,18,47,201027122504wd,,0,05/04/2021
2010,12,5,5,1546620100423004,7,2,04,wd,8835440102,431,0.61,1,1,201027122504wd,1546620100423115286,SPOTTED SEATROUT,,306.52595068,16,43,201027122504wd,,0,05/04/2021
2010,12,5,4,1546620100423014,7,2,04,wd,8835360102,385,1.04,0,0,201027122504wd,1546620100423115314,GRAY SNAPPER,,251.94204755,15,38,201027122504wd,,0,05/04/2021
2010,12,5,4,1546620100423014,7,2,04,wd,8835360102,411,1.04,0,0,201027122504wd,1546620100423115314,GRAY SNAPPER,,251.94204755,16,41,201027122504wd,,0,05/04/2021
2010,12,5,4,1546620100423014,7,2,04,wd,8835360102,428,1.27,0,0,201027122504wd,1546620100423115314,GRAY SNAPPER,,251.94204755,16,42,201027122504wd,,0,05/04/2021
2010,12,5,4,1546620100423014,7,2,04,wd,8835360102,431,1.25,0,0,201027122504wd,1546620100423115314,GRAY SNAPPER,,251.94204755,16,43,201027122504wd,,0,05/04/2021
2010,12,5,4,1546620100423014,7,2,04,wd,8835360102,440,1.37,0,0,201027122504wd,1546620100423115314,GRAY SNAPPER,,251.94204755,17,44,201027122504wd,,0,05/04/2021
2010,12,5,4,1546620100423014,7,2,04,wd,8835360102,481,1.46,0,0,201027122504wd,1546620100423115314,GRAY SNAPPER,,251.94204755,18,48,201027122504wd,,0,05/04/2021
2010,12,5,4,1546620100423014,7,2,04,wd,8835360102,486,1.53,0,0,201027122504wd,1546620100423115314,GRAY SNAPPER,,251.94204755,19,48,201027122504wd,,0,05/04/2021
2010,12,5,4,1546620100423014,7,2,04,wd,8835360102,492,1.87,0,0,201027122504wd,1546620100423115314,GRAY SNAPPER,,251.94204755,19,49,201027122504wd,,0,05/04/2021
2010,12,5,4,1546620100423014,7,2,04,wd,8835360102,501,1.99,0,0,201027122504wd,1546620100423115314,GRAY SNAPPER,,251.94204755,19,50,201027122504wd,,0,05/04/2021
2010,12,5,4,1546620100423014,7,2,04,wd,8835360102,506,2.04,0,0,201027122504wd,1546620100423115314,GRAY SNAPPER,,251.94204755,19,50,201027122504wd,,0,05/04/2021
2010,12,5,4,1546620100423014,7,2,04,wd,8835360102,519,2.27,0,0,201027122504wd,1546620100423115314,GRAY SNAPPER,,251.94204755,20,51,201027122504wd,,0,05/04/2021
2010,12,5,4,1546620100423014,7,2,04,wd,8835360102,526,2.38,0,0,201027122504wd,1546620100423115314,GRAY SNAPPER,,251.94204755,20,52,201027122504wd,,0,05/04/2021
2010,12,5,4,1546620100423014,7,2,04,wd,8835360102,604,3.57,0,0,201027122504wd,1546620100423115314,GRAY SNAPPER,,251.94204755,23,60,201027122504wd,,0,05/04/2021
2010,12,5,4,1546620100423014,7,2,04,wd,8835260101,1048,12.6,0,0,201027122504wd,1546620100423115314,COBIA,,251.94204755,41,104,201027122504wd,,0,05/04/2021
2010,12,5,4,1546620100423015,7,2,04,wd,,,,0,0,201027122504wd,1546620100423115314,,,251.94204755,,,201027122504wd,,0,05/04/2021
2010,12,5,4,1546620100423016,7,2,04,wd,8835280801,981,14.03,0,0,201027122504wd,1546620100423115314,GREATER AMBERJACK,,251.94204755,38,98,201027122504wd,,0,05/04/2021
2010,12,5,3,1546720100316001,7,2,03,wd,,,,0,0,201027121503wd,154672010031691599,,,42.816425805,,,201027121503wd,,0,05/04/2021
2010,12,5,3,1546720100316002,7,2,03,wd,,,,0,0,201027121503wd,154672010031691599,,,42.816425805,,,201027121503wd,,0,05/04/2021
2010,12,5,3,1546720100316003,7,2,03,wd,,,,0,0,201027121503wd,154672010031691599,,,42.816425805,,,201027121503wd,,0,05/04/2021
2010,12,5,3,1546720100316004,7,2,03,wd,,,,0,0,201027121503wd,154672010031691599,,,42.816425805,,,201027121503wd,,0,05/04/2021
2010,12,5,3,1546720100316005,7,2,03,wd,,,,0,0,201027121503wd,154672010031691599,,,42.816425805,,,201027121503wd,,0,05/04/2021
2010,12,5,3,1546720100316006,7,2,03,wd,,,,0,0,201027121503wd,154672010031691599,,,42.816425805,,,201027121503wd,,0,05/04/2021
2010,12,5,3,1546720100316007,7,2,03,wd,8857030302,336,0.36,1,1,201027121503wd,154672010031691122,GULF FLOUNDER,,57.100049196,13,33,201027121503wd,,0,05/04/2021
2010,12,5,3,1546720100316007,7,2,03,wd,8835430201,289,0.48,1,1,201027121503wd,154672010031691122,PINFISH,,57.100049196,11,28,201027121503wd,,0,05/04/2021
2010,12,5,3,1546720100316007,7,2,03,wd,8835281202,,,0,0,201027121503wd,154672010031691122,ROUND SCAD,,228.40019678,,,201027121503wd,,0,05/04/2021
2010,12,5,3,1546720100316008,7,2,03,wd,8835430201,289,0.48,1,1,201027121503wd,154672010031691122,PINFISH,,57.100049196,11,28,201027121503wd,,0,05/04/2021
2010,12,5,3,1546720100316008,7,2,03,wd,8835281202,,,0,0,201027121503wd,154672010031691122,ROUND SCAD,,228.40019678,,,201027121503wd,,0,05/04/2021
2010,12,5,3,1546720100316009,7,2,03,wd,8835430201,289,0.48,1,1,201027121503wd,154672010031691122,PINFISH,,57.100049196,11,28,201027121503wd,,0,05/04/2021
2010,12,5,3,1546720100316009,7,2,03,wd,8835281202,,,0,0,201027121503wd,154672010031691122,ROUND SCAD,,228.40019678,,,201027121503wd,,0,05/04/2021
2010,12,5,3,1546720100316010,7,2,03,wd,8835430602,240,0.33,0,0,201027121503wd,154672010031691122,RED PORGY,,78.512567644,9,24,201027121503wd,,0,05/04/2021
2010,12,5,3,1546720100316010,7,2,03,wd,8835430602,275,0.44,1,1,201027121503wd,154672010031691122,RED PORGY,,78.512567644,10,27,201027121503wd,,0,05/04/2021
2010,12,5,3,1546720100316010,7,2,03,wd,8835430602,276,0.42,1,1,201027121503wd,154672010031691122,RED PORGY,,78.512567644,10,27,201027121503wd,,0,05/04/2021
2010,12,5,3,1546720100316010,7,2,03,wd,8835430602,280,0.48,0,0,201027121503wd,154672010031691122,RED PORGY,,78.512567644,11,28,201027121503wd,,0,05/04/2021
2010,12,5,3,1546720100316010,7,2,03,wd,8835430602,280,0.4,0,0,201027121503wd,154672010031691122,RED PORGY,,78.512567644,11,28,201027121503wd,,0,05/04/2021
2010,12,5,3,1546720100316010,7,2,03,wd,8835430602,281,0.44,0,0,201027121503wd,154672010031691122,RED PORGY,,78.512567644,11,28,201027121503wd,,0,05/04/2021
2010,12,5,3,1546720100316010,7,2,03,wd,8835430602,287,0.48,1,1,201027121503wd,154672010031691122,RED PORGY,,78.512567644,11,28,201027121503wd,,0,05/04/2021
2010,12,5,3,1546720100316010,7,2,03,wd,8835430602,295,0.52,1,1,201027121503wd,154672010031691122,RED PORGY,,78.512567644,11,29,201027121503wd,,0,05/04/2021
2010,12,5,3,1546720100316010,7,2,03,wd,8835360501,286,0.39,0,0,201027121503wd,154672010031691122,VERMILION SNAPPER,,57.100049196,11,28,201027121503wd,,0,05/04/2021
2010,12,5,3,1546720100316010,7,2,03,wd,8835360501,289,0.38,0,0,201027121503wd,154672010031691122,VERMILION SNAPPER,,57.100049196,11,28,201027121503wd,,0,05/04/2021
2010,12,5,3,1546720100316011,7,2,03,wd,,,,0,0,201027121503wd,154672010031691122,,,95.166748659,,,201027121503wd,,0,05/04/2021
2010,12,5,3,1546720100316012,7,2,03,wd,,,,0,0,201027121503wd,154672010031691122,,,95.166748659,,,201027121503wd,,0,05/04/2021
2010,12,5,3,1546720100316013,7,2,03,wd,8835430602,227,0.26,1,1,201027121503wd,154672010031691599,RED PORGY,,62.965332066,8,22,201027121503wd,,0,05/04/2021
2010,12,5,3,1546720100316013,7,2,03,wd,8835430602,236,0.28,0,0,201027121503wd,154672010031691599,RED PORGY,,62.965332066,9,23,201027121503wd,,0,05/04/2021
2010,12,5,3,1546720100316013,7,2,03,wd,8835430602,242,0.3,1,1,201027121503wd,154672010031691599,RED PORGY,,62.965332066,9,24,201027121503wd,,0,05/04/2021
2010,12,5,3,1546720100316013,7,2,03,wd,8835430602,251,0.33,1,1,201027121503wd,154672010031691599,RED PORGY,,62.965332066,9,25,201027121503wd,,0,05/04/2021
2010,12,5,3,1546720100316013,7,2,03,wd,8835430602,253,0.35,1,1,201027121503wd,154672010031691599,RED PORGY,,62.965332066,9,25,201027121503wd,,0,05/04/2021
2010,12,5,3,1546720100316013,7,2,03,wd,8835430602,259,0.33,0,0,201027121503wd,154672010031691599,RED PORGY,,62.965332066,10,25,201027121503wd,,0,05/04/2021
2010,12,5,3,1546720100316013,7,2,03,wd,8835430602,247,0.29,0,0,201027121503wd,154672010031691599,RED PORGY,,62.965332066,9,24,201027121503wd,,0,05/04/2021
2010,12,5,3,1546720100316013,7,2,03,wd,8835430602,263,0.35,0,0,201027121503wd,154672010031691599,RED PORGY,,62.965332066,10,26,201027121503wd,,0,05/04/2021
2010,12,5,3,1546720100316013,7,2,03,wd,8835430602,269,0.34,0,0,201027121503wd,154672010031691599,RED PORGY,,62.965332066,10,26,201027121503wd,,0,05/04/2021
2010,12,5,3,1546720100316013,7,2,03,wd,8835430602,278,0.46,0,0,201027121503wd,154672010031691599,RED PORGY,,62.965332066,10,27,201027121503wd,,0,05/04/2021
2010,12,5,3,1546720100316013,7,2,03,wd,8835430602,283,0.42,0,0,201027121503wd,154672010031691599,RED PORGY,,62.965332066,11,28,201027121503wd,,0,05/04/2021
2010,12,5,3,1546720100316013,7,2,03,wd,8835430602,295,0.49,0,0,201027121503wd,154672010031691599,RED PORGY,,62.965332066,11,29,201027121503wd,,0,05/04/2021
2010,12,5,3,1546720100316013,7,2,03,wd,8835430602,295,0.47,0,0,201027121503wd,154672010031691599,RED PORGY,,62.965332066,11,29,201027121503wd,,0,05/04/2021
2010,12,5,3,1546720100316013,7,2,03,wd,8835430602,304,0.52,0,0,201027121503wd,154672010031691599,RED PORGY,,62.965332066,11,30,201027121503wd,,0,05/04/2021
2010,12,5,3,1546720100316013,7,2,03,wd,8835430602,306,0.4,0,0,201027121503wd,154672010031691599,RED PORGY,,62.965332066,12,30,201027121503wd,,0,05/04/2021
2010,12,5,3,1546720100316013,7,2,03,wd,8835430602,309,0.55,0,0,201027121503wd,154672010031691599,RED PORGY,,62.965332066,12,30,201027121503wd,,0,05/04/2021
2010,12,5,3,1546720100316013,7,2,03,wd,8835430602,313,0.56,0,0,201027121503wd,154672010031691599,RED PORGY,,62.965332066,12,31,201027121503wd,,0,05/04/2021
2010,12,5,3,1546720100316013,7,2,03,wd,8708020301,1290,8.85,0,0,201027121503wd,154672010031691599,ATLANTIC SHARPNOSE SHARK,,42.816425805,50,129,201027121503wd,,0,05/04/2021
2010,12,5,3,1546720100316014,7,2,03,wd,,,,0,0,201027121503wd,154672010031691599,,,42.816425805,,,201027121503wd,,0,05/04/2021
2010,12,5,3,1546720100316015,7,2,03,wd,,,,0,0,201027121503wd,154672010031691599,,,42.816425805,,,201027121503wd,,0,05/04/2021
2010,12,5,3,1546720100316016,7,2,03,wd,,,,0,0,201027121503wd,154672010031691599,,,42.816425805,,,201027121503wd,,0,05/04/2021
2010,12,5,3,1546720100316017,7,2,03,wd,,,,0,0,201027121503wd,154672010031691599,,,42.816425805,,,201027121503wd,,0,05/04/2021
2010,12,5,3,1546720100316018,7,2,03,wd,,,,0,0,201027121503wd,154672010031691599,,,42.816425805,,,201027121503wd,,0,05/04/2021
2010,12,5,3,1546720100316019,7,2,03,wd,,,,0,0,201027121503wd,154672010031691599,,,42.816425805,,,201027121503wd,,0,05/04/2021
2010,12,5,3,1546720100316020,7,2,03,wd,,,,0,0,201027121503wd,154672010031691599,,,42.816425805,,,201027121503wd,,0,05/04/2021
2010,12,5,3,1546720100316021,7,2,03,wd,,,,0,0,201027121503wd,154672010031691122,,,57.100049196,,,201027121503wd,,0,05/04/2021
2010,12,5,3,1546720100316022,7,2,03,wd,,,,0,0,201027121503wd,154672010031691122,,,57.100049196,,,201027121503wd,,0,05/04/2021
2010,12,5,3,1546720100316023,7,2,03,wd,,,,0,0,201027121503wd,154672010031691122,,,57.100049196,,,201027121503wd,,0,05/04/2021
2010,12,5,3,1546720100316024,7,2,03,wd,,,,0,0,201027121503wd,154672010031691122,,,57.100049196,,,201027121503wd,,0,05/04/2021
2010,12,5,3,1546720100316025,7,2,03,wd,8835440901,465,1.16,1,1,201027121503wd,154672010031691122,RED DRUM,,57.100049196,18,46,201027121503wd,,0,05/04/2021
2010,12,5,3,1546720100316025,7,2,03,wd,8835430301,305,0.58,1,1,201027121503wd,154672010031691122,SHEEPSHEAD,,57.100049196,12,30,201027121503wd,,0,05/04/2021
2010,12,5,3,1546720100316025,7,2,03,wd,8835430301,306,0.54,1,1,201027121503wd,154672010031691122,SHEEPSHEAD,,57.100049196,12,30,201027121503wd,,0,05/04/2021
2010,12,5,3,1546720100316025,7,2,03,wd,8835430301,329,0.62,1,1,201027121503wd,154672010031691122,SHEEPSHEAD,,57.100049196,12,32,201027121503wd,,0,05/04/2021
2010,12,5,3,1546720100316025,7,2,03,wd,8835430301,404,1.55,1,1,201027121503wd,154672010031691122,SHEEPSHEAD,,57.100049196,15,40,201027121503wd,,0,05/04/2021
2010,12,5,3,1546720100316026,7,2,03,wd,,,,0,0,201027121503wd,154672010031691122,,,57.100049196,,,201027121503wd,,0,05/04/2021
2010,12,5,3,1546720100316027,7,2,03,wd,8860020201,337,0.82,0,0,201027121503wd,154672010031691599,GRAY TRIGGERFISH,,42.816425805,13,33,201027121503wd,,0,05/04/2021
2010,12,5,3,1546720100316027,7,2,03,wd,8860020201,364,1.08,0,0,201027121503wd,154672010031691599,GRAY TRIGGERFISH,,42.816425805,14,36,201027121503wd,,0,05/04/2021
2010,12,5,3,1546720100316027,7,2,03,wd,8860020201,371,1.1,0,0,201027121503wd,154672010031691599,GRAY TRIGGERFISH,,42.816425805,14,37,201027121503wd,,0,05/04/2021
2010,12,5,3,1546720100316027,7,2,03,wd,8835430602,191,0.15,1,1,201027121503wd,154672010031691599,RED PORGY,,51.379710966,7,19,201027121503wd,,0,05/04/2021
2010,12,5,3,1546720100316027,7,2,03,wd,8835430602,238,0.28,0,0,201027121503wd,154672010031691599,RED PORGY,,51.379710966,9,23,201027121503wd,,0,05/04/2021
2010,12,5,3,1546720100316027,7,2,03,wd,8835430602,240,0.33,1,1,201027121503wd,154672010031691599,RED PORGY,,51.379710966,9,24,201027121503wd,,0,05/04/2021
2010,12,5,3,1546720100316027,7,2,03,wd,8835430602,281,0.44,1,1,201027121503wd,154672010031691599,RED PORGY,,51.379710966,11,28,201027121503wd,,0,05/04/2021
2010,12,5,3,1546720100316027,7,2,03,wd,8835430602,313,0.56,1,1,201027121503wd,154672010031691599,RED PORGY,,51.379710966,12,31,201027121503wd,,0,05/04/2021
2010,12,5,3,1546720100316027,7,2,03,wd,8835360501,270,0.34,0,0,201027121503wd,154672010031691599,VERMILION SNAPPER,,42.816425805,10,27,201027121503wd,,0,05/04/2021
2010,12,5,3,1546720100316027,7,2,03,wd,8835360501,290,0.4,0,0,201027121503wd,154672010031691599,VERMILION SNAPPER,,42.816425805,11,29,201027121503wd,,0,05/04/2021
2010,12,5,3,1546720100316027,7,2,03,wd,8835360501,295,0.38,0,0,201027121503wd,154672010031691599,VERMILION SNAPPER,,42.816425805,11,29,201027121503wd,,0,05/04/2021
2010,12,5,3,1546720100316027,7,2,03,wd,8835360501,301,0.48,0,0,201027121503wd,154672010031691599,VERMILION SNAPPER,,42.816425805,11,30,201027121503wd,,0,05/04/2021
2010,12,5,3,1546720100316027,7,2,03,wd,8835020505,381,0.75,1,1,201027121503wd,154672010031691599,SCAMP,,42.816425805,14,38,201027121503wd,,0,05/04/2021
2010,12,5,3,1546720100316028,7,2,03,wd,,,,0,0,201027121503wd,154672010031691599,,,42.816425805,,,201027121503wd,,0,05/04/2021
2010,12,5,3,1546720100316029,7,2,03,wd,,,,0,0,201027121503wd,154672010031691599,,,42.816425805,,,201027121503wd,,0,05/04/2021
2010,12,5,3,1546720100316030,7,2,03,wd,,,,0,0,201027121503wd,154672010031691599,,,42.816425805,,,201027121503wd,,0,05/04/2021
2010,12,5,3,1546720100324001,7,2,03,wd,8860020201,370,1.24,1,1,201027121503wd,154672010032491599,GRAY TRIGGERFISH,,36.315346335,14,37,201027121503wd,,0,05/04/2021
2010,12,5,3,1546720100324001,7,2,03,wd,8860020201,378,1.24,1,1,201027121503wd,154672010032491599,GRAY TRIGGERFISH,,36.315346335,14,37,201027121503wd,,0,05/04/2021
2010,12,5,3,1546720100324001,7,2,03,wd,8860020201,380,1.31,1,1,201027121503wd,154672010032491599,GRAY TRIGGERFISH,,36.315346335,14,38,201027121503wd,,0,05/04/2021
2010,12,5,3,1546720100324001,7,2,03,wd,8860020201,380,1.31,1,1,201027121503wd,154672010032491599,GRAY TRIGGERFISH,,36.315346335,14,38,201027121503wd,,0,05/04/2021
2010,12,5,3,1546720100324002,7,2,03,wd,,,,0,0,201027121503wd,154672010032491599,,,36.315346335,,,201027121503wd,,0,05/04/2021
2010,12,5,3,1546720100324003,7,2,03,wd,,,,0,0,201027121503wd,154672010032491599,,,36.315346335,,,201027121503wd,,0,05/04/2021
2010,12,5,3,1546720100324004,7,2,03,wd,,,,0,0,201027121503wd,154672010032491599,,,36.315346335,,,201027121503wd,,0,05/04/2021
2010,12,5,3,1546720100324005,7,2,03,wd,,,,0,0,201027121503wd,154672010032491599,,,36.315346335,,,201027121503wd,,0,05/04/2021
2010,12,5,3,1546720100324006,7,2,03,wd,8850030102,535,1.77,0,0,201027121503wd,154672010032491122,LITTLE TUNNY,,44.287670531,21,53,201027121503wd,,0,05/04/2021
2010,12,5,3,1546720100324006,7,2,03,wd,8835360501,243,0.23,0,0,201027121503wd,154672010032491122,VERMILION SNAPPER,,44.287670531,9,24,201027121503wd,,0,05/04/2021
2010,12,5,3,1546720100324006,7,2,03,wd,8835360501,250,0.25,0,0,201027121503wd,154672010032491122,VERMILION SNAPPER,,44.287670531,9,25,201027121503wd,,0,05/04/2021
2010,12,5,3,1546720100324006,7,2,03,wd,8835360501,261,0.27,0,0,201027121503wd,154672010032491122,VERMILION SNAPPER,,44.287670531,10,26,201027121503wd,,0,05/04/2021
2010,12,5,3,1546720100324006,7,2,03,wd,8835360501,279,0.33,0,0,201027121503wd,154672010032491122,VERMILION SNAPPER,,44.287670531,10,27,201027121503wd,,0,05/04/2021
2010,12,5,3,1546720100324006,7,2,03,wd,8835280801,718,5.33,0,0,201027121503wd,154672010032491122,GREATER AMBERJACK,,44.287670531,28,71,201027121503wd,,0,05/04/2021
2010,12,5,3,1546720100324006,7,2,03,wd,8835280801,849,8.17,0,0,201027121503wd,154672010032491122,GREATER AMBERJACK,,44.287670531,33,84,201027121503wd,,0,05/04/2021
2010,12,5,3,1546720100324009,7,2,03,wd,,,,0,0,201027121503wd,154672010032491122,,,44.287670531,,,201027121503wd,,0,05/04/2021
2010,12,5,3,1546720100324010,7,2,03,wd,,,,0,0,201027121503wd,154672010032491122,,,44.287670531,,,201027121503wd,,0,05/04/2021
2010,12,5,3,1546720100324011,7,2,03,wd,8835400101,225,0.26,1,1,201027121503wd,154672010032491122,TOMTATE,,54.903893457,8,22,201027121503wd,,0,05/04/2021
2010,12,5,3,1546720100324012,7,2,03,wd,,,,0,0,201027121503wd,154672010032491122,,,54.903893457,,,201027121503wd,,0,05/04/2021
2010,12,5,4,1546720100324013,7,2,03,wd,8860020201,359,0.92,1,1,201027121503wd,154672010032491599,GRAY TRIGGERFISH,,111.21390709,14,35,201027121503wd,,0,05/04/2021
2010,12,5,4,1546720100324013,7,2,03,wd,8860020201,379,1.27,1,1,201027121503wd,154672010032491599,GRAY TRIGGERFISH,,111.21390709,14,37,201027121503wd,,0,05/04/2021
2010,12,5,4,1546720100324013,7,2,03,wd,8860020201,415,1.54,1,1,201027121503wd,154672010032491599,GRAY TRIGGERFISH,,111.21390709,16,41,201027121503wd,,0,05/04/2021
2010,12,5,4,1546720100324013,7,2,03,wd,8860020201,428,1.66,1,1,201027121503wd,154672010032491599,GRAY TRIGGERFISH,,111.21390709,16,42,201027121503wd,,0,05/04/2021
2010,12,5,4,1546720100324013,7,2,03,wd,8835430602,256,0.35,0,0,201027121503wd,154672010032491599,RED PORGY,,111.21390709,10,25,201027121503wd,,0,05/04/2021
2010,12,5,4,1546720100324013,7,2,03,wd,8835430602,257,0.33,0,0,201027121503wd,154672010032491599,RED PORGY,,111.21390709,10,25,201027121503wd,,0,05/04/2021
2010,12,5,4,1546720100324013,7,2,03,wd,8835430602,259,0.33,0,0,201027121503wd,154672010032491599,RED PORGY,,111.21390709,10,25,201027121503wd,,0,05/04/2021
2010,12,5,4,1546720100324013,7,2,03,wd,8835430602,281,0.43,0,0,201027121503wd,154672010032491599,RED PORGY,,111.21390709,11,28,201027121503wd,,0,05/04/2021
2010,12,5,4,1546720100324013,7,2,03,wd,8835360501,301,0.48,1,1,201027121503wd,154672010032491599,VERMILION SNAPPER,,111.21390709,11,30,201027121503wd,,0,05/04/2021
2010,12,5,4,1546720100324013,7,2,03,wd,8835280801,779,6.66,0,0,201027121503wd,154672010032491599,GREATER AMBERJACK,,111.21390709,30,77,201027121503wd,,0,05/04/2021
2010,12,5,4,1546720100324013,7,2,03,wd,8835280801,781,6.12,0,0,201027121503wd,154672010032491599,GREATER AMBERJACK,,111.21390709,30,78,201027121503wd,,0,05/04/2021
2010,12,5,4,1546720100324013,7,2,03,wd,8835280801,1310,24.38355446,1,1,201027121503wd,154672010032491599,GREATER AMBERJACK,,111.21390709,51,131,201027121503wd,,0,05/04/2021
2010,12,5,4,1546720100324014,7,2,03,wd,,,,0,0,201027121503wd,154672010032491599,,,111.21390709,,,201027121503wd,,0,05/04/2021
2010,12,5,4,1546720100324015,7,2,03,wd,,,,0,0,201027121503wd,154672010032491599,,,111.21390709,,,201027121503wd,,0,05/04/2021
2010,12,5,4,1546720100324016,7,2,03,wd,,,,0,0,201027121503wd,154672010032491599,,,111.21390709,,,201027121503wd,,0,05/04/2021
2010,12,5,4,1546720100324017,7,2,03,wd,,,,0,0,201027121503wd,154672010032491599,,,111.21390709,,,201027121503wd,,0,05/04/2021
2010,12,5,4,1546720100324018,7,2,03,wd,8860020201,428,1.66,0,0,201027121503wd,154672010032491599,GRAY TRIGGERFISH,,111.21390709,16,42,201027121503wd,,0,05/04/2021
2010,12,5,4,1546720100324018,7,2,03,wd,8860020201,440,1.82,0,0,201027121503wd,154672010032491599,GRAY TRIGGERFISH,,111.21390709,17,44,201027121503wd,,0,05/04/2021
2010,12,5,4,1546720100324018,7,2,03,wd,8860020201,353,0.86,1,1,201027121503wd,154672010032491599,GRAY TRIGGERFISH,,111.21390709,13,35,201027121503wd,,0,05/04/2021
2010,12,5,4,1546720100324018,7,2,03,wd,8860020201,357,1.02,1,1,201027121503wd,154672010032491599,GRAY TRIGGERFISH,,111.21390709,14,35,201027121503wd,,0,05/04/2021
2010,12,5,4,1546720100324018,7,2,03,wd,8860020201,357,1.02,1,1,201027121503wd,154672010032491599,GRAY TRIGGERFISH,,111.21390709,14,35,201027121503wd,,0,05/04/2021
2010,12,5,4,1546720100324018,7,2,03,wd,8860020201,378,1.17,0,0,201027121503wd,154672010032491599,GRAY TRIGGERFISH,,111.21390709,14,37,201027121503wd,,0,05/04/2021
2010,12,5,4,1546720100324018,7,2,03,wd,8860020201,379,1.27,0,0,201027121503wd,154672010032491599,GRAY TRIGGERFISH,,111.21390709,14,37,201027121503wd,,0,05/04/2021
2010,12,5,4,1546720100324018,7,2,03,wd,8860020201,385,1.27,0,0,201027121503wd,154672010032491599,GRAY TRIGGERFISH,,111.21390709,15,38,201027121503wd,,0,05/04/2021
2010,12,5,4,1546720100324018,7,2,03,wd,8860020201,416,1.61,0,0,201027121503wd,154672010032491599,GRAY TRIGGERFISH,,111.21390709,16,41,201027121503wd,,0,05/04/2021
2010,12,5,4,1546720100324018,7,2,03,wd,8860020201,419,1.67,0,0,201027121503wd,154672010032491599,GRAY TRIGGERFISH,,111.21390709,16,41,201027121503wd,,0,05/04/2021
2010,12,5,4,1546720100324018,7,2,03,wd,8860020201,421,1.55,0,0,201027121503wd,154672010032491599,GRAY TRIGGERFISH,,111.21390709,16,42,201027121503wd,,0,05/04/2021
2010,12,5,4,1546720100324018,7,2,03,wd,8860020201,415,1.54,0,0,201027121503wd,154672010032491599,GRAY TRIGGERFISH,,111.21390709,16,41,201027121503wd,,0,05/04/2021
2010,12,5,4,1546720100324018,7,2,03,wd,8835280801,769,6.33,0,0,201027121503wd,154672010032491599,GREATER AMBERJACK,,111.21390709,30,76,201027121503wd,,0,05/04/2021
2010,12,5,4,1546720100324018,7,2,03,wd,8835280801,771,6.14,0,0,201027121503wd,154672010032491599,GREATER AMBERJACK,,111.21390709,30,77,201027121503wd,,0,05/04/2021
2010,12,5,4,1546720100324018,7,2,03,wd,8835280801,803,7.09,0,0,201027121503wd,154672010032491599,GREATER AMBERJACK,,111.21390709,31,80,201027121503wd,,0,05/04/2021
2010,12,5,4,1546720100324018,7,2,03,wd,8835280801,1310,24.38355446,0,1,201027121503wd,154672010032491599,GREATER AMBERJACK,,111.21390709,51,131,201027121503wd,,0,05/04/2021
2010,12,5,4,1546720100324019,7,2,03,wd,,,,0,0,201027121503wd,154672010032491599,,,111.21390709,,,201027121503wd,,0,05/04/2021
2010,12,5,4,1546720100324020,7,2,03,wd,,,,0,0,201027121503wd,154672010032491599,,,111.21390709,,,201027121503wd,,0,05/04/2021
2010,12,5,4,1546720100324021,7,2,03,wd,,,,0,0,201027121503wd,154672010032491599,,,111.21390709,,,201027121503wd,,0,05/04/2021
2010,12,5,4,1546720100327001,7,2,03,we,8835430602,214,0.21,0,0,201027121503we,154672010032791599,RED PORGY,,28.708971921,8,21,201027121503we,,0,05/04/2021
2010,12,5,4,1546720100327001,7,2,03,we,8835430602,226,0.23,0,0,201027121503we,154672010032791599,RED PORGY,,28.708971921,8,22,201027121503we,,0,05/04/2021
2010,12,5,4,1546720100327001,7,2,03,we,8835430602,236,0.25,0,0,201027121503we,154672010032791599,RED PORGY,,28.708971921,9,23,201027121503we,,0,05/04/2021
2010,12,5,4,1546720100327001,7,2,03,we,8835430602,239,0.25,0,0,201027121503we,154672010032791599,RED PORGY,,28.708971921,9,23,201027121503we,,0,05/04/2021
2010,12,5,4,1546720100327001,7,2,03,we,8835430602,254,0.31,0,0,201027121503we,154672010032791599,RED PORGY,,28.708971921,9,25,201027121503we,,0,05/04/2021
2010,12,5,4,1546720100327001,7,2,03,we,8835430602,256,0.33,0,0,201027121503we,154672010032791599,RED PORGY,,28.708971921,10,25,201027121503we,,0,05/04/2021
2010,12,5,4,1546720100327001,7,2,03,we,8835430602,261,0.35,0,0,201027121503we,154672010032791599,RED PORGY,,28.708971921,10,26,201027121503we,,0,05/04/2021
2010,12,5,4,1546720100327001,7,2,03,we,8835430602,265,0.34,0,0,201027121503we,154672010032791599,RED PORGY,,28.708971921,10,26,201027121503we,,0,05/04/2021
2010,12,5,4,1546720100327001,7,2,03,we,8835430602,267,0.36,0,0,201027121503we,154672010032791599,RED PORGY,,28.708971921,10,26,201027121503we,,0,05/04/2021
2010,12,5,4,1546720100327001,7,2,03,we,8835430602,272,0.42,0,0,201027121503we,154672010032791599,RED PORGY,,28.708971921,10,27,201027121503we,,0,05/04/2021
2010,12,5,4,1546720100327001,7,2,03,we,8835430602,285,0.33,0,0,201027121503we,154672010032791599,RED PORGY,,28.708971921,11,28,201027121503we,,0,05/04/2021
2010,12,5,4,1546720100327001,7,2,03,we,8835430201,317,0.55,0,0,201027121503we,154672010032791599,PINFISH,,28.708971921,12,31,201027121503we,,0,05/04/2021
2010,12,5,4,1546720100327001,7,2,03,we,8835360501,264,0.27,0,0,201027121503we,154672010032791599,VERMILION SNAPPER,,28.708971921,10,26,201027121503we,,0,05/04/2021
2010,12,5,4,1546720100327001,7,2,03,we,8835020300,,,0,0,201027121503we,154672010032791599,SEA BASS GENUS,,58.102538408,,,201027121503we,,0,05/04/2021
2010,12,5,4,1546720100327002,7,2,03,we,8835020300,,,0,0,201027121503we,154672010032791599,SEA BASS GENUS,,29.051269204,,,201027121503we,,0,05/04/2021
2010,12,5,4,1546720100327003,7,2,03,we,8835020300,,,0,0,201027121503we,154672010032791599,SEA BASS GENUS,,29.051269204,,,201027121503we,,0,05/04/2021
2010,12,5,4,1546720100327004,7,2,03,we,8835280801,748,5.94,1,1,201027121503we,154672010032791599,GREATER AMBERJACK,,32.420922698,29,74,201027121503we,,0,05/04/2021
2010,12,5,4,1546720100327004,7,2,03,we,8835280801,756,5.5,1,1,201027121503we,154672010032791599,GREATER AMBERJACK,,32.420922698,29,75,201027121503we,,0,05/04/2021
2010,12,5,4,1546720100327004,7,2,03,we,8835280801,835,8.2948382562,0,1,201027121503we,154672010032791599,GREATER AMBERJACK,,32.420922698,32,83,201027121503we,,0,05/04/2021
2010,12,5,4,1546720100327004,7,2,03,we,8835280801,835,8.2948382562,1,1,201027121503we,154672010032791599,GREATER AMBERJACK,,32.420922698,32,83,201027121503we,,0,05/04/2021
2010,12,5,4,1546720100327004,7,2,03,we,8835280801,945,10.84,1,1,201027121503we,154672010032791599,GREATER AMBERJACK,,32.420922698,37,94,201027121503we,,0,05/04/2021
2010,12,5,4,1546720100327007,7,2,03,we,,,,0,0,201027121503we,154672010032791599,,,23.43391257,,,201027121503we,,0,05/04/2021
2010,12,5,4,1546720100327008,7,2,03,we,,,,0,0,201027121503we,154672010032791599,,,23.43391257,,,201027121503we,,0,05/04/2021
2010,12,5,4,1546720100327011,7,2,03,we,,,,0,0,201027121503we,154672010032791599,,,29.051269204,,,201027121503we,,0,05/04/2021
2010,12,5,4,1546720100327012,7,2,03,we,,,,0,0,201027121503we,154672010032791599,,,29.051269204,,,201027121503we,,0,05/04/2021
2010,12,5,4,1546720100327013,7,2,03,we,,,,0,0,201027121503we,154672010032791599,,,29.051269204,,,201027121503we,,0,05/04/2021
2010,12,5,4,1546720100327014,7,2,03,we,,,,0,0,201027121503we,154672010032791599,,,29.051269204,,,201027121503we,,0,05/04/2021
2010,12,5,4,1546720100327015,7,2,03,we,8835260101,860,8.42,1,1,201027121503we,154672010032791599,COBIA,,28.708971921,33,86,201027121503we,,0,05/04/2021
2010,12,5,4,1546720100327016,7,2,03,we,,,,0,0,201027121503we,154672010032791599,,,29.051269204,,,201027121503we,,0,05/04/2021
2010,12,5,4,1546720100328001,7,2,03,we,8860020201,379,1.06,0,0,201027121503we,154672010032891693,GRAY TRIGGERFISH,,60.362081478,14,37,201027121503we,,0,05/04/2021
2010,12,5,4,1546720100328001,7,2,03,we,8860020201,353,0.86,0,0,201027121503we,154672010032891693,GRAY TRIGGERFISH,,60.362081478,13,35,201027121503we,,0,05/04/2021
2010,12,5,4,1546720100328001,7,2,03,we,8860020201,355,0.86,0,0,201027121503we,154672010032891693,GRAY TRIGGERFISH,,60.362081478,13,35,201027121503we,,0,05/04/2021
2010,12,5,4,1546720100328001,7,2,03,we,8860020201,359,0.92,0,0,201027121503we,154672010032891693,GRAY TRIGGERFISH,,60.362081478,14,35,201027121503we,,0,05/04/2021
2010,12,5,4,1546720100328001,7,2,03,we,8835430602,226,0.23,1,1,201027121503we,154672010032891693,RED PORGY,,60.362081478,8,22,201027121503we,,0,05/04/2021
2010,12,5,4,1546720100328001,7,2,03,we,8835430602,239,0.25,1,1,201027121503we,154672010032891693,RED PORGY,,60.362081478,9,23,201027121503we,,0,05/04/2021
2010,12,5,4,1546720100328001,7,2,03,we,8835430501,270,0.48,1,1,201027121503we,154672010032891693,GRASS PORGY,,84.50691407,10,27,201027121503we,,0,05/04/2021
2010,12,5,4,1546720100328001,7,2,03,we,8835430501,210,0.24,1,1,201027121503we,154672010032891693,GRASS PORGY,,84.50691407,8,21,201027121503we,,0,05/04/2021
2010,12,5,4,1546720100328001,7,2,03,we,8835430501,210,0.24,1,1,201027121503we,154672010032891693,GRASS PORGY,,84.50691407,8,21,201027121503we,,0,05/04/2021
2010,12,5,4,1546720100328001,7,2,03,we,8835430501,232,0.3,1,1,201027121503we,154672010032891693,GRASS PORGY,,84.50691407,9,23,201027121503we,,0,05/04/2021
2010,12,5,4,1546720100328001,7,2,03,we,8835430501,270,0.48,1,1,201027121503we,154672010032891693,GRASS PORGY,,84.50691407,10,27,201027121503we,,0,05/04/2021
2010,12,5,4,1546720100328001,7,2,03,we,8835360501,290,0.42,1,1,201027121503we,154672010032891693,VERMILION SNAPPER,,60.362081478,11,29,201027121503we,,0,05/04/2021
2010,12,5,4,1546720100328001,7,2,03,we,8835360501,299,0.44,1,1,201027121503we,154672010032891693,VERMILION SNAPPER,,60.362081478,11,29,201027121503we,,0,05/04/2021
2010,12,5,4,1546720100328001,7,2,03,we,8835360501,300,0.42,1,1,201027121503we,154672010032891693,VERMILION SNAPPER,,60.362081478,11,30,201027121503we,,0,05/04/2021
2010,12,5,4,1546720100328001,7,2,03,we,8835280804,491,1.66,1,1,201027121503we,154672010032891693,BANDED RUDDERFISH,,60.362081478,19,49,201027121503we,,0,05/04/2021
2010,12,5,4,1546720100328001,7,2,03,we,8835280804,500,1.75,1,1,201027121503we,154672010032891693,BANDED RUDDERFISH,,60.362081478,19,50,201027121503we,,0,05/04/2021
2010,12,5,4,1546720100328002,7,2,03,we,,,,0,0,201027121503we,154672010032891693,,,48.966573354,,,201027121503we,,0,05/04/2021
2010,12,5,4,1546720100328003,7,2,03,we,,,,0,0,201027121503we,154672010032891693,,,48.966573354,,,201027121503we,,0,05/04/2021
2010,12,5,4,1546720100328004,7,2,03,we,,,,0,0,201027121503we,154672010032891693,,,48.966573354,,,201027121503we,,0,05/04/2021
2010,12,5,4,1546720100328005,7,2,03,we,,,,0,0,201027121503we,154672010032891693,,,48.966573354,,,201027121503we,,0,05/04/2021
2010,12,5,4,1546720100328006,7,2,03,we,,,,0,0,201027121503we,154672010032891693,,,60.704378761,,,201027121503we,,0,05/04/2021
2010,12,5,4,1546720100328007,7,2,03,we,,,,0,0,201027121503we,154672010032891693,,,60.704378761,,,201027121503we,,0,05/04/2021
2010,12,5,4,1546720100413001,7,2,04,wd,,,,0,0,201027121504wd,154672010041391693,,,73.572397698,,,201027121504wd,,0,05/04/2021
2010,12,5,4,1546720100413002,7,2,04,wd,8860020201,346,1,0,0,201027121504wd,154672010041391693,GRAY TRIGGERFISH,,73.572397698,13,34,201027121504wd,,0,05/04/2021
2010,12,5,4,1546720100413002,7,2,04,wd,8860020201,357,1.02,0,0,201027121504wd,154672010041391693,GRAY TRIGGERFISH,,73.572397698,14,35,201027121504wd,,0,05/04/2021
2010,12,5,4,1546720100413002,7,2,04,wd,8860020201,357,1.02,0,0,201027121504wd,154672010041391693,GRAY TRIGGERFISH,,73.572397698,14,35,201027121504wd,,0,05/04/2021
2010,12,5,4,1546720100413002,7,2,04,wd,8860020201,367,1.1,0,0,201027121504wd,154672010041391693,GRAY TRIGGERFISH,,73.572397698,14,36,201027121504wd,,0,05/04/2021
2010,12,5,4,1546720100413002,7,2,04,wd,8835430602,193,0.16,0,0,201027121504wd,154672010041391693,RED PORGY,,143.27256394,7,19,201027121504wd,,0,05/04/2021
2010,12,5,4,1546720100413002,7,2,04,wd,8835430602,208,0.2,0,0,201027121504wd,154672010041391693,RED PORGY,,143.27256394,8,20,201027121504wd,,0,05/04/2021
2010,12,5,4,1546720100413002,7,2,04,wd,8835430602,212,0.22,0,0,201027121504wd,154672010041391693,RED PORGY,,143.27256394,8,21,201027121504wd,,0,05/04/2021
2010,12,5,4,1546720100413002,7,2,04,wd,8835430602,220,0.2,0,0,201027121504wd,154672010041391693,RED PORGY,,143.27256394,8,22,201027121504wd,,0,05/04/2021
2010,12,5,4,1546720100413002,7,2,04,wd,8835430602,222,0.24,0,0,201027121504wd,154672010041391693,RED PORGY,,143.27256394,8,22,201027121504wd,,0,05/04/2021
2010,12,5,4,1546720100413002,7,2,04,wd,8835430602,222,0.22,0,0,201027121504wd,154672010041391693,RED PORGY,,143.27256394,8,22,201027121504wd,,0,05/04/2021
2010,12,5,4,1546720100413002,7,2,04,wd,8835430602,225,0.22,0,0,201027121504wd,154672010041391693,RED PORGY,,143.27256394,8,22,201027121504wd,,0,05/04/2021
2010,12,5,4,1546720100413002,7,2,04,wd,8835430602,229,0.24,0,0,201027121504wd,154672010041391693,RED PORGY,,143.27256394,9,22,201027121504wd,,0,05/04/2021
2010,12,5,4,1546720100413002,7,2,04,wd,8835430602,229,0.24,0,0,201027121504wd,154672010041391693,RED PORGY,,143.27256394,9,22,201027121504wd,,0,05/04/2021
2010,12,5,4,1546720100413002,7,2,04,wd,8835430602,231,0.26,0,0,201027121504wd,154672010041391693,RED PORGY,,143.27256394,9,23,201027121504wd,,0,05/04/2021
2010,12,5,4,1546720100413002,7,2,04,wd,8835430602,233,0.28,0,0,201027121504wd,154672010041391693,RED PORGY,,143.27256394,9,23,201027121504wd,,0,05/04/2021
2010,12,5,4,1546720100413002,7,2,04,wd,8835430602,235,0.3,0,0,201027121504wd,154672010041391693,RED PORGY,,143.27256394,9,23,201027121504wd,,0,05/04/2021
2010,12,5,4,1546720100413002,7,2,04,wd,8835430602,236,0.28,0,0,201027121504wd,154672010041391693,RED PORGY,,143.27256394,9,23,201027121504wd,,0,05/04/2021
2010,12,5,4,1546720100413002,7,2,04,wd,8835430602,236,0.26,0,0,201027121504wd,154672010041391693,RED PORGY,,143.27256394,9,23,201027121504wd,,0,05/04/2021
2010,12,5,4,1546720100413002,7,2,04,wd,8835430602,237,0.26,0,0,201027121504wd,154672010041391693,RED PORGY,,143.27256394,9,23,201027121504wd,,0,05/04/2021
2010,12,5,4,1546720100413002,7,2,04,wd,8835430602,238,0.28,0,0,201027121504wd,154672010041391693,RED PORGY,,143.27256394,9,23,201027121504wd,,0,05/04/2021
2010,12,5,4,1546720100413002,7,2,04,wd,8835430602,238,0.26,0,0,201027121504wd,154672010041391693,RED PORGY,,143.27256394,9,23,201027121504wd,,0,05/04/2021
2010,12,5,4,1546720100413002,7,2,04,wd,8835430602,238,0.26,0,0,201027121504wd,154672010041391693,RED PORGY,,143.27256394,9,23,201027121504wd,,0,05/04/2021
2010,12,5,4,1546720100413002,7,2,04,wd,8835430602,241,0.3,0,0,201027121504wd,154672010041391693,RED PORGY,,143.27256394,9,24,201027121504wd,,0,05/04/2021
2010,12,5,4,1546720100413002,7,2,04,wd,8835430602,235,0.26,0,0,201027121504wd,154672010041391693,RED PORGY,,143.27256394,9,23,201027121504wd,,0,05/04/2021
2010,12,5,4,1546720100413002,7,2,04,wd,8835430602,244,0.28,0,0,201027121504wd,154672010041391693,RED PORGY,,143.27256394,9,24,201027121504wd,,0,05/04/2021
2010,12,5,4,1546720100413002,7,2,04,wd,8835430602,245,0.32,0,0,201027121504wd,154672010041391693,RED PORGY,,143.27256394,9,24,201027121504wd,,0,05/04/2021
2010,12,5,4,1546720100413002,7,2,04,wd,8835430602,245,0.3,0,0,201027121504wd,154672010041391693,RED PORGY,,143.27256394,9,24,201027121504wd,,0,05/04/2021
2010,12,5,4,1546720100413002,7,2,04,wd,8835430602,247,0.32,0,0,201027121504wd,154672010041391693,RED PORGY,,143.27256394,9,24,201027121504wd,,0,05/04/2021
2010,12,5,4,1546720100413002,7,2,04,wd,8835430602,229,0.24,0,0,201027121504wd,154672010041391693,RED PORGY,,143.27256394,9,22,201027121504wd,,0,05/04/2021
2010,12,5,4,1546720100413002,7,2,04,wd,8835430602,250,0.34,0,0,201027121504wd,154672010041391693,RED PORGY,,143.27256394,9,25,201027121504wd,,0,05/04/2021
2010,12,5,4,1546720100413002,7,2,04,wd,8835430602,250,0.34,1,1,201027121504wd,154672010041391693,RED PORGY,,143.27256394,9,25,201027121504wd,,0,05/04/2021
2010,12,5,4,1546720100413002,7,2,04,wd,8835430602,255,0.34,0,0,201027121504wd,154672010041391693,RED PORGY,,143.27256394,10,25,201027121504wd,,0,05/04/2021
2010,12,5,4,1546720100413002,7,2,04,wd,8835430602,255,0.34,1,1,201027121504wd,154672010041391693,RED PORGY,,143.27256394,10,25,201027121504wd,,0,05/04/2021
2010,12,5,4,1546720100413002,7,2,04,wd,8835430602,225,0.24,0,0,201027121504wd,154672010041391693,RED PORGY,,143.27256394,8,22,201027121504wd,,0,05/04/2021
2010,12,5,4,1546720100413002,7,2,04,wd,8835430602,256,0.34,0,0,201027121504wd,154672010041391693,RED PORGY,,143.27256394,10,25,201027121504wd,,0,05/04/2021
2010,12,5,4,1546720100413002,7,2,04,wd,8835430602,256,0.32,0,0,201027121504wd,154672010041391693,RED PORGY,,143.27256394,10,25,201027121504wd,,0,05/04/2021
2010,12,5,4,1546720100413002,7,2,04,wd,8835430602,262,0.4,0,0,201027121504wd,154672010041391693,RED PORGY,,143.27256394,10,26,201027121504wd,,0,05/04/2021
2010,12,5,4,1546720100413002,7,2,04,wd,8835430602,262,0.4,1,1,201027121504wd,154672010041391693,RED PORGY,,143.27256394,10,26,201027121504wd,,0,05/04/2021
2010,12,5,4,1546720100413002,7,2,04,wd,8835430602,271,0.4,0,0,201027121504wd,154672010041391693,RED PORGY,,143.27256394,10,27,201027121504wd,,0,05/04/2021
2010,12,5,4,1546720100413002,7,2,04,wd,8835430602,272,0.42,0,0,201027121504wd,154672010041391693,RED PORGY,,143.27256394,10,27,201027121504wd,,0,05/04/2021
2010,12,5,4,1546720100413002,7,2,04,wd,8835430602,272,0.42,1,1,201027121504wd,154672010041391693,RED PORGY,,143.27256394,10,27,201027121504wd,,0,05/04/2021
2010,12,5,4,1546720100413002,7,2,04,wd,8835430602,274,0.36,0,0,201027121504wd,154672010041391693,RED PORGY,,143.27256394,10,27,201027121504wd,,0,05/04/2021
2010,12,5,4,1546720100413002,7,2,04,wd,8860020201,358,1.02,0,0,201027121504wd,154672010041391693,GRAY TRIGGERFISH,,73.572397698,14,35,201027121504wd,,0,05/04/2021
2010,12,5,4,1546720100413002,7,2,04,wd,8835430508,262,0.34,1,1,201027121504wd,154672010041391693,LITTLEHEAD PORGY,,73.572397698,10,26,201027121504wd,,0,05/04/2021
2010,12,5,4,1546720100413002,7,2,04,wd,8835430508,321,0.74,1,1,201027121504wd,154672010041391693,LITTLEHEAD PORGY,,73.572397698,12,32,201027121504wd,,0,05/04/2021
2010,12,5,4,1546720100413002,7,2,04,wd,8835360501,264,0.32,1,1,201027121504wd,154672010041391693,VERMILION SNAPPER,,73.572397698,10,26,201027121504wd,,0,05/04/2021
2010,12,5,4,1546720100413002,7,2,04,wd,8835360501,278,0.4,1,1,201027121504wd,154672010041391693,VERMILION SNAPPER,,73.572397698,10,27,201027121504wd,,0,05/04/2021
2010,12,5,4,1546720100413002,7,2,04,wd,8835360501,285,0.4,0,0,201027121504wd,154672010041391693,VERMILION SNAPPER,,73.572397698,11,28,201027121504wd,,0,05/04/2021
2010,12,5,4,1546720100413002,7,2,04,wd,8835360501,286,0.4,1,1,201027121504wd,154672010041391693,VERMILION SNAPPER,,73.572397698,11,28,201027121504wd,,0,05/04/2021
2010,12,5,4,1546720100413002,7,2,04,wd,8835360501,306,0.48,0,0,201027121504wd,154672010041391693,VERMILION SNAPPER,,73.572397698,12,30,201027121504wd,,0,05/04/2021
2010,12,5,4,1546720100413002,7,2,04,wd,8835360501,317,0.58,0,0,201027121504wd,154672010041391693,VERMILION SNAPPER,,73.572397698,12,31,201027121504wd,,0,05/04/2021
2010,12,5,4,1546720100413002,7,2,04,wd,8835360501,320,0.56,0,0,201027121504wd,154672010041391693,VERMILION SNAPPER,,73.572397698,12,32,201027121504wd,,0,05/04/2021
2010,12,5,4,1546720100413002,7,2,04,wd,8835360501,329,0.6,0,0,201027121504wd,154672010041391693,VERMILION SNAPPER,,73.572397698,12,32,201027121504wd,,0,05/04/2021
2010,12,5,4,1546720100413002,7,2,04,wd,8835360501,332,0.66,0,0,201027121504wd,154672010041391693,VERMILION SNAPPER,,73.572397698,13,33,201027121504wd,,0,05/04/2021
2010,12,5,4,1546720100413003,7,2,04,wd,,,,0,0,201027121504wd,154672010041391693,,,73.572397698,,,201027121504wd,,0,05/04/2021
2010,12,5,4,1546720100413004,7,2,04,wd,,,,0,0,201027121504wd,154672010041391693,,,73.572397698,,,201027121504wd,,0,05/04/2021
2010,12,5,4,1546720100413005,7,2,04,wd,,,,0,0,201027121504wd,154672010041391693,,,73.572397698,,,201027121504wd,,0,05/04/2021
2010,12,5,4,1546720100413006,7,2,04,wd,,,,0,0,201027121504wd,154672010041391693,,,73.572397698,,,201027121504wd,,0,05/04/2021
2010,12,5,4,1546720100413008,7,2,04,wd,,,,0,0,201027121504wd,154672010041391693,,,73.572397698,,,201027121504wd,,0,05/04/2021
2010,12,5,4,1546720100413009,7,2,04,wd,,,,0,0,201027121504wd,154672010041391693,,,73.572397698,,,201027121504wd,,0,05/04/2021
2010,12,5,4,1546720100413010,7,2,04,wd,,,,0,0,201027121504wd,154672010041391693,,,73.572397698,,,201027121504wd,,0,05/04/2021
2010,12,5,4,1546720100413011,7,2,04,wd,,,,0,0,201027121504wd,154672010041391693,,,73.572397698,,,201027121504wd,,0,05/04/2021
2010,12,5,4,1546720100413012,7,2,04,wd,,,,0,0,201027121504wd,154672010041391693,,,73.572397698,,,201027121504wd,,0,05/04/2021
2010,12,5,3,1546720100413014,7,2,04,wd,8835260101,860,8.42,1,1,201027121504wd,154672010041391693,COBIA,,24.988912462,33,86,201027121504wd,,0,05/04/2021
2010,12,5,3,1546720100413014,7,2,04,wd,8835260101,905,8.71,1,1,201027121504wd,154672010041391693,COBIA,,24.988912462,35,90,201027121504wd,,0,05/04/2021
2010,12,5,3,1546720100418001,7,2,04,we,8860020201,372,1.16,1,1,201027121504we,154672010041891692,GRAY TRIGGERFISH,,22.434013732,14,37,201027121504we,,0,05/04/2021
2010,12,5,3,1546720100418001,7,2,04,we,8860020201,372,1.16,1,1,201027121504we,154672010041891692,GRAY TRIGGERFISH,,22.434013732,14,37,201027121504we,,0,05/04/2021
2010,12,5,3,1546720100418001,7,2,04,we,8835430602,229,0.28,0,0,201027121504we,154672010041891692,RED PORGY,,35.894421971,9,22,201027121504we,,0,05/04/2021
2010,12,5,3,1546720100418001,7,2,04,we,8835430602,234,0.28,0,0,201027121504we,154672010041891692,RED PORGY,,35.894421971,9,23,201027121504we,,0,05/04/2021
2010,12,5,3,1546720100418001,7,2,04,we,8835430602,241,0.28,0,0,201027121504we,154672010041891692,RED PORGY,,35.894421971,9,24,201027121504we,,0,05/04/2021
2010,12,5,3,1546720100418001,7,2,04,we,8835430602,251,0.34,0,0,201027121504we,154672010041891692,RED PORGY,,35.894421971,9,25,201027121504we,,0,05/04/2021
2010,12,5,3,1546720100418001,7,2,04,we,8835430602,233,0.26,0,0,201027121504we,154672010041891692,RED PORGY,,35.894421971,9,23,201027121504we,,0,05/04/2021
2010,12,5,3,1546720100418001,7,2,04,we,8835430602,256,0.38,0,0,201027121504we,154672010041891692,RED PORGY,,35.894421971,10,25,201027121504we,,0,05/04/2021
2010,12,5,3,1546720100418001,7,2,04,we,8835430602,261,0.36,0,0,201027121504we,154672010041891692,RED PORGY,,35.894421971,10,26,201027121504we,,0,05/04/2021
2010,12,5,3,1546720100418001,7,2,04,we,8835430602,264,0.36,0,0,201027121504we,154672010041891692,RED PORGY,,35.894421971,10,26,201027121504we,,0,05/04/2021
2010,12,5,3,1546720100418001,7,2,04,we,8835430602,279,0.44,0,0,201027121504we,154672010041891692,RED PORGY,,35.894421971,10,27,201027121504we,,0,05/04/2021
2010,12,5,3,1546720100418001,7,2,04,we,8835430602,283,0.42,1,1,201027121504we,154672010041891692,RED PORGY,,35.894421971,11,28,201027121504we,,0,05/04/2021
2010,12,5,3,1546720100418001,7,2,04,we,8835430602,284,0.48,0,0,201027121504we,154672010041891692,RED PORGY,,35.894421971,11,28,201027121504we,,0,05/04/2021
2010,12,5,3,1546720100418001,7,2,04,we,8835430602,295,0.47,1,1,201027121504we,154672010041891692,RED PORGY,,35.894421971,11,29,201027121504we,,0,05/04/2021
2010,12,5,3,1546720100418001,7,2,04,we,8835430602,296,0.52,0,0,201027121504we,154672010041891692,RED PORGY,,35.894421971,11,29,201027121504we,,0,05/04/2021
2010,12,5,3,1546720100418001,7,2,04,we,8835430602,304,0.52,1,1,201027121504we,154672010041891692,RED PORGY,,35.894421971,11,30,201027121504we,,0,05/04/2021
2010,12,5,3,1546720100418001,7,2,04,we,8835430602,306,0.4,1,1,201027121504we,154672010041891692,RED PORGY,,35.894421971,12,30,201027121504we,,0,05/04/2021
2010,12,5,3,1546720100418001,7,2,04,we,8835430201,289,0.48,1,1,201027121504we,154672010041891692,PINFISH,,22.434013732,11,28,201027121504we,,0,05/04/2021
2010,12,5,3,1546720100418001,7,2,04,we,8835360501,244,0.26,1,1,201027121504we,154672010041891692,VERMILION SNAPPER,,22.434013732,9,24,201027121504we,,0,05/04/2021
2010,12,5,3,1546720100418001,7,2,04,we,8835360501,283,0.36,0,0,201027121504we,154672010041891692,VERMILION SNAPPER,,22.434013732,11,28,201027121504we,,0,05/04/2021
2010,12,5,4,1546720100418002,7,2,04,we,8860020201,415,1.52,0,0,201027121504we,154672010041891693,GRAY TRIGGERFISH,,25.635607102,16,41,201027121504we,,0,05/04/2021
2010,12,5,4,1546720100418002,7,2,04,we,8860020201,365,1.12,0,0,201027121504we,154672010041891693,GRAY TRIGGERFISH,,25.635607102,14,36,201027121504we,,0,05/04/2021
2010,12,5,4,1546720100418002,7,2,04,we,8850030501,937,7.04,0,0,201027121504we,154672010041891693,KING MACKEREL,,25.635607102,36,93,201027121504we,,0,05/04/2021
2010,12,5,4,1546720100418002,7,2,04,we,8835441206,,,0,0,201027121504we,154672010041891693,CUBBYU,,25.635607102,,,201027121504we,,0,05/04/2021
2010,12,5,4,1546720100418002,7,2,04,we,8835430602,233,0.28,1,1,201027121504we,154672010041891693,RED PORGY,,123.05091409,9,23,201027121504we,,0,05/04/2021
2010,12,5,4,1546720100418002,7,2,04,we,8835430602,235,0.3,1,1,201027121504we,154672010041891693,RED PORGY,,123.05091409,9,23,201027121504we,,0,05/04/2021
2010,12,5,4,1546720100418002,7,2,04,we,8835430602,238,0.28,1,1,201027121504we,154672010041891693,RED PORGY,,123.05091409,9,23,201027121504we,,0,05/04/2021
2010,12,5,4,1546720100418002,7,2,04,we,8835430602,245,0.32,1,1,201027121504we,154672010041891693,RED PORGY,,123.05091409,9,24,201027121504we,,0,05/04/2021
2010,12,5,4,1546720100418002,7,2,04,we,8835360501,257,0.3,0,0,201027121504we,154672010041891693,VERMILION SNAPPER,,42.726011837,10,25,201027121504we,,0,05/04/2021
2010,12,5,4,1546720100418002,7,2,04,we,8835360501,257,0.28,0,0,201027121504we,154672010041891693,VERMILION SNAPPER,,42.726011837,10,25,201027121504we,,0,05/04/2021
2010,12,5,4,1546720100418002,7,2,04,we,8835360501,265,0.32,0,0,201027121504we,154672010041891693,VERMILION SNAPPER,,42.726011837,10,26,201027121504we,,0,05/04/2021
2010,12,5,4,1546720100418002,7,2,04,we,8835360501,273,0.34,0,0,201027121504we,154672010041891693,VERMILION SNAPPER,,42.726011837,10,27,201027121504we,,0,05/04/2021
2010,12,5,4,1546720100418002,7,2,04,we,8835360501,273,0.34,0,0,201027121504we,154672010041891693,VERMILION SNAPPER,,42.726011837,10,27,201027121504we,,0,05/04/2021
2010,12,5,4,1546720100418002,7,2,04,we,8835360501,260,0.3,0,0,201027121504we,154672010041891693,VERMILION SNAPPER,,42.726011837,10,26,201027121504we,,0,05/04/2021
2010,12,5,4,1546720100418002,7,2,04,we,8835360501,274,0.34,0,0,201027121504we,154672010041891693,VERMILION SNAPPER,,42.726011837,10,27,201027121504we,,0,05/04/2021
2010,12,5,4,1546720100418002,7,2,04,we,8835360501,278,0.4,0,0,201027121504we,154672010041891693,VERMILION SNAPPER,,42.726011837,10,27,201027121504we,,0,05/04/2021
2010,12,5,4,1546720100418002,7,2,04,we,8835360501,279,0.36,0,0,201027121504we,154672010041891693,VERMILION SNAPPER,,42.726011837,10,27,201027121504we,,0,05/04/2021
2010,12,5,4,1546720100418002,7,2,04,we,8835360501,280,0.42,0,0,201027121504we,154672010041891693,VERMILION SNAPPER,,42.726011837,11,28,201027121504we,,0,05/04/2021
2010,12,5,4,1546720100418002,7,2,04,we,8835430602,241,0.3,1,1,201027121504we,154672010041891693,RED PORGY,,123.05091409,9,24,201027121504we,,0,05/04/2021
2010,12,5,4,1546720100418002,7,2,04,we,8835360501,281,0.34,0,0,201027121504we,154672010041891693,VERMILION SNAPPER,,42.726011837,11,28,201027121504we,,0,05/04/2021
2010,12,5,4,1546720100418002,7,2,04,we,8835360501,284,0.4,0,0,201027121504we,154672010041891693,VERMILION SNAPPER,,42.726011837,11,28,201027121504we,,0,05/04/2021
2010,12,5,4,1546720100418002,7,2,04,we,8835360501,285,0.4,0,0,201027121504we,154672010041891693,VERMILION SNAPPER,,42.726011837,11,28,201027121504we,,0,05/04/2021
2010,12,5,4,1546720100418002,7,2,04,we,8835360501,293,0.44,0,0,201027121504we,154672010041891693,VERMILION SNAPPER,,42.726011837,11,29,201027121504we,,0,05/04/2021
2010,12,5,4,1546720100418002,7,2,04,we,8835360501,295,0.44,0,0,201027121504we,154672010041891693,VERMILION SNAPPER,,42.726011837,11,29,201027121504we,,0,05/04/2021
2010,12,5,4,1546720100418002,7,2,04,we,8835360501,303,0.44,0,0,201027121504we,154672010041891693,VERMILION SNAPPER,,42.726011837,11,30,201027121504we,,0,05/04/2021
2010,12,5,4,1546720100418002,7,2,04,we,8835360501,315,0.48,0,0,201027121504we,154672010041891693,VERMILION SNAPPER,,42.726011837,12,31,201027121504we,,0,05/04/2021
2010,12,5,4,1546720100418002,7,2,04,we,8835360501,317,0.56,1,1,201027121504we,154672010041891693,VERMILION SNAPPER,,42.726011837,12,31,201027121504we,,0,05/04/2021
2010,12,5,4,1546720100418002,7,2,04,we,8835360501,327,0.64,1,1,201027121504we,154672010041891693,VERMILION SNAPPER,,42.726011837,12,32,201027121504we,,0,05/04/2021
2010,12,5,4,1546720100418002,7,2,04,we,8835360501,328,0.62,1,1,201027121504we,154672010041891693,VERMILION SNAPPER,,42.726011837,12,32,201027121504we,,0,05/04/2021
2010,12,5,4,1546720100418002,7,2,04,we,8835360501,344,0.66,1,1,201027121504we,154672010041891693,VERMILION SNAPPER,,42.726011837,13,34,201027121504we,,0,05/04/2021
2010,12,5,4,1546720100418002,7,2,04,we,8835360102,403,0.88,0,0,201027121504we,154672010041891693,GRAY SNAPPER,,25.635607102,15,40,201027121504we,,0,05/04/2021
2010,12,5,4,1546720100418002,7,2,04,we,8835280804,473,1.66,0,0,201027121504we,154672010041891693,BANDED RUDDERFISH,,25.635607102,18,47,201027121504we,,0,05/04/2021
2010,12,5,4,1546720100418002,7,2,04,we,8835280801,748,5.94,0,0,201027121504we,154672010041891693,GREATER AMBERJACK,,25.635607102,29,74,201027121504we,,0,05/04/2021
2010,12,5,4,1546720100418002,7,2,04,we,8835020501,831,9.08,0,0,201027121504we,154672010041891693,GAG,,25.635607102,32,83,201027121504we,,0,05/04/2021
2010,12,5,4,1546720100418002,7,2,04,we,8835020408,503,1.94,0,0,201027121504we,154672010041891693,RED GROUPER,,25.635607102,19,50,201027121504we,,0,05/04/2021
2010,12,5,4,1546720100418003,7,2,04,we,,,,0,0,201027121504we,154672010041891693,,,32.12303048,,,201027121504we,,0,05/04/2021
2010,12,5,4,1546720100418004,7,2,04,we,,,,0,0,201027121504we,154672010041891693,,,25.911717745,,,201027121504we,,0,05/04/2021
2010,12,5,4,1546720100418005,7,2,04,we,,,,0,0,201027121504we,154672010041891693,,,32.12303048,,,201027121504we,,0,05/04/2021
2010,12,5,4,1546720100418006,7,2,04,we,,,,0,0,201027121504we,154672010041891693,,,32.12303048,,,201027121504we,,0,05/04/2021
2010,12,5,4,1546720100418008,7,2,04,we,,,,0,0,201027121504we,154672010041891693,,,25.911717745,,,201027121504we,,0,05/04/2021
2010,12,5,4,1546720100418009,7,2,04,we,,,,0,0,201027121504we,154672010041891693,,,32.12303048,,,201027121504we,,0,05/04/2021
2010,12,5,4,1546720100418010,7,2,04,we,,,,0,0,201027121504we,154672010041891693,,,25.911717745,,,201027121504we,,0,05/04/2021
2010,12,5,4,1546720100418011,7,2,04,we,,,,0,0,201027121504we,154672010041891693,,,25.911717745,,,201027121504we,,0,05/04/2021
2010,12,5,4,1546720100418012,7,2,04,we,8860020201,368,1.14,0,0,201027121504we,154672010041891693,GRAY TRIGGERFISH,,31.780733197,14,36,201027121504we,,0,05/04/2021
2010,12,5,4,1546720100418012,7,2,04,we,8860020201,377,1.32,0,0,201027121504we,154672010041891693,GRAY TRIGGERFISH,,31.780733197,14,37,201027121504we,,0,05/04/2021
2010,12,5,4,1546720100418012,7,2,04,we,8850030102,749,5.98,0,0,201027121504we,154672010041891693,LITTLE TUNNY,,31.780733197,29,74,201027121504we,,0,05/04/2021
2010,12,5,4,1546720100418012,7,2,04,we,8835430602,222,0.24,1,1,201027121504we,154672010041891693,RED PORGY,,158.90366598,8,22,201027121504we,,0,05/04/2021
2010,12,5,4,1546720100418012,7,2,04,we,8835430602,229,0.24,1,1,201027121504we,154672010041891693,RED PORGY,,158.90366598,9,22,201027121504we,,0,05/04/2021
2010,12,5,4,1546720100418012,7,2,04,we,8835430602,229,0.24,1,1,201027121504we,154672010041891693,RED PORGY,,158.90366598,9,22,201027121504we,,0,05/04/2021
2010,12,5,4,1546720100418012,7,2,04,we,8835430602,235,0.26,1,1,201027121504we,154672010041891693,RED PORGY,,158.90366598,9,23,201027121504we,,0,05/04/2021
2010,12,5,4,1546720100418012,7,2,04,we,8835430602,238,0.26,1,1,201027121504we,154672010041891693,RED PORGY,,158.90366598,9,23,201027121504we,,0,05/04/2021
2010,12,5,4,1546720100418012,7,2,04,we,8835360501,274,0.34,0,0,201027121504we,154672010041891693,VERMILION SNAPPER,,31.780733197,10,27,201027121504we,,0,05/04/2021
2010,12,5,4,1546720100418012,7,2,04,we,8835360501,277,0.34,0,0,201027121504we,154672010041891693,VERMILION SNAPPER,,31.780733197,10,27,201027121504we,,0,05/04/2021
2010,12,5,4,1546720100418012,7,2,04,we,8835360501,289,0.4,0,0,201027121504we,154672010041891693,VERMILION SNAPPER,,31.780733197,11,28,201027121504we,,0,05/04/2021
2010,12,5,4,1546720100418012,7,2,04,we,8835360501,306,0.5,1,1,201027121504we,154672010041891693,VERMILION SNAPPER,,31.780733197,12,30,201027121504we,,0,05/04/2021
2010,12,5,4,1546720100418012,7,2,04,we,8835280801,756,5.5,0,0,201027121504we,154672010041891693,GREATER AMBERJACK,,31.780733197,29,75,201027121504we,,0,05/04/2021
2010,12,5,4,1546720100418012,7,2,04,we,8835280801,945,10.84,0,0,201027121504we,154672010041891693,GREATER AMBERJACK,,31.780733197,37,94,201027121504we,,0,05/04/2021
2010,12,5,4,1546720100418013,7,2,04,we,,,,0,0,201027121504we,154672010041891693,,,32.12303048,,,201027121504we,,0,05/04/2021
2010,12,5,4,1546720100418015,7,2,04,we,,,,0,0,201027121504we,154672010041891693,,,32.12303048,,,201027121504we,,0,05/04/2021
2010,12,5,4,1546720100418020,7,2,04,we,,,,0,0,201027121504we,154672010041891693,,,32.12303048,,,201027121504we,,0,05/04/2021
2010,12,5,4,1546720100418021,7,2,04,we,,,,0,0,201027121504we,154672010041891693,,,32.12303048,,,201027121504we,,0,05/04/2021
2010,12,5,3,1546720100428001,7,2,04,wd,8857030302,438,0.8,0,0,201027121504wd,154672010042891693,GULF FLOUNDER,,44.52762526,17,43,201027121504wd,,0,05/04/2021
2010,12,5,3,1546720100428001,7,2,04,wd,8835430602,236,0.28,1,1,201027121504wd,154672010042891693,RED PORGY,,169.20497599,9,23,201027121504wd,,0,05/04/2021
2010,12,5,3,1546720100428001,7,2,04,wd,8835430602,259,0.33,1,1,201027121504wd,154672010042891693,RED PORGY,,169.20497599,10,25,201027121504wd,,0,05/04/2021
2010,12,5,3,1546720100428001,7,2,04,wd,8835430602,269,0.34,1,1,201027121504wd,154672010042891693,RED PORGY,,169.20497599,10,26,201027121504wd,,0,05/04/2021
2010,12,5,3,1546720100428001,7,2,04,wd,8835430602,279,0.44,1,1,201027121504wd,154672010042891693,RED PORGY,,169.20497599,10,27,201027121504wd,,0,05/04/2021
2010,12,5,3,1546720100428001,7,2,04,wd,8860020201,469,2.84,0,0,201027121504wd,154672010042891693,GRAY TRIGGERFISH,,44.52762526,18,46,201027121504wd,,0,05/04/2021
2010,12,5,3,1546720100428001,7,2,04,wd,8835430602,296,0.52,1,1,201027121504wd,154672010042891693,RED PORGY,,169.20497599,11,29,201027121504wd,,0,05/04/2021
2010,12,5,3,1546720100428001,7,2,04,wd,8835360501,236,0.2,1,1,201027121504wd,154672010042891693,VERMILION SNAPPER,,57.885912838,9,23,201027121504wd,,0,05/04/2021
2010,12,5,3,1546720100428001,7,2,04,wd,8835360501,259,0.24,0,0,201027121504wd,154672010042891693,VERMILION SNAPPER,,57.885912838,10,25,201027121504wd,,0,05/04/2021
2010,12,5,3,1546720100428001,7,2,04,wd,8835360501,265,0.3,0,0,201027121504wd,154672010042891693,VERMILION SNAPPER,,57.885912838,10,26,201027121504wd,,0,05/04/2021
2010,12,5,3,1546720100428001,7,2,04,wd,8835360501,267,0.32,0,0,201027121504wd,154672010042891693,VERMILION SNAPPER,,57.885912838,10,26,201027121504wd,,0,05/04/2021
2010,12,5,3,1546720100428001,7,2,04,wd,8835360501,270,0.34,1,1,201027121504wd,154672010042891693,VERMILION SNAPPER,,57.885912838,10,27,201027121504wd,,0,05/04/2021
2010,12,5,3,1546720100428001,7,2,04,wd,8835360501,284,0.38,0,0,201027121504wd,154672010042891693,VERMILION SNAPPER,,57.885912838,11,28,201027121504wd,,0,05/04/2021
2010,12,5,3,1546720100428001,7,2,04,wd,8835360501,288,0.38,0,0,201027121504wd,154672010042891693,VERMILION SNAPPER,,57.885912838,11,28,201027121504wd,,0,05/04/2021
2010,12,5,3,1546720100428001,7,2,04,wd,8835360501,295,0.38,1,1,201027121504wd,154672010042891693,VERMILION SNAPPER,,57.885912838,11,29,201027121504wd,,0,05/04/2021
2010,12,5,3,1546720100428001,7,2,04,wd,8835360501,301,0.48,1,1,201027121504wd,154672010042891693,VERMILION SNAPPER,,57.885912838,11,30,201027121504wd,,0,05/04/2021
2010,12,5,3,1546720100428001,7,2,04,wd,8835360501,330,0.48,0,0,201027121504wd,154672010042891693,VERMILION SNAPPER,,57.885912838,12,33,201027121504wd,,0,05/04/2021
2010,12,5,3,1546720100428002,7,2,04,wd,,,,0,0,201027121504wd,154672010042891693,,,44.52762526,,,201027121504wd,,0,05/04/2021
2010,12,5,3,1546720100428003,7,2,04,wd,,,,0,0,201027121504wd,154672010042891693,,,44.52762526,,,201027121504wd,,0,05/04/2021
2010,12,5,3,1546720100428004,7,2,04,wd,,,,0,0,201027121504wd,154672010042891693,,,44.52762526,,,201027121504wd,,0,05/04/2021
2010,12,5,3,1546720100428005,7,2,04,wd,,,,0,0,201027121504wd,154672010042891693,,,44.52762526,,,201027121504wd,,0,05/04/2021
2010,12,5,3,1546720100428006,7,2,04,wd,,,,0,0,201027121504wd,154672010042891693,,,44.52762526,,,201027121504wd,,0,05/04/2021
2010,12,5,3,1546720100428007,7,2,04,wd,,,,0,0,201027121504wd,154672010042891693,,,44.52762526,,,201027121504wd,,0,05/04/2021
2010,12,5,3,1546720100428008,7,2,04,wd,,,,0,0,201027121504wd,154672010042891693,,,44.52762526,,,201027121504wd,,0,05/04/2021
2010,12,5,3,1546720100428009,7,2,04,wd,,,,0,0,201027121504wd,154672010042891693,,,44.52762526,,,201027121504wd,,0,05/04/2021
2010,12,5,3,1546720100428010,7,2,04,wd,8850030502,308,0.3,0,0,201027121504wd,154672010042891693,SPANISH MACKEREL,,62.743471957,12,30,201027121504wd,,0,05/04/2021
2010,12,5,3,1546720100428010,7,2,04,wd,8850030502,321,0.3,0,0,201027121504wd,154672010042891693,SPANISH MACKEREL,,62.743471957,12,32,201027121504wd,,0,05/04/2021
2010,12,5,3,1546720100428010,7,2,04,wd,8850030502,323,0.3,0,0,201027121504wd,154672010042891693,SPANISH MACKEREL,,62.743471957,12,32,201027121504wd,,0,05/04/2021
2010,12,5,3,1546720100428010,7,2,04,wd,8850030502,323,0.3,0,0,201027121504wd,154672010042891693,SPANISH MACKEREL,,62.743471957,12,32,201027121504wd,,0,05/04/2021
2010,12,5,3,1546720100428010,7,2,04,wd,8850030502,323,0.3,1,1,201027121504wd,154672010042891693,SPANISH MACKEREL,,62.743471957,12,32,201027121504wd,,0,05/04/2021
2010,12,5,3,1546720100428010,7,2,04,wd,8850030502,325,0.32,0,0,201027121504wd,154672010042891693,SPANISH MACKEREL,,62.743471957,12,32,201027121504wd,,0,05/04/2021
2010,12,5,3,1546720100428010,7,2,04,wd,8850030502,326,0.3,0,0,201027121504wd,154672010042891693,SPANISH MACKEREL,,62.743471957,12,32,201027121504wd,,0,05/04/2021
2010,12,5,3,1546720100428010,7,2,04,wd,8850030502,327,0.32,0,0,201027121504wd,154672010042891693,SPANISH MACKEREL,,62.743471957,12,32,201027121504wd,,0,05/04/2021
2010,12,5,3,1546720100428010,7,2,04,wd,8850030502,327,0.32,0,0,201027121504wd,154672010042891693,SPANISH MACKEREL,,62.743471957,12,32,201027121504wd,,0,05/04/2021
2010,12,5,3,1546720100428010,7,2,04,wd,8850030502,327,0.32,1,1,201027121504wd,154672010042891693,SPANISH MACKEREL,,62.743471957,12,32,201027121504wd,,0,05/04/2021
2010,12,5,3,1546720100428010,7,2,04,wd,8850030502,330,0.32,0,0,201027121504wd,154672010042891693,SPANISH MACKEREL,,62.743471957,12,33,201027121504wd,,0,05/04/2021
2010,12,5,3,1546720100428010,7,2,04,wd,8850030502,330,0.32,1,1,201027121504wd,154672010042891693,SPANISH MACKEREL,,62.743471957,12,33,201027121504wd,,0,05/04/2021
2010,12,5,3,1546720100428010,7,2,04,wd,8850030502,332,0.32,0,0,201027121504wd,154672010042891693,SPANISH MACKEREL,,62.743471957,13,33,201027121504wd,,0,05/04/2021
2010,12,5,3,1546720100428010,7,2,04,wd,8850030502,335,0.38,0,0,201027121504wd,154672010042891693,SPANISH MACKEREL,,62.743471957,13,33,201027121504wd,,0,05/04/2021
2010,12,5,3,1546720100428010,7,2,04,wd,8850030502,335,0.32,0,0,201027121504wd,154672010042891693,SPANISH MACKEREL,,62.743471957,13,33,201027121504wd,,0,05/04/2021
2010,12,5,3,1546720100428010,7,2,04,wd,8850030502,344,0.34,0,0,201027121504wd,154672010042891693,SPANISH MACKEREL,,62.743471957,13,34,201027121504wd,,0,05/04/2021
2010,12,5,3,1546720100428010,7,2,04,wd,8850030502,332,0.32,1,1,201027121504wd,154672010042891693,SPANISH MACKEREL,,62.743471957,13,33,201027121504wd,,0,05/04/2021
2010,12,5,3,1546720100428010,7,2,04,wd,8850030502,346,0.42,0,0,201027121504wd,154672010042891693,SPANISH MACKEREL,,62.743471957,13,34,201027121504wd,,0,05/04/2021
2010,12,5,3,1546720100428010,7,2,04,wd,8850030502,348,0.36,0,0,201027121504wd,154672010042891693,SPANISH MACKEREL,,62.743471957,13,34,201027121504wd,,0,05/04/2021
2010,12,5,3,1546720100428010,7,2,04,wd,8850030502,355,0.38,0,0,201027121504wd,154672010042891693,SPANISH MACKEREL,,62.743471957,13,35,201027121504wd,,0,05/04/2021
2010,12,5,3,1546720100428010,7,2,04,wd,8850030502,356,0.4,0,0,201027121504wd,154672010042891693,SPANISH MACKEREL,,62.743471957,14,35,201027121504wd,,0,05/04/2021
2010,12,5,3,1546720100428010,7,2,04,wd,8850030502,330,0.32,0,0,201027121504wd,154672010042891693,SPANISH MACKEREL,,62.743471957,12,33,201027121504wd,,0,05/04/2021
2010,12,5,3,1546720100428010,7,2,04,wd,8850030502,359,0.42,0,0,201027121504wd,154672010042891693,SPANISH MACKEREL,,62.743471957,14,35,201027121504wd,,0,05/04/2021
2010,12,5,3,1546720100428010,7,2,04,wd,8850030502,368,0.5,0,0,201027121504wd,154672010042891693,SPANISH MACKEREL,,62.743471957,14,36,201027121504wd,,0,05/04/2021
2010,12,5,3,1546720100428010,7,2,04,wd,8850030502,327,0.32,0,0,201027121504wd,154672010042891693,SPANISH MACKEREL,,62.743471957,12,32,201027121504wd,,0,05/04/2021
2010,12,5,3,1546720100428010,7,2,04,wd,8850030502,375,0.44,0,0,201027121504wd,154672010042891693,SPANISH MACKEREL,,62.743471957,14,37,201027121504wd,,0,05/04/2021
2010,12,5,3,1546720100428010,7,2,04,wd,8850030502,376,0.44,0,0,201027121504wd,154672010042891693,SPANISH MACKEREL,,62.743471957,14,37,201027121504wd,,0,05/04/2021
2010,12,5,3,1546720100428010,7,2,04,wd,8850030502,378,0.46,0,0,201027121504wd,154672010042891693,SPANISH MACKEREL,,62.743471957,14,37,201027121504wd,,0,05/04/2021
2010,12,5,3,1546720100428010,7,2,04,wd,8850030502,380,0.46,0,0,201027121504wd,154672010042891693,SPANISH MACKEREL,,62.743471957,14,38,201027121504wd,,0,05/04/2021
2010,12,5,3,1546720100428010,7,2,04,wd,8850030502,381,0.54,0,0,201027121504wd,154672010042891693,SPANISH MACKEREL,,62.743471957,14,38,201027121504wd,,0,05/04/2021
2010,12,5,3,1546720100428010,7,2,04,wd,8850030502,383,0.5,0,0,201027121504wd,154672010042891693,SPANISH MACKEREL,,62.743471957,15,38,201027121504wd,,0,05/04/2021
2010,12,5,3,1546720100428010,7,2,04,wd,8850030502,383,0.48,0,0,201027121504wd,154672010042891693,SPANISH MACKEREL,,62.743471957,15,38,201027121504wd,,0,05/04/2021
2010,12,5,3,1546720100428010,7,2,04,wd,8850030502,385,0.5,0,0,201027121504wd,154672010042891693,SPANISH MACKEREL,,62.743471957,15,38,201027121504wd,,0,05/04/2021
2010,12,5,3,1546720100428010,7,2,04,wd,8850030502,391,0.48,0,0,201027121504wd,154672010042891693,SPANISH MACKEREL,,62.743471957,15,39,201027121504wd,,0,05/04/2021
2010,12,5,3,1546720100428010,7,2,04,wd,8850030502,394,0.48,0,0,201027121504wd,154672010042891693,SPANISH MACKEREL,,62.743471957,15,39,201027121504wd,,0,05/04/2021
2010,12,5,3,1546720100428010,7,2,04,wd,8850030502,395,0.56,0,0,201027121504wd,154672010042891693,SPANISH MACKEREL,,62.743471957,15,39,201027121504wd,,0,05/04/2021
2010,12,5,3,1546720100428010,7,2,04,wd,8850030502,395,0.56,0,0,201027121504wd,154672010042891693,SPANISH MACKEREL,,62.743471957,15,39,201027121504wd,,0,05/04/2021
2010,12,5,3,1546720100428010,7,2,04,wd,8850030502,408,0.62,0,0,201027121504wd,154672010042891693,SPANISH MACKEREL,,62.743471957,16,40,201027121504wd,,0,05/04/2021
2010,12,5,3,1546720100428010,7,2,04,wd,8850030502,410,0.66,0,0,201027121504wd,154672010042891693,SPANISH MACKEREL,,62.743471957,16,41,201027121504wd,,0,05/04/2021
2010,12,5,3,1546720100428010,7,2,04,wd,8850030502,414,0.52,0,0,201027121504wd,154672010042891693,SPANISH MACKEREL,,62.743471957,16,41,201027121504wd,,0,05/04/2021
2010,12,5,3,1546720100428010,7,2,04,wd,8850030502,423,0.78,0,0,201027121504wd,154672010042891693,SPANISH MACKEREL,,62.743471957,16,42,201027121504wd,,0,05/04/2021
2010,12,5,3,1546720100428010,7,2,04,wd,8850030502,472,0.9,0,0,201027121504wd,154672010042891693,SPANISH MACKEREL,,62.743471957,18,47,201027121504wd,,0,05/04/2021
2010,12,5,3,1546720100428010,7,2,04,wd,8850030502,473,0.9,0,0,201027121504wd,154672010042891693,SPANISH MACKEREL,,62.743471957,18,47,201027121504wd,,0,05/04/2021
2010,12,5,3,1546720100428010,7,2,04,wd,8850030502,480,0.92,0,0,201027121504wd,154672010042891693,SPANISH MACKEREL,,62.743471957,18,48,201027121504wd,,0,05/04/2021
2010,12,5,3,1546720100428011,7,2,04,wd,,,,0,0,201027121504wd,154672010042891693,,,44.52762526,,,201027121504wd,,0,05/04/2021
2010,12,5,3,1546720100428015,7,2,04,wd,8860020201,337,0.82,1,1,201027121504wd,154672010042891693,GRAY TRIGGERFISH,,136.88768791,13,33,201027121504wd,,0,05/04/2021
2010,12,5,3,1546720100428015,7,2,04,wd,8860020201,364,1.08,1,1,201027121504wd,154672010042891693,GRAY TRIGGERFISH,,136.88768791,14,36,201027121504wd,,0,05/04/2021
2010,12,5,3,1546720100428015,7,2,04,wd,8860020201,371,1.1,1,1,201027121504wd,154672010042891693,GRAY TRIGGERFISH,,136.88768791,14,37,201027121504wd,,0,05/04/2021
2010,12,5,3,1546720100428015,7,2,04,wd,8860020201,469,2.84,1,1,201027121504wd,154672010042891693,GRAY TRIGGERFISH,,136.88768791,18,46,201027121504wd,,0,05/04/2021
2010,12,5,3,1546720100428015,7,2,04,wd,8860020201,337,0.82,1,1,201027121504wd,154672010042891693,GRAY TRIGGERFISH,,136.88768791,13,33,201027121504wd,,0,05/04/2021
2010,12,5,3,1546720100428015,7,2,04,wd,8835430602,229,0.28,1,1,201027121504wd,154672010042891693,RED PORGY,,79.851151279,9,22,201027121504wd,,0,05/04/2021
2010,12,5,3,1546720100428015,7,2,04,wd,8835430602,233,0.26,1,1,201027121504wd,154672010042891693,RED PORGY,,79.851151279,9,23,201027121504wd,,0,05/04/2021
2010,12,5,3,1546720100428015,7,2,04,wd,8835430602,241,0.28,1,1,201027121504wd,154672010042891693,RED PORGY,,79.851151279,9,24,201027121504wd,,0,05/04/2021
2010,12,5,3,1546720100428015,7,2,04,wd,8835430602,256,0.38,1,1,201027121504wd,154672010042891693,RED PORGY,,79.851151279,10,25,201027121504wd,,0,05/04/2021
2010,12,5,3,1546720100428015,7,2,04,wd,8835430602,261,0.36,1,1,201027121504wd,154672010042891693,RED PORGY,,79.851151279,10,26,201027121504wd,,0,05/04/2021
2010,12,5,3,1546720100428015,7,2,04,wd,8835360501,261,0.27,1,1,201027121504wd,154672010042891693,VERMILION SNAPPER,,68.443843953,10,26,201027121504wd,,0,05/04/2021
2010,12,5,3,1546720100428015,7,2,04,wd,8835360501,265,0.3,1,1,201027121504wd,154672010042891693,VERMILION SNAPPER,,68.443843953,10,26,201027121504wd,,0,05/04/2021
2010,12,5,3,1546720100428015,7,2,04,wd,8835360501,283,0.36,1,1,201027121504wd,154672010042891693,VERMILION SNAPPER,,68.443843953,11,28,201027121504wd,,0,05/04/2021
2010,12,5,3,1546720100428015,7,2,04,wd,8835360501,288,0.38,1,1,201027121504wd,154672010042891693,VERMILION SNAPPER,,68.443843953,11,28,201027121504wd,,0,05/04/2021
2010,12,5,3,1546720100428015,7,2,04,wd,8835360501,330,0.48,1,1,201027121504wd,154672010042891693,VERMILION SNAPPER,,68.443843953,12,33,201027121504wd,,0,05/04/2021
2010,12,5,3,1546720100428018,7,2,04,wd,,,,0,0,201027121504wd,154672010042891693,,,57.036536628,,,201027121504wd,,0,05/04/2021
2010,12,5,3,1546720100428019,7,2,04,wd,,,,0,0,201027121504wd,154672010042891693,,,57.036536628,,,201027121504wd,,0,05/04/2021
2010,12,5,4,1546720100428022,7,2,04,wd,8860020201,345,1.02,0,0,201027121504wd,154672010042891692,GRAY TRIGGERFISH,,230.57553329,13,34,201027121504wd,,0,05/04/2021
2010,12,5,4,1546720100428022,7,2,04,wd,8860020201,354,0.98,1,1,201027121504wd,154672010042891692,GRAY TRIGGERFISH,,230.57553329,13,35,201027121504wd,,0,05/04/2021
2010,12,5,4,1546720100428022,7,2,04,wd,8860020201,367,1.14,0,0,201027121504wd,154672010042891692,GRAY TRIGGERFISH,,230.57553329,14,36,201027121504wd,,0,05/04/2021
2010,12,5,4,1546720100428022,7,2,04,wd,8860020201,367,1.14,1,1,201027121504wd,154672010042891692,GRAY TRIGGERFISH,,230.57553329,14,36,201027121504wd,,0,05/04/2021
2010,12,5,4,1546720100428022,7,2,04,wd,8860020201,377,1.32,1,1,201027121504wd,154672010042891692,GRAY TRIGGERFISH,,230.57553329,14,37,201027121504wd,,0,05/04/2021
2010,12,5,4,1546720100428022,7,2,04,wd,8860020201,380,1.18,1,1,201027121504wd,154672010042891692,GRAY TRIGGERFISH,,230.57553329,14,38,201027121504wd,,0,05/04/2021
2010,12,5,4,1546720100428022,7,2,04,wd,8835430602,193,0.16,1,1,201027121504wd,154672010042891692,RED PORGY,,423.68254241,7,19,201027121504wd,,0,05/04/2021
2010,12,5,4,1546720100428022,7,2,04,wd,8835430602,212,0.22,1,1,201027121504wd,154672010042891692,RED PORGY,,423.68254241,8,21,201027121504wd,,0,05/04/2021
2010,12,5,4,1546720100428022,7,2,04,wd,8835430602,235,0.3,0,0,201027121504wd,154672010042891692,RED PORGY,,423.68254241,9,23,201027121504wd,,0,05/04/2021
2010,12,5,4,1546720100428022,7,2,04,wd,8835430602,245,0.3,0,0,201027121504wd,154672010042891692,RED PORGY,,423.68254241,9,24,201027121504wd,,0,05/04/2021
2010,12,5,4,1546720100428022,7,2,04,wd,8835430602,274,0.42,0,0,201027121504wd,154672010042891692,RED PORGY,,423.68254241,10,27,201027121504wd,,0,05/04/2021
2010,12,5,4,1546720100428022,7,2,04,wd,8835430602,278,0.5,1,1,201027121504wd,154672010042891692,RED PORGY,,423.68254241,10,27,201027121504wd,,0,05/04/2021
2010,12,5,4,1546720100428022,7,2,04,wd,8835430602,280,0.48,0,0,201027121504wd,154672010042891692,RED PORGY,,423.68254241,11,28,201027121504wd,,0,05/04/2021
2010,12,5,4,1546720100428022,7,2,04,wd,8835430602,293,0.54,0,0,201027121504wd,154672010042891692,RED PORGY,,423.68254241,11,29,201027121504wd,,0,05/04/2021
2010,12,5,4,1546720100428022,7,2,04,wd,8835430602,278,0.5,0,0,201027121504wd,154672010042891692,RED PORGY,,423.68254241,10,27,201027121504wd,,0,05/04/2021
2010,12,5,4,1546720100428022,7,2,04,wd,8835360501,264,0.32,0,0,201027121504wd,154672010042891692,VERMILION SNAPPER,,412.47400954,10,26,201027121504wd,,0,05/04/2021
2010,12,5,4,1546720100428022,7,2,04,wd,8835360501,278,0.4,0,0,201027121504wd,154672010042891692,VERMILION SNAPPER,,412.47400954,10,27,201027121504wd,,0,05/04/2021
2010,12,5,4,1546720100428022,7,2,04,wd,8835360501,286,0.4,0,0,201027121504wd,154672010042891692,VERMILION SNAPPER,,412.47400954,11,28,201027121504wd,,0,05/04/2021
2010,12,5,4,1546720100428022,7,2,04,wd,8835360501,290,0.42,0,0,201027121504wd,154672010042891692,VERMILION SNAPPER,,412.47400954,11,29,201027121504wd,,0,05/04/2021
2010,12,5,4,1546720100428022,7,2,04,wd,8835430602,220,0.2,1,1,201027121504wd,154672010042891692,RED PORGY,,423.68254241,8,22,201027121504wd,,0,05/04/2021
2010,12,5,4,1546720100428022,7,2,04,wd,8835360501,290,0.46,1,1,201027121504wd,154672010042891692,VERMILION SNAPPER,,412.47400954,11,29,201027121504wd,,0,05/04/2021
2010,12,5,4,1546720100428022,7,2,04,wd,8835360501,296,0.48,0,0,201027121504wd,154672010042891692,VERMILION SNAPPER,,412.47400954,11,29,201027121504wd,,0,05/04/2021
2010,12,5,4,1546720100428022,7,2,04,wd,8860020201,380,1.18,0,0,201027121504wd,154672010042891692,GRAY TRIGGERFISH,,230.57553329,14,38,201027121504wd,,0,05/04/2021
2010,12,5,4,1546720100428022,7,2,04,wd,8835360501,298,0.48,1,1,201027121504wd,154672010042891692,VERMILION SNAPPER,,412.47400954,11,29,201027121504wd,,0,05/04/2021
2010,12,5,4,1546720100428022,7,2,04,wd,8835360501,299,0.44,0,0,201027121504wd,154672010042891692,VERMILION SNAPPER,,412.47400954,11,29,201027121504wd,,0,05/04/2021
2010,12,5,4,1546720100428022,7,2,04,wd,8835360501,300,0.42,0,0,201027121504wd,154672010042891692,VERMILION SNAPPER,,412.47400954,11,30,201027121504wd,,0,05/04/2021
2010,12,5,4,1546720100428022,7,2,04,wd,8835360501,301,0.54,0,0,201027121504wd,154672010042891692,VERMILION SNAPPER,,412.47400954,11,30,201027121504wd,,0,05/04/2021
2010,12,5,4,1546720100428022,7,2,04,wd,8835360501,301,0.48,0,0,201027121504wd,154672010042891692,VERMILION SNAPPER,,412.47400954,11,30,201027121504wd,,0,05/04/2021
2010,12,5,4,1546720100428022,7,2,04,wd,8835360501,302,0.52,0,0,201027121504wd,154672010042891692,VERMILION SNAPPER,,412.47400954,11,30,201027121504wd,,0,05/04/2021
2010,12,5,4,1546720100428022,7,2,04,wd,8835360501,304,0.52,0,0,201027121504wd,154672010042891692,VERMILION SNAPPER,,412.47400954,11,30,201027121504wd,,0,05/04/2021
2010,12,5,4,1546720100428022,7,2,04,wd,8835360501,307,0.48,1,1,201027121504wd,154672010042891692,VERMILION SNAPPER,,412.47400954,12,30,201027121504wd,,0,05/04/2021
2010,12,5,4,1546720100428022,7,2,04,wd,8835360501,316,0.5,1,1,201027121504wd,154672010042891692,VERMILION SNAPPER,,412.47400954,12,31,201027121504wd,,0,05/04/2021
2010,12,5,4,1546720100428022,7,2,04,wd,8835360112,286,0.4,1,1,201027121504wd,154672010042891692,LANE SNAPPER,,67.251197208,11,28,201027121504wd,,0,05/04/2021
2010,12,5,4,1546720100428022,7,2,04,wd,8835360112,425,1.17,1,1,201027121504wd,154672010042891692,LANE SNAPPER,,67.251197208,16,42,201027121504wd,,0,05/04/2021
2010,12,5,4,1546720100428022,7,2,04,wd,8835280306,250,0.28,1,1,201027121504wd,154672010042891692,BLUE RUNNER,,67.251197208,9,25,201027121504wd,,0,05/04/2021
2010,12,5,4,1546720100428022,7,2,04,wd,8835280306,294,0.46,1,1,201027121504wd,154672010042891692,BLUE RUNNER,,67.251197208,11,29,201027121504wd,,0,05/04/2021
2010,12,5,4,1546720100428022,7,2,04,wd,8835020501,653,5.06,0,0,201027121504wd,154672010042891692,GAG,,67.251197208,25,65,201027121504wd,,0,05/04/2021
2010,12,5,4,1546720100428022,7,2,04,wd,8835020408,503,1.94,1,1,201027121504wd,154672010042891692,RED GROUPER,,67.251197208,19,50,201027121504wd,,0,05/04/2021
2010,12,5,4,1546720100428022,7,2,04,wd,8835020402,388,0.84,0,0,201027121504wd,154672010042891692,ROCK HIND,,67.251197208,15,38,201027121504wd,,0,05/04/2021
2010,12,5,4,1546720100428023,7,2,04,wd,,,,0,0,201027121504wd,154672010042891692,,,74.623094792,,,201027121504wd,,0,05/04/2021
2010,12,5,4,1546720100428024,7,2,04,wd,,,,0,0,201027121504wd,154672010042891692,,,74.623094792,,,201027121504wd,,0,05/04/2021
2010,12,5,4,1546720100428025,7,2,04,wd,,,,0,0,201027121504wd,154672010042891692,,,74.623094792,,,201027121504wd,,0,05/04/2021
2010,12,5,4,1546720100428026,7,2,04,wd,,,,0,0,201027121504wd,154672010042891692,,,74.623094792,,,201027121504wd,,0,05/04/2021
2010,12,5,4,1546720100428027,7,2,04,wd,,,,0,0,201027121504wd,154672010042891692,,,74.623094792,,,201027121504wd,,0,05/04/2021
2010,12,5,4,1546720100428028,7,2,04,wd,,,,0,0,201027121504wd,154672010042891692,,,74.623094792,,,201027121504wd,,0,05/04/2021
2010,12,5,4,1546720100428029,7,2,04,wd,,,,0,0,201027121504wd,154672010042891692,,,74.623094792,,,201027121504wd,,0,05/04/2021
2010,12,5,4,1546720100428030,7,2,04,wd,,,,0,0,201027121504wd,154672010042891692,,,74.623094792,,,201027121504wd,,0,05/04/2021
2010,12,5,4,1546720100428031,7,2,04,wd,,,,0,0,201027121504wd,154672010042891692,,,74.623094792,,,201027121504wd,,0,05/04/2021
2010,12,5,4,1546720100428032,7,2,04,wd,,,,0,0,201027121504wd,154672010042891692,,,74.623094792,,,201027121504wd,,0,05/04/2021
2010,12,5,4,1546720100430001,7,2,04,wd,8860020201,345,1.06,0,0,201027121504wd,154672010043091599,GRAY TRIGGERFISH,,76.219933504,13,34,201027121504wd,,0,05/04/2021
2010,12,5,4,1546720100430001,7,2,04,wd,8860020201,354,0.98,0,0,201027121504wd,154672010043091599,GRAY TRIGGERFISH,,76.219933504,13,35,201027121504wd,,0,05/04/2021
2010,12,5,4,1546720100430001,7,2,04,wd,8860020201,367,1.1,0,0,201027121504wd,154672010043091599,GRAY TRIGGERFISH,,76.219933504,14,36,201027121504wd,,0,05/04/2021
2010,12,5,4,1546720100430001,7,2,04,wd,8835360501,247,0.24,0,0,201027121504wd,154672010043091599,VERMILION SNAPPER,,80.231508952,9,24,201027121504wd,,0,05/04/2021
2010,12,5,4,1546720100430001,7,2,04,wd,8835360501,247,0.24,1,1,201027121504wd,154672010043091599,VERMILION SNAPPER,,80.231508952,9,24,201027121504wd,,0,05/04/2021
2010,12,5,4,1546720100430001,7,2,04,wd,8835360501,274,0.35,0,0,201027121504wd,154672010043091599,VERMILION SNAPPER,,80.231508952,10,27,201027121504wd,,0,05/04/2021
2010,12,5,4,1546720100430001,7,2,04,wd,8835360501,274,0.35,1,1,201027121504wd,154672010043091599,VERMILION SNAPPER,,80.231508952,10,27,201027121504wd,,0,05/04/2021
2010,12,5,4,1546720100430001,7,2,04,wd,8835360501,290,0.46,0,0,201027121504wd,154672010043091599,VERMILION SNAPPER,,80.231508952,11,29,201027121504wd,,0,05/04/2021
2010,12,5,4,1546720100430001,7,2,04,wd,8835360501,290,0.42,0,0,201027121504wd,154672010043091599,VERMILION SNAPPER,,80.231508952,11,29,201027121504wd,,0,05/04/2021
2010,12,5,4,1546720100430001,7,2,04,wd,8835360501,290,0.4,0,0,201027121504wd,154672010043091599,VERMILION SNAPPER,,80.231508952,11,29,201027121504wd,,0,05/04/2021
2010,12,5,4,1546720100430001,7,2,04,wd,8835360501,290,0.42,1,1,201027121504wd,154672010043091599,VERMILION SNAPPER,,80.231508952,11,29,201027121504wd,,0,05/04/2021
2010,12,5,4,1546720100430001,7,2,04,wd,8835360501,290,0.4,1,1,201027121504wd,154672010043091599,VERMILION SNAPPER,,80.231508952,11,29,201027121504wd,,0,05/04/2021
2010,12,5,4,1546720100430001,7,2,04,wd,8835360501,296,0.46,0,0,201027121504wd,154672010043091599,VERMILION SNAPPER,,80.231508952,11,29,201027121504wd,,0,05/04/2021
2010,12,5,4,1546720100430001,7,2,04,wd,8835360501,298,0.48,0,0,201027121504wd,154672010043091599,VERMILION SNAPPER,,80.231508952,11,29,201027121504wd,,0,05/04/2021
2010,12,5,4,1546720100430001,7,2,04,wd,8835430602,274,0.42,1,1,201027121504wd,154672010043091599,RED PORGY,,76.219933504,10,27,201027121504wd,,0,05/04/2021
2010,12,5,4,1546720100430001,7,2,04,wd,8835360501,306,0.5,0,0,201027121504wd,154672010043091599,VERMILION SNAPPER,,80.231508952,12,30,201027121504wd,,0,05/04/2021
2010,12,5,4,1546720100430001,7,2,04,wd,8835360501,307,0.48,0,0,201027121504wd,154672010043091599,VERMILION SNAPPER,,80.231508952,12,30,201027121504wd,,0,05/04/2021
2010,12,5,4,1546720100430001,7,2,04,wd,8835360501,316,0.5,0,0,201027121504wd,154672010043091599,VERMILION SNAPPER,,80.231508952,12,31,201027121504wd,,0,05/04/2021
2010,12,5,4,1546720100430001,7,2,04,wd,8835360501,317,0.56,0,0,201027121504wd,154672010043091599,VERMILION SNAPPER,,80.231508952,12,31,201027121504wd,,0,05/04/2021
2010,12,5,4,1546720100430001,7,2,04,wd,8835360501,327,0.64,0,0,201027121504wd,154672010043091599,VERMILION SNAPPER,,80.231508952,12,32,201027121504wd,,0,05/04/2021
2010,12,5,4,1546720100430001,7,2,04,wd,8835360501,328,0.62,0,0,201027121504wd,154672010043091599,VERMILION SNAPPER,,80.231508952,12,32,201027121504wd,,0,05/04/2021
2010,12,5,4,1546720100430001,7,2,04,wd,8835360501,344,0.66,0,0,201027121504wd,154672010043091599,VERMILION SNAPPER,,80.231508952,13,34,201027121504wd,,0,05/04/2021
2010,12,5,4,1546720100430001,7,2,04,wd,8835360501,355,0.78,0,0,201027121504wd,154672010043091599,VERMILION SNAPPER,,80.231508952,13,35,201027121504wd,,0,05/04/2021
2010,12,5,4,1546720100430001,7,2,04,wd,8835360102,367,0.7,0,0,201027121504wd,154672010043091599,GRAY SNAPPER,,76.219933504,14,36,201027121504wd,,0,05/04/2021
2010,12,5,4,1546720100430001,7,2,04,wd,8835020501,771,6.88,0,0,201027121504wd,154672010043091599,GAG,,76.219933504,30,77,201027121504wd,,0,05/04/2021
2010,12,5,4,1546720100430002,7,2,04,wd,,,,0,0,201027121504wd,154672010043091599,,,76.219933504,,,201027121504wd,,0,05/04/2021
2010,12,5,4,1546720100430003,7,2,04,wd,,,,0,0,201027121504wd,154672010043091599,,,76.219933504,,,201027121504wd,,0,05/04/2021
2010,12,5,4,1546720100430004,7,2,04,wd,,,,0,0,201027121504wd,154672010043091599,,,76.219933504,,,201027121504wd,,0,05/04/2021
2010,12,5,4,1546720100430005,7,2,04,wd,,,,0,0,201027121504wd,154672010043091599,,,76.219933504,,,201027121504wd,,0,05/04/2021
2010,12,5,3,1546720100430006,7,2,04,wd,8850030501,806,3.88,0,0,201027121504wd,154672010043091599,KING MACKEREL,,20.07610008,31,80,201027121504wd,,0,05/04/2021
2010,12,5,3,1546720100430006,7,2,04,wd,8850030501,875,5.44,0,0,201027121504wd,154672010043091599,KING MACKEREL,,20.07610008,34,87,201027121504wd,,0,05/04/2021
2010,12,5,3,1546720100430006,7,2,04,wd,8850030501,878,5.3,0,0,201027121504wd,154672010043091599,KING MACKEREL,,20.07610008,34,87,201027121504wd,,0,05/04/2021
2010,12,5,3,1546720100430006,7,2,04,wd,8850030501,878,5.3,1,1,201027121504wd,154672010043091599,KING MACKEREL,,20.07610008,34,87,201027121504wd,,0,05/04/2021
2010,12,5,3,1546720100430006,7,2,04,wd,8850030501,883,5.1,0,0,201027121504wd,154672010043091599,KING MACKEREL,,20.07610008,34,88,201027121504wd,,0,05/04/2021
2010,12,5,3,1546720100430006,7,2,04,wd,8850030501,1102,10.77002548,0,0,201027121504wd,154672010043091599,KING MACKEREL,,20.07610008,43,110,201027121504wd,,0,05/04/2021
2010,12,5,3,1546720100430006,7,2,04,wd,8835280801,874,8.56,1,1,201027121504wd,154672010043091599,GREATER AMBERJACK,,24.091320096,34,87,201027121504wd,,0,05/04/2021
2010,12,5,3,1546720100430006,7,2,04,wd,8835280801,984,13.3,1,1,201027121504wd,154672010043091599,GREATER AMBERJACK,,24.091320096,38,98,201027121504wd,,0,05/04/2021
2010,12,5,3,1546720100430006,7,2,04,wd,8835280801,1001,13.7,1,1,201027121504wd,154672010043091599,GREATER AMBERJACK,,24.091320096,39,100,201027121504wd,,0,05/04/2021
2010,12,5,3,1546720100430006,7,2,04,wd,8835280801,1022,12.54,1,1,201027121504wd,154672010043091599,GREATER AMBERJACK,,24.091320096,40,102,201027121504wd,,0,05/04/2021
2010,12,5,3,1546720100430006,7,2,04,wd,8835280801,874,8.57,1,1,201027121504wd,154672010043091599,GREATER AMBERJACK,,24.091320096,34,87,201027121504wd,,0,05/04/2021
2010,12,5,3,1546720100430007,7,2,04,wd,,,,0,0,201027121504wd,154672010043091599,,,20.07610008,,,201027121504wd,,0,05/04/2021
2010,12,5,3,1546720100430008,7,2,04,wd,,,,0,0,201027121504wd,154672010043091599,,,20.07610008,,,201027121504wd,,0,05/04/2021
2010,12,5,3,1546720100430009,7,2,04,wd,,,,0,0,201027121504wd,154672010043091599,,,20.07610008,,,201027121504wd,,0,05/04/2021
2010,12,5,3,1546720100430011,7,2,04,wd,,,,0,0,201027121504wd,154672010043091599,,,20.07610008,,,201027121504wd,,0,05/04/2021
2010,12,7,5,1000920100318001,7,2,03,wd,,,,0,0,201027128703wd,1000920100318101899,,,1147.4718543,,,201027128703wd,,0,05/04/2021
2010,12,7,5,1000920100318002,7,2,03,wd,,,,0,0,201027128703wd,1000920100318101899,,,1147.4718543,,,201027128703wd,,0,05/04/2021
2010,12,7,5,1000920100318005,7,2,03,wd,,,,0,0,201027128703wd,1000920100318101899,,,1147.4718543,,,201027128703wd,,0,05/04/2021
2010,12,7,5,1000920100318006,7,2,03,wd,8835440102,467,1.05,0,0,201027128703wd,1000920100318101899,SPOTTED SEATROUT,,950.04296215,18,46,201027128703wd,,0,05/04/2021
2010,12,7,5,1000920100318007,7,2,03,wd,,,,0,0,201027128703wd,1000920100318101899,,,950.04296215,,,201027128703wd,,0,05/04/2021
2010,12,7,5,1000920100318008,7,2,03,wd,8835440102,499,1.1790474353,0,1,201027128703wd,1000920100318101899,SPOTTED SEATROUT,,1147.4718543,19,49,201027128703wd,,0,05/04/2021
2010,12,7,5,1000920100318008,7,2,03,wd,8738010101,412,0.5,0,0,201027128703wd,1000920100318101899,LADYFISH,,1147.4718543,16,41,201027128703wd,,0,05/04/2021
2010,12,7,5,1000920100318008,7,2,03,wd,8738010101,425,0.55,0,0,201027128703wd,1000920100318101899,LADYFISH,,1147.4718543,16,42,201027128703wd,,0,05/04/2021
2010,12,7,5,1000920100318010,7,2,03,wd,8835440102,388,0.48,0,0,201027128703wd,1000920100318101899,SPOTTED SEATROUT,,1147.4718543,15,38,201027128703wd,,0,05/04/2021
2010,12,7,5,1000920100318010,7,2,03,wd,8835440102,392,0.58,0,0,201027128703wd,1000920100318101899,SPOTTED SEATROUT,,1147.4718543,15,39,201027128703wd,,0,05/04/2021
2010,12,7,5,1000920100318010,7,2,03,wd,8835440102,465,0.95,0,0,201027128703wd,1000920100318101899,SPOTTED SEATROUT,,1147.4718543,18,46,201027128703wd,,0,05/04/2021
2010,12,7,5,1000920100318011,7,2,03,wd,,,,0,0,201027128703wd,1000920100318101899,,,1147.4718543,,,201027128703wd,,0,05/04/2021
2010,12,7,3,1000920100318012,7,2,03,wd,8835440901,573,2,0,0,201027128703wd,1000920100318101899,RED DRUM,,1463.8764319,22,57,201027128703wd,,0,05/04/2021
2010,12,7,5,1000920100318014,7,2,03,wd,8835440801,400,1.05,0,0,201027128703wd,1000920100318101899,BLACK DRUM,,1147.4718543,15,40,201027128703wd,,0,05/04/2021
2010,12,7,5,1000920100318015,7,2,03,wd,8835440801,520,2.1,0,0,201027128703wd,1000920100318101899,BLACK DRUM,,1147.4718543,20,52,201027128703wd,,0,05/04/2021
2010,12,7,5,1000920100318015,7,2,03,wd,8835430201,115,0.0295285137,0,1,201027128703wd,1000920100318101899,PINFISH,,1529.9624724,4,11,201027128703wd,,0,05/04/2021
2010,12,7,5,1000920100318015,7,2,03,wd,8835430201,120,0.0337204613,0,1,201027128703wd,1000920100318101899,PINFISH,,1529.9624724,4,12,201027128703wd,,0,05/04/2021
2010,12,7,5,1000920100318015,7,2,03,wd,8835430201,127,0.0402433298,0,1,201027128703wd,1000920100318101899,PINFISH,,1529.9624724,4,12,201027128703wd,,0,05/04/2021
2010,12,7,5,1000920100318015,7,2,03,wd,8835430201,138,0.0521455464,0,1,201027128703wd,1000920100318101899,PINFISH,,1529.9624724,5,13,201027128703wd,,0,05/04/2021
2010,12,7,5,1000920100318015,7,2,03,wd,8835430201,138,0.0521455464,1,1,201027128703wd,1000920100318101899,PINFISH,,1529.9624724,5,13,201027128703wd,,0,05/04/2021
2010,12,7,5,1000920100318015,7,2,03,wd,8835430201,138,0.0521455464,1,1,201027128703wd,1000920100318101899,PINFISH,,1529.9624724,5,13,201027128703wd,,0,05/04/2021
2010,12,7,5,1000920100318015,7,2,03,wd,8835430201,138,0.0521455464,1,1,201027128703wd,1000920100318101899,PINFISH,,1529.9624724,5,13,201027128703wd,,0,05/04/2021
2010,12,7,5,1000920100318015,7,2,03,wd,8835430201,138,0.0521455464,1,1,201027128703wd,1000920100318101899,PINFISH,,1529.9624724,5,13,201027128703wd,,0,05/04/2021
2010,12,7,5,1000920100318015,7,2,03,wd,8835430201,140,0.0545391584,0,1,201027128703wd,1000920100318101899,PINFISH,,1529.9624724,5,14,201027128703wd,,0,05/04/2021
2010,12,7,5,1000920100318015,7,2,03,wd,8738010101,460,0.68,0,0,201027128703wd,1000920100318101899,LADYFISH,,1147.4718543,18,46,201027128703wd,,0,05/04/2021
2010,12,7,5,1000920100320003,7,2,03,we,8835430301,317,0.78,0,0,201027128703we,100092010032057725,SHEEPSHEAD,,499.31138214,12,31,201027128703we,,0,05/04/2021
2010,12,7,5,1000920100320003,7,2,03,we,8835430301,321,0.85,0,0,201027128703we,100092010032057725,SHEEPSHEAD,,499.31138214,12,32,201027128703we,,0,05/04/2021
2010,12,7,5,1000920100320003,7,2,03,we,8835430301,345,1.05,0,0,201027128703we,100092010032057725,SHEEPSHEAD,,499.31138214,13,34,201027128703we,,0,05/04/2021
2010,12,7,5,1000920100320003,7,2,03,we,8835430301,350,1.08,0,0,201027128703we,100092010032057725,SHEEPSHEAD,,499.31138214,13,35,201027128703we,,0,05/04/2021
2010,12,7,5,1000920100320003,7,2,03,we,8835430301,388,1.58,0,0,201027128703we,100092010032057725,SHEEPSHEAD,,499.31138214,15,38,201027128703we,,0,05/04/2021
2010,12,7,5,1000920100320003,7,2,03,we,8835430301,390,1.5,0,0,201027128703we,100092010032057725,SHEEPSHEAD,,499.31138214,15,39,201027128703we,,0,05/04/2021
2010,12,7,5,1000920100320004,7,2,03,we,,,,0,0,201027128703we,100092010032057725,,,499.31138214,,,201027128703we,,0,05/04/2021
2010,12,7,5,1000920100320005,7,2,03,we,,,,0,0,201027128703we,100092010032057725,,,499.31138214,,,201027128703we,,0,05/04/2021
2010,12,7,5,1000920100320009,7,2,03,we,,,,0,0,201027128703we,100092010032057725,,,499.31138214,,,201027128703we,,0,05/04/2021
2010,12,7,5,1000920100320010,7,2,03,we,,,,0,0,201027128703we,100092010032057725,,,499.31138214,,,201027128703we,,0,05/04/2021
2010,12,7,5,1000920100320012,7,2,03,we,,,,0,0,201027128703we,100092010032057725,,,499.31138214,,,201027128703we,,0,05/04/2021
2010,12,7,5,1000920100320013,7,2,03,we,8835440901,451,0.98,0,0,201027128703we,100092010032057725,RED DRUM,,499.31138214,17,45,201027128703we,,0,05/04/2021
2010,12,7,5,1000920100320013,7,2,03,we,8835440102,382,0.48,0,0,201027128703we,100092010032057725,SPOTTED SEATROUT,,499.31138214,15,38,201027128703we,,0,05/04/2021
2010,12,7,5,1000920100320014,7,2,03,we,8835440901,490,1.23,0,0,201027128703we,100092010032057725,RED DRUM,,499.31138214,19,49,201027128703we,,0,05/04/2021
2010,12,7,5,1000920100320015,7,2,03,we,,,,0,0,201027128703we,100092010032057725,,,499.31138214,,,201027128703we,,0,05/04/2021
2010,12,7,5,1000920100320016,7,2,03,we,,,,0,0,201027128703we,100092010032057725,,,499.31138214,,,201027128703we,,0,05/04/2021
2010,12,7,5,1000920100320017,7,2,03,we,,,,0,0,201027128703we,100092010032057725,,,499.31138214,,,201027128703we,,0,05/04/2021
2010,12,7,5,1000920100320020,7,2,03,we,,,,0,0,201027128703we,100092010032057725,,,499.31138214,,,201027128703we,,0,05/04/2021
2010,12,7,5,1000920100320021,7,2,03,we,8835440102,584,1.83,0,0,201027128703we,100092010032057725,SPOTTED SEATROUT,,499.31138214,22,58,201027128703we,,0,05/04/2021
2010,12,7,5,1000920100320023,7,2,03,we,,,,0,0,201027128703we,100092010032057725,,,499.31138214,,,201027128703we,,0,05/04/2021
2010,12,7,5,1000920100320024,7,2,03,we,,,,0,0,201027128703we,100092010032057725,,,499.31138214,,,201027128703we,,0,05/04/2021
2010,12,7,5,1000920100320025,7,2,03,we,,,,0,0,201027128703we,100092010032057725,,,499.31138214,,,201027128703we,,0,05/04/2021
2010,12,7,5,1000920100320026,7,2,03,we,8835441208,255,0.25,0,0,201027128703we,100092010032057725,BLACKBAR DRUM,,499.31138214,10,25,201027128703we,,0,05/04/2021
2010,12,7,5,1000920100320026,7,2,03,we,8835430301,290,0.63,0,0,201027128703we,100092010032057725,SHEEPSHEAD,,499.31138214,11,29,201027128703we,,0,05/04/2021
2010,12,7,5,1000920100320026,7,2,03,we,8835430301,300,0.68,0,0,201027128703we,100092010032057725,SHEEPSHEAD,,499.31138214,11,30,201027128703we,,0,05/04/2021
2010,12,7,5,1000920100320026,7,2,03,we,8835430301,308,0.75,0,0,201027128703we,100092010032057725,SHEEPSHEAD,,499.31138214,12,30,201027128703we,,0,05/04/2021
2010,12,7,5,1000920100320026,7,2,03,we,8835430301,380,1.38,0,0,201027128703we,100092010032057725,SHEEPSHEAD,,499.31138214,14,38,201027128703we,,0,05/04/2021
2010,12,7,5,1000920100320026,7,2,03,we,8835430301,380,1.35,0,0,201027128703we,100092010032057725,SHEEPSHEAD,,499.31138214,14,38,201027128703we,,0,05/04/2021
2010,12,7,5,1000920100320026,7,2,03,we,8835430301,383,1.5,0,0,201027128703we,100092010032057725,SHEEPSHEAD,,499.31138214,15,38,201027128703we,,0,05/04/2021
2010,12,7,5,1000920100320026,7,2,03,we,8835430301,395,1.48,0,0,201027128703we,100092010032057725,SHEEPSHEAD,,499.31138214,15,39,201027128703we,,0,05/04/2021
2010,12,7,5,1000920100320026,7,2,03,we,8835430301,426,2.1,0,0,201027128703we,100092010032057725,SHEEPSHEAD,,499.31138214,16,42,201027128703we,,0,05/04/2021
2010,12,7,5,1000920100320026,7,2,03,we,8835430301,442,2.8,0,0,201027128703we,100092010032057725,SHEEPSHEAD,,499.31138214,17,44,201027128703we,,0,05/04/2021
2010,12,7,5,1000920100320026,7,2,03,we,8835430301,460,2.8,0,0,201027128703we,100092010032057725,SHEEPSHEAD,,499.31138214,18,46,201027128703we,,0,05/04/2021
2010,12,7,5,1000920100320026,7,2,03,we,8835430301,333,0.88,0,0,201027128703we,100092010032057725,SHEEPSHEAD,,499.31138214,13,33,201027128703we,,0,05/04/2021
2010,12,7,5,1000920100320026,7,2,03,we,8835400102,245,0.38,0,0,201027128703we,100092010032057725,WHITE GRUNT,,814.66593929,9,24,201027128703we,,0,05/04/2021
2010,12,7,5,1000920100320026,7,2,03,we,8835400102,251,0.35,0,0,201027128703we,100092010032057725,WHITE GRUNT,,814.66593929,9,25,201027128703we,,0,05/04/2021
2010,12,7,5,1000920100320026,7,2,03,we,8835400102,262,0.45,0,0,201027128703we,100092010032057725,WHITE GRUNT,,814.66593929,10,26,201027128703we,,0,05/04/2021
2010,12,7,5,1000920100320026,7,2,03,we,8835400102,274,0.45,0,0,201027128703we,100092010032057725,WHITE GRUNT,,814.66593929,10,27,201027128703we,,0,05/04/2021
2010,12,7,5,1000920100320026,7,2,03,we,8835400102,277,0.5,0,0,201027128703we,100092010032057725,WHITE GRUNT,,814.66593929,10,27,201027128703we,,0,05/04/2021
2010,12,7,5,1000920100320026,7,2,03,we,8835400102,281,0.48,0,0,201027128703we,100092010032057725,WHITE GRUNT,,814.66593929,11,28,201027128703we,,0,05/04/2021
2010,12,7,5,1000920100320026,7,2,03,we,8835400102,281,0.45,0,0,201027128703we,100092010032057725,WHITE GRUNT,,814.66593929,11,28,201027128703we,,0,05/04/2021
2010,12,7,5,1000920100320026,7,2,03,we,8835400102,282,0.63,0,0,201027128703we,100092010032057725,WHITE GRUNT,,814.66593929,11,28,201027128703we,,0,05/04/2021
2010,12,7,5,1000920100320026,7,2,03,we,8835400102,289,0.48,0,0,201027128703we,100092010032057725,WHITE GRUNT,,814.66593929,11,28,201027128703we,,0,05/04/2021
2010,12,7,5,1000920100320026,7,2,03,we,8835400102,290,0.5,0,0,201027128703we,100092010032057725,WHITE GRUNT,,814.66593929,11,29,201027128703we,,0,05/04/2021
2010,12,7,5,1000920100320026,7,2,03,we,8835430301,390,1.33,0,0,201027128703we,100092010032057725,SHEEPSHEAD,,499.31138214,15,39,201027128703we,,0,05/04/2021
2010,12,7,5,1000920100320026,7,2,03,we,8835400102,293,0.48,0,0,201027128703we,100092010032057725,WHITE GRUNT,,814.66593929,11,29,201027128703we,,0,05/04/2021
2010,12,7,5,1000920100320026,7,2,03,we,8835400102,295,0.63,0,0,201027128703we,100092010032057725,WHITE GRUNT,,814.66593929,11,29,201027128703we,,0,05/04/2021
2010,12,7,5,1000920100320026,7,2,03,we,8835430301,317,0.83,0,0,201027128703we,100092010032057725,SHEEPSHEAD,,499.31138214,12,31,201027128703we,,0,05/04/2021
2010,12,7,5,1000920100320026,7,2,03,we,8835400102,295,0.63,1,1,201027128703we,100092010032057725,WHITE GRUNT,,814.66593929,11,29,201027128703we,,0,05/04/2021
2010,12,7,5,1000920100320026,7,2,03,we,8835400102,308,0.68,0,0,201027128703we,100092010032057725,WHITE GRUNT,,814.66593929,12,30,201027128703we,,0,05/04/2021
2010,12,7,5,1000920100320026,7,2,03,we,8835400102,308,0.58,0,0,201027128703we,100092010032057725,WHITE GRUNT,,814.66593929,12,30,201027128703we,,0,05/04/2021
2010,12,7,5,1000920100320026,7,2,03,we,8835400102,308,0.68,1,1,201027128703we,100092010032057725,WHITE GRUNT,,814.66593929,12,30,201027128703we,,0,05/04/2021
2010,12,7,5,1000920100320026,7,2,03,we,8835400102,322,0.65,0,0,201027128703we,100092010032057725,WHITE GRUNT,,814.66593929,12,32,201027128703we,,0,05/04/2021
2010,12,7,5,1000920100320026,7,2,03,we,8835400102,322,0.65,1,1,201027128703we,100092010032057725,WHITE GRUNT,,814.66593929,12,32,201027128703we,,0,05/04/2021
2010,12,7,5,1000920100320026,7,2,03,we,8835430301,412,1.83,0,0,201027128703we,100092010032057725,SHEEPSHEAD,,499.31138214,16,41,201027128703we,,0,05/04/2021
2010,12,7,5,1000920100320026,7,2,03,we,8835400102,322,0.65,1,1,201027128703we,100092010032057725,WHITE GRUNT,,814.66593929,12,32,201027128703we,,0,05/04/2021
2010,12,7,5,1000920100320026,7,2,03,we,8835360102,263,0.3,0,0,201027128703we,100092010032057725,GRAY SNAPPER,,499.31138214,10,26,201027128703we,,0,05/04/2021
2010,12,7,5,1000920100320026,7,2,03,we,8835360102,267,0.3,0,0,201027128703we,100092010032057725,GRAY SNAPPER,,499.31138214,10,26,201027128703we,,0,05/04/2021
2010,12,7,5,1000920100320026,7,2,03,we,8835360102,269,0.28,0,0,201027128703we,100092010032057725,GRAY SNAPPER,,499.31138214,10,26,201027128703we,,0,05/04/2021
2010,12,7,5,1000920100320026,7,2,03,we,8835360102,271,0.3,0,0,201027128703we,100092010032057725,GRAY SNAPPER,,499.31138214,10,27,201027128703we,,0,05/04/2021
2010,12,7,5,1000920100320026,7,2,03,we,8835360102,283,0.35,0,0,201027128703we,100092010032057725,GRAY SNAPPER,,499.31138214,11,28,201027128703we,,0,05/04/2021
2010,12,7,5,1000920100320026,7,2,03,we,8835360102,322,0.55,0,0,201027128703we,100092010032057725,GRAY SNAPPER,,499.31138214,12,32,201027128703we,,0,05/04/2021
2010,12,7,5,1000920100320026,7,2,03,we,8835360102,330,0.58,0,0,201027128703we,100092010032057725,GRAY SNAPPER,,499.31138214,12,33,201027128703we,,0,05/04/2021
2010,12,7,5,1000920100320026,7,2,03,we,8835360102,351,0.68,0,0,201027128703we,100092010032057725,GRAY SNAPPER,,499.31138214,13,35,201027128703we,,0,05/04/2021
2010,12,7,5,1000920100320027,7,2,03,we,,,,0,0,201027128703we,100092010032057725,,,499.31138214,,,201027128703we,,0,05/04/2021
2010,12,7,5,1000920100320028,7,2,03,we,,,,0,0,201027128703we,100092010032057725,,,499.31138214,,,201027128703we,,0,05/04/2021
2010,12,7,5,1000920100320029,7,2,03,we,,,,0,0,201027128703we,100092010032057725,,,499.31138214,,,201027128703we,,0,05/04/2021
2010,12,7,5,1000920100320030,7,2,03,we,,,,0,0,201027128703we,100092010032057725,,,499.31138214,,,201027128703we,,0,05/04/2021
2010,12,7,5,1000920100320031,7,2,03,we,,,,0,0,201027128703we,100092010032057725,,,499.31138214,,,201027128703we,,0,05/04/2021
2010,12,7,5,1000920100326001,7,2,03,wd,8835440801,462,1.45,0,0,201027128703wd,1000920100326103767,BLACK DRUM,,1892.7993884,18,46,201027128703wd,,0,05/04/2021
2010,12,7,5,1000920100326001,7,2,03,wd,8835440801,557,2.4,0,0,201027128703wd,1000920100326103767,BLACK DRUM,,1892.7993884,21,55,201027128703wd,,0,05/04/2021
2010,12,7,5,1000920100326001,7,2,03,wd,8835430301,262,0.5,0,0,201027128703wd,1000920100326103767,SHEEPSHEAD,,1892.7993884,10,26,201027128703wd,,0,05/04/2021
2010,12,7,5,1000920100326001,7,2,03,wd,8835430301,268,0.5,0,0,201027128703wd,1000920100326103767,SHEEPSHEAD,,1892.7993884,10,26,201027128703wd,,0,05/04/2021
2010,12,7,5,1000920100326001,7,2,03,wd,8835430301,270,0.5,0,0,201027128703wd,1000920100326103767,SHEEPSHEAD,,1892.7993884,10,27,201027128703wd,,0,05/04/2021
2010,12,7,5,1000920100326001,7,2,03,wd,8835430301,273,0.5,0,0,201027128703wd,1000920100326103767,SHEEPSHEAD,,1892.7993884,10,27,201027128703wd,,0,05/04/2021
2010,12,7,5,1000920100326001,7,2,03,wd,8835430301,277,0.58,0,0,201027128703wd,1000920100326103767,SHEEPSHEAD,,1892.7993884,10,27,201027128703wd,,0,05/04/2021
2010,12,7,5,1000920100326001,7,2,03,wd,8835430301,280,0.58,0,0,201027128703wd,1000920100326103767,SHEEPSHEAD,,1892.7993884,11,28,201027128703wd,,0,05/04/2021
2010,12,7,5,1000920100326001,7,2,03,wd,8835430301,280,0.55,0,0,201027128703wd,1000920100326103767,SHEEPSHEAD,,1892.7993884,11,28,201027128703wd,,0,05/04/2021
2010,12,7,5,1000920100326001,7,2,03,wd,8835430301,283,0.6,0,0,201027128703wd,1000920100326103767,SHEEPSHEAD,,1892.7993884,11,28,201027128703wd,,0,05/04/2021
2010,12,7,5,1000920100326001,7,2,03,wd,8835430301,287,0.65,0,0,201027128703wd,1000920100326103767,SHEEPSHEAD,,1892.7993884,11,28,201027128703wd,,0,05/04/2021
2010,12,7,5,1000920100326001,7,2,03,wd,8835430301,306,0.7,0,0,201027128703wd,1000920100326103767,SHEEPSHEAD,,1892.7993884,12,30,201027128703wd,,0,05/04/2021
2010,12,7,5,1000920100326001,7,2,03,wd,8835430301,310,0.65,0,0,201027128703wd,1000920100326103767,SHEEPSHEAD,,1892.7993884,12,31,201027128703wd,,0,05/04/2021
2010,12,7,5,1000920100326001,7,2,03,wd,8835430301,345,0.88,0,0,201027128703wd,1000920100326103767,SHEEPSHEAD,,1892.7993884,13,34,201027128703wd,,0,05/04/2021
2010,12,7,5,1000920100326001,7,2,03,wd,8835430301,364,1.1,0,0,201027128703wd,1000920100326103767,SHEEPSHEAD,,1892.7993884,14,36,201027128703wd,,0,05/04/2021
2010,12,7,5,1000920100326001,7,2,03,wd,8835430301,410,1.55,0,0,201027128703wd,1000920100326103767,SHEEPSHEAD,,1892.7993884,16,41,201027128703wd,,0,05/04/2021
2010,12,7,5,1000920100326002,7,2,03,wd,,,,0,0,201027128703wd,1000920100326103767,,,1892.7993884,,,201027128703wd,,0,05/04/2021
2010,12,7,5,1000920100326009,7,2,03,wd,8835430301,369,1.43,1,1,201027128703wd,1000920100326103767,SHEEPSHEAD,,1137.7965841,14,36,201027128703wd,,0,05/04/2021
2010,12,7,5,1000920100326009,7,2,03,wd,8835430301,384,1.28,1,1,201027128703wd,1000920100326103767,SHEEPSHEAD,,1137.7965841,15,38,201027128703wd,,0,05/04/2021
2010,12,7,5,1000920100326009,7,2,03,wd,8835430301,418,1.75,1,1,201027128703wd,1000920100326103767,SHEEPSHEAD,,1137.7965841,16,41,201027128703wd,,0,05/04/2021
2010,12,7,5,1000920100326009,7,2,03,wd,8835430301,422,1.83,1,1,201027128703wd,1000920100326103767,SHEEPSHEAD,,1137.7965841,16,42,201027128703wd,,0,05/04/2021
2010,12,7,5,1000920100326010,7,2,03,wd,8835430301,331,0.85,1,1,201027128703wd,1000920100326103767,SHEEPSHEAD,,1137.7965841,13,33,201027128703wd,,0,05/04/2021
2010,12,7,5,1000920100326010,7,2,03,wd,8835430301,390,1.5,1,1,201027128703wd,1000920100326103767,SHEEPSHEAD,,1137.7965841,15,39,201027128703wd,,0,05/04/2021
2010,12,7,5,1000920100326010,7,2,03,wd,8835430301,288,0.65,1,1,201027128703wd,1000920100326103767,SHEEPSHEAD,,1137.7965841,11,28,201027128703wd,,0,05/04/2021
2010,12,7,5,1000920100326010,7,2,03,wd,8835430301,291,0.63,1,1,201027128703wd,1000920100326103767,SHEEPSHEAD,,1137.7965841,11,29,201027128703wd,,0,05/04/2021
2010,12,7,5,1000920100326011,7,2,03,wd,8835430301,317,0.78,1,1,201027128703wd,1000920100326103767,SHEEPSHEAD,,1137.7965841,12,31,201027128703wd,,0,05/04/2021
2010,12,7,5,1000920100326011,7,2,03,wd,8835430301,321,0.85,1,1,201027128703wd,1000920100326103767,SHEEPSHEAD,,1137.7965841,12,32,201027128703wd,,0,05/04/2021
2010,12,7,5,1000920100326011,7,2,03,wd,8835430301,412,1.83,1,1,201027128703wd,1000920100326103767,SHEEPSHEAD,,1137.7965841,16,41,201027128703wd,,0,05/04/2021
2010,12,7,5,1000920100326011,7,2,03,wd,8835430301,460,2.8,1,1,201027128703wd,1000920100326103767,SHEEPSHEAD,,1137.7965841,18,46,201027128703wd,,0,05/04/2021
2010,12,7,5,1000920100326027,7,2,03,wd,8835440102,492,1.03,0,0,201027128703wd,1000920100326103767,SPOTTED SEATROUT,,1137.7965841,19,49,201027128703wd,,0,05/04/2021
2010,12,7,5,1000920100326027,7,2,03,wd,8835440102,563,1.83,0,0,201027128703wd,1000920100326103767,SPOTTED SEATROUT,,1137.7965841,22,56,201027128703wd,,0,05/04/2021
2010,12,7,5,1000920100328003,7,2,03,we,,,,0,0,201027128703we,10009201003281031315,,,5928.525554,,,201027128703we,,0,05/04/2021
2010,12,7,5,1000920100328004,7,2,03,we,8835440102,545,1.43,0,0,201027128703we,10009201003281031315,SPOTTED SEATROUT,,5928.525554,21,54,201027128703we,,0,05/04/2021
2010,12,7,5,1000920100328005,7,2,03,we,,,,0,0,201027128703we,10009201003281031315,,,4908.4898748,,,201027128703we,,0,05/04/2021
2010,12,7,5,1000920100416001,7,2,04,wd,8835440901,478,1.25,0,0,201027128704wd,100092010041657725,RED DRUM,,1954.8233892,18,47,201027128704wd,,0,05/04/2021
2010,12,7,5,1000920100416002,7,2,04,wd,8850030502,431,0.68,0,0,201027128704wd,100092010041657725,SPANISH MACKEREL,,1954.8233892,16,43,201027128704wd,,0,05/04/2021
2010,12,7,5,1000920100416004,7,2,04,wd,8835440102,380,0.5,0,0,201027128704wd,100092010041657725,SPOTTED SEATROUT,,1954.8233892,14,38,201027128704wd,,0,05/04/2021
2010,12,7,5,1000920100416004,7,2,04,wd,8835360102,266,0.2775367055,0,1,201027128704wd,100092010041657725,GRAY SNAPPER,,1954.8233892,10,26,201027128704wd,,0,05/04/2021
2010,12,7,5,1000920100416004,7,2,04,wd,8835360102,280,0.35,0,0,201027128704wd,100092010041657725,GRAY SNAPPER,,1954.8233892,11,28,201027128704wd,,0,05/04/2021
2010,12,7,5,1000920100416004,7,2,04,wd,8835360102,282,0.35,0,0,201027128704wd,100092010041657725,GRAY SNAPPER,,1954.8233892,11,28,201027128704wd,,0,05/04/2021
2010,12,7,5,1000920100416005,7,2,04,wd,,,,0,0,201027128704wd,100092010041657725,,,1954.8233892,,,201027128704wd,,0,05/04/2021
2010,12,7,5,1000920100416009,7,2,04,wd,8850030502,362,0.43,0,0,201027128704wd,100092010041657725,SPANISH MACKEREL,,1954.8233892,14,36,201027128704wd,,0,05/04/2021
2010,12,7,5,1000920100416009,7,2,04,wd,8850030502,401,0.9,0,0,201027128704wd,100092010041657725,SPANISH MACKEREL,,1954.8233892,15,40,201027128704wd,,0,05/04/2021
2010,12,7,5,1000920100416009,7,2,04,wd,8850030502,408,0.5,0,0,201027128704wd,100092010041657725,SPANISH MACKEREL,,1954.8233892,16,40,201027128704wd,,0,05/04/2021
2010,12,7,5,1000920100416009,7,2,04,wd,8850030502,410,0.8,0,0,201027128704wd,100092010041657725,SPANISH MACKEREL,,1954.8233892,16,41,201027128704wd,,0,05/04/2021
2010,12,7,5,1000920100416009,7,2,04,wd,8850030502,432,0.65,0,0,201027128704wd,100092010041657725,SPANISH MACKEREL,,1954.8233892,17,43,201027128704wd,,0,05/04/2021
2010,12,7,5,1000920100416009,7,2,04,wd,8850030502,470,0.85,0,0,201027128704wd,100092010041657725,SPANISH MACKEREL,,1954.8233892,18,47,201027128704wd,,0,05/04/2021
2010,12,7,5,1000920100416009,7,2,04,wd,8850030502,516,1.13,0,0,201027128704wd,100092010041657725,SPANISH MACKEREL,,1954.8233892,20,51,201027128704wd,,0,05/04/2021
2010,12,7,5,1000920100416009,7,2,04,wd,8835440102,369,0.48,0,0,201027128704wd,100092010041657725,SPOTTED SEATROUT,,1954.8233892,14,36,201027128704wd,,0,05/04/2021
2010,12,7,5,1000920100416009,7,2,04,wd,8835440102,377,0.45,0,0,201027128704wd,100092010041657725,SPOTTED SEATROUT,,1954.8233892,14,37,201027128704wd,,0,05/04/2021
2010,12,7,5,1000920100416009,7,2,04,wd,8835440102,384,0.43,0,0,201027128704wd,100092010041657725,SPOTTED SEATROUT,,1954.8233892,15,38,201027128704wd,,0,05/04/2021
2010,12,7,5,1000920100416010,7,2,04,wd,,,,0,0,201027128704wd,100092010041657725,,,1954.8233892,,,201027128704wd,,0,05/04/2021
2010,12,7,5,1000920100416011,7,2,04,wd,,,,0,0,201027128704wd,100092010041657725,,,1954.8233892,,,201027128704wd,,0,05/04/2021
2010,12,7,5,1000920100416012,7,2,04,wd,,,,0,0,201027128704wd,100092010041657725,,,1954.8233892,,,201027128704wd,,0,05/04/2021
2010,12,7,5,1000920100416014,7,2,04,wd,,,,0,0,201027128704wd,100092010041657725,,,1954.8233892,,,201027128704wd,,0,05/04/2021
2010,12,7,5,1000920100416015,7,2,04,wd,,,,0,0,201027128704wd,100092010041657725,,,1954.8233892,,,201027128704wd,,0,05/04/2021
2010,12,7,5,1000920100416016,7,2,04,wd,,,,0,0,201027128704wd,100092010041657725,,,1954.8233892,,,201027128704wd,,0,05/04/2021
2010,12,7,5,1000920100416017,7,2,04,wd,,,,0,0,201027128704wd,100092010041657725,,,1954.8233892,,,201027128704wd,,0,05/04/2021
2010,12,7,5,1000920100416018,7,2,04,wd,,,,0,0,201027128704wd,100092010041657725,,,1954.8233892,,,201027128704wd,,0,05/04/2021
2010,12,7,5,1000920100416019,7,2,04,wd,,,,0,0,201027128704wd,100092010041657725,,,1954.8233892,,,201027128704wd,,0,05/04/2021
2010,12,7,5,1000920100416023,7,2,04,wd,,,,0,0,201027128704wd,100092010041657725,,,1954.8233892,,,201027128704wd,,0,05/04/2021
2010,12,7,5,1000920100416024,7,2,04,wd,,,,0,0,201027128704wd,100092010041657725,,,1954.8233892,,,201027128704wd,,0,05/04/2021
2010,12,7,5,1000920100416025,7,2,04,wd,,,,0,0,201027128704wd,100092010041657725,,,1954.8233892,,,201027128704wd,,0,05/04/2021
2010,12,7,5,1000920100416026,7,2,04,wd,8835020501,642,3.15,1,1,201027128704wd,100092010041657725,GAG,,1954.8233892,25,64,201027128704wd,,0,05/04/2021
2010,12,7,5,1000920100416028,7,2,04,wd,,,,0,0,201027128704wd,100092010041657725,,,1954.8233892,,,201027128704wd,,0,05/04/2021
2010,12,7,5,1000920100416029,7,2,04,wd,,,,0,0,201027128704wd,100092010041657725,,,1954.8233892,,,201027128704wd,,0,05/04/2021
2010,12,7,5,1000920100416030,7,2,04,wd,8835440102,376,0.45,0,0,201027128704wd,100092010041657725,SPOTTED SEATROUT,,1954.8233892,14,37,201027128704wd,,0,05/04/2021
2010,12,7,5,1000920100416030,7,2,04,wd,8835440102,379,0.5,0,0,201027128704wd,100092010041657725,SPOTTED SEATROUT,,1954.8233892,14,37,201027128704wd,,0,05/04/2021
2010,12,7,5,1000920100416030,7,2,04,wd,8835430201,138,0.0521455464,1,1,201027128704wd,100092010041657725,PINFISH,,4691.5761342,5,13,201027128704wd,,0,05/04/2021
2010,12,7,5,1000920100416030,7,2,04,wd,8835430201,138,0.0521455464,1,1,201027128704wd,100092010041657725,PINFISH,,4691.5761342,5,13,201027128704wd,,0,05/04/2021
2010,12,7,5,1000920100416030,7,2,04,wd,8835430201,138,0.0521455464,1,1,201027128704wd,100092010041657725,PINFISH,,4691.5761342,5,13,201027128704wd,,0,05/04/2021
2010,12,7,5,1000920100416030,7,2,04,wd,8835430201,138,0.0521455464,1,1,201027128704wd,100092010041657725,PINFISH,,4691.5761342,5,13,201027128704wd,,0,05/04/2021
2010,12,7,5,1000920100416030,7,2,04,wd,8835430201,138,0.0521455464,1,1,201027128704wd,100092010041657725,PINFISH,,4691.5761342,5,13,201027128704wd,,0,05/04/2021
2010,12,7,5,1000920100416031,7,2,04,wd,,,,0,0,201027128704wd,100092010041657725,,,1954.8233892,,,201027128704wd,,0,05/04/2021
2010,12,7,5,1000920100417007,7,2,04,we,,,,0,0,201027128704we,1000920100417571541,,,1350.1236736,,,201027128704we,,0,05/04/2021
2010,12,7,5,1000920100417008,7,2,04,we,,,,0,0,201027128704we,1000920100417571541,,,1350.1236736,,,201027128704we,,0,05/04/2021
2010,12,7,5,1000920100417009,7,2,04,we,8850030502,320,0.271060234,0,1,201027128704we,100092010041757504,SPANISH MACKEREL,,2824.8246655,12,32,201027128704we,,0,05/04/2021
2010,12,7,5,1000920100417011,7,2,04,we,,,,0,0,201027128704we,100092010041757504,,,2824.8246655,,,201027128704we,,0,05/04/2021
2010,12,7,5,1000920100417012,7,2,04,we,,,,0,0,201027128704we,100092010041757504,,,2824.8246655,,,201027128704we,,0,05/04/2021
2010,12,7,5,1000920100417016,7,2,04,we,,,,0,0,201027128704we,100092010041757504,,,2824.8246655,,,201027128704we,,0,05/04/2021
2010,12,7,5,1000920100417017,7,2,04,we,,,,0,0,201027128704we,100092010041757504,,,2824.8246655,,,201027128704we,,0,05/04/2021
2010,12,7,5,1000920100417018,7,2,04,we,8835430201,138,0.0521455464,1,1,201027128704we,100092010041757504,PINFISH,,6779.5791973,5,13,201027128704we,,0,05/04/2021
2010,12,7,5,1000920100417018,7,2,04,we,8835430201,138,0.0521455464,1,1,201027128704we,100092010041757504,PINFISH,,6779.5791973,5,13,201027128704we,,0,05/04/2021
2010,12,7,5,1000920100417018,7,2,04,we,8835430201,138,0.0521455464,1,1,201027128704we,100092010041757504,PINFISH,,6779.5791973,5,13,201027128704we,,0,05/04/2021
2010,12,7,5,1000920100417018,7,2,04,we,8835430201,138,0.0521455464,1,1,201027128704we,100092010041757504,PINFISH,,6779.5791973,5,13,201027128704we,,0,05/04/2021
2010,12,7,5,1000920100417018,7,2,04,we,8835430201,138,0.0521455464,1,1,201027128704we,100092010041757504,PINFISH,,6779.5791973,5,13,201027128704we,,0,05/04/2021
2010,12,7,5,1000920100417018,7,2,04,we,8835400201,209,0.06,1,1,201027128704we,100092010041757504,PIGFISH,,2824.8246655,8,20,201027128704we,,0,05/04/2021
2010,12,7,5,1000920100417018,7,2,04,we,8835400201,209,0.06,1,1,201027128704we,100092010041757504,PIGFISH,,2824.8246655,8,20,201027128704we,,0,05/04/2021
2010,12,7,5,1000920100417018,7,2,04,we,8835400201,209,0.06,1,1,201027128704we,100092010041757504,PIGFISH,,2824.8246655,8,20,201027128704we,,0,05/04/2021
2010,12,7,5,1000920100417019,7,2,04,we,8835430201,138,0.0521455464,1,1,201027128704we,100092010041757504,PINFISH,,6779.5791973,5,13,201027128704we,,0,05/04/2021
2010,12,7,5,1000920100417019,7,2,04,we,8835430201,138,0.0521455464,1,1,201027128704we,100092010041757504,PINFISH,,6779.5791973,5,13,201027128704we,,0,05/04/2021
2010,12,7,5,1000920100417019,7,2,04,we,8835430201,138,0.0521455464,1,1,201027128704we,100092010041757504,PINFISH,,6779.5791973,5,13,201027128704we,,0,05/04/2021
2010,12,7,5,1000920100417019,7,2,04,we,8835430201,138,0.0521455464,1,1,201027128704we,100092010041757504,PINFISH,,6779.5791973,5,13,201027128704we,,0,05/04/2021
2010,12,7,5,1000920100417019,7,2,04,we,8835430201,138,0.0521455464,1,1,201027128704we,100092010041757504,PINFISH,,6779.5791973,5,13,201027128704we,,0,05/04/2021
2010,12,7,5,1000920100417019,7,2,04,we,8835400201,185,0.1,1,1,201027128704we,100092010041757504,PIGFISH,,2824.8246655,7,18,201027128704we,,0,05/04/2021
2010,12,7,5,1000920100417019,7,2,04,we,8835400201,215,0.08,1,1,201027128704we,100092010041757504,PIGFISH,,2824.8246655,8,21,201027128704we,,0,05/04/2021
2010,12,7,5,1000920100417019,7,2,04,we,8835400201,215,0.08,1,1,201027128704we,100092010041757504,PIGFISH,,2824.8246655,8,21,201027128704we,,0,05/04/2021
2010,12,7,5,1000920100417021,7,2,04,we,,,,0,0,201027128704we,100092010041757504,,,2824.8246655,,,201027128704we,,0,05/04/2021
2010,12,7,5,1000920100417022,7,2,04,we,,,,0,0,201027128704we,100092010041757504,,,2824.8246655,,,201027128704we,,0,05/04/2021
2010,12,7,5,1000920100417023,7,2,04,we,8835440102,467,1.05,1,1,201027128704we,100092010041757504,SPOTTED SEATROUT,,2824.8246655,18,46,201027128704we,,0,05/04/2021
2010,12,7,5,1000920100417024,7,2,04,we,8835440102,392,0.58,1,1,201027128704we,100092010041757504,SPOTTED SEATROUT,,2824.8246655,15,39,201027128704we,,0,05/04/2021
2010,12,7,5,1000920100417025,7,2,04,we,,,,0,0,201027128704we,100092010041757504,,,2824.8246655,,,201027128704we,,0,05/04/2021
2010,12,7,5,1000920100417027,7,2,04,we,,,,0,0,201027128704we,100092010041757504,,,2824.8246655,,,201027128704we,,0,05/04/2021
2010,12,7,5,1000920100418001,7,2,04,we,,,,0,0,201027128704we,100092010041857725,,,508.69151805,,,201027128704we,,0,05/04/2021
2010,12,7,5,1000920100418002,7,2,04,we,8835280901,320,0.73,0,0,201027128704we,100092010041857725,FLORIDA POMPANO,,508.69151805,12,32,201027128704we,,0,05/04/2021
2010,12,7,5,1000920100418004,7,2,04,we,8850030502,530,1.15,0,0,201027128704we,100092010041857725,SPANISH MACKEREL,,508.69151805,20,53,201027128704we,,0,05/04/2021
2010,12,7,5,1000920100418004,7,2,04,we,8835440100,,,0,0,201027128704we,100092010041857725,SEATROUT GENUS,,1017.3830361,,,201027128704we,,0,05/04/2021
2010,12,7,5,1000920100418004,7,2,04,we,8747010701,137,0.05,1,1,201027128704we,100092010041857725,ATLANTIC THREAD HERRING,,610.42982166,5,13,201027128704we,,0,05/04/2021
2010,12,7,5,1000920100418004,7,2,04,we,8747010701,137,0.05,1,1,201027128704we,100092010041857725,ATLANTIC THREAD HERRING,,610.42982166,5,13,201027128704we,,0,05/04/2021
2010,12,7,5,1000920100418004,7,2,04,we,8747010701,146,0.05,1,1,201027128704we,100092010041857725,ATLANTIC THREAD HERRING,,610.42982166,5,14,201027128704we,,0,05/04/2021
2010,12,7,5,1000920100418004,7,2,04,we,8747010701,150,0.05,1,1,201027128704we,100092010041857725,ATLANTIC THREAD HERRING,,610.42982166,5,15,201027128704we,,0,05/04/2021
2010,12,7,5,1000920100418004,7,2,04,we,8747010701,153,0.05,1,1,201027128704we,100092010041857725,ATLANTIC THREAD HERRING,,610.42982166,6,15,201027128704we,,0,05/04/2021
2010,12,7,5,1000920100418005,7,2,04,we,8850030502,406,0.98,0,0,201027128704we,100092010041857725,SPANISH MACKEREL,,508.69151805,15,40,201027128704we,,0,05/04/2021
2010,12,7,5,1000920100418005,7,2,04,we,8835440100,,,0,0,201027128704we,100092010041857725,SEATROUT GENUS,,1017.3830361,,,201027128704we,,0,05/04/2021
2010,12,7,5,1000920100418011,7,2,04,we,8835430301,278.2963068,0.5,1,0,201027128704we,100092010041857725,SHEEPSHEAD,,508.69151805,10,27,201027128704we,,0,05/04/2021
2010,12,7,5,1000920100418011,7,2,04,we,8835430301,283.54993608,0.53,1,0,201027128704we,100092010041857725,SHEEPSHEAD,,508.69151805,11,28,201027128704we,,0,05/04/2021
2010,12,7,5,1000920100418011,7,2,04,we,8835430301,341.96018278,0.95,1,0,201027128704we,100092010041857725,SHEEPSHEAD,,508.69151805,13,34,201027128704we,,0,05/04/2021
2010,12,7,5,1000920100418011,7,2,04,we,8835430301,350.95022479,1.03,1,0,201027128704we,100092010041857725,SHEEPSHEAD,,508.69151805,13,35,201027128704we,,0,05/04/2021
2010,12,7,5,1000920100418012,7,2,04,we,,,,0,0,201027128704we,100092010041857725,,,508.69151805,,,201027128704we,,0,05/04/2021
2010,12,7,5,1000920100418013,7,2,04,we,,,,0,0,201027128704we,100092010041857725,,,508.69151805,,,201027128704we,,0,05/04/2021
2010,12,7,5,1000920100418014,7,2,04,we,,,,0,0,201027128704we,100092010041857725,,,508.69151805,,,201027128704we,,0,05/04/2021
2010,12,7,5,1000920100418015,7,2,04,we,,,,0,0,201027128704we,100092010041857725,,,508.69151805,,,201027128704we,,0,05/04/2021
2010,12,7,5,1000920100418017,7,2,04,we,8835430201,138,0.0521455464,1,1,201027128704we,100092010041857725,PINFISH,,1102.1649558,5,13,201027128704we,,0,05/04/2021
2010,12,7,5,1000920100418017,7,2,04,we,8835430201,138,0.0521455464,1,1,201027128704we,100092010041857725,PINFISH,,1102.1649558,5,13,201027128704we,,0,05/04/2021
2010,12,7,5,1000920100418017,7,2,04,we,8835430201,245,0.37,0,0,201027128704we,100092010041857725,PINFISH,,1102.1649558,9,24,201027128704we,,0,05/04/2021
2010,12,7,5,1000920100418017,7,2,04,we,8835430201,268,0.45,0,0,201027128704we,100092010041857725,PINFISH,,1102.1649558,10,26,201027128704we,,0,05/04/2021
2010,12,7,5,1000920100418017,7,2,04,we,8835430301,306,0.75,0,0,201027128704we,100092010041857725,SHEEPSHEAD,,508.69151805,12,30,201027128704we,,0,05/04/2021
2010,12,7,5,1000920100418017,7,2,04,we,8835430201,138,0.0521455464,1,1,201027128704we,100092010041857725,PINFISH,,1102.1649558,5,13,201027128704we,,0,05/04/2021
2010,12,7,5,1000920100418017,7,2,04,we,8835430201,138,0.0521455464,1,1,201027128704we,100092010041857725,PINFISH,,1102.1649558,5,13,201027128704we,,0,05/04/2021
2010,12,7,5,1000920100418018,7,2,04,we,,,,0,0,201027128704we,100092010041857725,,,508.69151805,,,201027128704we,,0,05/04/2021
2010,12,7,5,1000920100418019,7,2,04,we,,,,0,0,201027128704we,100092010041857725,,,508.69151805,,,201027128704we,,0,05/04/2021
2010,12,7,5,1000920100418020,7,2,04,we,,,,0,0,201027128704we,100092010041857725,,,508.69151805,,,201027128704we,,0,05/04/2021
2010,12,7,5,1000920100418021,7,2,04,we,,,,0,0,201027128704we,100092010041857725,,,508.69151805,,,201027128704we,,0,05/04/2021
2010,12,7,5,1000920100418022,7,2,04,we,,,,0,0,201027128704we,100092010041857725,,,508.69151805,,,201027128704we,,0,05/04/2021
2010,12,7,5,1000920100418023,7,2,04,we,,,,0,0,201027128704we,100092010041857725,,,508.69151805,,,201027128704we,,0,05/04/2021
2010,12,7,5,1000920100424001,7,2,04,we,,,,0,0,201027128704we,100092010042457551,,,1898.1783538,,,201027128704we,,0,05/04/2021
2010,12,7,5,1000920100424003,7,2,04,we,8835440106,334,0.26,1,1,201027128704we,100092010042457551,SAND SEATROUT,,1917.3120898,13,33,201027128704we,,0,05/04/2021
2010,12,7,5,1000920100424003,7,2,04,we,8835440106,331,0.36,1,1,201027128704we,100092010042457551,SAND SEATROUT,,1917.3120898,13,33,201027128704we,,0,05/04/2021
2010,12,7,5,1000920100424003,7,2,04,we,8835440106,381,0.5,1,1,201027128704we,100092010042457551,SAND SEATROUT,,1917.3120898,14,38,201027128704we,,0,05/04/2021
2010,12,7,5,1000920100424003,7,2,04,we,8835440106,353,0.43,1,1,201027128704we,100092010042457551,SAND SEATROUT,,1917.3120898,13,35,201027128704we,,0,05/04/2021
2010,12,7,5,1000920100424003,7,2,04,we,8835440106,483,1.2,1,1,201027128704we,100092010042457551,SAND SEATROUT,,1917.3120898,19,48,201027128704we,,0,05/04/2021
2010,12,7,5,1000920100424004,7,2,04,we,,,,0,0,201027128704we,100092010042457551,,,958.65604492,,,201027128704we,,0,05/04/2021
2010,12,7,5,1000920100424006,7,2,04,we,8747010701,142,0.05,1,1,201027128704we,100092010042457551,ATLANTIC THREAD HERRING,,19173.120898,5,14,201027128704we,,0,05/04/2021
2010,12,7,5,1000920100424006,7,2,04,we,8747010701,141,0.05,1,1,201027128704we,100092010042457551,ATLANTIC THREAD HERRING,,19173.120898,5,14,201027128704we,,0,05/04/2021
2010,12,7,5,1000920100424006,7,2,04,we,8747010804,109,0.0316123912,1,1,201027128704we,100092010042457551,SCALED SARDINE,,9586.5604492,4,10,201027128704we,,0,05/04/2021
2010,12,7,5,1000920100424006,7,2,04,we,8747010701,148,0.05,1,1,201027128704we,100092010042457551,ATLANTIC THREAD HERRING,,19173.120898,5,14,201027128704we,,0,05/04/2021
2010,12,7,5,1000920100424006,7,2,04,we,8747010804,126,0.05,1,1,201027128704we,100092010042457551,SCALED SARDINE,,9586.5604492,4,12,201027128704we,,0,05/04/2021
2010,12,7,5,1000920100424006,7,2,04,we,8747010804,109,0.0316123912,1,1,201027128704we,100092010042457551,SCALED SARDINE,,9586.5604492,4,10,201027128704we,,0,05/04/2021
2010,12,7,5,1000920100424006,7,2,04,we,8747010701,146,0.05,1,1,201027128704we,100092010042457551,ATLANTIC THREAD HERRING,,19173.120898,5,14,201027128704we,,0,05/04/2021
2010,12,7,5,1000920100424006,7,2,04,we,8747010701,146,0.05,1,1,201027128704we,100092010042457551,ATLANTIC THREAD HERRING,,19173.120898,5,14,201027128704we,,0,05/04/2021
2010,12,7,5,1000920100424006,7,2,04,we,8747010804,109,0.0316123912,1,1,201027128704we,100092010042457551,SCALED SARDINE,,9586.5604492,4,10,201027128704we,,0,05/04/2021
2010,12,7,5,1000920100424006,7,2,04,we,8747010804,109,0.0316123912,1,1,201027128704we,100092010042457551,SCALED SARDINE,,9586.5604492,4,10,201027128704we,,0,05/04/2021
2010,12,7,5,1000920100424008,7,2,04,we,8835020501,600,2.7,0,0,201027128704we,100092010042457551,GAG,,958.65604492,23,60,201027128704we,,0,05/04/2021
2010,12,7,5,1000920100424009,7,2,04,we,8835020501,591,2.65,0,0,201027128704we,100092010042457551,GAG,,958.65604492,23,59,201027128704we,,0,05/04/2021
2010,12,7,5,1000920100424010,7,2,04,we,,,,0,0,201027128704we,100092010042457551,,,958.65604492,,,201027128704we,,0,05/04/2021
2010,12,7,5,1000920100424011,7,2,04,we,,,,0,0,201027128704we,100092010042457551,,,958.65604492,,,201027128704we,,0,05/04/2021
2010,12,7,5,1000920100424012,7,2,04,we,,,,0,0,201027128704we,100092010042457551,,,958.65604492,,,201027128704we,,0,05/04/2021
2010,12,7,5,1000920100425002,7,2,04,we,,,,0,0,201027128704we,10009201004251031315,,,1831.636272,,,201027128704we,,0,05/04/2021
2010,12,7,5,1000920100425003,7,2,04,we,,,,0,0,201027128704we,10009201004251031315,,,2212.2695006,,,201027128704we,,0,05/04/2021
2010,12,7,5,1000920100425007,7,2,04,we,8835440901,482,1.28,0,0,201027128704we,10009201004251031315,RED DRUM,,1831.636272,18,48,201027128704we,,0,05/04/2021
2010,12,7,5,1000920100425008,7,2,04,we,,,,0,0,201027128704we,10009201004251031315,,,1831.636272,,,201027128704we,,0,05/04/2021
2010,12,7,5,1000920100425009,7,2,04,we,8835440901,455,1,0,0,201027128704we,10009201004251031315,RED DRUM,,1831.636272,17,45,201027128704we,,0,05/04/2021
2010,12,7,5,1000920100425010,7,2,04,we,8850030502,380,0.4,0,0,201027128704we,10009201004251031315,SPANISH MACKEREL,,1831.636272,14,38,201027128704we,,0,05/04/2021
2010,12,7,5,1000920100425011,7,2,04,we,8835440102,442,0.8,0,0,201027128704we,10009201004251031315,SPOTTED SEATROUT,,1831.636272,17,44,201027128704we,,0,05/04/2021
2010,12,7,5,1000920100425011,7,2,04,we,8835440102,433,0.85,0,0,201027128704we,10009201004251031315,SPOTTED SEATROUT,,1831.636272,17,43,201027128704we,,0,05/04/2021
2010,12,7,5,1000920100425011,7,2,04,we,8835440102,397,0.63,0,0,201027128704we,10009201004251031315,SPOTTED SEATROUT,,1831.636272,15,39,201027128704we,,0,05/04/2021
2010,12,7,5,1000920100425012,7,2,04,we,,,,0,0,201027128704we,10009201004251031315,,,1831.636272,,,201027128704we,,0,05/04/2021
2010,12,7,5,1000920100425013,7,2,04,we,,,,0,0,201027128704we,10009201004251031315,,,1831.636272,,,201027128704we,,0,05/04/2021
2010,12,7,5,1000920100425014,7,2,04,we,8747010804,109,0.0316123912,1,1,201027128704we,10009201004251031315,SCALED SARDINE,,109898.17632,4,10,201027128704we,,0,05/04/2021
2010,12,7,5,1000920100425014,7,2,04,we,8747010804,109,0.0316123912,1,1,201027128704we,10009201004251031315,SCALED SARDINE,,109898.17632,4,10,201027128704we,,0,05/04/2021
2010,12,7,5,1000920100425014,7,2,04,we,8747010804,109,0.0316123912,1,1,201027128704we,10009201004251031315,SCALED SARDINE,,109898.17632,4,10,201027128704we,,0,05/04/2021
2010,12,7,5,1000920100425014,7,2,04,we,8747010804,109,0.0316123912,1,1,201027128704we,10009201004251031315,SCALED SARDINE,,109898.17632,4,10,201027128704we,,0,05/04/2021
2010,12,7,5,1000920100425014,7,2,04,we,8747010804,109,0.0316123912,1,1,201027128704we,10009201004251031315,SCALED SARDINE,,109898.17632,4,10,201027128704we,,0,05/04/2021
2010,12,7,5,1000920100425014,7,2,04,we,8747010701,158,0.05,1,1,201027128704we,10009201004251031315,ATLANTIC THREAD HERRING,,3296.9452896,6,15,201027128704we,,0,05/04/2021
2010,12,7,5,1000920100425014,7,2,04,we,8747010701,137,0.05,1,1,201027128704we,10009201004251031315,ATLANTIC THREAD HERRING,,3296.9452896,5,13,201027128704we,,0,05/04/2021
2010,12,7,5,1000920100425014,7,2,04,we,8747010701,142,0.05,1,1,201027128704we,10009201004251031315,ATLANTIC THREAD HERRING,,3296.9452896,5,14,201027128704we,,0,05/04/2021
2010,12,7,5,1000920100425014,7,2,04,we,8747010701,165,0.1,1,1,201027128704we,10009201004251031315,ATLANTIC THREAD HERRING,,3296.9452896,6,16,201027128704we,,0,05/04/2021
2010,12,7,5,1000920100425014,7,2,04,we,8747010701,165,0.1,1,1,201027128704we,10009201004251031315,ATLANTIC THREAD HERRING,,3296.9452896,6,16,201027128704we,,0,05/04/2021
2010,12,7,5,1000920100425015,7,2,04,we,,,,0,0,201027128704we,10009201004251031315,,,1831.636272,,,201027128704we,,0,05/04/2021
2010,12,7,5,1000920100425016,7,2,04,we,,,,0,0,201027128704we,100092010042557725,,,869.95139854,,,201027128704we,,0,05/04/2021
2010,12,7,5,1000920100425017,7,2,04,we,,,,0,0,201027128704we,100092010042557725,,,869.95139854,,,201027128704we,,0,05/04/2021
2010,12,7,5,1000920100425018,7,2,04,we,,,,0,0,201027128704we,100092010042557725,,,869.95139854,,,201027128704we,,0,05/04/2021
2010,12,7,5,1000920100425019,7,2,04,we,,,,0,0,201027128704we,100092010042557725,,,869.95139854,,,201027128704we,,0,05/04/2021
2010,12,7,5,1000920100425021,7,2,04,we,,,,0,0,201027128704we,100092010042557725,,,1050.7364237,,,201027128704we,,0,05/04/2021
2010,12,7,5,1000920100425022,7,2,04,we,,,,0,0,201027128704we,100092010042557725,,,869.95139854,,,201027128704we,,0,05/04/2021
2010,12,7,5,1000920100425023,7,2,04,we,,,,0,0,201027128704we,100092010042557725,,,869.95139854,,,201027128704we,,0,05/04/2021
2010,12,7,5,1000920100425024,7,2,04,we,,,,0,0,201027128704we,100092010042557725,,,869.95139854,,,201027128704we,,0,05/04/2021
2010,12,7,5,1000920100425025,7,2,04,we,,,,0,0,201027128704we,100092010042557725,,,869.95139854,,,201027128704we,,0,05/04/2021
2010,12,7,3,1297920100306004,7,2,03,we,,,,0,0,201027128703we,129792010030617516,,,1008.6379728,,,201027128703we,,0,05/04/2021
2010,12,7,3,1297920100306007,7,2,03,we,,,,0,0,201027128703we,129792010030617516,,,1008.6379728,,,201027128703we,,0,05/04/2021
2010,12,7,3,1297920100306008,7,2,03,we,,,,0,0,201027128703we,129792010030617516,,,1008.6379728,,,201027128703we,,0,05/04/2021
2010,12,7,3,1297920100306010,7,2,03,we,,,,0,0,201027128703we,129792010030617516,,,1008.6379728,,,201027128703we,,0,05/04/2021
2010,12,7,3,1297920100306011,7,2,03,we,,,,0,0,201027128703we,129792010030617516,,,1008.6379728,,,201027128703we,,0,05/04/2021
2010,12,7,3,1297920100306014,7,2,03,we,8835440901,538,1.94,0,0,201027128703we,129792010030617516,RED DRUM,,1008.6379728,21,53,201027128703we,,0,05/04/2021
2010,12,7,3,1297920100306020,7,2,03,we,,,,0,0,201027128703we,129792010030617516,,,1218.2435227,,,201027128703we,,0,05/04/2021
2010,12,7,3,1297920100306022,7,2,03,we,,,,0,0,201027128703we,129792010030617516,,,1008.6379728,,,201027128703we,,0,05/04/2021
2010,12,7,5,1297920100309001,7,2,03,wd,8777180202,343,0.6,1,1,201027128703wd,129792010030917516,HARDHEAD CATFISH,,967.39343352,13,34,201027128703wd,,0,05/04/2021
2010,12,7,5,1297920100309001,7,2,03,wd,8777180202,332,0.43,1,1,201027128703wd,129792010030917516,HARDHEAD CATFISH,,967.39343352,13,33,201027128703wd,,0,05/04/2021
2010,12,7,5,1297920100309001,7,2,03,wd,8777180202,340,0.5,1,1,201027128703wd,129792010030917516,HARDHEAD CATFISH,,967.39343352,13,34,201027128703wd,,0,05/04/2021
2010,12,7,5,1297920100309001,7,2,03,wd,8777180202,341,0.53,1,1,201027128703wd,129792010030917516,HARDHEAD CATFISH,,967.39343352,13,34,201027128703wd,,0,05/04/2021
2010,12,7,3,1297920100309005,7,2,03,wd,,,,0,0,201027128703wd,129792010030917516,,,1490.6109557,,,201027128703wd,,0,05/04/2021
2010,12,7,3,1297920100309010,7,2,03,wd,,,,0,0,201027128703wd,129792010030917516,,,1800.3755467,,,201027128703wd,,0,05/04/2021
2010,12,7,3,1297920100324001,7,2,03,wd,,,,0,0,201027128703wd,129792010032417516,,,2424.3837345,,,201027128703wd,,0,05/04/2021
2010,12,7,3,1297920100324002,7,2,03,wd,,,,0,0,201027128703wd,129792010032417516,,,2928.196103,,,201027128703wd,,0,05/04/2021
2010,12,7,3,1297920100324004,7,2,03,wd,,,,0,0,201027128703wd,129792010032417516,,,2424.3837345,,,201027128703wd,,0,05/04/2021
2010,12,7,3,1297920100324005,7,2,03,wd,8835440102,415,0.62,0,0,201027128703wd,129792010032417516,SPOTTED SEATROUT,,2928.196103,16,41,201027128703wd,,0,05/04/2021
2010,12,7,3,1297920100324005,7,2,03,wd,8835440102,435,0.68,0,0,201027128703wd,129792010032417516,SPOTTED SEATROUT,,2928.196103,17,43,201027128703wd,,0,05/04/2021
2010,12,7,3,1297920100324007,7,2,03,wd,,,,0,0,201027128703wd,129792010032417516,,,2424.3837345,,,201027128703wd,,0,05/04/2021
2010,12,7,3,1297920100324008,7,2,03,wd,8835440102,380,0.5309550175,0,1,201027128703wd,129792010032417516,SPOTTED SEATROUT,,2424.3837345,14,38,201027128703wd,,0,05/04/2021
2010,12,7,3,1297920100324008,7,2,03,wd,8835440102,419,0.7068201275,0,1,201027128703wd,129792010032417516,SPOTTED SEATROUT,,2424.3837345,16,41,201027128703wd,,0,05/04/2021
2010,12,7,3,1297920100324008,7,2,03,wd,8835440102,408,0.6538455189,0,1,201027128703wd,129792010032417516,SPOTTED SEATROUT,,2424.3837345,16,40,201027128703wd,,0,05/04/2021
2010,12,7,3,1297920100324009,7,2,03,wd,,,,0,0,201027128703wd,129792010032417516,,,2928.196103,,,201027128703wd,,0,05/04/2021
2010,12,7,3,1297920100324010,7,2,03,wd,,,,0,0,201027128703wd,129792010032417516,,,2424.3837345,,,201027128703wd,,0,05/04/2021
2010,12,7,3,1297920100324011,7,2,03,wd,,,,0,0,201027128703wd,129792010032417516,,,2424.3837345,,,201027128703wd,,0,05/04/2021
2010,12,7,3,1297920100324012,7,2,03,wd,,,,0,0,201027128703wd,129792010032417516,,,2928.196103,,,201027128703wd,,0,05/04/2021
2010,12,7,3,1297920100327005,7,2,03,we,,,,0,0,201027128703we,1297920100327101979,,,2647.5862175,,,201027128703we,,0,05/04/2021
2010,12,7,3,1297920100327008,7,2,03,we,8835440901,630,3.12,0,0,201027128703we,1297920100327101979,RED DRUM,,546.35640734,24,63,201027128703we,,0,05/04/2021
2010,12,7,3,1297920100327008,7,2,03,we,8835440901,582,2.5,0,0,201027128703we,1297920100327101979,RED DRUM,,546.35640734,22,58,201027128703we,,0,05/04/2021
2010,12,7,3,1297920100327009,7,2,03,we,,,,0,0,201027128703we,1297920100327101979,,,546.35640734,,,201027128703we,,0,05/04/2021
2010,12,7,4,1297920100327011,7,2,03,we,,,,0,0,201027128703we,1297920100327101979,,,549.30571693,,,201027128703we,,0,05/04/2021
2010,12,7,3,1297920100327012,7,2,03,we,,,,0,0,201027128703we,1297920100327101979,,,546.35640734,,,201027128703we,,0,05/04/2021
2010,12,7,3,1297920100327013,7,2,03,we,,,,0,0,201027128703we,1297920100327101979,,,546.35640734,,,201027128703we,,0,05/04/2021
2010,12,7,3,1297920100327014,7,2,03,we,8835440102,385,0.62,1,1,201027128703we,1297920100327101979,SPOTTED SEATROUT,,764.89897027,15,38,201027128703we,,0,05/04/2021
2010,12,7,3,1297920100327014,7,2,03,we,8835440102,419,0.7068201275,1,1,201027128703we,1297920100327101979,SPOTTED SEATROUT,,764.89897027,16,41,201027128703we,,0,05/04/2021
2010,12,7,3,1297920100327014,7,2,03,we,8835440102,435,0.68,1,1,201027128703we,1297920100327101979,SPOTTED SEATROUT,,764.89897027,17,43,201027128703we,,0,05/04/2021
2010,12,7,3,1297920100327014,7,2,03,we,8835440102,419,0.5,1,1,201027128703we,1297920100327101979,SPOTTED SEATROUT,,764.89897027,16,41,201027128703we,,0,05/04/2021
2010,12,7,3,1297920100327014,7,2,03,we,8835440102,459,1.04,1,1,201027128703we,1297920100327101979,SPOTTED SEATROUT,,764.89897027,18,45,201027128703we,,0,05/04/2021
2010,12,7,3,1297920100327018,7,2,03,we,,,,0,0,201027128703we,1297920100327101979,,,546.35640734,,,201027128703we,,0,05/04/2021
2010,12,7,4,1297920100402001,7,2,04,wd,,,,0,0,201027128704wd,1297920100402101979,,,4899.5482139,,,201027128704wd,,0,05/04/2021
2010,12,7,4,1297920100402002,7,2,04,wd,,,,0,0,201027128704wd,1297920100402101979,,,4899.5482139,,,201027128704wd,,0,05/04/2021
2010,12,7,4,1297920100402003,7,2,04,wd,,,,0,0,201027128704wd,1297920100402101979,,,4899.5482139,,,201027128704wd,,0,05/04/2021
2010,12,7,4,1297920100402004,7,2,04,wd,,,,0,0,201027128704wd,1297920100402101979,,,4899.5482139,,,201027128704wd,,0,05/04/2021
2010,12,7,4,1297920100402005,7,2,04,wd,,,,0,0,201027128704wd,1297920100402101979,,,4899.5482139,,,201027128704wd,,0,05/04/2021
2010,12,7,4,1297920100402009,7,2,04,wd,8835400102,245,0.38,1,1,201027128704wd,1297920100402101979,WHITE GRUNT,,9799.0964278,9,24,201027128704wd,,0,05/04/2021
2010,12,7,4,1297920100402009,7,2,04,wd,8835400102,251,0.35,1,1,201027128704wd,1297920100402101979,WHITE GRUNT,,9799.0964278,9,25,201027128704wd,,0,05/04/2021
2010,12,7,4,1297920100402009,7,2,04,wd,8835400102,246,0.3,1,1,201027128704wd,1297920100402101979,WHITE GRUNT,,9799.0964278,9,24,201027128704wd,,0,05/04/2021
2010,12,7,4,1297920100402009,7,2,04,wd,8835400102,274,0.45,1,1,201027128704wd,1297920100402101979,WHITE GRUNT,,9799.0964278,10,27,201027128704wd,,0,05/04/2021
2010,12,7,4,1297920100402009,7,2,04,wd,8835400102,262,0.45,1,1,201027128704wd,1297920100402101979,WHITE GRUNT,,9799.0964278,10,26,201027128704wd,,0,05/04/2021
2010,12,7,4,1297920100402010,7,2,04,wd,,,,0,0,201027128704wd,1297920100402101979,,,4899.5482139,,,201027128704wd,,0,05/04/2021
2010,12,7,3,1297920100402012,7,2,04,wd,,,,0,0,201027128704wd,1297920100402101979,,,4873.2417618,,,201027128704wd,,0,05/04/2021
2010,12,7,3,1297920100402014,7,2,04,wd,,,,0,0,201027128704wd,1297920100402101979,,,4873.2417618,,,201027128704wd,,0,05/04/2021
2010,12,7,3,1297920100406001,7,2,04,wd,8835440102,459,1.04,0,0,201027128704wd,129792010040617628,SPOTTED SEATROUT,,1670.6054004,18,45,201027128704wd,,0,05/04/2021
2010,12,7,3,1297920100406001,7,2,04,wd,8835440102,403,0.58,0,0,201027128704wd,129792010040617628,SPOTTED SEATROUT,,1670.6054004,15,40,201027128704wd,,0,05/04/2021
2010,12,7,3,1297920100406002,7,2,04,wd,,,,0,0,201027128704wd,129792010040617628,,,1670.6054004,,,201027128704wd,,0,05/04/2021
2010,12,7,3,1297920100406003,7,2,04,wd,8835440102,446,1.22,1,1,201027128704wd,129792010040617628,SPOTTED SEATROUT,,1670.6054004,17,44,201027128704wd,,0,05/04/2021
2010,12,7,3,1297920100406004,7,2,04,wd,,,,0,0,201027128704wd,129792010040617628,,,1670.6054004,,,201027128704wd,,0,05/04/2021
2010,12,7,3,1297920100406005,7,2,04,wd,,,,0,0,201027128704wd,129792010040617628,,,1670.6054004,,,201027128704wd,,0,05/04/2021
2010,12,7,3,1297920100406006,7,2,04,wd,,,,0,0,201027128704wd,129792010040617628,,,1670.6054004,,,201027128704wd,,0,05/04/2021
2010,12,7,3,1297920100406007,7,2,04,wd,,,,0,0,201027128704wd,129792010040617628,,,1670.6054004,,,201027128704wd,,0,05/04/2021
2010,12,7,3,1297920100406008,7,2,04,wd,,,,0,0,201027128704wd,129792010040617628,,,1670.6054004,,,201027128704wd,,0,05/04/2021
2010,12,7,3,1297920100406009,7,2,04,wd,8835440901,600,2.28,0,0,201027128704wd,129792010040617628,RED DRUM,,1670.6054004,23,60,201027128704wd,,0,05/04/2021
2010,12,7,3,1297920100406010,7,2,04,wd,8835440102,385,0.62,0,0,201027128704wd,129792010040617628,SPOTTED SEATROUT,,1670.6054004,15,38,201027128704wd,,0,05/04/2021
2010,12,7,4,1297920100406011,7,2,04,wd,8850030502,399,0.5,1,1,201027128704wd,129792010040617628,SPANISH MACKEREL,,1679.623566,15,39,201027128704wd,,0,05/04/2021
2010,12,7,4,1297920100406012,7,2,04,wd,,,,0,0,201027128704wd,129792010040617628,,,1679.623566,,,201027128704wd,,0,05/04/2021
2010,12,7,4,1297920100406013,7,2,04,wd,,,,0,0,201027128704wd,129792010040617628,,,1679.623566,,,201027128704wd,,0,05/04/2021
2010,12,7,3,1297920100406014,7,2,04,wd,,,,0,0,201027128704wd,129792010040617628,,,1670.6054004,,,201027128704wd,,0,05/04/2021
2010,12,7,3,1297920100406015,7,2,04,wd,,,,0,0,201027128704wd,129792010040617628,,,1670.6054004,,,201027128704wd,,0,05/04/2021
2010,12,7,3,1297920100406016,7,2,04,wd,,,,0,0,201027128704wd,129792010040617628,,,1670.6054004,,,201027128704wd,,0,05/04/2021
2010,12,7,3,1297920100406017,7,2,04,wd,,,,0,0,201027128704wd,129792010040617628,,,2017.774725,,,201027128704wd,,0,05/04/2021
2010,12,7,3,1297920100406018,7,2,04,wd,,,,0,0,201027128704wd,129792010040617628,,,2017.774725,,,201027128704wd,,0,05/04/2021
2010,12,7,3,1297920100406019,7,2,04,wd,,,,0,0,201027128704wd,129792010040617628,,,1670.6054004,,,201027128704wd,,0,05/04/2021
2010,12,7,3,1297920100406020,7,2,04,wd,,,,0,0,201027128704wd,129792010040617628,,,1670.6054004,,,201027128704wd,,0,05/04/2021
2010,12,7,4,1297920100406021,7,2,04,wd,8835020501,572,2.12,1,1,201027128704wd,129792010040617628,GAG,,2879.3546846,22,57,201027128704wd,,0,05/04/2021
2010,12,7,4,1297920100406021,7,2,04,wd,8835020501,604,3.14,0,0,201027128704wd,129792010040617628,GAG,,2879.3546846,23,60,201027128704wd,,0,05/04/2021
2010,12,7,4,1297920100406021,7,2,04,wd,8835020501,610,2.9,0,0,201027128704wd,129792010040617628,GAG,,2879.3546846,24,61,201027128704wd,,0,05/04/2021
2010,12,7,4,1297920100406021,7,2,04,wd,8835020501,604,3.14,1,1,201027128704wd,129792010040617628,GAG,,2879.3546846,23,60,201027128704wd,,0,05/04/2021
2010,12,7,4,1297920100406021,7,2,04,wd,8835020501,605,3.2,1,1,201027128704wd,129792010040617628,GAG,,2879.3546846,23,60,201027128704wd,,0,05/04/2021
2010,12,7,4,1297920100406021,7,2,04,wd,8835020501,610,2.9,1,1,201027128704wd,129792010040617628,GAG,,2879.3546846,24,61,201027128704wd,,0,05/04/2021
2010,12,7,4,1297920100406021,7,2,04,wd,8835020501,696,4.22,0,0,201027128704wd,129792010040617628,GAG,,2879.3546846,27,69,201027128704wd,,0,05/04/2021
2010,12,7,4,1297920100406022,7,2,04,wd,,,,0,0,201027128704wd,129792010040617628,,,2028.6669599,,,201027128704wd,,0,05/04/2021
2010,12,7,4,1297920100406023,7,2,04,wd,,,,0,0,201027128704wd,129792010040617628,,,2028.6669599,,,201027128704wd,,0,05/04/2021
2010,12,7,4,1297920100406024,7,2,04,wd,,,,0,0,201027128704wd,129792010040617628,,,2028.6669599,,,201027128704wd,,0,05/04/2021
2010,12,7,4,1297920100406025,7,2,04,wd,,,,0,0,201027128704wd,129792010040617628,,,2028.6669599,,,201027128704wd,,0,05/04/2021
2010,12,7,4,1297920100406026,7,2,04,wd,,,,0,0,201027128704wd,129792010040617628,,,2028.6669599,,,201027128704wd,,0,05/04/2021
2010,12,7,3,1297920100410004,7,2,04,we,,,,0,0,201027128704we,129792010041017628,,,1594.3277776,,,201027128704we,,0,05/04/2021
2010,12,7,3,1297920100410006,7,2,04,we,8835440102,530,1.38,0,0,201027128704we,129792010041017628,SPOTTED SEATROUT,,1594.3277776,20,53,201027128704we,,0,05/04/2021
2010,12,7,3,1297920100410006,7,2,04,we,8835440102,390,0.56,0,0,201027128704we,129792010041017628,SPOTTED SEATROUT,,1594.3277776,15,39,201027128704we,,0,05/04/2021
2010,12,7,3,1297920100420005,7,2,04,wd,,,,0,0,201027128704wd,129792010042053976,,,1904.1398789,,,201027128704wd,,0,05/04/2021
2010,12,7,3,1297920100420006,7,2,04,wd,,,,0,0,201027128704wd,129792010042053976,,,1904.1398789,,,201027128704wd,,0,05/04/2021
2010,12,7,3,1297920100420007,7,2,04,wd,,,,0,0,201027128704wd,129792010042053976,,,1904.1398789,,,201027128704wd,,0,05/04/2021
2010,12,7,4,1297920100420009,7,2,04,wd,,,,0,0,201027128704wd,129792010042053976,,,1914.4186968,,,201027128704wd,,0,05/04/2021
2010,12,7,4,1297920100420010,7,2,04,wd,,,,0,0,201027128704wd,129792010042053976,,,1914.4186968,,,201027128704wd,,0,05/04/2021
2010,12,7,4,1297920100420011,7,2,04,wd,8835440102,422,0.69,1,1,201027128704wd,129792010042053976,SPOTTED SEATROUT,,1914.4186968,16,42,201027128704wd,,0,05/04/2021
2010,12,7,4,1297920100420011,7,2,04,wd,8835020301,265,0.41,1,1,201027128704wd,129792010042053976,BLACK SEA BASS,,1914.4186968,10,26,201027128704wd,,0,05/04/2021
2010,12,7,4,1297920100420012,7,2,04,wd,8850030502,422.84877225,0.62,1,1,201027128704wd,129792010042053976,SPANISH MACKEREL,,1914.4186968,16,42,201027128704wd,,0,05/04/2021
2010,12,7,4,1297920100420012,7,2,04,wd,8835400102,270,0.36,1,1,201027128704wd,129792010042053976,WHITE GRUNT,,5743.2560904,10,27,201027128704wd,,0,05/04/2021
2010,12,7,4,1297920100420012,7,2,04,wd,8835400102,296,0.56,1,1,201027128704wd,129792010042053976,WHITE GRUNT,,5743.2560904,11,29,201027128704wd,,0,05/04/2021
2010,12,7,4,1297920100420012,7,2,04,wd,8835400102,310,0.52,1,1,201027128704wd,129792010042053976,WHITE GRUNT,,5743.2560904,12,31,201027128704wd,,0,05/04/2021
2010,12,7,4,1297920100420012,7,2,04,wd,8835400102,314,0.59,1,1,201027128704wd,129792010042053976,WHITE GRUNT,,5743.2560904,12,31,201027128704wd,,0,05/04/2021
2010,12,7,4,1297920100420012,7,2,04,wd,8835400102,258,0.34,1,1,201027128704wd,129792010042053976,WHITE GRUNT,,5743.2560904,10,25,201027128704wd,,0,05/04/2021
2010,12,7,4,1297920100420012,7,2,04,wd,8850030502,417,0.63,1,1,201027128704wd,129792010042053976,SPANISH MACKEREL,,1914.4186968,16,41,201027128704wd,,0,05/04/2021
2010,12,7,4,1297920100420013,7,2,04,wd,,,,0,0,201027128704wd,129792010042053976,,,1914.4186968,,,201027128704wd,,0,05/04/2021
2010,12,7,3,1297920100420014,7,2,04,wd,,,,0,0,201027128704wd,129792010042053976,,,1904.1398789,,,201027128704wd,,0,05/04/2021
2010,12,7,3,1297920100420015,7,2,04,wd,,,,0,0,201027128704wd,129792010042053976,,,1904.1398789,,,201027128704wd,,0,05/04/2021
2010,12,7,4,1297920100420016,7,2,04,wd,8850030502,339,0.28,0,0,201027128704wd,129792010042053976,SPANISH MACKEREL,,2312.2549816,13,33,201027128704wd,,0,05/04/2021
2010,12,7,4,1297920100420018,7,2,04,wd,8835020501,605,3.2,0,0,201027128704wd,129792010042053976,GAG,,1914.4186968,23,60,201027128704wd,,0,05/04/2021
2010,12,7,4,1297920100420019,7,2,04,wd,,,,0,0,201027128704wd,129792010042053976,,,1914.4186968,,,201027128704wd,,0,05/04/2021
2010,12,7,4,1297920100420020,7,2,04,wd,,,,0,0,201027128704wd,129792010042053976,,,1914.4186968,,,201027128704wd,,0,05/04/2021
2010,12,7,3,1297920100425004,7,2,04,we,,,,0,0,201027128704we,129792010042553976,,,726.99882583,,,201027128704we,,0,05/04/2021
2010,12,7,3,1297920100425006,7,2,04,we,,,,0,0,201027128704we,129792010042553976,,,726.99882583,,,201027128704we,,0,05/04/2021
2010,12,7,3,1297920100425020,7,2,04,we,,,,0,0,201027128704we,129792010042553976,,,726.99882583,,,201027128704we,,0,05/04/2021
2010,12,7,3,1297920100428001,7,2,04,wd,8835440102,374,0.52,1,1,201027128704wd,129792010042817516,SPOTTED SEATROUT,,3247.8845534,14,37,201027128704wd,,0,05/04/2021
2010,12,7,3,1297920100428001,7,2,04,wd,8835440102,419,0.5,0,0,201027128704wd,129792010042817516,SPOTTED SEATROUT,,3247.8845534,16,41,201027128704wd,,0,05/04/2021
2010,12,7,3,1297920100428003,7,2,04,wd,,,,0,0,201027128704wd,129792010042817516,,,3922.8290294,,,201027128704wd,,0,05/04/2021
2010,12,7,3,1297920100428005,7,2,04,wd,,,,0,0,201027128704wd,129792010042817516,,,3247.8845534,,,201027128704wd,,0,05/04/2021
2010,12,7,3,1297920100428007,7,2,04,wd,,,,0,0,201027128704wd,129792010042817516,,,3247.8845534,,,201027128704wd,,0,05/04/2021
2010,12,7,3,1297920100428008,7,2,04,wd,,,,0,0,201027128704wd,129792010042817516,,,3247.8845534,,,201027128704wd,,0,05/04/2021
2010,12,7,3,1297920100428013,7,2,04,wd,,,,0,0,201027128704wd,129792010042817516,,,3247.8845534,,,201027128704wd,,0,05/04/2021
2010,12,7,3,1297920100428014,7,2,04,wd,,,,0,0,201027128704wd,129792010042817516,,,3247.8845534,,,201027128704wd,,0,05/04/2021
2010,12,7,3,1297920100428015,7,2,04,wd,8835440102,522,1.42,0,0,201027128704wd,129792010042817516,SPOTTED SEATROUT,,3247.8845534,20,52,201027128704wd,,0,05/04/2021
2010,12,7,3,1297920100428015,7,2,04,wd,8835440102,485,1.12,0,0,201027128704wd,129792010042817516,SPOTTED SEATROUT,,3247.8845534,19,48,201027128704wd,,0,05/04/2021
2010,12,7,3,1297920100428015,7,2,04,wd,8835440102,411,0.4,0,0,201027128704wd,129792010042817516,SPOTTED SEATROUT,,3247.8845534,16,41,201027128704wd,,0,05/04/2021
2010,12,7,3,1297920100428015,7,2,04,wd,8835440102,421,0.72,0,0,201027128704wd,129792010042817516,SPOTTED SEATROUT,,3247.8845534,16,42,201027128704wd,,0,05/04/2021
2010,12,7,3,1297920100428015,7,2,04,wd,8835440102,446,1.22,0,0,201027128704wd,129792010042817516,SPOTTED SEATROUT,,3247.8845534,17,44,201027128704wd,,0,05/04/2021
2010,12,7,3,1297920100428015,7,2,04,wd,8835440102,510,1.38,0,0,201027128704wd,129792010042817516,SPOTTED SEATROUT,,3247.8845534,20,51,201027128704wd,,0,05/04/2021
2010,12,7,3,1297920100428018,7,2,04,wd,,,,0,0,201027128704wd,129792010042817516,,,3247.8845534,,,201027128704wd,,0,05/04/2021
2010,12,7,3,1297920100428021,7,2,04,wd,,,,0,0,201027128704wd,129792010042817516,,,3247.8845534,,,201027128704wd,,0,05/04/2021
2010,12,7,3,1297920100428025,7,2,04,wd,8835440901,520,1.46,0,0,201027128704wd,129792010042817516,RED DRUM,,3247.8845534,20,52,201027128704wd,,0,05/04/2021
2010,12,7,3,1297920100428028,7,2,04,wd,,,,0,0,201027128704wd,129792010042817516,,,3922.8290294,,,201027128704wd,,0,05/04/2021
2010,12,7,3,1297920100428029,7,2,04,wd,,,,0,0,201027128704wd,129792010042817516,,,3247.8845534,,,201027128704wd,,0,05/04/2021
2010,12,7,3,1297920100428030,7,2,04,wd,,,,0,0,201027128704wd,129792010042817516,,,3247.8845534,,,201027128704wd,,0,05/04/2021
2010,12,7,5,1476720100304001,7,2,03,wd,8835430301,383,1.5,1,1,201027128703wd,147672010030471759,SHEEPSHEAD,,2207.9552816,15,38,201027128703wd,,0,05/04/2021
2010,12,7,5,1476720100304002,7,2,03,wd,,,,0,0,201027128703wd,147672010030471759,,,2207.9552816,,,201027128703wd,,0,05/04/2021
2010,12,7,5,1476720100304003,7,2,03,wd,,,,0,0,201027128703wd,147672010030471759,,,2666.7915475,,,201027128703wd,,0,05/04/2021
2010,12,7,5,1476720100304004,7,2,03,wd,,,,0,0,201027128703wd,147672010030471759,,,2207.9552816,,,201027128703wd,,0,05/04/2021
2010,12,7,5,1476720100304005,7,2,03,wd,,,,0,0,201027128703wd,147672010030471759,,,2207.9552816,,,201027128703wd,,0,05/04/2021
2010,12,7,5,1476720100304012,7,2,03,wd,,,,0,0,201027128703wd,147672010030471759,,,2207.9552816,,,201027128703wd,,0,05/04/2021
2010,12,7,5,1476720100304013,7,2,03,wd,,,,0,0,201027128703wd,147672010030471759,,,2207.9552816,,,201027128703wd,,0,05/04/2021
2010,12,7,5,1476720100325005,7,2,03,wd,8835430301,314,0.58,0,0,201027128703wd,1476720100325211450,SHEEPSHEAD,,3796.1228041,12,31,201027128703wd,,0,05/04/2021
2010,12,7,5,1476720100325005,7,2,03,wd,8835430301,380,1.35,1,1,201027128703wd,1476720100325211450,SHEEPSHEAD,,3796.1228041,14,38,201027128703wd,,0,05/04/2021
2010,12,7,5,1476720100325005,7,2,03,wd,8835430301,331,0.78,0,0,201027128703wd,1476720100325211450,SHEEPSHEAD,,3796.1228041,13,33,201027128703wd,,0,05/04/2021
2010,12,7,5,1476720100325005,7,2,03,wd,8835430301,333,0.88,1,1,201027128703wd,1476720100325211450,SHEEPSHEAD,,3796.1228041,13,33,201027128703wd,,0,05/04/2021
2010,12,7,5,1476720100325006,7,2,03,wd,,,,0,0,201027128703wd,1476720100325211450,,,3796.1228041,,,201027128703wd,,0,05/04/2021
2010,12,7,5,1476720100325007,7,2,03,wd,,,,0,0,201027128703wd,1476720100325211450,,,3796.1228041,,,201027128703wd,,0,05/04/2021
2010,12,7,5,1476720100325008,7,2,03,wd,,,,0,0,201027128703wd,1476720100325211450,,,3796.1228041,,,201027128703wd,,0,05/04/2021
2010,12,7,5,1476720100325009,7,2,03,wd,8850030502,431,0.68,1,1,201027128703wd,1476720100325211450,SPANISH MACKEREL,,3796.1228041,16,43,201027128703wd,,0,05/04/2021
2010,12,7,5,1476720100325009,7,2,03,wd,8835440601,340,0.44,1,1,201027128703wd,1476720100325211450,SOUTHERN KINGFISH,,3796.1228041,13,34,201027128703wd,,0,05/04/2021
2010,12,7,5,1476720100325009,7,2,03,wd,8835440106,327,0.24,1,1,201027128703wd,1476720100325211450,SAND SEATROUT,,3796.1228041,12,32,201027128703wd,,0,05/04/2021
2010,12,7,5,1476720100325009,7,2,03,wd,8835440106,316,0.22,1,1,201027128703wd,1476720100325211450,SAND SEATROUT,,3796.1228041,12,31,201027128703wd,,0,05/04/2021
2010,12,7,5,1476720100325009,7,2,03,wd,8835440106,321,0.21,1,1,201027128703wd,1476720100325211450,SAND SEATROUT,,3796.1228041,12,32,201027128703wd,,0,05/04/2021
2010,12,7,5,1476720100325009,7,2,03,wd,8835440106,307,0.2,1,1,201027128703wd,1476720100325211450,SAND SEATROUT,,3796.1228041,12,30,201027128703wd,,0,05/04/2021
2010,12,7,5,1476720100325013,7,2,03,wd,8835430301,308,0.75,1,1,201027128703wd,1476720100325211450,SHEEPSHEAD,,3142.9788364,12,30,201027128703wd,,0,05/04/2021
2010,12,7,5,1476720100325013,7,2,03,wd,8835430301,313,0.4,0,0,201027128703wd,1476720100325211450,SHEEPSHEAD,,3142.9788364,12,31,201027128703wd,,0,05/04/2021
2010,12,7,5,1476720100325013,7,2,03,wd,8835280901,351,0.82,0,0,201027128703wd,1476720100325211450,FLORIDA POMPANO,,3142.9788364,13,35,201027128703wd,,0,05/04/2021
2010,12,7,5,1476720100325013,7,2,03,wd,8835430301,335,0.78,0,0,201027128703wd,1476720100325211450,SHEEPSHEAD,,3142.9788364,13,33,201027128703wd,,0,05/04/2021
2010,12,7,5,1476720100325013,7,2,03,wd,8835430301,355,0.62,0,0,201027128703wd,1476720100325211450,SHEEPSHEAD,,3142.9788364,13,35,201027128703wd,,0,05/04/2021
2010,12,7,5,1476720100325013,7,2,03,wd,8835430301,290,0.63,1,1,201027128703wd,1476720100325211450,SHEEPSHEAD,,3142.9788364,11,29,201027128703wd,,0,05/04/2021
2010,12,7,5,1476720100325014,7,2,03,wd,,,,0,0,201027128703wd,1476720100325211450,,,3796.1228041,,,201027128703wd,,0,05/04/2021
2010,12,7,5,1476720100325019,7,2,03,wd,8835440106,251,0.22,1,1,201027128703wd,1476720100325211450,SAND SEATROUT,,3142.9788364,9,25,201027128703wd,,0,05/04/2021
2010,12,7,5,1476720100325019,7,2,03,wd,8835440106,271,0.31,1,1,201027128703wd,1476720100325211450,SAND SEATROUT,,3142.9788364,10,27,201027128703wd,,0,05/04/2021
2010,12,7,5,1476720100325019,7,2,03,wd,8835440601,250,0.18,1,1,201027128703wd,1476720100325211450,SOUTHERN KINGFISH,,3142.9788364,9,25,201027128703wd,,0,05/04/2021
2010,12,7,5,1476720100325019,7,2,03,wd,8835440106,255,0.24,1,1,201027128703wd,1476720100325211450,SAND SEATROUT,,3142.9788364,10,25,201027128703wd,,0,05/04/2021
2010,12,7,5,1476720100325019,7,2,03,wd,8835440106,260,0.28,1,1,201027128703wd,1476720100325211450,SAND SEATROUT,,3142.9788364,10,26,201027128703wd,,0,05/04/2021
2010,12,7,5,1476720100325019,7,2,03,wd,8835440106,294,0.35,1,1,201027128703wd,1476720100325211450,SAND SEATROUT,,3142.9788364,11,29,201027128703wd,,0,05/04/2021
2010,12,7,5,1476720100325022,7,2,03,wd,,,,0,0,201027128703wd,1476720100325211450,,,4364.7245778,,,201027128703wd,,0,05/04/2021
2010,12,7,5,1476720100325023,7,2,03,wd,,,,0,0,201027128703wd,1476720100325211450,,,4364.7245778,,,201027128703wd,,0,05/04/2021
2010,12,7,5,1476720100408001,7,2,04,wd,8850030502,400,0.52,0,0,201027128704wd,147672010040871555,SPANISH MACKEREL,,1308.1136663,15,40,201027128704wd,,0,05/04/2021
2010,12,7,5,1476720100408001,7,2,04,wd,8850030502,361,0.36,0,0,201027128704wd,147672010040871555,SPANISH MACKEREL,,1308.1136663,14,36,201027128704wd,,0,05/04/2021
2010,12,7,5,1476720100408001,7,2,04,wd,8850030502,333,0.3,0,0,201027128704wd,147672010040871555,SPANISH MACKEREL,,1308.1136663,13,33,201027128704wd,,0,05/04/2021
2010,12,7,5,1476720100408001,7,2,04,wd,8850030502,441,0.66,0,0,201027128704wd,147672010040871555,SPANISH MACKEREL,,1308.1136663,17,44,201027128704wd,,0,05/04/2021
2010,12,7,5,1476720100408001,7,2,04,wd,8835430301,305,0.42,0,0,201027128704wd,147672010040871555,SHEEPSHEAD,,1308.1136663,12,30,201027128704wd,,0,05/04/2021
2010,12,7,5,1476720100408001,7,2,04,wd,8850030502,400,0.48,0,0,201027128704wd,147672010040871555,SPANISH MACKEREL,,1308.1136663,15,40,201027128704wd,,0,05/04/2021
2010,12,7,5,1476720100408002,7,2,04,wd,,,,0,0,201027128704wd,147672010040871555,,,1579.9534064,,,201027128704wd,,0,05/04/2021
2010,12,7,5,1476720100408003,7,2,04,wd,,,,0,0,201027128704wd,147672010040871555,,,1579.9534064,,,201027128704wd,,0,05/04/2021
2010,12,7,5,1476720100408007,7,2,04,wd,,,,0,0,201027128704wd,147672010040871555,,,1579.9534064,,,201027128704wd,,0,05/04/2021
2010,12,7,5,1476720100408008,7,2,04,wd,,,,0,0,201027128704wd,147672010040871555,,,1308.1136663,,,201027128704wd,,0,05/04/2021
2010,12,7,5,1476720100417001,7,2,04,we,,,,0,0,201027128704we,147672010041771117,,,2024.3284649,,,201027128704we,,0,05/04/2021
2010,12,7,5,1476720100417002,7,2,04,we,,,,0,0,201027128704we,147672010041771117,,,2024.3284649,,,201027128704we,,0,05/04/2021
2010,12,7,5,1476720100417003,7,2,04,we,8835430301,305,0.6936162533,0,1,201027128704we,147672010041771117,SHEEPSHEAD,,2024.3284649,12,30,201027128704we,,0,05/04/2021
2010,12,7,5,1476720100417003,7,2,04,we,8835430301,292,0.6110797873,0,1,201027128704we,147672010041771117,SHEEPSHEAD,,2024.3284649,11,29,201027128704we,,0,05/04/2021
2010,12,7,5,1476720100417003,7,2,04,we,8835430301,315,0.7618515837,0,1,201027128704we,147672010041771117,SHEEPSHEAD,,2024.3284649,12,31,201027128704we,,0,05/04/2021
2010,12,7,5,1476720100417003,7,2,04,we,8835430301,315,0.7618515837,0,1,201027128704we,147672010041771117,SHEEPSHEAD,,2024.3284649,12,31,201027128704we,,0,05/04/2021
2010,12,7,5,1476720100417003,7,2,04,we,8835430301,342,0.9677239317,0,1,201027128704we,147672010041771117,SHEEPSHEAD,,2024.3284649,13,34,201027128704we,,0,05/04/2021
2010,12,7,5,1476720100417003,7,2,04,we,8835430301,332,0.8876991294,0,1,201027128704we,147672010041771117,SHEEPSHEAD,,2024.3284649,13,33,201027128704we,,0,05/04/2021
2010,12,7,5,1476720100417003,7,2,04,we,8835430301,351,1.0436696762,0,1,201027128704we,147672010041771117,SHEEPSHEAD,,2024.3284649,13,35,201027128704we,,0,05/04/2021
2010,12,7,5,1476720100417004,7,2,04,we,,,,0,0,201027128704we,147672010041771117,,,2024.3284649,,,201027128704we,,0,05/04/2021
2010,12,7,5,1476720100417005,7,2,04,we,,,,0,0,201027128704we,147672010041771117,,,2024.3284649,,,201027128704we,,0,05/04/2021
2010,12,7,5,1476720100417006,7,2,04,we,,,,0,0,201027128704we,147672010041771117,,,2024.3284649,,,201027128704we,,0,05/04/2021
2010,12,7,5,1476720100417007,7,2,04,we,,,,0,0,201027128704we,147672010041771117,,,2024.3284649,,,201027128704we,,0,05/04/2021
2010,12,7,5,1476720100417009,7,2,04,we,8835440602,285,0.28,0,0,201027128704we,147672010041771117,GULF KINGFISH,,2024.3284649,11,28,201027128704we,,0,05/04/2021
2010,12,7,5,1476720100417009,7,2,04,we,8835440602,290,0.28,0,0,201027128704we,147672010041771117,GULF KINGFISH,,2024.3284649,11,29,201027128704we,,0,05/04/2021
2010,12,7,5,1476720100417009,7,2,04,we,8835440602,292,0.26,0,0,201027128704we,147672010041771117,GULF KINGFISH,,2024.3284649,11,29,201027128704we,,0,05/04/2021
2010,12,7,5,1476720100417009,7,2,04,we,8835440602,305,0.28,0,0,201027128704we,147672010041771117,GULF KINGFISH,,2024.3284649,12,30,201027128704we,,0,05/04/2021
2010,12,7,5,1476720100417009,7,2,04,we,8835440602,305,0.28,0,0,201027128704we,147672010041771117,GULF KINGFISH,,2024.3284649,12,30,201027128704we,,0,05/04/2021
2010,12,7,5,1476720100417009,7,2,04,we,8835440602,325,0.34,0,0,201027128704we,147672010041771117,GULF KINGFISH,,2024.3284649,12,32,201027128704we,,0,05/04/2021
2010,12,7,5,1476720100417009,7,2,04,we,8835440602,294,0.3,0,0,201027128704we,147672010041771117,GULF KINGFISH,,2024.3284649,11,29,201027128704we,,0,05/04/2021
2010,12,7,5,1476720100417009,7,2,04,we,8835280901,320,0.78,0,0,201027128704we,147672010041771117,FLORIDA POMPANO,,2024.3284649,12,32,201027128704we,,0,05/04/2021
2010,12,7,5,1476720100417009,7,2,04,we,8835440602,375,0.38,0,0,201027128704we,147672010041771117,GULF KINGFISH,,2024.3284649,14,37,201027128704we,,0,05/04/2021
2010,12,7,5,1476720100417009,7,2,04,we,8835440602,326,0.32,0,0,201027128704we,147672010041771117,GULF KINGFISH,,2024.3284649,12,32,201027128704we,,0,05/04/2021
2010,12,7,5,1476720100417010,7,2,04,we,,,,0,0,201027128704we,147672010041771117,,,2445.0051523,,,201027128704we,,0,05/04/2021
2010,12,7,5,1476720100417011,7,2,04,we,,,,0,0,201027128704we,147672010041771117,,,2445.0051523,,,201027128704we,,0,05/04/2021
2010,12,7,5,1476720100417012,7,2,04,we,,,,0,0,201027128704we,147672010041771117,,,2024.3284649,,,201027128704we,,0,05/04/2021
2010,12,7,5,1476720100417014,7,2,04,we,,,,0,0,201027128704we,147672010041771117,,,2024.3284649,,,201027128704we,,0,05/04/2021
2010,12,7,5,1476720100417016,7,2,04,we,,,,0,0,201027128704we,147672010041771117,,,2024.3284649,,,201027128704we,,0,05/04/2021
2010,12,7,5,1476720100417017,7,2,04,we,,,,0,0,201027128704we,147672010041771117,,,2024.3284649,,,201027128704we,,0,05/04/2021
2010,12,7,5,1476720100417018,7,2,04,we,,,,0,0,201027128704we,147672010041771117,,,2024.3284649,,,201027128704we,,0,05/04/2021
2010,12,7,5,1476720100417019,7,2,04,we,,,,0,0,201027128704we,147672010041771117,,,2024.3284649,,,201027128704we,,0,05/04/2021
2010,12,7,5,1476720100417020,7,2,04,we,,,,0,0,201027128704we,147672010041771117,,,2024.3284649,,,201027128704we,,0,05/04/2021
2010,12,7,5,1476720100417021,7,2,04,we,,,,0,0,201027128704we,147672010041771117,,,2024.3284649,,,201027128704we,,0,05/04/2021
2010,12,7,5,1476720100417022,7,2,04,we,,,,0,0,201027128704we,147672010041771117,,,2024.3284649,,,201027128704we,,0,05/04/2021
2010,12,7,5,1476720100417023,7,2,04,we,8850030502,341,0.28,0,0,201027128704we,147672010041771117,SPANISH MACKEREL,,2024.3284649,13,34,201027128704we,,0,05/04/2021
2010,12,7,5,1476720100417023,7,2,04,we,8835250101,325,0.44,0,0,201027128704we,147672010041771117,BLUEFISH,,2024.3284649,12,32,201027128704we,,0,05/04/2021
2010,12,7,5,1476720100417023,7,2,04,we,8850030502,345,0.3,0,0,201027128704we,147672010041771117,SPANISH MACKEREL,,2024.3284649,13,34,201027128704we,,0,05/04/2021
2010,12,7,5,1476720100417023,7,2,04,we,8835430301,300,0.58,0,0,201027128704we,147672010041771117,SHEEPSHEAD,,2024.3284649,11,30,201027128704we,,0,05/04/2021
2010,12,7,5,1476720100417024,7,2,04,we,,,,0,0,201027128704we,147672010041771117,,,2024.3284649,,,201027128704we,,0,05/04/2021
2010,12,7,5,1476720100417025,7,2,04,we,8835020501,560,2.12,0,0,201027128704we,147672010041771117,GAG,,2024.3284649,22,56,201027128704we,,0,05/04/2021
2010,12,7,5,1476720100417026,7,2,04,we,8835440102,397,0.51,0,0,201027128704we,147672010041771117,SPOTTED SEATROUT,,2445.0051523,15,39,201027128704we,,0,05/04/2021
2010,12,7,5,1476720100417026,7,2,04,we,8835440102,431,0.76,0,0,201027128704we,147672010041771117,SPOTTED SEATROUT,,2445.0051523,16,43,201027128704we,,0,05/04/2021
2010,12,7,5,1476720100417026,7,2,04,we,8835440102,422,0.78,0,0,201027128704we,147672010041771117,SPOTTED SEATROUT,,2445.0051523,16,42,201027128704we,,0,05/04/2021
2010,12,7,5,1476720100417026,7,2,04,we,8835440102,385,0.58,0,0,201027128704we,147672010041771117,SPOTTED SEATROUT,,2445.0051523,15,38,201027128704we,,0,05/04/2021
2010,12,7,5,1476720100417026,7,2,04,we,8835440102,382,0.48,0,0,201027128704we,147672010041771117,SPOTTED SEATROUT,,2445.0051523,15,38,201027128704we,,0,05/04/2021
2010,12,7,5,1476720100417026,7,2,04,we,8835440102,461,0.92,0,0,201027128704we,147672010041771117,SPOTTED SEATROUT,,2445.0051523,18,46,201027128704we,,0,05/04/2021
2010,12,7,5,1476720100417026,7,2,04,we,8835440102,410,0.64,0,0,201027128704we,147672010041771117,SPOTTED SEATROUT,,2445.0051523,16,41,201027128704we,,0,05/04/2021
2010,12,7,5,1476720100417026,7,2,04,we,8835440102,440,0.7,0,0,201027128704we,147672010041771117,SPOTTED SEATROUT,,2445.0051523,17,44,201027128704we,,0,05/04/2021
2010,12,7,5,1476720100417027,7,2,04,we,,,,0,0,201027128704we,147672010041771117,,,2445.0051523,,,201027128704we,,0,05/04/2021
2010,12,7,5,1476720100417028,7,2,04,we,8835440102,545,1.43,1,1,201027128704we,147672010041771117,SPOTTED SEATROUT,,2024.3284649,21,54,201027128704we,,0,05/04/2021
2010,12,7,5,1476720100417028,7,2,04,we,8835440102,563,1.83,1,1,201027128704we,147672010041771117,SPOTTED SEATROUT,,2024.3284649,22,56,201027128704we,,0,05/04/2021
2010,12,7,5,1476720100417029,7,2,04,we,,,,0,0,201027128704we,147672010041771117,,,2024.3284649,,,201027128704we,,0,05/04/2021
2010,12,7,3,1507120100320001,7,2,03,we,8835360102,315,0.44,0,0,201027128703we,15071201003208766,GRAY SNAPPER,,4147.3390881,12,31,201027128703we,,0,05/04/2021
2010,12,7,3,1507120100320001,7,2,03,we,8835360102,334,0.6,0,0,201027128703we,15071201003208766,GRAY SNAPPER,,4147.3390881,13,33,201027128703we,,0,05/04/2021
2010,12,7,3,1507120100320001,7,2,03,we,8835360102,276,0.32,0,0,201027128703we,15071201003208766,GRAY SNAPPER,,4147.3390881,10,27,201027128703we,,0,05/04/2021
2010,12,7,3,1507120100320001,7,2,03,we,8835360102,332,0.56,0,0,201027128703we,15071201003208766,GRAY SNAPPER,,4147.3390881,13,33,201027128703we,,0,05/04/2021
2010,12,7,3,1507120100320001,7,2,03,we,8835360102,304,0.4,0,0,201027128703we,15071201003208766,GRAY SNAPPER,,4147.3390881,11,30,201027128703we,,0,05/04/2021
2010,12,7,3,1507120100320001,7,2,03,we,8835360102,305,0.42,0,0,201027128703we,15071201003208766,GRAY SNAPPER,,4147.3390881,12,30,201027128703we,,0,05/04/2021
2010,12,7,3,1507120100320001,7,2,03,we,8835360102,350,0.7,0,0,201027128703we,15071201003208766,GRAY SNAPPER,,4147.3390881,13,35,201027128703we,,0,05/04/2021
2010,12,7,3,1507120100320001,7,2,03,we,8835360102,329,0.5,0,0,201027128703we,15071201003208766,GRAY SNAPPER,,4147.3390881,12,32,201027128703we,,0,05/04/2021
2010,12,7,3,1507120100320001,7,2,03,we,8835360102,365,0.7,0,0,201027128703we,15071201003208766,GRAY SNAPPER,,4147.3390881,14,36,201027128703we,,0,05/04/2021
2010,12,7,3,1507120100320001,7,2,03,we,8835360102,370,0.8,0,0,201027128703we,15071201003208766,GRAY SNAPPER,,4147.3390881,14,37,201027128703we,,0,05/04/2021
2010,12,7,4,1507120100320002,7,2,03,we,8835400102,263,0.38,1,1,201027128703we,15071201003208766,WHITE GRUNT,,32523.870712,10,26,201027128703we,,0,05/04/2021
2010,12,7,4,1507120100320002,7,2,03,we,8835430503,241,0.36,0,0,201027128703we,15071201003208766,SAUCEREYE PORGY,,4169.7270143,9,24,201027128703we,,0,05/04/2021
2010,12,7,4,1507120100320002,7,2,03,we,8835400102,249,0.32,1,1,201027128703we,15071201003208766,WHITE GRUNT,,32523.870712,9,24,201027128703we,,0,05/04/2021
2010,12,7,4,1507120100320002,7,2,03,we,8835400102,283,0.45,1,1,201027128703we,15071201003208766,WHITE GRUNT,,32523.870712,11,28,201027128703we,,0,05/04/2021
2010,12,7,4,1507120100320002,7,2,03,we,8835360102,320,0.67,1,1,201027128703we,15071201003208766,GRAY SNAPPER,,4169.7270143,12,32,201027128703we,,0,05/04/2021
2010,12,7,4,1507120100320002,7,2,03,we,8835400102,280,0.45,1,1,201027128703we,15071201003208766,WHITE GRUNT,,32523.870712,11,28,201027128703we,,0,05/04/2021
2010,12,7,4,1507120100320002,7,2,03,we,8835360401,267,0.42,0,0,201027128703we,15071201003208766,YELLOWTAIL SNAPPER,,4169.7270143,10,26,201027128703we,,0,05/04/2021
2010,12,7,4,1507120100320002,7,2,03,we,8835360401,297,0.4,0,0,201027128703we,15071201003208766,YELLOWTAIL SNAPPER,,4169.7270143,11,29,201027128703we,,0,05/04/2021
2010,12,7,4,1507120100320002,7,2,03,we,8835400102,299,0.65,1,1,201027128703we,15071201003208766,WHITE GRUNT,,32523.870712,11,29,201027128703we,,0,05/04/2021
2010,12,7,4,1507120100320002,7,2,03,we,8835360401,262,0.32,0,0,201027128703we,15071201003208766,YELLOWTAIL SNAPPER,,4169.7270143,10,26,201027128703we,,0,05/04/2021
2010,12,7,4,1507120100320002,7,2,03,we,8835360401,261,0.28,0,0,201027128703we,15071201003208766,YELLOWTAIL SNAPPER,,4169.7270143,10,26,201027128703we,,0,05/04/2021
2010,12,7,4,1507120100320002,7,2,03,we,8835360102,269,0.3,0,0,201027128703we,15071201003208766,GRAY SNAPPER,,4169.7270143,10,26,201027128703we,,0,05/04/2021
2010,12,7,4,1507120100320002,7,2,03,we,8835360401,268,0.34,0,0,201027128703we,15071201003208766,YELLOWTAIL SNAPPER,,4169.7270143,10,26,201027128703we,,0,05/04/2021
2010,12,7,4,1507120100320002,7,2,03,we,8835360102,298,0.42,0,0,201027128703we,15071201003208766,GRAY SNAPPER,,4169.7270143,11,29,201027128703we,,0,05/04/2021
2010,12,7,4,1507120100320002,7,2,03,we,8835360102,294,0.38,0,0,201027128703we,15071201003208766,GRAY SNAPPER,,4169.7270143,11,29,201027128703we,,0,05/04/2021
2010,12,7,4,1507120100320002,7,2,03,we,8835280306,260,0.34,0,0,201027128703we,15071201003208766,BLUE RUNNER,,4169.7270143,10,26,201027128703we,,0,05/04/2021
2010,12,7,4,1507120100320002,7,2,03,we,8835360102,298,0.4,0,0,201027128703we,15071201003208766,GRAY SNAPPER,,4169.7270143,11,29,201027128703we,,0,05/04/2021
2010,12,7,4,1507120100320002,7,2,03,we,8835270103,670,1.06,1,1,201027128703we,15071201003208766,REMORA,,6234.8070003,26,67,201027128703we,,0,05/04/2021
2010,12,7,4,1507120100320003,7,2,03,we,,,,0,0,201027128703we,15071201003208766,,,6234.8070003,,,201027128703we,,0,05/04/2021
2010,12,7,4,1507120100320004,7,2,03,we,8850030102,581,2.76,1,1,201027128703we,15071201003208766,LITTLE TUNNY,,4169.7270143,22,58,201027128703we,,0,05/04/2021
2010,12,7,4,1507120100320004,7,2,03,we,8835360401,257,0.3,0,0,201027128703we,15071201003208766,YELLOWTAIL SNAPPER,,10424.317536,10,25,201027128703we,,0,05/04/2021
2010,12,7,4,1507120100320004,7,2,03,we,8835360401,261,0.28,1,1,201027128703we,15071201003208766,YELLOWTAIL SNAPPER,,10424.317536,10,26,201027128703we,,0,05/04/2021
2010,12,7,4,1507120100320004,7,2,03,we,8835360401,268,0.34,1,1,201027128703we,15071201003208766,YELLOWTAIL SNAPPER,,10424.317536,10,26,201027128703we,,0,05/04/2021
2010,12,7,4,1507120100320004,7,2,03,we,8835360401,264,0.34,0,0,201027128703we,15071201003208766,YELLOWTAIL SNAPPER,,10424.317536,10,26,201027128703we,,0,05/04/2021
2010,12,7,4,1507120100320004,7,2,03,we,8835360401,267,0.42,1,1,201027128703we,15071201003208766,YELLOWTAIL SNAPPER,,10424.317536,10,26,201027128703we,,0,05/04/2021
2010,12,7,4,1507120100320004,7,2,03,we,8835360401,245,0.26,0,0,201027128703we,15071201003208766,YELLOWTAIL SNAPPER,,10424.317536,9,24,201027128703we,,0,05/04/2021
2010,12,7,4,1507120100320004,7,2,03,we,8835360401,263,0.34,0,0,201027128703we,15071201003208766,YELLOWTAIL SNAPPER,,10424.317536,10,26,201027128703we,,0,05/04/2021
2010,12,7,4,1507120100320004,7,2,03,we,8835360401,264,0.34,1,1,201027128703we,15071201003208766,YELLOWTAIL SNAPPER,,10424.317536,10,26,201027128703we,,0,05/04/2021
2010,12,7,4,1507120100320005,7,2,03,we,,,,0,0,201027128703we,15071201003208766,,,4169.7270143,,,201027128703we,,0,05/04/2021
2010,12,7,3,1507120100320006,7,2,03,we,8850030503,482,1.12,1,1,201027128703we,15071201003208766,CERO,,4147.3390881,18,48,201027128703we,,0,05/04/2021
2010,12,7,3,1507120100320006,7,2,03,we,8835360102,305,0.42,1,1,201027128703we,15071201003208766,GRAY SNAPPER,,4147.3390881,12,30,201027128703we,,0,05/04/2021
2010,12,7,3,1507120100320006,7,2,03,we,8835360102,329,0.5,1,1,201027128703we,15071201003208766,GRAY SNAPPER,,4147.3390881,12,32,201027128703we,,0,05/04/2021
2010,12,7,3,1507120100320006,7,2,03,we,8835360102,315,0.44,1,1,201027128703we,15071201003208766,GRAY SNAPPER,,4147.3390881,12,31,201027128703we,,0,05/04/2021
2010,12,7,3,1507120100320007,7,2,03,we,,,,0,0,201027128703we,15071201003208766,,,4147.3390881,,,201027128703we,,0,05/04/2021
2010,12,7,3,1507120100320008,7,2,03,we,,,,0,0,201027128703we,15071201003208766,,,4147.3390881,,,201027128703we,,0,05/04/2021
2010,12,7,3,1507120100320009,7,2,03,we,,,,0,0,201027128703we,15071201003208766,,,3433.7664122,,,201027128703we,,0,05/04/2021
2010,12,7,3,1507120100320010,7,2,03,we,,,,0,0,201027128703we,15071201003208766,,,4147.3390881,,,201027128703we,,0,05/04/2021
2010,12,7,4,1507120100320011,7,2,03,we,8835360401,245,0.26,1,1,201027128703we,15071201003208766,YELLOWTAIL SNAPPER,,4169.7270143,9,24,201027128703we,,0,05/04/2021
2010,12,7,4,1507120100320011,7,2,03,we,8835360401,279,0.4,0,0,201027128703we,15071201003208766,YELLOWTAIL SNAPPER,,4169.7270143,10,27,201027128703we,,0,05/04/2021
2010,12,7,4,1507120100320011,7,2,03,we,8835360401,257,0.3,1,1,201027128703we,15071201003208766,YELLOWTAIL SNAPPER,,4169.7270143,10,25,201027128703we,,0,05/04/2021
2010,12,7,4,1507120100320011,7,2,03,we,8835360401,279,0.4,1,1,201027128703we,15071201003208766,YELLOWTAIL SNAPPER,,4169.7270143,10,27,201027128703we,,0,05/04/2021
2010,12,7,4,1507120100320011,7,2,03,we,8835360401,369,0.9,1,1,201027128703we,15071201003208766,YELLOWTAIL SNAPPER,,4169.7270143,14,36,201027128703we,,0,05/04/2021
2010,12,7,4,1507120100320011,7,2,03,we,8835360103,520,2.24,0,0,201027128703we,15071201003208766,MUTTON SNAPPER,,4169.7270143,20,52,201027128703we,,0,05/04/2021
2010,12,7,4,1507120100320011,7,2,03,we,8835360401,407,1.12,0,0,201027128703we,15071201003208766,YELLOWTAIL SNAPPER,,4169.7270143,16,40,201027128703we,,0,05/04/2021
2010,12,7,4,1507120100320012,7,2,03,we,8860020201,395,1.48,0,0,201027128703we,15071201003208766,GRAY TRIGGERFISH,,4169.7270143,15,39,201027128703we,,0,05/04/2021
2010,12,7,4,1507120100320012,7,2,03,we,8835430506,265,0.48,0,0,201027128703we,15071201003208766,KNOBBED PORGY,,4169.7270143,10,26,201027128703we,,0,05/04/2021
2010,12,7,4,1507120100320012,7,2,03,we,8835430508,263,0.44,0,0,201027128703we,15071201003208766,LITTLEHEAD PORGY,,4169.7270143,10,26,201027128703we,,0,05/04/2021
2010,12,7,4,1507120100320012,7,2,03,we,8835400102,277,0.45,1,1,201027128703we,15071201003208766,WHITE GRUNT,,8339.4540286,10,27,201027128703we,,0,05/04/2021
2010,12,7,4,1507120100320012,7,2,03,we,8835400102,221,0.24,1,1,201027128703we,15071201003208766,WHITE GRUNT,,8339.4540286,8,22,201027128703we,,0,05/04/2021
2010,12,7,4,1507120100320012,7,2,03,we,8835430506,275,0.52,1,1,201027128703we,15071201003208766,KNOBBED PORGY,,4169.7270143,10,27,201027128703we,,0,05/04/2021
2010,12,7,4,1507120100320012,7,2,03,we,8835400102,283,0.45,1,1,201027128703we,15071201003208766,WHITE GRUNT,,8339.4540286,11,28,201027128703we,,0,05/04/2021
2010,12,7,4,1507120100320012,7,2,03,we,8835400102,261,0.28,1,1,201027128703we,15071201003208766,WHITE GRUNT,,8339.4540286,10,26,201027128703we,,0,05/04/2021
2010,12,7,4,1507120100320012,7,2,03,we,8835400102,250,0.32,1,1,201027128703we,15071201003208766,WHITE GRUNT,,8339.4540286,9,25,201027128703we,,0,05/04/2021
2010,12,7,4,1507120100320012,7,2,03,we,8835430508,239,0.34,1,1,201027128703we,15071201003208766,LITTLEHEAD PORGY,,4169.7270143,9,23,201027128703we,,0,05/04/2021
2010,12,7,4,1507120100320012,7,2,03,we,8835360401,309,0.54,0,0,201027128703we,15071201003208766,YELLOWTAIL SNAPPER,,4169.7270143,12,30,201027128703we,,0,05/04/2021
2010,12,7,4,1507120100320012,7,2,03,we,8835400101,178,0.08,0,0,201027128703we,15071201003208766,TOMTATE,,4169.7270143,7,17,201027128703we,,0,05/04/2021
2010,12,7,4,1507120100320012,7,2,03,we,8835360401,287,0.44,1,1,201027128703we,15071201003208766,YELLOWTAIL SNAPPER,,4169.7270143,11,28,201027128703we,,0,05/04/2021
2010,12,7,4,1507120100320012,7,2,03,we,8835360112,198,0.12,0,0,201027128703we,15071201003208766,LANE SNAPPER,,4169.7270143,7,19,201027128703we,,0,05/04/2021
2010,12,7,4,1507120100320012,7,2,03,we,8835360401,369,0.9,0,0,201027128703we,15071201003208766,YELLOWTAIL SNAPPER,,4169.7270143,14,36,201027128703we,,0,05/04/2021
2010,12,7,4,1507120100320012,7,2,03,we,8835360401,287,0.44,0,0,201027128703we,15071201003208766,YELLOWTAIL SNAPPER,,4169.7270143,11,28,201027128703we,,0,05/04/2021
2010,12,7,4,1507120100320012,7,2,03,we,8835360112,260,0.3,0,0,201027128703we,15071201003208766,LANE SNAPPER,,4169.7270143,10,26,201027128703we,,0,05/04/2021
2010,12,7,3,1507120100325001,7,2,03,wd,8835360102,276,0.32,1,1,201027128703wd,150712010032587359,GRAY SNAPPER,,15933.748484,10,27,201027128703wd,,0,05/04/2021
2010,12,7,3,1507120100325001,7,2,03,wd,8835360102,276,0.32,1,1,201027128703wd,150712010032587359,GRAY SNAPPER,,15933.748484,10,27,201027128703wd,,0,05/04/2021
2010,12,7,3,1507120100325001,7,2,03,wd,8835280301,503,2.46,1,1,201027128703wd,150712010032587359,YELLOW JACK,,15933.748484,19,50,201027128703wd,,0,05/04/2021
2010,12,7,3,1507120100325001,7,2,03,wd,8835280301,391,0.98,1,1,201027128703wd,150712010032587359,YELLOW JACK,,15933.748484,15,39,201027128703wd,,0,05/04/2021
2010,12,7,3,1507120100325001,7,2,03,wd,8835360102,304,0.4,1,1,201027128703wd,150712010032587359,GRAY SNAPPER,,15933.748484,11,30,201027128703wd,,0,05/04/2021
2010,12,7,3,1507120100325002,7,2,03,wd,,,,0,0,201027128703wd,150712010032587359,,,15933.748484,,,201027128703wd,,0,05/04/2021
2010,12,7,3,1507120100325003,7,2,03,wd,,,,0,0,201027128703wd,150712010032587359,,,15933.748484,,,201027128703wd,,0,05/04/2021
2010,12,7,3,1510820100306001,7,2,03,we,8835430602,245,0.3,0,0,201027128703we,1510820100306333253,RED PORGY,,517.12958896,9,24,201027128703we,,0,05/04/2021
2010,12,7,3,1510820100306001,7,2,03,we,8835430505,251,0.4,0,0,201027128703we,1510820100306333253,WHITEBONE PORGY,,517.12958896,9,25,201027128703we,,0,05/04/2021
2010,12,7,3,1510820100306001,7,2,03,we,8835430602,266,0.38,0,0,201027128703we,1510820100306333253,RED PORGY,,517.12958896,10,26,201027128703we,,0,05/04/2021
2010,12,7,3,1510820100306001,7,2,03,we,8835400101,243,0.26,0,0,201027128703we,1510820100306333253,TOMTATE,,517.12958896,9,24,201027128703we,,0,05/04/2021
2010,12,7,3,1510820100306001,7,2,03,we,8835430602,270,0.4,0,0,201027128703we,1510820100306333253,RED PORGY,,517.12958896,10,27,201027128703we,,0,05/04/2021
2010,12,7,3,1510820100306002,7,2,03,we,,,,0,0,201027128703we,1510820100306333253,,,517.12958896,,,201027128703we,,0,05/04/2021
2010,12,7,3,1510820100306003,7,2,03,we,,,,0,0,201027128703we,1510820100306333253,,,517.12958896,,,201027128703we,,0,05/04/2021
2010,12,7,3,1510820100306004,7,2,03,we,,,,0,0,201027128703we,1510820100306333253,,,517.12958896,,,201027128703we,,0,05/04/2021
2010,12,7,3,1510820100306005,7,2,03,we,8835400101,243,0.26,1,1,201027128703we,1510820100306333253,TOMTATE,,517.12958896,9,24,201027128703we,,0,05/04/2021
2010,12,7,3,1510820100306007,7,2,03,we,,,,0,0,201027128703we,1510820100306333253,,,517.12958896,,,201027128703we,,0,05/04/2021
2010,12,7,3,1510820100306008,7,2,03,we,8835400101,195,0.16,1,1,201027128703we,1510820100306333253,TOMTATE,,517.12958896,7,19,201027128703we,,0,05/04/2021
2010,12,7,5,1510820100327001,7,2,03,we,8835430301,304,0.64,0,0,201027128703we,15108201003271131574,SHEEPSHEAD,,634.52132186,11,30,201027128703we,,0,05/04/2021
2010,12,7,5,1510820100327001,7,2,03,we,8835430301,305,0.6,0,0,201027128703we,15108201003271131574,SHEEPSHEAD,,634.52132186,12,30,201027128703we,,0,05/04/2021
2010,12,7,5,1510820100327001,7,2,03,we,8835430301,308,0.53,0,0,201027128703we,15108201003271131574,SHEEPSHEAD,,634.52132186,12,30,201027128703we,,0,05/04/2021
2010,12,7,5,1510820100327001,7,2,03,we,8835430301,319,0.6,0,0,201027128703we,15108201003271131574,SHEEPSHEAD,,634.52132186,12,31,201027128703we,,0,05/04/2021
2010,12,7,5,1510820100327001,7,2,03,we,8835430301,320,0.82,0,0,201027128703we,15108201003271131574,SHEEPSHEAD,,634.52132186,12,32,201027128703we,,0,05/04/2021
2010,12,7,5,1510820100327001,7,2,03,we,8835430301,325,0.8,0,0,201027128703we,15108201003271131574,SHEEPSHEAD,,634.52132186,12,32,201027128703we,,0,05/04/2021
2010,12,7,5,1510820100327001,7,2,03,we,8835430301,355,0.74,1,1,201027128703we,15108201003271131574,SHEEPSHEAD,,634.52132186,13,35,201027128703we,,0,05/04/2021
2010,12,7,5,1510820100327001,7,2,03,we,8835430301,281,0.54,0,0,201027128703we,15108201003271131574,SHEEPSHEAD,,634.52132186,11,28,201027128703we,,0,05/04/2021
2010,12,7,5,1510820100327001,7,2,03,we,8835430301,354,0.9,0,0,201027128703we,15108201003271131574,SHEEPSHEAD,,634.52132186,13,35,201027128703we,,0,05/04/2021
2010,12,7,5,1510820100327001,7,2,03,we,8835430301,361,0.98,0,0,201027128703we,15108201003271131574,SHEEPSHEAD,,634.52132186,14,36,201027128703we,,0,05/04/2021
2010,12,7,5,1510820100327001,7,2,03,we,8835430301,323,0.78,0,0,201027128703we,15108201003271131574,SHEEPSHEAD,,634.52132186,12,32,201027128703we,,0,05/04/2021
2010,12,7,5,1510820100327001,7,2,03,we,8835430301,397,1.3,0,0,201027128703we,15108201003271131574,SHEEPSHEAD,,634.52132186,15,39,201027128703we,,0,05/04/2021
2010,12,7,5,1510820100327001,7,2,03,we,8835430301,373,0.9,0,0,201027128703we,15108201003271131574,SHEEPSHEAD,,634.52132186,14,37,201027128703we,,0,05/04/2021
2010,12,7,5,1510820100327001,7,2,03,we,8835430301,359,1.12,0,0,201027128703we,15108201003271131574,SHEEPSHEAD,,634.52132186,14,35,201027128703we,,0,05/04/2021
2010,12,7,5,1510820100327013,7,2,03,we,,,,0,0,201027128703we,15108201003271131574,,,1248.7786816,,,201027128703we,,0,05/04/2021
2010,12,7,5,1510820100327014,7,2,03,we,,,,0,0,201027128703we,15108201003271131574,,,634.52132186,,,201027128703we,,0,05/04/2021
2010,12,7,5,1510820100328001,7,2,03,we,,,,0,0,201027128703we,151082010032891652,,,2479.1076959,,,201027128703we,,0,05/04/2021
2010,12,7,5,1510820100328002,7,2,03,we,,,,0,0,201027128703we,151082010032891652,,,2479.1076959,,,201027128703we,,0,05/04/2021
2010,12,7,5,1510820100328003,7,2,03,we,,,,0,0,201027128703we,151082010032891652,,,2479.1076959,,,201027128703we,,0,05/04/2021
2010,12,7,5,1510820100328006,7,2,03,we,,,,0,0,201027128703we,151082010032891652,,,2479.1076959,,,201027128703we,,0,05/04/2021
2010,12,7,5,1510820100328007,7,2,03,we,8835430201,127,0.0402433298,1,1,201027128703we,151082010032891652,PINFISH,,2994.2922775,4,12,201027128703we,,0,05/04/2021
2010,12,7,5,1510820100328007,7,2,03,we,8835430201,127,0.0402433298,1,1,201027128703we,151082010032891652,PINFISH,,2994.2922775,4,12,201027128703we,,0,05/04/2021
2010,12,7,5,1510820100328007,7,2,03,we,8835430201,127,0.0402433298,1,1,201027128703we,151082010032891652,PINFISH,,2994.2922775,4,12,201027128703we,,0,05/04/2021
2010,12,7,5,1510820100328008,7,2,03,we,8835430201,127,0.0402433298,1,1,201027128703we,151082010032891652,PINFISH,,2994.2922775,4,12,201027128703we,,0,05/04/2021
2010,12,7,5,1510820100328008,7,2,03,we,8835430201,127,0.0402433298,1,1,201027128703we,151082010032891652,PINFISH,,2994.2922775,4,12,201027128703we,,0,05/04/2021
2010,12,7,5,1510820100328008,7,2,03,we,8835021002,179,0.05,1,1,201027128703we,151082010032891652,SAND PERCH,,2994.2922775,7,17,201027128703we,,0,05/04/2021
2010,12,7,4,1527920100419001,7,2,04,wd,8835360501,301,0.44,1,1,201027128704wd,152792010041987243,VERMILION SNAPPER,,8492.8469452,11,30,201027128704wd,,0,05/04/2021
2010,12,7,4,1527920100419002,7,2,04,wd,,,,0,0,201027128704wd,152792010041987243,,,8492.8469452,,,201027128704wd,,0,05/04/2021
2010,12,7,3,1527920100419004,7,2,04,wd,,,,0,0,201027128704wd,152792010041987243,,,8447.2475018,,,201027128704wd,,0,05/04/2021
2010,12,7,4,1528120100307008,7,2,03,we,8835280801,712,5.84,0,0,201027128703we,1528120100307129881,GREATER AMBERJACK,,1904.1729848,28,71,201027128703we,,0,05/04/2021
2010,12,7,4,1528120100307008,7,2,03,we,8835440901,635,2.68,0,0,201027128703we,1528120100307129881,RED DRUM,,1904.1729848,24,63,201027128703we,,0,05/04/2021
2010,12,7,4,1528120100307008,7,2,03,we,8835440901,607,2.44,0,0,201027128703we,1528120100307129881,RED DRUM,,1904.1729848,23,60,201027128703we,,0,05/04/2021
2010,12,7,4,1528120100307008,7,2,03,we,8835440901,592,2.6,0,0,201027128703we,1528120100307129881,RED DRUM,,1904.1729848,23,59,201027128703we,,0,05/04/2021
2010,12,7,4,1528120100307009,7,2,03,we,,,,0,0,201027128703we,1528120100307129881,,,1904.1729848,,,201027128703we,,0,05/04/2021
2010,12,7,4,1528120100307010,7,2,03,we,,,,0,0,201027128703we,1528120100307129881,,,1904.1729848,,,201027128703we,,0,05/04/2021
2010,12,7,5,1528120100320001,7,2,03,we,8835020301,304,0.42,1,1,201027128703we,1528120100320129150,BLACK SEA BASS,,1393.9913728,11,30,201027128703we,,0,05/04/2021
2010,12,7,5,1528120100320001,7,2,03,we,8835430301,335,0.78,1,1,201027128703we,1528120100320129150,SHEEPSHEAD,,5575.9654911,13,33,201027128703we,,0,05/04/2021
2010,12,7,5,1528120100320001,7,2,03,we,8835430301,313,0.4,1,1,201027128703we,1528120100320129150,SHEEPSHEAD,,5575.9654911,12,31,201027128703we,,0,05/04/2021
2010,12,7,5,1528120100320001,7,2,03,we,8835430301,351,1.06,1,1,201027128703we,1528120100320129150,SHEEPSHEAD,,5575.9654911,13,35,201027128703we,,0,05/04/2021
2010,12,7,5,1528120100320001,7,2,03,we,8835400102,308,0.58,1,1,201027128703we,1528120100320129150,WHITE GRUNT,,1393.9913728,12,30,201027128703we,,0,05/04/2021
2010,12,7,5,1528120100320001,7,2,03,we,8835400102,282,0.63,1,1,201027128703we,1528120100320129150,WHITE GRUNT,,1393.9913728,11,28,201027128703we,,0,05/04/2021
2010,12,7,5,1528120100320001,7,2,03,we,8835430301,315,0.7618515837,1,1,201027128703we,1528120100320129150,SHEEPSHEAD,,5575.9654911,12,31,201027128703we,,0,05/04/2021
2010,12,7,5,1528120100320001,7,2,03,we,8835400102,295,0.63,1,1,201027128703we,1528120100320129150,WHITE GRUNT,,1393.9913728,11,29,201027128703we,,0,05/04/2021
2010,12,7,5,1528120100320001,7,2,03,we,8835020301,279,0.42,1,1,201027128703we,1528120100320129150,BLACK SEA BASS,,1393.9913728,10,27,201027128703we,,0,05/04/2021
2010,12,7,5,1528120100320001,7,2,03,we,8835400102,282,0.63,1,1,201027128703we,1528120100320129150,WHITE GRUNT,,1393.9913728,11,28,201027128703we,,0,05/04/2021
2010,12,7,5,1528120100320001,7,2,03,we,8835430301,305,0.42,1,1,201027128703we,1528120100320129150,SHEEPSHEAD,,5575.9654911,12,30,201027128703we,,0,05/04/2021
2010,12,7,5,1528120100320001,7,2,03,we,8835020301,265,0.41,1,1,201027128703we,1528120100320129150,BLACK SEA BASS,,1393.9913728,10,26,201027128703we,,0,05/04/2021
2010,12,7,5,1528120100320002,7,2,03,we,,,,0,0,201027128703we,1528120100320129150,,,1393.9913728,,,201027128703we,,0,05/04/2021
2010,12,7,5,1528120100320003,7,2,03,we,,,,0,0,201027128703we,1528120100320129150,,,1393.9913728,,,201027128703we,,0,05/04/2021
2010,12,7,3,1528120100320004,7,2,03,we,8835020301,332,0.49,1,1,201027128703we,1528120100320129150,BLACK SEA BASS,,2147.9356179,13,33,201027128703we,,0,05/04/2021
2010,12,7,3,1528120100320004,7,2,03,we,8835400102,281,0.48,1,1,201027128703we,1528120100320129150,WHITE GRUNT,,4295.8712357,11,28,201027128703we,,0,05/04/2021
2010,12,7,3,1528120100320004,7,2,03,we,8835400102,289,0.48,1,1,201027128703we,1528120100320129150,WHITE GRUNT,,4295.8712357,11,28,201027128703we,,0,05/04/2021
2010,12,7,3,1528120100320004,7,2,03,we,8835400102,290,0.5,1,1,201027128703we,1528120100320129150,WHITE GRUNT,,4295.8712357,11,29,201027128703we,,0,05/04/2021
2010,12,7,3,1528120100320004,7,2,03,we,8835400102,308,0.58,1,1,201027128703we,1528120100320129150,WHITE GRUNT,,4295.8712357,12,30,201027128703we,,0,05/04/2021
2010,12,7,3,1528120100320004,7,2,03,we,8835020301,354,0.54,1,1,201027128703we,1528120100320129150,BLACK SEA BASS,,2147.9356179,13,35,201027128703we,,0,05/04/2021
2010,12,7,3,1528120100320004,7,2,03,we,8835400102,293,0.48,1,1,201027128703we,1528120100320129150,WHITE GRUNT,,4295.8712357,11,29,201027128703we,,0,05/04/2021
2010,12,7,3,1528120100320005,7,2,03,we,,,,0,0,201027128703we,1528120100320129150,,,2147.9356179,,,201027128703we,,0,05/04/2021
2010,12,7,3,1528120100320006,7,2,03,we,,,,0,0,201027128703we,1528120100320129150,,,2594.2991681,,,201027128703we,,0,05/04/2021
2010,12,7,5,1528120100320007,7,2,03,we,,,,0,0,201027128703we,1528120100320129150,,,1393.9913728,,,201027128703we,,0,05/04/2021
2010,12,7,3,1528120100320010,7,2,03,we,,,,0,0,201027128703we,1528120100320129150,,,2147.9356179,,,201027128703we,,0,05/04/2021
2010,12,7,3,1528120100320012,7,2,03,we,8835440601,251,0.22,1,1,201027128703we,1528120100320129150,SOUTHERN KINGFISH,,4027.3792835,9,25,201027128703we,,0,05/04/2021
2010,12,7,3,1528120100320012,7,2,03,we,8835440601,301,0.32,1,1,201027128703we,1528120100320129150,SOUTHERN KINGFISH,,4027.3792835,11,30,201027128703we,,0,05/04/2021
2010,12,7,3,1528120100320012,7,2,03,we,8835440601,321,0.28,1,1,201027128703we,1528120100320129150,SOUTHERN KINGFISH,,4027.3792835,12,32,201027128703we,,0,05/04/2021
2010,12,7,3,1528120100320012,7,2,03,we,8835440601,257,0.18,1,1,201027128703we,1528120100320129150,SOUTHERN KINGFISH,,4027.3792835,10,25,201027128703we,,0,05/04/2021
2010,12,7,3,1528120100320012,7,2,03,we,8835440601,333,0.42,0,0,201027128703we,1528120100320129150,SOUTHERN KINGFISH,,4027.3792835,13,33,201027128703we,,0,05/04/2021
2010,12,7,3,1528120100320012,7,2,03,we,8835440601,340,0.44,0,0,201027128703we,1528120100320129150,SOUTHERN KINGFISH,,4027.3792835,13,34,201027128703we,,0,05/04/2021
2010,12,7,3,1528120100320012,7,2,03,we,8835440601,358,0.56,0,0,201027128703we,1528120100320129150,SOUTHERN KINGFISH,,4027.3792835,14,35,201027128703we,,0,05/04/2021
2010,12,7,3,1528120100320012,7,2,03,we,8835440601,370,0.5,0,0,201027128703we,1528120100320129150,SOUTHERN KINGFISH,,4027.3792835,14,37,201027128703we,,0,05/04/2021
2010,12,7,3,1528120100320014,7,2,03,we,,,,0,0,201027128703we,1528120100320129150,,,2147.9356179,,,201027128703we,,0,05/04/2021
2010,12,7,3,1528120100320018,7,2,03,we,8835440901,595,2.18,0,0,201027128703we,1528120100320129150,RED DRUM,,2147.9356179,23,59,201027128703we,,0,05/04/2021
2010,12,7,5,1528120100320021,7,2,03,we,,,,0,0,201027128703we,1528120100320129150,,,1393.9913728,,,201027128703we,,0,05/04/2021
2010,12,7,5,1528120100326001,7,2,03,wd,8835440901,508,1.55,1,1,201027128703wd,1528120100326129150,RED DRUM,,1969.7615089,19,50,201027128703wd,,0,05/04/2021
2010,12,7,5,1528120100326001,7,2,03,wd,8835440102,369,0.48,1,1,201027128703wd,1528120100326129150,SPOTTED SEATROUT,,3939.5230179,14,36,201027128703wd,,0,05/04/2021
2010,12,7,5,1528120100326001,7,2,03,wd,8835440102,376,0.45,1,1,201027128703wd,1528120100326129150,SPOTTED SEATROUT,,3939.5230179,14,37,201027128703wd,,0,05/04/2021
2010,12,7,5,1528120100326001,7,2,03,wd,8835440102,377,0.45,1,1,201027128703wd,1528120100326129150,SPOTTED SEATROUT,,3939.5230179,14,37,201027128703wd,,0,05/04/2021
2010,12,7,5,1528120100326001,7,2,03,wd,8835440102,379,0.5,1,1,201027128703wd,1528120100326129150,SPOTTED SEATROUT,,3939.5230179,14,37,201027128703wd,,0,05/04/2021
2010,12,7,5,1528120100326001,7,2,03,wd,8835440102,442,0.8,1,1,201027128703wd,1528120100326129150,SPOTTED SEATROUT,,3939.5230179,17,44,201027128703wd,,0,05/04/2021
2010,12,7,5,1528120100326002,7,2,03,wd,,,,0,0,201027128703wd,1528120100326129150,,,1969.7615089,,,201027128703wd,,0,05/04/2021
2010,12,7,5,1528120100327001,7,2,03,we,,,,0,0,201027128703we,152812010032737648,,,1130.3647195,,,201027128703we,,0,05/04/2021
2010,12,7,5,1528120100327003,7,2,03,we,8835440901,615,2.72,1,1,201027128703we,152812010032737648,RED DRUM,,935.87920473,24,61,201027128703we,,0,05/04/2021
2010,12,7,5,1528120100327003,7,2,03,we,8835440901,482,1.28,1,1,201027128703we,152812010032737648,RED DRUM,,935.87920473,18,48,201027128703we,,0,05/04/2021
2010,12,7,5,1528120100327003,7,2,03,we,8835440602,324,0.27,1,1,201027128703we,152812010032737648,GULF KINGFISH,,935.87920473,12,32,201027128703we,,0,05/04/2021
2010,12,7,5,1528120100327003,7,2,03,we,8835440602,325,0.34,1,1,201027128703we,152812010032737648,GULF KINGFISH,,935.87920473,12,32,201027128703we,,0,05/04/2021
2010,12,7,5,1528120100327004,7,2,03,we,,,,0,0,201027128703we,152812010032737648,,,935.87920473,,,201027128703we,,0,05/04/2021
2010,12,7,5,1528120100327005,7,2,03,we,,,,0,0,201027128703we,152812010032737648,,,1130.3647195,,,201027128703we,,0,05/04/2021
2010,12,7,5,1528120100327006,7,2,03,we,,,,0,0,201027128703we,152812010032737648,,,1130.3647195,,,201027128703we,,0,05/04/2021
2010,12,7,5,1528120100327007,7,2,03,we,,,,0,0,201027128703we,152812010032737648,,,1130.3647195,,,201027128703we,,0,05/04/2021
2010,12,7,5,1528120100327008,7,2,03,we,8835440601,331,0.42,0,0,201027128703we,152812010032737648,SOUTHERN KINGFISH,,1130.3647195,13,33,201027128703we,,0,05/04/2021
2010,12,7,5,1528120100327008,7,2,03,we,8835440801,530,2.34,0,0,201027128703we,152812010032737648,BLACK DRUM,,1130.3647195,20,53,201027128703we,,0,05/04/2021
2010,12,7,5,1528120100327008,7,2,03,we,8835440601,351,0.56,0,0,201027128703we,152812010032737648,SOUTHERN KINGFISH,,1130.3647195,13,35,201027128703we,,0,05/04/2021
2010,12,7,5,1528120100327008,7,2,03,we,8835440601,352,0.37,0,0,201027128703we,152812010032737648,SOUTHERN KINGFISH,,1130.3647195,13,35,201027128703we,,0,05/04/2021
2010,12,7,5,1528120100327008,7,2,03,we,8835440601,355,0.35,0,0,201027128703we,152812010032737648,SOUTHERN KINGFISH,,1130.3647195,13,35,201027128703we,,0,05/04/2021
2010,12,7,5,1528120100327008,7,2,03,we,8835440102,353,0.38,0,0,201027128703we,152812010032737648,SPOTTED SEATROUT,,1130.3647195,13,35,201027128703we,,0,05/04/2021
2010,12,7,5,1528120100327008,7,2,03,we,8835440102,363,0.38,0,0,201027128703we,152812010032737648,SPOTTED SEATROUT,,1130.3647195,14,36,201027128703we,,0,05/04/2021
2010,12,7,5,1528120100327008,7,2,03,we,8835440102,382,0.5,0,0,201027128703we,152812010032737648,SPOTTED SEATROUT,,1130.3647195,15,38,201027128703we,,0,05/04/2021
2010,12,7,5,1528120100327008,7,2,03,we,8835440102,405,0.52,0,0,201027128703we,152812010032737648,SPOTTED SEATROUT,,1130.3647195,15,40,201027128703we,,0,05/04/2021
2010,12,7,5,1528120100327009,7,2,03,we,,,,0,0,201027128703we,152812010032737648,,,1130.3647195,,,201027128703we,,0,05/04/2021
2010,12,7,5,1528120100410001,7,2,04,we,8835440102,397,0.63,1,1,201027128704we,1528120100410129881,SPOTTED SEATROUT,,1981.9250887,15,39,201027128704we,,0,05/04/2021
2010,12,7,5,1528120100410001,7,2,04,we,8835440102,392,0.56,1,1,201027128704we,1528120100410129881,SPOTTED SEATROUT,,1981.9250887,15,39,201027128704we,,0,05/04/2021
2010,12,7,5,1528120100410001,7,2,04,we,8835440102,470,1.08,1,1,201027128704we,1528120100410129881,SPOTTED SEATROUT,,1981.9250887,18,47,201027128704we,,0,05/04/2021
2010,12,7,5,1528120100410001,7,2,04,we,8835440102,431,1,1,1,201027128704we,1528120100410129881,SPOTTED SEATROUT,,1981.9250887,16,43,201027128704we,,0,05/04/2021
2010,12,7,5,1528120100410001,7,2,04,we,8835440102,421,0.64,1,1,201027128704we,1528120100410129881,SPOTTED SEATROUT,,1981.9250887,16,42,201027128704we,,0,05/04/2021
2010,12,7,5,1528120100410002,7,2,04,we,,,,0,0,201027128704we,1528120100410129881,,,990.96254437,,,201027128704we,,0,05/04/2021
2010,12,7,5,1528120100410003,7,2,04,we,,,,0,0,201027128704we,1528120100410129881,,,990.96254437,,,201027128704we,,0,05/04/2021
2010,12,7,5,1528120100410005,7,2,04,we,,,,0,0,201027128704we,1528120100410129881,,,1968.2645017,,,201027128704we,,0,05/04/2021
2010,12,7,5,1528120100410006,7,2,04,we,8835440102,387,0.62,0,0,201027128704we,1528120100410129881,SPOTTED SEATROUT,,990.96254437,15,38,201027128704we,,0,05/04/2021
2010,12,7,5,1528120100410006,7,2,04,we,8835440102,399,0.68,0,0,201027128704we,1528120100410129881,SPOTTED SEATROUT,,990.96254437,15,39,201027128704we,,0,05/04/2021
2010,12,7,5,1528120100410006,7,2,04,we,8835440102,403,0.66,0,0,201027128704we,1528120100410129881,SPOTTED SEATROUT,,990.96254437,15,40,201027128704we,,0,05/04/2021
2010,12,7,5,1528120100410008,7,2,04,we,,,,0,0,201027128704we,1528120100410129881,,,1968.2645017,,,201027128704we,,0,05/04/2021
2010,12,7,5,1528120100410010,7,2,04,we,,,,0,0,201027128704we,1528120100410129881,,,1196.8949549,,,201027128704we,,0,05/04/2021
2010,12,7,5,1528120100410011,7,2,04,we,,,,0,0,201027128704we,1528120100410129881,,,1196.8949549,,,201027128704we,,0,05/04/2021
2010,12,7,5,1528120100410012,7,2,04,we,,,,0,0,201027128704we,1528120100410129881,,,990.96254437,,,201027128704we,,0,05/04/2021
2010,12,7,5,1528120100410013,7,2,04,we,8835440102,374,0.51,0,0,201027128704we,1528120100410129881,SPOTTED SEATROUT,,990.96254437,14,37,201027128704we,,0,05/04/2021
2010,12,7,5,1528120100410013,7,2,04,we,8835440102,408,0.7,0,0,201027128704we,1528120100410129881,SPOTTED SEATROUT,,990.96254437,16,40,201027128704we,,0,05/04/2021
2010,12,7,5,1528120100410013,7,2,04,we,8835440102,375,0.51,0,0,201027128704we,1528120100410129881,SPOTTED SEATROUT,,990.96254437,14,37,201027128704we,,0,05/04/2021
2010,12,7,5,1528120100410013,7,2,04,we,8835440102,377,0.49,0,0,201027128704we,1528120100410129881,SPOTTED SEATROUT,,990.96254437,14,37,201027128704we,,0,05/04/2021
2010,12,7,5,1528120100410013,7,2,04,we,8835440102,396,0.56,0,0,201027128704we,1528120100410129881,SPOTTED SEATROUT,,990.96254437,15,39,201027128704we,,0,05/04/2021
2010,12,7,5,1528120100410013,7,2,04,we,8835440102,391,0.51,0,0,201027128704we,1528120100410129881,SPOTTED SEATROUT,,990.96254437,15,39,201027128704we,,0,05/04/2021
2010,12,7,5,1528120100410013,7,2,04,we,8835440102,375,0.53,0,0,201027128704we,1528120100410129881,SPOTTED SEATROUT,,990.96254437,14,37,201027128704we,,0,05/04/2021
2010,12,7,5,1528120100410014,7,2,04,we,,,,0,0,201027128704we,1528120100410129881,,,990.96254437,,,201027128704we,,0,05/04/2021
2010,12,7,5,1528120100410015,7,2,04,we,,,,0,0,201027128704we,1528120100410129881,,,990.96254437,,,201027128704we,,0,05/04/2021
2010,12,7,5,1528120100410016,7,2,04,we,,,,0,0,201027128704we,1528120100410129881,,,990.96254437,,,201027128704we,,0,05/04/2021
2010,12,7,5,1528120100410017,7,2,04,we,,,,0,0,201027128704we,1528120100410129881,,,990.96254437,,,201027128704we,,0,05/04/2021
2010,12,7,5,1528120100410020,7,2,04,we,,,,0,0,201027128704we,1528120100410129881,,,990.96254437,,,201027128704we,,0,05/04/2021
2010,12,7,5,1528120100410024,7,2,04,we,,,,0,0,201027128704we,1528120100410129881,,,990.96254437,,,201027128704we,,0,05/04/2021
2010,12,7,5,1528120100410027,7,2,04,we,,,,0,0,201027128704we,1528120100410129881,,,1196.8949549,,,201027128704we,,0,05/04/2021
2010,12,7,5,1528120100410028,7,2,04,we,,,,0,0,201027128704we,1528120100410129881,,,1196.8949549,,,201027128704we,,0,05/04/2021
2010,12,7,5,1528120100410029,7,2,04,we,,,,0,0,201027128704we,1528120100410129881,,,1196.8949549,,,201027128704we,,0,05/04/2021
2010,12,7,5,1528120100410030,7,2,04,we,,,,0,0,201027128704we,1528120100410129881,,,1196.8949549,,,201027128704we,,0,05/04/2021
2010,12,7,3,1528120100416001,7,2,04,wd,,,,0,0,201027128704wd,1528120100416129150,,,3242.6761858,,,201027128704wd,,0,05/04/2021
2010,12,7,5,1528120100416004,7,2,04,wd,,,,0,0,201027128704wd,1528120100416129150,,,1742.3829461,,,201027128704wd,,0,05/04/2021
2010,12,7,5,1528120100416005,7,2,04,wd,,,,0,0,201027128704wd,1528120100416129150,,,2104.4683975,,,201027128704wd,,0,05/04/2021
2010,12,7,5,1528120100416006,7,2,04,wd,8835440901,504,1.21,1,1,201027128704wd,1528120100416129150,RED DRUM,,2104.4683975,19,50,201027128704wd,,0,05/04/2021
2010,12,7,5,1528120100416006,7,2,04,wd,8835440901,622,2.92,1,1,201027128704wd,1528120100416129150,RED DRUM,,2104.4683975,24,62,201027128704wd,,0,05/04/2021
2010,12,7,5,1528120100416008,7,2,04,wd,8835440901,463,1.06,1,1,201027128704wd,1528120100416129150,RED DRUM,,1742.3829461,18,46,201027128704wd,,0,05/04/2021
2010,12,7,5,1528120100416008,7,2,04,wd,8777180101,413,1,1,1,201027128704wd,1528120100416129150,GAFFTOPSAIL CATFISH,,1742.3829461,16,41,201027128704wd,,0,05/04/2021
2010,12,7,5,1528120100416008,7,2,04,wd,8777180101,456,1.13,1,1,201027128704wd,1528120100416129150,GAFFTOPSAIL CATFISH,,1742.3829461,17,45,201027128704wd,,0,05/04/2021
2010,12,7,5,1528120100416008,7,2,04,wd,8777180101,401,0.9,1,1,201027128704wd,1528120100416129150,GAFFTOPSAIL CATFISH,,1742.3829461,15,40,201027128704wd,,0,05/04/2021
2010,12,7,5,1528120100416009,7,2,04,wd,,,,0,0,201027128704wd,1528120100416129150,,,1742.3829461,,,201027128704wd,,0,05/04/2021
2010,12,7,5,1528120100418001,7,2,04,we,,,,0,0,201027128704we,152812010041837648,,,659.49045496,,,201027128704we,,0,05/04/2021
2010,12,7,3,1528120100418002,7,2,04,we,8835440801,400,1.05,1,1,201027128704we,152812010041837648,BLACK DRUM,,841.33874871,15,40,201027128704we,,0,05/04/2021
2010,12,7,3,1528120100418002,7,2,04,we,8835440801,348,0.62,1,1,201027128704we,152812010041837648,BLACK DRUM,,841.33874871,13,34,201027128704we,,0,05/04/2021
2010,12,7,3,1528120100418002,7,2,04,we,8835440801,348,0.62,1,1,201027128704we,152812010041837648,BLACK DRUM,,841.33874871,13,34,201027128704we,,0,05/04/2021
2010,12,7,3,1528120100418002,7,2,04,we,8835440801,409,0.98,1,1,201027128704we,152812010041837648,BLACK DRUM,,841.33874871,16,40,201027128704we,,0,05/04/2021
2010,12,7,3,1528120100418002,7,2,04,we,8835440801,630,4.3,1,1,201027128704we,152812010041837648,BLACK DRUM,,841.33874871,24,63,201027128704we,,0,05/04/2021
2010,12,7,3,1528120100418002,7,2,04,we,8835440602,255,0.23,1,1,201027128704we,152812010041837648,GULF KINGFISH,,3701.8904943,10,25,201027128704we,,0,05/04/2021
2010,12,7,3,1528120100418002,7,2,04,we,8835440602,261,0.26,1,1,201027128704we,152812010041837648,GULF KINGFISH,,3701.8904943,10,26,201027128704we,,0,05/04/2021
2010,12,7,3,1528120100418002,7,2,04,we,8835440602,292,0.26,1,1,201027128704we,152812010041837648,GULF KINGFISH,,3701.8904943,11,29,201027128704we,,0,05/04/2021
2010,12,7,3,1528120100418002,7,2,04,we,8835440602,303,0.48,1,1,201027128704we,152812010041837648,GULF KINGFISH,,3701.8904943,11,30,201027128704we,,0,05/04/2021
2010,12,7,3,1528120100418002,7,2,04,we,8835440602,324,0.27,1,1,201027128704we,152812010041837648,GULF KINGFISH,,3701.8904943,12,32,201027128704we,,0,05/04/2021
2010,12,7,3,1528120100418002,7,2,04,we,8835440102,395,0.62,1,1,201027128704we,152812010041837648,SPOTTED SEATROUT,,841.33874871,15,39,201027128704we,,0,05/04/2021
2010,12,7,3,1528120100418002,7,2,04,we,8835440102,481,1.31,1,1,201027128704we,152812010041837648,SPOTTED SEATROUT,,841.33874871,18,48,201027128704we,,0,05/04/2021
2010,12,7,3,1528120100418003,7,2,04,we,,,,0,0,201027128704we,152812010041837648,,,841.33874871,,,201027128704we,,0,05/04/2021
2010,12,7,3,1528120100418004,7,2,04,we,,,,0,0,201027128704we,152812010041837648,,,841.33874871,,,201027128704we,,0,05/04/2021
2010,12,7,3,1528120100418005,7,2,04,we,8835430301,400,1.34,0,0,201027128704we,152812010041837648,SHEEPSHEAD,,841.33874871,15,40,201027128704we,,0,05/04/2021
2010,12,7,3,1528120100418005,7,2,04,we,8835430301,420,1.72,0,0,201027128704we,152812010041837648,SHEEPSHEAD,,841.33874871,16,42,201027128704we,,0,05/04/2021
2010,12,7,3,1528120100418006,7,2,04,we,,,,0,0,201027128704we,152812010041837648,,,841.33874871,,,201027128704we,,0,05/04/2021
2010,12,7,3,1528120100418007,7,2,04,we,,,,0,0,201027128704we,152812010041837648,,,841.33874871,,,201027128704we,,0,05/04/2021
2010,12,7,5,1528120100418009,7,2,04,we,8835440102,375,0.42,0,0,201027128704we,152812010041837648,SPOTTED SEATROUT,,659.49045496,14,37,201027128704we,,0,05/04/2021
2010,12,7,5,1528120100418010,7,2,04,we,,,,0,0,201027128704we,152812010041837648,,,659.49045496,,,201027128704we,,0,05/04/2021
2010,12,7,5,1528120100418011,7,2,04,we,,,,0,0,201027128704we,152812010041837648,,,659.49045496,,,201027128704we,,0,05/04/2021
2010,12,7,5,1528120100418012,7,2,04,we,8835440102,383,0.5,1,1,201027128704we,152812010041837648,SPOTTED SEATROUT,,764.43005393,15,38,201027128704we,,0,05/04/2021
2010,12,7,5,1528120100418012,7,2,04,we,8835440102,420,0.78,1,1,201027128704we,152812010041837648,SPOTTED SEATROUT,,764.43005393,16,42,201027128704we,,0,05/04/2021
2010,12,7,5,1528120100418012,7,2,04,we,8835440102,405,0.54,1,1,201027128704we,152812010041837648,SPOTTED SEATROUT,,764.43005393,15,40,201027128704we,,0,05/04/2021
2010,12,7,5,1528120100418012,7,2,04,we,8835440102,440,0.7,1,1,201027128704we,152812010041837648,SPOTTED SEATROUT,,764.43005393,17,44,201027128704we,,0,05/04/2021
2010,12,7,5,1528120100418012,7,2,04,we,8835440102,431,0.76,1,1,201027128704we,152812010041837648,SPOTTED SEATROUT,,764.43005393,16,43,201027128704we,,0,05/04/2021
2010,12,7,5,1528120100418014,7,2,04,we,,,,0,0,201027128704we,152812010041837648,,,659.49045496,,,201027128704we,,0,05/04/2021
2010,12,7,5,1528120100418018,7,2,04,we,8857030302,364,0.3,0,0,201027128704we,152812010041837648,GULF FLOUNDER,,812.20190714,14,36,201027128704we,,0,05/04/2021
2010,12,7,5,1528120100418018,7,2,04,we,8835440602,324,0.27,0,0,201027128704we,152812010041837648,GULF KINGFISH,,812.20190714,12,32,201027128704we,,0,05/04/2021
2010,12,7,3,1528120100424003,7,2,04,we,8835440901,538,1.94,1,1,201027128704we,1528120100424129881,RED DRUM,,2032.4724241,21,53,201027128704we,,0,05/04/2021
2010,12,7,3,1528120100424004,7,2,04,we,,,,0,0,201027128704we,1528120100424129881,,,2032.4724241,,,201027128704we,,0,05/04/2021
2010,12,7,3,1528120100424005,7,2,04,we,,,,0,0,201027128704we,1528120100424129881,,,2032.4724241,,,201027128704we,,0,05/04/2021
2010,12,7,3,1528120100424006,7,2,04,we,,,,0,0,201027128704we,1528120100424129881,,,2032.4724241,,,201027128704we,,0,05/04/2021
2010,12,7,3,1528120100424007,7,2,04,we,,,,0,0,201027128704we,1528120100424129881,,,2454.8415116,,,201027128704we,,0,05/04/2021
2010,12,7,5,1528120100424008,7,2,04,we,8835440102,410,0.64,1,1,201027128704we,1528120100424129881,SPOTTED SEATROUT,,1593.1706054,16,41,201027128704we,,0,05/04/2021
2010,12,7,5,1528120100424008,7,2,04,we,8777180202,327,0.48,1,1,201027128704we,1528120100424129881,HARDHEAD CATFISH,,2230.4388476,12,32,201027128704we,,0,05/04/2021
2010,12,7,5,1528120100424008,7,2,04,we,8777180202,317,0.56,1,1,201027128704we,1528120100424129881,HARDHEAD CATFISH,,2230.4388476,12,31,201027128704we,,0,05/04/2021
2010,12,7,5,1528120100424008,7,2,04,we,8777180202,380,0.83,1,1,201027128704we,1528120100424129881,HARDHEAD CATFISH,,2230.4388476,14,38,201027128704we,,0,05/04/2021
2010,12,7,5,1528120100424008,7,2,04,we,8777180202,325,0.45,1,1,201027128704we,1528120100424129881,HARDHEAD CATFISH,,2230.4388476,12,32,201027128704we,,0,05/04/2021
2010,12,7,5,1528120100424008,7,2,04,we,8777180202,598,2.42,1,1,201027128704we,1528120100424129881,HARDHEAD CATFISH,,2230.4388476,23,59,201027128704we,,0,05/04/2021
2010,12,7,5,1528120100424009,7,2,04,we,,,,0,0,201027128704we,1528120100424129881,,,2381.506208,,,201027128704we,,0,05/04/2021
2010,12,7,3,1528120100424010,7,2,04,we,8835440102,371,0.42,0,0,201027128704we,1528120100424129881,SPOTTED SEATROUT,,2032.4724241,14,37,201027128704we,,0,05/04/2021
2010,12,7,3,1528120100424010,7,2,04,we,8835440102,392,0.49,0,0,201027128704we,1528120100424129881,SPOTTED SEATROUT,,2032.4724241,15,39,201027128704we,,0,05/04/2021
2010,12,7,3,1528120100424010,7,2,04,we,8835430401,199,0.2,0,0,201027128704we,1528120100424129881,SPOTTAIL PINFISH,,2032.4724241,7,19,201027128704we,,0,05/04/2021
2010,12,7,3,1528120100424011,7,2,04,we,,,,0,0,201027128704we,1528120100424129881,,,2032.4724241,,,201027128704we,,0,05/04/2021
2010,12,7,3,1528120100424013,7,2,04,we,,,,0,0,201027128704we,1528120100424129881,,,2032.4724241,,,201027128704we,,0,05/04/2021
2010,12,7,3,1528120100424014,7,2,04,we,,,,0,0,201027128704we,1528120100424129881,,,2032.4724241,,,201027128704we,,0,05/04/2021
2010,12,7,5,1528120100424015,7,2,04,we,,,,0,0,201027128704we,1528120100424129881,,,1319.0567729,,,201027128704we,,0,05/04/2021
2010,12,7,5,1528120100424016,7,2,04,we,,,,0,0,201027128704we,1528120100424129881,,,1319.0567729,,,201027128704we,,0,05/04/2021
2010,12,7,5,1528120100424018,7,2,04,we,,,,0,0,201027128704we,1528120100424129881,,,1319.0567729,,,201027128704we,,0,05/04/2021
2010,12,7,5,1528120100424019,7,2,04,we,,,,0,0,201027128704we,1528120100424129881,,,1319.0567729,,,201027128704we,,0,05/04/2021
2010,12,7,5,1528120100424021,7,2,04,we,8850030502,401,0.9,1,1,201027128704we,1528120100424129881,SPANISH MACKEREL,,1319.0567729,15,40,201027128704we,,0,05/04/2021
2010,12,7,5,1528120100424021,7,2,04,we,8835440901,477,1.3,1,1,201027128704we,1528120100424129881,RED DRUM,,1319.0567729,18,47,201027128704we,,0,05/04/2021
2010,12,7,5,1528120100424021,7,2,04,we,8835430301,332,0.8876991294,1,1,201027128704we,1528120100424129881,SHEEPSHEAD,,1319.0567729,13,33,201027128704we,,0,05/04/2021
2010,12,7,5,1529520100311001,7,2,03,wd,8835440102,561,1.81,0,0,201027128703wd,152952010031115165,SPOTTED SEATROUT,,3988.8219047,22,56,201027128703wd,,0,05/04/2021
2010,12,7,5,1529520100311002,7,2,03,wd,,,,0,0,201027128703wd,152952010031115165,,,4817.7409337,,,201027128703wd,,0,05/04/2021
2010,12,7,5,1529520100311003,7,2,03,wd,,,,0,0,201027128703wd,152952010031115165,,,4817.7409337,,,201027128703wd,,0,05/04/2021
2010,12,7,5,1529520100311004,7,2,03,wd,,,,0,0,201027128703wd,152952010031115165,,,3988.8219047,,,201027128703wd,,0,05/04/2021
2010,12,7,5,1529520100311005,7,2,03,wd,,,,0,0,201027128703wd,152952010031115165,,,4817.7409337,,,201027128703wd,,0,05/04/2021
2010,12,7,5,1529520100415001,7,2,04,wd,8835430301,300,0.58,1,1,201027128704wd,152952010041515500,SHEEPSHEAD,,1736.4958115,11,30,201027128704wd,,0,05/04/2021
2010,12,7,5,1529520100415001,7,2,04,wd,8850030502,470,0.85,1,1,201027128704wd,152952010041515500,SPANISH MACKEREL,,1736.4958115,18,47,201027128704wd,,0,05/04/2021
2010,12,7,5,1529520100415001,7,2,04,wd,8835430301,342,0.9677239317,1,1,201027128704wd,152952010041515500,SHEEPSHEAD,,1736.4958115,13,34,201027128704wd,,0,05/04/2021
2010,12,7,5,1529520100415002,7,2,04,wd,,,,0,0,201027128704wd,152952010041515500,,,1736.4958115,,,201027128704wd,,0,05/04/2021
2010,12,7,5,1529520100415003,7,2,04,wd,,,,0,0,201027128704wd,152952010041515500,,,1736.4958115,,,201027128704wd,,0,05/04/2021
2010,12,7,5,1529520100415005,7,2,04,wd,8835440102,363,0.38,1,1,201027128704wd,152952010041515500,SPOTTED SEATROUT,,1736.4958115,14,36,201027128704wd,,0,05/04/2021
2010,12,7,5,1529520100415005,7,2,04,wd,8835440102,382,0.48,1,1,201027128704wd,152952010041515500,SPOTTED SEATROUT,,1736.4958115,15,38,201027128704wd,,0,05/04/2021
2010,12,7,5,1529520100415005,7,2,04,wd,8835440102,385,0.58,1,1,201027128704wd,152952010041515500,SPOTTED SEATROUT,,1736.4958115,15,38,201027128704wd,,0,05/04/2021
2010,12,7,5,1529520100415005,7,2,04,wd,8835440102,403,0.66,1,1,201027128704wd,152952010041515500,SPOTTED SEATROUT,,1736.4958115,15,40,201027128704wd,,0,05/04/2021
2010,12,7,5,1529520100415005,7,2,04,wd,8835440102,353,0.38,1,1,201027128704wd,152952010041515500,SPOTTED SEATROUT,,1736.4958115,13,35,201027128704wd,,0,05/04/2021
2010,12,7,5,1529520100415005,7,2,04,wd,8835250101,449,1.38,1,1,201027128704wd,152952010041515500,BLUEFISH,,1736.4958115,17,44,201027128704wd,,0,05/04/2021
2010,12,7,5,1529520100415006,7,2,04,wd,,,,0,0,201027128704wd,152952010041515500,,,1437.722083,,,201027128704wd,,0,05/04/2021
2010,12,7,5,1529520100415007,7,2,04,wd,8835440102,375,0.53,1,1,201027128704wd,152952010041515500,SPOTTED SEATROUT,,1437.722083,14,37,201027128704wd,,0,05/04/2021
2010,12,7,5,1529520100415007,7,2,04,wd,8835440102,526,1.3757742307,0,1,201027128704wd,152952010041515500,SPOTTED SEATROUT,,1437.722083,20,52,201027128704wd,,0,05/04/2021
2010,12,7,5,1529520100415007,7,2,04,wd,8835440102,387,0.62,1,1,201027128704wd,152952010041515500,SPOTTED SEATROUT,,1437.722083,15,38,201027128704wd,,0,05/04/2021
2010,12,7,5,1529520100415007,7,2,04,wd,8835440102,531,1.4144223534,0,1,201027128704wd,152952010041515500,SPOTTED SEATROUT,,1437.722083,20,53,201027128704wd,,0,05/04/2021
2010,12,7,5,1529520100415007,7,2,04,wd,8835440102,536,1.4537786487,0,1,201027128704wd,152952010041515500,SPOTTED SEATROUT,,1437.722083,21,53,201027128704wd,,0,05/04/2021
2010,12,7,5,1529520100415008,7,2,04,wd,,,,0,0,201027128704wd,152952010041515500,,,1437.722083,,,201027128704wd,,0,05/04/2021
2010,12,7,4,1529520100415009,7,2,04,wd,,,,0,0,201027128704wd,152952010041515500,,,2227.2768113,,,201027128704wd,,0,05/04/2021
2010,12,7,4,1529520100415010,7,2,04,wd,,,,0,0,201027128704wd,152952010041515500,,,2227.2768113,,,201027128704wd,,0,05/04/2021
2010,12,7,5,1529520100415011,7,2,04,wd,,,,0,0,201027128704wd,152952010041515500,,,1736.4958115,,,201027128704wd,,0,05/04/2021
2010,12,7,5,1529520100415012,7,2,04,wd,,,,0,0,201027128704wd,152952010041515500,,,1736.4958115,,,201027128704wd,,0,05/04/2021
2010,12,7,5,1529520100415013,7,2,04,wd,,,,0,0,201027128704wd,152952010041515500,,,1437.722083,,,201027128704wd,,0,05/04/2021
2010,12,7,5,1529520100415014,7,2,04,wd,,,,0,0,201027128704wd,152952010041515500,,,1437.722083,,,201027128704wd,,0,05/04/2021
2010,12,7,5,1529520100415015,7,2,04,wd,8747010804,104,0.0276864977,1,1,201027128704wd,152952010041515500,SCALED SARDINE,,14377.22083,4,10,201027128704wd,,0,05/04/2021
2010,12,7,5,1529520100415015,7,2,04,wd,8747010804,104,0.0276864977,1,1,201027128704wd,152952010041515500,SCALED SARDINE,,14377.22083,4,10,201027128704wd,,0,05/04/2021
2010,12,7,5,1529520100415015,7,2,04,wd,8747010804,109,0.0316123912,1,1,201027128704wd,152952010041515500,SCALED SARDINE,,14377.22083,4,10,201027128704wd,,0,05/04/2021
2010,12,7,5,1529520100415015,7,2,04,wd,8747010804,109,0.0316123912,1,1,201027128704wd,152952010041515500,SCALED SARDINE,,14377.22083,4,10,201027128704wd,,0,05/04/2021
2010,12,7,5,1529520100415015,7,2,04,wd,8747010804,109,0.0316123912,1,1,201027128704wd,152952010041515500,SCALED SARDINE,,14377.22083,4,10,201027128704wd,,0,05/04/2021
2010,12,7,5,1529520100415016,7,2,04,wd,8835430201,127,0.0402433298,1,1,201027128704wd,152952010041515500,PINFISH,,1437.722083,4,12,201027128704wd,,0,05/04/2021
2010,12,7,5,1529520100415016,7,2,04,wd,8835430201,127,0.0402433298,1,1,201027128704wd,152952010041515500,PINFISH,,1437.722083,4,12,201027128704wd,,0,05/04/2021
2010,12,7,5,1529520100415016,7,2,04,wd,8835430201,127,0.0402433298,1,1,201027128704wd,152952010041515500,PINFISH,,1437.722083,4,12,201027128704wd,,0,05/04/2021
2010,12,7,5,1529520100415016,7,2,04,wd,8835430201,127,0.0402433298,1,1,201027128704wd,152952010041515500,PINFISH,,1437.722083,4,12,201027128704wd,,0,05/04/2021
2010,12,7,5,1529520100415016,7,2,04,wd,8835430201,127,0.0402433298,1,1,201027128704wd,152952010041515500,PINFISH,,1437.722083,4,12,201027128704wd,,0,05/04/2021
2010,12,7,5,1529520100415017,7,2,04,wd,,,,0,0,201027128704wd,152952010041515500,,,1437.722083,,,201027128704wd,,0,05/04/2021
2010,12,7,5,1529520100415018,7,2,04,wd,,,,0,0,201027128704wd,152952010041515500,,,1437.722083,,,201027128704wd,,0,05/04/2021
2010,12,7,5,1529520100415019,7,2,04,wd,,,,0,0,201027128704wd,152952010041515500,,,1437.722083,,,201027128704wd,,0,05/04/2021
2010,12,7,5,1529520100415020,7,2,04,wd,8835430301,361,0.98,1,1,201027128704wd,152952010041515500,SHEEPSHEAD,,1437.722083,14,36,201027128704wd,,0,05/04/2021
2010,12,7,5,1529520100415021,7,2,04,wd,,,,0,0,201027128704wd,152952010041515500,,,1736.4958115,,,201027128704wd,,0,05/04/2021
2010,12,7,5,1529520100415022,7,2,04,wd,,,,0,0,201027128704wd,152952010041515500,,,1736.4958115,,,201027128704wd,,0,05/04/2021
2010,12,7,5,1529520100415023,7,2,04,wd,,,,0,0,201027128704wd,152952010041515500,,,1437.722083,,,201027128704wd,,0,05/04/2021
2010,12,7,5,1529520100415024,7,2,04,wd,,,,0,0,201027128704wd,152952010041515500,,,1437.722083,,,201027128704wd,,0,05/04/2021
2010,12,7,5,1529520100415025,7,2,04,wd,,,,0,0,201027128704wd,152952010041515500,,,1437.722083,,,201027128704wd,,0,05/04/2021
2010,12,7,5,1529520100415026,7,2,04,wd,,,,0,0,201027128704wd,152952010041515500,,,1437.722083,,,201027128704wd,,0,05/04/2021
2010,12,7,3,1529520100415027,7,2,04,wd,8835430301,368,1.1975870496,0,1,201027128704wd,152952010041515500,SHEEPSHEAD,,2675.6845678,14,36,201027128704wd,,0,05/04/2021
2010,12,7,3,1529520100415028,7,2,04,wd,,,,0,0,201027128704wd,152952010041515500,,,2215.3182085,,,201027128704wd,,0,05/04/2021
2010,12,7,3,1529520100415029,7,2,04,wd,,,,0,0,201027128704wd,152952010041515500,,,2215.3182085,,,201027128704wd,,0,05/04/2021
2010,12,7,5,1529520100415030,7,2,04,wd,8850030502,320,0.271060234,1,1,201027128704wd,152952010041515500,SPANISH MACKEREL,,2396.2034716,12,32,201027128704wd,,0,05/04/2021
2010,12,7,5,1529520100415030,7,2,04,wd,8850030502,406,0.98,1,1,201027128704wd,152952010041515500,SPANISH MACKEREL,,2396.2034716,15,40,201027128704wd,,0,05/04/2021
2010,12,7,5,1529520100415030,7,2,04,wd,8850030502,425,0.69,0,0,201027128704wd,152952010041515500,SPANISH MACKEREL,,2396.2034716,16,42,201027128704wd,,0,05/04/2021
2010,12,7,5,1529520100415030,7,2,04,wd,8850030502,408,0.5,1,1,201027128704wd,152952010041515500,SPANISH MACKEREL,,2396.2034716,16,40,201027128704wd,,0,05/04/2021
2010,12,7,5,1529520100415030,7,2,04,wd,8850030502,442,0.62,0,0,201027128704wd,152952010041515500,SPANISH MACKEREL,,2396.2034716,17,44,201027128704wd,,0,05/04/2021
2010,12,7,5,1529520100415030,7,2,04,wd,8850030502,518,1.09,0,0,201027128704wd,152952010041515500,SPANISH MACKEREL,,2396.2034716,20,51,201027128704wd,,0,05/04/2021
2010,12,7,5,1529520100415030,7,2,04,wd,8850030502,526,1.15,0,0,201027128704wd,152952010041515500,SPANISH MACKEREL,,2396.2034716,20,52,201027128704wd,,0,05/04/2021
2010,12,7,5,1529520100415030,7,2,04,wd,8850030502,530,1.15,1,1,201027128704wd,152952010041515500,SPANISH MACKEREL,,2396.2034716,20,53,201027128704wd,,0,05/04/2021
2010,12,7,5,1529520100415030,7,2,04,wd,8850030502,503,0.82,0,0,201027128704wd,152952010041515500,SPANISH MACKEREL,,2396.2034716,19,50,201027128704wd,,0,05/04/2021
2010,12,7,3,1533520100314003,7,2,03,we,8835440801,366,0.68,0,0,201027128703we,153352010031429989,BLACK DRUM,,738.76447918,14,36,201027128703we,,0,05/04/2021
2010,12,7,3,1533520100314003,7,2,03,we,8835440102,461,0.98,0,0,201027128703we,153352010031429989,SPOTTED SEATROUT,,738.76447918,18,46,201027128703we,,0,05/04/2021
2010,12,7,3,1533520100314004,7,2,03,we,8835440801,348,0.62,0,0,201027128703we,153352010031429989,BLACK DRUM,,738.76447918,13,34,201027128703we,,0,05/04/2021
2010,12,7,3,1533520100314004,7,2,03,we,8835440801,354,0.62,0,0,201027128703we,153352010031429989,BLACK DRUM,,738.76447918,13,35,201027128703we,,0,05/04/2021
2010,12,7,3,1533520100314006,7,2,03,we,8835440102,389,0.6,0,0,201027128703we,153352010031429989,SPOTTED SEATROUT,,738.76447918,15,38,201027128703we,,0,05/04/2021
2010,12,7,5,1533520100314007,7,2,03,we,,,,0,0,201027128703we,153352010031429989,,,479.45166602,,,201027128703we,,0,05/04/2021
2010,12,7,3,1533520100314013,7,2,03,we,8835440901,582,2.5,1,1,201027128703we,153352010031429989,RED DRUM,,738.76447918,22,58,201027128703we,,0,05/04/2021
2010,12,7,3,1533520100314013,7,2,03,we,8835440901,595,2.18,1,1,201027128703we,153352010031429989,RED DRUM,,738.76447918,23,59,201027128703we,,0,05/04/2021
2010,12,7,3,1533520100314014,7,2,03,we,,,,0,0,201027128703we,153352010031429989,,,738.76447918,,,201027128703we,,0,05/04/2021
2010,12,7,3,1533520100325004,7,2,03,wd,,,,0,0,201027128703wd,153352010032575840,,,1541.5529672,,,201027128703wd,,0,05/04/2021
2010,12,7,3,1533520100325011,7,2,03,wd,,,,0,0,201027128703wd,153352010032575840,,,1541.5529672,,,201027128703wd,,0,05/04/2021
2010,12,7,3,1533520100325013,7,2,03,wd,,,,0,0,201027128703wd,153352010032575840,,,1541.5529672,,,201027128703wd,,0,05/04/2021
2010,12,7,3,1533520100330003,7,2,03,wd,8835430201,140,0.0545391584,1,1,201027128703wd,15335201003301231764,PINFISH,,13888.270434,5,14,201027128703wd,,0,05/04/2021
2010,12,7,3,1533520100330003,7,2,03,wd,8835430201,140,0.0545391584,1,1,201027128703wd,15335201003301231764,PINFISH,,13888.270434,5,14,201027128703wd,,0,05/04/2021
2010,12,7,3,1533520100330003,7,2,03,wd,8835430201,140,0.0545391584,1,1,201027128703wd,15335201003301231764,PINFISH,,13888.270434,5,14,201027128703wd,,0,05/04/2021
2010,12,7,3,1533520100330003,7,2,03,wd,8835430201,140,0.0545391584,1,1,201027128703wd,15335201003301231764,PINFISH,,13888.270434,5,14,201027128703wd,,0,05/04/2021
2010,12,7,3,1533520100330003,7,2,03,wd,8835430201,140,0.0545391584,1,1,201027128703wd,15335201003301231764,PINFISH,,13888.270434,5,14,201027128703wd,,0,05/04/2021
2010,12,7,3,1533520100330004,7,2,03,wd,,,,0,0,201027128703wd,15335201003301231764,,,8680.1690215,,,201027128703wd,,0,05/04/2021
2010,12,7,3,1533520100330005,7,2,03,wd,,,,0,0,201027128703wd,15335201003301231764,,,8680.1690215,,,201027128703wd,,0,05/04/2021
2010,12,7,3,1533520100330006,7,2,03,wd,,,,0,0,201027128703wd,15335201003301231764,,,10483.999187,,,201027128703wd,,0,05/04/2021
2010,12,7,3,1533520100330010,7,2,03,wd,,,,0,0,201027128703wd,15335201003301231764,,,8680.1690215,,,201027128703wd,,0,05/04/2021
2010,12,7,3,1533520100330014,7,2,03,wd,,,,0,0,201027128703wd,15335201003301231764,,,8680.1690215,,,201027128703wd,,0,05/04/2021
2010,12,7,3,1533520100330015,7,2,03,wd,8835440102,453,0.94,0,0,201027128703wd,15335201003301231764,SPOTTED SEATROUT,,8680.1690215,17,45,201027128703wd,,0,05/04/2021
2010,12,7,3,1533520100330019,7,2,03,wd,8835440102,399,0.54,0,0,201027128703wd,15335201003301231764,SPOTTED SEATROUT,,8680.1690215,15,39,201027128703wd,,0,05/04/2021
2010,12,7,3,1533520100330027,7,2,03,wd,8835440102,422,0.72,0,0,201027128703wd,15335201003301231764,SPOTTED SEATROUT,,10483.999187,16,42,201027128703wd,,0,05/04/2021
2010,12,7,5,1533520100409003,7,2,04,wd,8835440901,622,2.92,0,0,201027128704wd,153352010040975870,RED DRUM,,2766.1159841,24,62,201027128704wd,,0,05/04/2021
2010,12,7,5,1533520100409004,7,2,04,wd,,,,0,0,201027128704wd,153352010040975870,,,2766.1159841,,,201027128704wd,,0,05/04/2021
2010,12,7,3,1533520100409005,7,2,04,wd,,,,0,0,201027128704wd,153352010040975870,,,4262.1777734,,,201027128704wd,,0,05/04/2021
2010,12,7,3,1533520100409006,7,2,04,wd,,,,0,0,201027128704wd,153352010040975870,,,4262.1777734,,,201027128704wd,,0,05/04/2021
2010,12,7,3,1533520100409007,7,2,04,wd,,,,0,0,201027128704wd,153352010040975870,,,4262.1777734,,,201027128704wd,,0,05/04/2021
2010,12,7,3,1533520100409008,7,2,04,wd,,,,0,0,201027128704wd,153352010040975870,,,4262.1777734,,,201027128704wd,,0,05/04/2021
2010,12,7,3,1533520100410001,7,2,04,we,8835430301,335,0.82,0,0,201027128704we,153352010041075839,SHEEPSHEAD,,2899.4793148,13,33,201027128704we,,0,05/04/2021
2010,12,7,3,1533520100410002,7,2,04,we,8836010101,445,1.2389184365,1,1,201027128704we,153352010041075839,STRIPED MULLET,,3479.3751777,17,44,201027128704we,,0,05/04/2021
2010,12,7,3,1533520100410002,7,2,04,we,8836010101,445,1.2389184365,1,1,201027128704we,153352010041075839,STRIPED MULLET,,3479.3751777,17,44,201027128704we,,0,05/04/2021
2010,12,7,3,1533520100410002,7,2,04,we,8836010101,400,0.9,1,1,201027128704we,153352010041075839,STRIPED MULLET,,3479.3751777,15,40,201027128704we,,0,05/04/2021
2010,12,7,3,1533520100410002,7,2,04,we,8836010101,400,0.9,1,1,201027128704we,153352010041075839,STRIPED MULLET,,3479.3751777,15,40,201027128704we,,0,05/04/2021
2010,12,7,3,1533520100410002,7,2,04,we,8836010101,445,1.2389184365,1,1,201027128704we,153352010041075839,STRIPED MULLET,,3479.3751777,17,44,201027128704we,,0,05/04/2021
2010,12,7,3,1533520100410003,7,2,04,we,8835440601,257,0.18,1,1,201027128704we,153352010041075839,SOUTHERN KINGFISH,,2899.4793148,10,25,201027128704we,,0,05/04/2021
2010,12,7,3,1533520100410003,7,2,04,we,8835440601,290,0.26,1,1,201027128704we,153352010041075839,SOUTHERN KINGFISH,,2899.4793148,11,29,201027128704we,,0,05/04/2021
2010,12,7,3,1533520100410004,7,2,04,we,,,,0,0,201027128704we,153352010041075839,,,2899.4793148,,,201027128704we,,0,05/04/2021
2010,12,7,3,1533520100410005,7,2,04,we,,,,0,0,201027128704we,153352010041075839,,,2899.4793148,,,201027128704we,,0,05/04/2021
2010,12,7,3,1533520100410006,7,2,04,we,8835440102,374,0.52,0,0,201027128704we,153352010041075839,SPOTTED SEATROUT,,2899.4793148,14,37,201027128704we,,0,05/04/2021
2010,12,7,3,1533520100410007,7,2,04,we,8835440102,369,0.5,0,0,201027128704we,153352010041075839,SPOTTED SEATROUT,,2899.4793148,14,36,201027128704we,,0,05/04/2021
2010,12,7,3,1533520100410008,7,2,04,we,8835440102,371,0.5,0,0,201027128704we,153352010041075839,SPOTTED SEATROUT,,2899.4793148,14,37,201027128704we,,0,05/04/2021
2010,12,7,3,1533520100410009,7,2,04,we,,,,0,0,201027128704we,153352010041075839,,,2899.4793148,,,201027128704we,,0,05/04/2021
2010,12,7,3,1533520100410010,7,2,04,we,,,,0,0,201027128704we,153352010041075839,,,2899.4793148,,,201027128704we,,0,05/04/2021
2010,12,7,3,1533520100410011,7,2,04,we,8835440901,483,1.32,0,0,201027128704we,153352010041075839,RED DRUM,,2899.4793148,19,48,201027128704we,,0,05/04/2021
2010,12,7,3,1533520100410012,7,2,04,we,,,,0,0,201027128704we,153352010041075839,,,3502.0215279,,,201027128704we,,0,05/04/2021
2010,12,7,3,1533520100410013,7,2,04,we,8835440901,614,2.62,0,0,201027128704we,153352010041075839,RED DRUM,,2899.4793148,24,61,201027128704we,,0,05/04/2021
2010,12,7,3,1533520100410014,7,2,04,we,8835440901,545,1.92,0,0,201027128704we,153352010041075839,RED DRUM,,2899.4793148,21,54,201027128704we,,0,05/04/2021
2010,12,7,3,1533520100410015,7,2,04,we,8835430201,140,0.0545391584,1,1,201027128704we,153352010041075839,PINFISH,,2899.4793148,5,14,201027128704we,,0,05/04/2021
2010,12,7,3,1533520100410015,7,2,04,we,8835430201,140,0.0545391584,1,1,201027128704we,153352010041075839,PINFISH,,2899.4793148,5,14,201027128704we,,0,05/04/2021
2010,12,7,3,1533520100410015,7,2,04,we,8835430201,140,0.0545391584,1,1,201027128704we,153352010041075839,PINFISH,,2899.4793148,5,14,201027128704we,,0,05/04/2021
2010,12,7,3,1533520100410015,7,2,04,we,8835430201,140,0.0545391584,1,1,201027128704we,153352010041075839,PINFISH,,2899.4793148,5,14,201027128704we,,0,05/04/2021
2010,12,7,3,1533520100410015,7,2,04,we,8835430201,140,0.0545391584,1,1,201027128704we,153352010041075839,PINFISH,,2899.4793148,5,14,201027128704we,,0,05/04/2021
2010,12,7,3,1533520100418001,7,2,04,we,8835440102,411,0.75,1,1,201027128704we,153352010041829508,SPOTTED SEATROUT,,1069.3148983,16,41,201027128704we,,0,05/04/2021
2010,12,7,3,1533520100418001,7,2,04,we,8835440102,498,1.26,1,1,201027128704we,153352010041829508,SPOTTED SEATROUT,,1069.3148983,19,49,201027128704we,,0,05/04/2021
2010,12,7,3,1533520100418002,7,2,04,we,8835440102,395,0.62,0,0,201027128704we,153352010041829508,SPOTTED SEATROUT,,1069.3148983,15,39,201027128704we,,0,05/04/2021
2010,12,7,3,1533520100418002,7,2,04,we,8835440901,569,2.16,0,0,201027128704we,153352010041829508,RED DRUM,,1069.3148983,22,56,201027128704we,,0,05/04/2021
2010,12,7,3,1533520100418003,7,2,04,we,8835440102,391,0.63,1,1,201027128704we,153352010041829508,SPOTTED SEATROUT,,1069.3148983,15,39,201027128704we,,0,05/04/2021
2010,12,7,3,1533520100418003,7,2,04,we,8857030302,370,0.62,1,1,201027128704we,153352010041829508,GULF FLOUNDER,,1069.3148983,14,37,201027128704we,,0,05/04/2021
2010,12,7,3,1533520100418004,7,2,04,we,,,,0,0,201027128704we,153352010041829508,,,1069.3148983,,,201027128704we,,0,05/04/2021
2010,12,7,3,1533520100418007,7,2,04,we,8836010101,400,0.9,1,1,201027128704we,153352010041829508,STRIPED MULLET,,1069.3148983,15,40,201027128704we,,0,05/04/2021
2010,12,7,3,1533520100418007,7,2,04,we,8835440801,409,0.98,0,0,201027128704we,153352010041829508,BLACK DRUM,,1069.3148983,16,40,201027128704we,,0,05/04/2021
2010,12,7,3,1533520100418007,7,2,04,we,8836010101,400,0.9,1,1,201027128704we,153352010041829508,STRIPED MULLET,,1069.3148983,15,40,201027128704we,,0,05/04/2021
2010,12,7,5,1533520100424001,7,2,04,we,,,,0,0,201027128704we,1533520100424123584,,,716.37694872,,,201027128704we,,0,05/04/2021
2010,12,7,5,1533520100424002,7,2,04,we,8835440901,506,1.42,0,0,201027128704we,1533520100424123584,RED DRUM,,716.37694872,19,50,201027128704we,,0,05/04/2021
2010,12,7,5,1533520100424002,7,2,04,we,8835440901,550,2.02,0,0,201027128704we,1533520100424123584,RED DRUM,,716.37694872,21,55,201027128704we,,0,05/04/2021
2010,12,7,5,1534920100324001,7,2,03,wd,8835430301,408,1.81,0,0,201027128703wd,1534920100324113460,SHEEPSHEAD,,2893.706733,16,40,201027128703wd,,0,05/04/2021
2010,12,7,5,1534920100324002,7,2,03,wd,,,,0,0,201027128703wd,1534920100324113460,,,2893.706733,,,201027128703wd,,0,05/04/2021
2010,12,7,5,1534920100324003,7,2,03,wd,,,,0,0,201027128703wd,1534920100324113460,,,2893.706733,,,201027128703wd,,0,05/04/2021
2010,12,7,4,1534920100324004,7,2,03,wd,8860020201,346,0.99,1,1,201027128703wd,1534920100324113460,GRAY TRIGGERFISH,,4482.8454549,13,34,201027128703wd,,0,05/04/2021
2010,12,7,4,1534920100324004,7,2,03,wd,8860020201,395,1.48,1,1,201027128703wd,1534920100324113460,GRAY TRIGGERFISH,,4482.8454549,15,39,201027128703wd,,0,05/04/2021
2010,12,7,4,1534920100324004,7,2,03,wd,8860020201,376,1.23,1,1,201027128703wd,1534920100324113460,GRAY TRIGGERFISH,,4482.8454549,14,37,201027128703wd,,0,05/04/2021
2010,12,7,5,1534920100324005,7,2,03,wd,8835430301,377,1.16,0,0,201027128703wd,1534920100324113460,SHEEPSHEAD,,2893.706733,14,37,201027128703wd,,0,05/04/2021
2010,12,7,5,1534920100324005,7,2,03,wd,8835430301,398,1.7,0,0,201027128703wd,1534920100324113460,SHEEPSHEAD,,2893.706733,15,39,201027128703wd,,0,05/04/2021
2010,12,7,5,1534920100324005,7,2,03,wd,8835021002,222,0.18,0,0,201027128703wd,1534920100324113460,SAND PERCH,,2893.706733,8,22,201027128703wd,,0,05/04/2021
2010,12,7,5,1534920100324005,7,2,03,wd,8835430301,414,1.56,0,0,201027128703wd,1534920100324113460,SHEEPSHEAD,,2893.706733,16,41,201027128703wd,,0,05/04/2021
2010,12,7,4,1534920100324006,7,2,03,wd,8835280801,975,10.13,0,0,201027128703wd,1534920100324113460,GREATER AMBERJACK,,4482.8454549,38,97,201027128703wd,,0,05/04/2021
2010,12,7,4,1534920100324006,7,2,03,wd,8835280801,789,6.79,0,0,201027128703wd,1534920100324113460,GREATER AMBERJACK,,4482.8454549,31,78,201027128703wd,,0,05/04/2021
2010,12,7,4,1534920100324007,7,2,03,wd,,,,0,0,201027128703wd,1534920100324113460,,,4482.8454549,,,201027128703wd,,0,05/04/2021
2010,12,7,5,1534920100324008,7,2,03,wd,,,,0,0,201027128703wd,1534920100324113460,,,2893.706733,,,201027128703wd,,0,05/04/2021
2010,12,7,5,1534920100324009,7,2,03,wd,,,,0,0,201027128703wd,1534920100324113460,,,2893.706733,,,201027128703wd,,0,05/04/2021
2010,12,7,5,1534920100324010,7,2,03,wd,,,,0,0,201027128703wd,1534920100324113460,,,2893.706733,,,201027128703wd,,0,05/04/2021
2010,12,7,5,1534920100327001,7,2,03,we,,,,0,0,201027128703we,1534920100327331262,,,90.434392803,,,201027128703we,,0,05/04/2021
2010,12,7,4,1534920100331002,7,2,03,wd,8860020201,345,0.74,1,1,201027128703wd,1534920100331331262,GRAY TRIGGERFISH,,567.09082931,13,34,201027128703wd,,0,05/04/2021
2010,12,7,4,1534920100331002,7,2,03,wd,8860020201,382,1.68,1,1,201027128703wd,1534920100331331262,GRAY TRIGGERFISH,,567.09082931,15,38,201027128703wd,,0,05/04/2021
2010,12,7,4,1534920100331002,7,2,03,wd,8835430201,138,0.0521455464,1,1,201027128703wd,1534920100331331262,PINFISH,,567.09082931,5,13,201027128703wd,,0,05/04/2021
2010,12,7,4,1534920100331002,7,2,03,wd,8860020201,376,1.23,1,1,201027128703wd,1534920100331331262,GRAY TRIGGERFISH,,567.09082931,14,37,201027128703wd,,0,05/04/2021
2010,12,7,4,1534920100331002,7,2,03,wd,8860020201,382,1.68,1,1,201027128703wd,1534920100331331262,GRAY TRIGGERFISH,,567.09082931,15,38,201027128703wd,,0,05/04/2021
2010,12,7,4,1534920100331002,7,2,03,wd,8835430201,138,0.0521455464,1,1,201027128703wd,1534920100331331262,PINFISH,,567.09082931,5,13,201027128703wd,,0,05/04/2021
2010,12,7,5,1534920100331009,7,2,03,wd,8835430301,373,0.9,1,1,201027128703wd,1534920100331331262,SHEEPSHEAD,,366.06092436,14,37,201027128703wd,,0,05/04/2021
2010,12,7,5,1534920100331010,7,2,03,wd,,,,0,0,201027128703wd,1534920100331331262,,,366.06092436,,,201027128703wd,,0,05/04/2021
2010,12,7,5,1534920100403003,7,2,04,we,,,,0,0,201027128704we,1534920100403333253,,,473.82068093,,,201027128704we,,0,05/04/2021
2010,12,7,5,1534920100403004,7,2,04,we,,,,0,0,201027128704we,1534920100403333253,,,473.82068093,,,201027128704we,,0,05/04/2021
2010,12,7,5,1534920100403006,7,2,04,we,8835430201,127,0.0402433298,1,1,201027128704we,1534920100403333253,PINFISH,,473.82068093,4,12,201027128704we,,0,05/04/2021
2010,12,7,5,1534920100403006,7,2,04,we,8835430201,127,0.0402433298,1,1,201027128704we,1534920100403333253,PINFISH,,473.82068093,4,12,201027128704we,,0,05/04/2021
2010,12,7,5,1534920100403006,7,2,04,we,8835430201,127,0.0402433298,1,1,201027128704we,1534920100403333253,PINFISH,,473.82068093,4,12,201027128704we,,0,05/04/2021
2010,12,7,5,1534920100403006,7,2,04,we,8835430201,127,0.0402433298,1,1,201027128704we,1534920100403333253,PINFISH,,473.82068093,4,12,201027128704we,,0,05/04/2021
2010,12,7,5,1534920100403006,7,2,04,we,8835430201,127,0.0402433298,1,1,201027128704we,1534920100403333253,PINFISH,,473.82068093,4,12,201027128704we,,0,05/04/2021
2010,12,7,5,1534920100406001,7,2,04,wd,,,,0,0,201027128704wd,15349201004061131576,,,4173.357742,,,201027128704wd,,0,05/04/2021
2010,12,7,5,1534920100406002,7,2,04,wd,,,,0,0,201027128704wd,15349201004061131576,,,5040.6252535,,,201027128704wd,,0,05/04/2021
2010,12,7,5,1534920100406003,7,2,04,wd,,,,0,0,201027128704wd,15349201004061131576,,,4173.357742,,,201027128704wd,,0,05/04/2021
2010,12,7,5,1534920100410001,7,2,04,we,,,,0,0,201027128704we,1534920100410331766,,,808.03618954,,,201027128704we,,0,05/04/2021
2010,12,7,5,1534920100410002,7,2,04,we,,,,0,0,201027128704we,1534920100410331766,,,808.03618954,,,201027128704we,,0,05/04/2021
2010,12,7,5,1534920100410005,7,2,04,we,,,,0,0,201027128704we,1534920100410331766,,,808.03618954,,,201027128704we,,0,05/04/2021
2010,12,7,5,1534920100410006,7,2,04,we,8835440801,557,2.4,1,1,201027128704we,1534920100410331766,BLACK DRUM,,808.03618954,21,55,201027128704we,,0,05/04/2021
2010,12,7,5,1534920100410006,7,2,04,we,8835440106,241,0.13,1,1,201027128704we,1534920100410331766,SAND SEATROUT,,808.03618954,9,24,201027128704we,,0,05/04/2021
2010,12,7,5,1534920100410006,7,2,04,we,8835440106,241,0.14,1,1,201027128704we,1534920100410331766,SAND SEATROUT,,808.03618954,9,24,201027128704we,,0,05/04/2021
2010,12,7,5,1534920100410007,7,2,04,we,,,,0,0,201027128704we,1534920100410331766,,,808.03618954,,,201027128704we,,0,05/04/2021
2010,12,7,5,1534920100410011,7,2,04,we,,,,0,0,201027128704we,1534920100410331766,,,808.03618954,,,201027128704we,,0,05/04/2021
2010,12,7,5,1534920100410012,7,2,04,we,,,,0,0,201027128704we,1534920100410331766,,,808.03618954,,,201027128704we,,0,05/04/2021
2010,12,7,3,1534920100411001,7,2,04,we,,,,0,0,201027128704we,1534920100411113460,,,3116.0791415,,,201027128704we,,0,05/04/2021
2010,12,7,3,1534920100411002,7,2,04,we,,,,0,0,201027128704we,1534920100411113460,,,3116.0791415,,,201027128704we,,0,05/04/2021
2010,12,7,3,1534920100411003,7,2,04,we,,,,0,0,201027128704we,1534920100411113460,,,3116.0791415,,,201027128704we,,0,05/04/2021
2010,12,7,5,1534920100411007,7,2,04,we,,,,0,0,201027128704we,1534920100411113460,,,2022.3080264,,,201027128704we,,0,05/04/2021
2010,12,7,5,1534920100411008,7,2,04,we,,,,0,0,201027128704we,1534920100411113460,,,2022.3080264,,,201027128704we,,0,05/04/2021
2010,12,7,5,1534920100411009,7,2,04,we,,,,0,0,201027128704we,1534920100411113460,,,2022.3080264,,,201027128704we,,0,05/04/2021
2010,12,7,5,1534920100411013,7,2,04,we,,,,0,0,201027128704we,1534920100411113460,,,2022.3080264,,,201027128704we,,0,05/04/2021
2010,12,7,5,1534920100411020,7,2,04,we,8835440106,239,0.11,1,1,201027128704we,1534920100411113460,SAND SEATROUT,,2022.3080264,9,23,201027128704we,,0,05/04/2021
2010,12,7,4,1534920100411026,7,2,04,we,8835020501,684,4.99,0,0,201027128704we,1534920100411113460,GAG,,3132.9001799,26,68,201027128704we,,0,05/04/2021
2010,12,7,4,1534920100411027,7,2,04,we,,,,0,0,201027128704we,1534920100411113460,,,3132.9001799,,,201027128704we,,0,05/04/2021
2010,12,7,3,1534920100411028,7,2,04,we,8835260101,1038,11.95,1,1,201027128704we,1534920100411113460,COBIA,,3116.0791415,40,103,201027128704we,,0,05/04/2021
2010,12,7,3,1534920100411028,7,2,04,we,8835260101,1115,17.66,1,1,201027128704we,1534920100411113460,COBIA,,3116.0791415,43,111,201027128704we,,0,05/04/2021
2010,12,7,3,1534920100411028,7,2,04,we,8835260101,1275,23.853746152,0,1,201027128704we,1534920100411113460,COBIA,,3116.0791415,50,127,201027128704we,,0,05/04/2021
2010,12,7,3,1534920100411029,7,2,04,we,,,,0,0,201027128704we,1534920100411113460,,,3116.0791415,,,201027128704we,,0,05/04/2021
2010,12,7,3,1534920100411030,7,2,04,we,,,,0,0,201027128704we,1534920100411113460,,,3116.0791415,,,201027128704we,,0,05/04/2021
2010,12,7,3,1534920100421002,7,2,04,wd,8835260101,1038,11.95,0,0,201027128704wd,153492010042133937,COBIA,,9411.7010095,40,103,201027128704wd,,0,05/04/2021
2010,12,7,5,1534920100421004,7,2,04,wd,8835440106,483,1.2,0,0,201027128704wd,153492010042133937,SAND SEATROUT,,5057.1769715,19,48,201027128704wd,,0,05/04/2021
2010,12,7,3,1534920100421005,7,2,04,wd,8835260101,984,8.55,1,1,201027128704wd,153492010042133937,COBIA,,7792.3656883,38,98,201027128704wd,,0,05/04/2021
2010,12,7,3,1534920100421005,7,2,04,wd,8835260101,1035,13.13,1,1,201027128704wd,153492010042133937,COBIA,,7792.3656883,40,103,201027128704wd,,0,05/04/2021
2010,12,7,3,1534920100422001,7,2,04,wd,8835260101,950.92720122,9.72,1,1,201027128704wd,1534920100422331262,COBIA,,535.47987947,37,95,201027128704wd,,0,05/04/2021
2010,12,7,3,1534920100422001,7,2,04,wd,8835260101,1115,17.66,0,0,201027128704wd,1534920100422331262,COBIA,,535.47987947,43,111,201027128704wd,,0,05/04/2021
2010,12,7,4,1534920100422005,7,2,04,wd,8835280801,753,5.7,0,0,201027128704wd,1534920100422331262,GREATER AMBERJACK,,538.37047602,29,75,201027128704wd,,0,05/04/2021
2010,12,7,4,1534920100422005,7,2,04,wd,8850030502,389,0.49,0,0,201027128704wd,1534920100422331262,SPANISH MACKEREL,,538.37047602,15,38,201027128704wd,,0,05/04/2021
2010,12,7,4,1534920100422005,7,2,04,wd,8850030501,944,5.2,0,0,201027128704wd,1534920100422331262,KING MACKEREL,,538.37047602,37,94,201027128704wd,,0,05/04/2021
2010,12,7,4,1534920100422005,7,2,04,wd,8835280801,760,6.24,0,0,201027128704wd,1534920100422331262,GREATER AMBERJACK,,538.37047602,29,76,201027128704wd,,0,05/04/2021
2010,12,7,5,1534920100422007,7,2,04,wd,,,,0,0,201027128704wd,1534920100422331262,,,347.52174416,,,201027128704wd,,0,05/04/2021
2010,12,7,3,1534920100422009,7,2,04,wd,,,,0,0,201027128704wd,1534920100422331262,,,535.47987947,,,201027128704wd,,0,05/04/2021
2010,12,7,3,1534920100422010,7,2,04,wd,8835260101,903,8.25,1,1,201027128704wd,1534920100422331262,COBIA,,535.47987947,35,90,201027128704wd,,0,05/04/2021
2010,12,7,3,1534920100422010,7,2,04,wd,8835260101,1035,13.13,0,0,201027128704wd,1534920100422331262,COBIA,,535.47987947,40,103,201027128704wd,,0,05/04/2021
2010,12,7,3,1534920100422010,7,2,04,wd,8835260101,1220,23.2,0,0,201027128704wd,1534920100422331262,COBIA,,535.47987947,48,122,201027128704wd,,0,05/04/2021
2010,12,7,3,1534920100422011,7,2,04,wd,,,,0,0,201027128704wd,1534920100422331262,,,535.47987947,,,201027128704wd,,0,05/04/2021
2010,12,7,3,1534920100422012,7,2,04,wd,,,,0,0,201027128704wd,1534920100422331262,,,535.47987947,,,201027128704wd,,0,05/04/2021
2010,12,7,3,1534920100422016,7,2,04,wd,,,,0,0,201027128704wd,1534920100422331262,,,535.47987947,,,201027128704wd,,0,05/04/2021
2010,12,7,3,1534920100422017,7,2,04,wd,,,,0,0,201027128704wd,1534920100422331262,,,535.47987947,,,201027128704wd,,0,05/04/2021
2010,12,7,5,1535720100306005,7,2,03,we,8835440901,609,3.05,0,0,201027128703we,153572010030645904,RED DRUM,,3108.8406632,23,60,201027128703we,,0,05/04/2021
2010,12,7,5,1535720100311001,7,2,03,wd,8835440901,504,1.21,0,0,201027128703wd,15357201003115973,RED DRUM,,1112.0001844,19,50,201027128703wd,,0,05/04/2021
2010,12,7,5,1535720100311002,7,2,03,wd,,,,0,0,201027128703wd,15357201003115973,,,1112.0001844,,,201027128703wd,,0,05/04/2021
2010,12,7,5,1535720100311003,7,2,03,wd,,,,0,0,201027128703wd,15357201003115973,,,1112.0001844,,,201027128703wd,,0,05/04/2021
2010,12,7,5,1535720100316001,7,2,03,wd,8835440901,463,1.06,0,0,201027128703wd,153572010031645959,RED DRUM,,6108.111389,18,46,201027128703wd,,0,05/04/2021
2010,12,7,5,1535720100316002,7,2,03,wd,8835440901,483,1.22,0,0,201027128703wd,153572010031645959,RED DRUM,,6108.111389,19,48,201027128703wd,,0,05/04/2021
2010,12,7,5,1535720100316003,7,2,03,wd,,,,0,0,201027128703wd,153572010031645959,,,6108.111389,,,201027128703wd,,0,05/04/2021
2010,12,7,5,1535720100410002,7,2,04,we,8835430301,346,0.99,0,0,201027128704we,15357201004105948,SHEEPSHEAD,,3574.1326404,13,34,201027128704we,,0,05/04/2021
2010,12,7,5,1535720100410007,7,2,04,we,8850030502,375,0.4,1,1,201027128704we,15357201004105948,SPANISH MACKEREL,,4316.8748908,14,37,201027128704we,,0,05/04/2021
2010,12,7,5,1535720100410007,7,2,04,we,8850030502,420,0.58,1,1,201027128704we,15357201004105948,SPANISH MACKEREL,,4316.8748908,16,42,201027128704we,,0,05/04/2021
2010,12,7,5,1535720100410007,7,2,04,we,8850030502,409,0.54,1,1,201027128704we,15357201004105948,SPANISH MACKEREL,,4316.8748908,16,40,201027128704we,,0,05/04/2021
2010,12,7,3,1535720100410009,7,2,04,we,,,,0,0,201027128704we,15357201004105948,,,5507.2125633,,,201027128704we,,0,05/04/2021
2010,12,7,3,1535720100410010,7,2,04,we,8850030502,348,0.38,0,0,201027128704we,15357201004105948,SPANISH MACKEREL,,6479.0736039,13,34,201027128704we,,0,05/04/2021
2010,12,7,3,1535720100410010,7,2,04,we,8850030502,340,0.32,0,0,201027128704we,15357201004105948,SPANISH MACKEREL,,6479.0736039,13,34,201027128704we,,0,05/04/2021
2010,12,7,3,1535720100410010,7,2,04,we,8850030502,345,0.35,0,0,201027128704we,15357201004105948,SPANISH MACKEREL,,6479.0736039,13,34,201027128704we,,0,05/04/2021
2010,12,7,3,1535720100410010,7,2,04,we,8850030502,345,0.35,1,1,201027128704we,15357201004105948,SPANISH MACKEREL,,6479.0736039,13,34,201027128704we,,0,05/04/2021
2010,12,7,3,1535720100410010,7,2,04,we,8850030502,343,0.34,0,0,201027128704we,15357201004105948,SPANISH MACKEREL,,6479.0736039,13,34,201027128704we,,0,05/04/2021
2010,12,7,3,1535720100410010,7,2,04,we,8850030502,348,0.38,1,1,201027128704we,15357201004105948,SPANISH MACKEREL,,6479.0736039,13,34,201027128704we,,0,05/04/2021
2010,12,7,3,1535720100410010,7,2,04,we,8850030502,352,0.35,0,0,201027128704we,15357201004105948,SPANISH MACKEREL,,6479.0736039,13,35,201027128704we,,0,05/04/2021
2010,12,7,3,1535720100410010,7,2,04,we,8850030502,388,0.46,0,0,201027128704we,15357201004105948,SPANISH MACKEREL,,6479.0736039,15,38,201027128704we,,0,05/04/2021
2010,12,7,3,1535720100410010,7,2,04,we,8850030502,366,0.4,0,0,201027128704we,15357201004105948,SPANISH MACKEREL,,6479.0736039,14,36,201027128704we,,0,05/04/2021
2010,12,7,3,1535720100410010,7,2,04,we,8850030502,373,0.42,0,0,201027128704we,15357201004105948,SPANISH MACKEREL,,6479.0736039,14,37,201027128704we,,0,05/04/2021
2010,12,7,3,1535720100410010,7,2,04,we,8850030502,373,0.42,1,1,201027128704we,15357201004105948,SPANISH MACKEREL,,6479.0736039,14,37,201027128704we,,0,05/04/2021
2010,12,7,3,1535720100410010,7,2,04,we,8850030502,389,0.51,0,0,201027128704we,15357201004105948,SPANISH MACKEREL,,6479.0736039,15,38,201027128704we,,0,05/04/2021
2010,12,7,3,1535720100410010,7,2,04,we,8850030502,393,0.51,0,0,201027128704we,15357201004105948,SPANISH MACKEREL,,6479.0736039,15,39,201027128704we,,0,05/04/2021
2010,12,7,3,1535720100410010,7,2,04,we,8850030502,388,0.46,1,1,201027128704we,15357201004105948,SPANISH MACKEREL,,6479.0736039,15,38,201027128704we,,0,05/04/2021
2010,12,7,3,1535720100410010,7,2,04,we,8850030502,356,0.39,0,0,201027128704we,15357201004105948,SPANISH MACKEREL,,6479.0736039,14,35,201027128704we,,0,05/04/2021
2010,12,7,3,1535720100410010,7,2,04,we,8850030502,399,0.49,0,0,201027128704we,15357201004105948,SPANISH MACKEREL,,6479.0736039,15,39,201027128704we,,0,05/04/2021
2010,12,7,3,1535720100410010,7,2,04,we,8850030502,369,0.43,0,0,201027128704we,15357201004105948,SPANISH MACKEREL,,6479.0736039,14,36,201027128704we,,0,05/04/2021
2010,12,7,5,1535720100410012,7,2,04,we,8850030502,354,0.35,0,0,201027128704we,15357201004105948,SPANISH MACKEREL,,3574.1326404,13,35,201027128704we,,0,05/04/2021
2010,12,7,5,1535720100410012,7,2,04,we,8850030502,352,0.36,0,0,201027128704we,15357201004105948,SPANISH MACKEREL,,3574.1326404,13,35,201027128704we,,0,05/04/2021
2010,12,7,5,1535720100410012,7,2,04,we,8850030502,367,0.41,0,0,201027128704we,15357201004105948,SPANISH MACKEREL,,3574.1326404,14,36,201027128704we,,0,05/04/2021
2010,12,7,5,1535720100410012,7,2,04,we,8850030502,389,0.44,0,0,201027128704we,15357201004105948,SPANISH MACKEREL,,3574.1326404,15,38,201027128704we,,0,05/04/2021
2010,12,7,5,1535720100410012,7,2,04,we,8850030502,406,0.61,0,0,201027128704we,15357201004105948,SPANISH MACKEREL,,3574.1326404,15,40,201027128704we,,0,05/04/2021
2010,12,7,5,1535720100410012,7,2,04,we,8850030502,356,0.36,0,0,201027128704we,15357201004105948,SPANISH MACKEREL,,3574.1326404,14,35,201027128704we,,0,05/04/2021
2010,12,7,5,1535720100410012,7,2,04,we,8850030502,380,0.45,0,0,201027128704we,15357201004105948,SPANISH MACKEREL,,3574.1326404,14,38,201027128704we,,0,05/04/2021
2010,12,7,4,1535720100410014,7,2,04,we,8835020408,700,5.95,0,0,201027128704we,15357201004105948,RED GROUPER,,6687.5757528,27,70,201027128704we,,0,05/04/2021
2010,12,7,4,1535720100410015,7,2,04,we,,,,0,0,201027128704we,15357201004105948,,,6687.5757528,,,201027128704we,,0,05/04/2021
2010,12,7,4,1535720100410016,7,2,04,we,8835360501,369,0.85,0,0,201027128704we,15357201004105948,VERMILION SNAPPER,,6687.5757528,14,36,201027128704we,,0,05/04/2021
2010,12,7,4,1535720100410017,7,2,04,we,,,,0,0,201027128704we,15357201004105948,,,6687.5757528,,,201027128704we,,0,05/04/2021
2010,12,7,4,1535720100410018,7,2,04,we,8835020408,638,5.01,0,0,201027128704we,15357201004105948,RED GROUPER,,6687.5757528,25,63,201027128704we,,0,05/04/2021
2010,12,7,3,1535720100410019,7,2,04,we,8850030502,343,0.34,1,1,201027128704we,15357201004105948,SPANISH MACKEREL,,9254.4961349,13,34,201027128704we,,0,05/04/2021
2010,12,7,3,1535720100410019,7,2,04,we,8850030502,321,0.29,0,0,201027128704we,15357201004105948,SPANISH MACKEREL,,9254.4961349,12,32,201027128704we,,0,05/04/2021
2010,12,7,3,1535720100410019,7,2,04,we,8850030502,326,0.31,0,0,201027128704we,15357201004105948,SPANISH MACKEREL,,9254.4961349,12,32,201027128704we,,0,05/04/2021
2010,12,7,3,1535720100410019,7,2,04,we,8850030502,326,0.29,0,0,201027128704we,15357201004105948,SPANISH MACKEREL,,9254.4961349,12,32,201027128704we,,0,05/04/2021
2010,12,7,3,1535720100410019,7,2,04,we,8850030502,299,0.22,0,0,201027128704we,15357201004105948,SPANISH MACKEREL,,9254.4961349,11,29,201027128704we,,0,05/04/2021
2010,12,7,3,1535720100410019,7,2,04,we,8850030502,339,0.32,0,0,201027128704we,15357201004105948,SPANISH MACKEREL,,9254.4961349,13,33,201027128704we,,0,05/04/2021
2010,12,7,3,1535720100410019,7,2,04,we,8850030502,331,0.32,0,0,201027128704we,15357201004105948,SPANISH MACKEREL,,9254.4961349,13,33,201027128704we,,0,05/04/2021
2010,12,7,3,1535720100410019,7,2,04,we,8850030502,341,0.36,0,0,201027128704we,15357201004105948,SPANISH MACKEREL,,9254.4961349,13,34,201027128704we,,0,05/04/2021
2010,12,7,3,1535720100410019,7,2,04,we,8850030502,342,0.3,0,0,201027128704we,15357201004105948,SPANISH MACKEREL,,9254.4961349,13,34,201027128704we,,0,05/04/2021
2010,12,7,3,1535720100410019,7,2,04,we,8850030502,336,0.31,0,0,201027128704we,15357201004105948,SPANISH MACKEREL,,9254.4961349,13,33,201027128704we,,0,05/04/2021
2010,12,7,3,1535720100410019,7,2,04,we,8850030502,349,0.37,0,0,201027128704we,15357201004105948,SPANISH MACKEREL,,9254.4961349,13,34,201027128704we,,0,05/04/2021
2010,12,7,3,1535720100410019,7,2,04,we,8850030502,330,0.29,0,0,201027128704we,15357201004105948,SPANISH MACKEREL,,9254.4961349,12,33,201027128704we,,0,05/04/2021
2010,12,7,3,1535720100410019,7,2,04,we,8850030502,358,0.38,0,0,201027128704we,15357201004105948,SPANISH MACKEREL,,9254.4961349,14,35,201027128704we,,0,05/04/2021
2010,12,7,3,1535720100410019,7,2,04,we,8850030502,364,0.43,0,0,201027128704we,15357201004105948,SPANISH MACKEREL,,9254.4961349,14,36,201027128704we,,0,05/04/2021
2010,12,7,3,1535720100410019,7,2,04,we,8850030502,357,0.36,0,0,201027128704we,15357201004105948,SPANISH MACKEREL,,9254.4961349,14,35,201027128704we,,0,05/04/2021
2010,12,7,3,1535720100410019,7,2,04,we,8850030502,372,0.42,0,0,201027128704we,15357201004105948,SPANISH MACKEREL,,9254.4961349,14,37,201027128704we,,0,05/04/2021
2010,12,7,3,1535720100410019,7,2,04,we,8850030502,372,0.42,1,1,201027128704we,15357201004105948,SPANISH MACKEREL,,9254.4961349,14,37,201027128704we,,0,05/04/2021
2010,12,7,3,1535720100410019,7,2,04,we,8850030502,395,0.5,0,0,201027128704we,15357201004105948,SPANISH MACKEREL,,9254.4961349,15,39,201027128704we,,0,05/04/2021
2010,12,7,3,1535720100410019,7,2,04,we,8850030502,380,0.41,0,0,201027128704we,15357201004105948,SPANISH MACKEREL,,9254.4961349,14,38,201027128704we,,0,05/04/2021
2010,12,7,3,1535720100410019,7,2,04,we,8850030502,365,0.44,0,0,201027128704we,15357201004105948,SPANISH MACKEREL,,9254.4961349,14,36,201027128704we,,0,05/04/2021
2010,12,7,3,1535720100410019,7,2,04,we,8850030502,365,0.44,1,1,201027128704we,15357201004105948,SPANISH MACKEREL,,9254.4961349,14,36,201027128704we,,0,05/04/2021
2010,12,7,3,1535720100410019,7,2,04,we,8850030502,418,0.53,0,0,201027128704we,15357201004105948,SPANISH MACKEREL,,9254.4961349,16,41,201027128704we,,0,05/04/2021
2010,12,7,3,1535720100410019,7,2,04,we,8850030502,395,0.5,1,1,201027128704we,15357201004105948,SPANISH MACKEREL,,9254.4961349,15,39,201027128704we,,0,05/04/2021
2010,12,7,3,1535720100410020,7,2,04,we,,,,0,0,201027128704we,15357201004105948,,,6651.669097,,,201027128704we,,0,05/04/2021
2010,12,7,3,1535720100410023,7,2,04,we,,,,0,0,201027128704we,15357201004105948,,,6651.669097,,,201027128704we,,0,05/04/2021
2010,12,7,5,1535720100410024,7,2,04,we,8835430301,367,1.11,0,0,201027128704we,15357201004105948,SHEEPSHEAD,,3574.1326404,14,36,201027128704we,,0,05/04/2021
2010,12,7,5,1535720100410024,7,2,04,we,8835430301,300,0.64,0,0,201027128704we,15357201004105948,SHEEPSHEAD,,3574.1326404,11,30,201027128704we,,0,05/04/2021
2010,12,7,5,1535720100410024,7,2,04,we,8835430301,404,1.66,0,0,201027128704we,15357201004105948,SHEEPSHEAD,,3574.1326404,15,40,201027128704we,,0,05/04/2021
2010,12,7,5,1535720100410025,7,2,04,we,,,,0,0,201027128704we,15357201004105948,,,3574.1326404,,,201027128704we,,0,05/04/2021
2010,12,7,3,1535720100410027,7,2,04,we,,,,0,0,201027128704we,15357201004105948,,,5507.2125633,,,201027128704we,,0,05/04/2021
2010,12,7,3,1535720100410028,7,2,04,we,,,,0,0,201027128704we,15357201004105948,,,5507.2125633,,,201027128704we,,0,05/04/2021
2010,12,7,3,1535720100410029,7,2,04,we,8835260101,984,8.55,0,0,201027128704we,15357201004105948,COBIA,,5507.2125633,38,98,201027128704we,,0,05/04/2021
2010,12,7,3,1535720100410029,7,2,04,we,8835020501,586,2.29,0,0,201027128704we,15357201004105948,GAG,,5507.2125633,23,58,201027128704we,,0,05/04/2021
2010,12,7,3,1535720100410030,7,2,04,we,8835020501,638,3.76,0,0,201027128704we,15357201004105948,GAG,,5507.2125633,25,63,201027128704we,,0,05/04/2021
2010,12,7,5,1538420100314001,7,2,03,we,,,,0,0,201027128703we,1538420100314211450,,,1199.9801343,,,201027128703we,,0,05/04/2021
2010,12,7,5,1538420100314009,7,2,03,we,,,,0,0,201027128703we,1538420100314211450,,,993.51690152,,,201027128703we,,0,05/04/2021
2010,12,7,5,1538420100314010,7,2,03,we,,,,0,0,201027128703we,1538420100314211450,,,993.51690152,,,201027128703we,,0,05/04/2021
2010,12,7,5,1538420100314011,7,2,03,we,,,,0,0,201027128703we,1538420100314211450,,,993.51690152,,,201027128703we,,0,05/04/2021
2010,12,7,5,1538420100314016,7,2,03,we,,,,0,0,201027128703we,1538420100314211450,,,993.51690152,,,201027128703we,,0,05/04/2021
2010,12,7,5,1538420100314017,7,2,03,we,,,,0,0,201027128703we,1538420100314211450,,,993.51690152,,,201027128703we,,0,05/04/2021
2010,12,7,5,1538420100314018,7,2,03,we,,,,0,0,201027128703we,1538420100314211450,,,993.51690152,,,201027128703we,,0,05/04/2021
2010,12,7,5,1538420100314019,7,2,03,we,,,,0,0,201027128703we,1538420100314211450,,,993.51690152,,,201027128703we,,0,05/04/2021
2010,12,7,5,1538420100314021,7,2,03,we,8835440106,307,0.2,0,0,201027128703we,1538420100314211450,SAND SEATROUT,,1199.9801343,12,30,201027128703we,,0,05/04/2021
2010,12,7,5,1538420100314021,7,2,03,we,8835440106,316,0.22,0,0,201027128703we,1538420100314211450,SAND SEATROUT,,1199.9801343,12,31,201027128703we,,0,05/04/2021
2010,12,7,5,1538420100314021,7,2,03,we,8835440106,321,0.21,0,0,201027128703we,1538420100314211450,SAND SEATROUT,,1199.9801343,12,32,201027128703we,,0,05/04/2021
2010,12,7,5,1538420100314021,7,2,03,we,8835440106,334,0.26,0,0,201027128703we,1538420100314211450,SAND SEATROUT,,1199.9801343,13,33,201027128703we,,0,05/04/2021
2010,12,7,5,1538420100314021,7,2,03,we,8835440106,327,0.24,0,0,201027128703we,1538420100314211450,SAND SEATROUT,,1199.9801343,12,32,201027128703we,,0,05/04/2021
2010,12,7,5,1538420100314022,7,2,03,we,,,,0,0,201027128703we,1538420100314211450,,,1199.9801343,,,201027128703we,,0,05/04/2021
2010,12,7,5,1538420100314023,7,2,03,we,,,,0,0,201027128703we,1538420100314211450,,,1199.9801343,,,201027128703we,,0,05/04/2021
2010,12,7,5,1538420100314024,7,2,03,we,,,,0,0,201027128703we,1538420100314211450,,,1199.9801343,,,201027128703we,,0,05/04/2021
2010,12,7,5,1538420100316005,7,2,03,wd,,,,0,0,201027128703wd,153842010031671759,,,1659.4017176,,,201027128703wd,,0,05/04/2021
2010,12,7,5,1538420100316006,7,2,03,wd,,,,0,0,201027128703wd,153842010031671759,,,1659.4017176,,,201027128703wd,,0,05/04/2021
2010,12,7,5,1538420100316009,7,2,03,wd,,,,0,0,201027128703wd,153842010031671759,,,1659.4017176,,,201027128703wd,,0,05/04/2021
2010,12,7,5,1538420100320001,7,2,03,we,,,,0,0,201027128703we,153842010032071591,,,2845.0649725,,,201027128703we,,0,05/04/2021
2010,12,7,5,1538420100320002,7,2,03,we,,,,0,0,201027128703we,153842010032071591,,,2845.0649725,,,201027128703we,,0,05/04/2021
2010,12,7,5,1538420100320003,7,2,03,we,,,,0,0,201027128703we,153842010032071591,,,2845.0649725,,,201027128703we,,0,05/04/2021
2010,12,7,5,1538420100320007,7,2,03,we,,,,0,0,201027128703we,153842010032071591,,,2355.5557758,,,201027128703we,,0,05/04/2021
2010,12,7,5,1538420100320008,7,2,03,we,,,,0,0,201027128703we,153842010032071591,,,2355.5557758,,,201027128703we,,0,05/04/2021
2010,12,7,5,1538420100320009,7,2,03,we,,,,0,0,201027128703we,153842010032071591,,,2355.5557758,,,201027128703we,,0,05/04/2021
2010,12,7,5,1538420100320010,7,2,03,we,,,,0,0,201027128703we,153842010032071591,,,2355.5557758,,,201027128703we,,0,05/04/2021
2010,12,7,5,1538420100320011,7,2,03,we,,,,0,0,201027128703we,153842010032071591,,,2355.5557758,,,201027128703we,,0,05/04/2021
2010,12,7,5,1538420100320012,7,2,03,we,,,,0,0,201027128703we,153842010032071591,,,2355.5557758,,,201027128703we,,0,05/04/2021
2010,12,7,5,1538420100320013,7,2,03,we,,,,0,0,201027128703we,153842010032071591,,,2355.5557758,,,201027128703we,,0,05/04/2021
2010,12,7,5,1538420100320016,7,2,03,we,,,,0,0,201027128703we,153842010032071591,,,2355.5557758,,,201027128703we,,0,05/04/2021
2010,12,7,5,1538420100320017,7,2,03,we,,,,0,0,201027128703we,153842010032071591,,,2355.5557758,,,201027128703we,,0,05/04/2021
2010,12,7,5,1538420100320018,7,2,03,we,8857030302,342,0.88,0,0,201027128703we,153842010032071591,GULF FLOUNDER,,2355.5557758,13,34,201027128703we,,0,05/04/2021
2010,12,7,5,1538420100320018,7,2,03,we,8835440102,434,1.12,0,0,201027128703we,153842010032071591,SPOTTED SEATROUT,,2355.5557758,17,43,201027128703we,,0,05/04/2021
2010,12,7,5,1538420100320018,7,2,03,we,8835430301,281,0.81,0,0,201027128703we,153842010032071591,SHEEPSHEAD,,2355.5557758,11,28,201027128703we,,0,05/04/2021
2010,12,7,5,1538420100320018,7,2,03,we,8835430301,282,0.7,0,0,201027128703we,153842010032071591,SHEEPSHEAD,,2355.5557758,11,28,201027128703we,,0,05/04/2021
2010,12,7,5,1538420100320018,7,2,03,we,8835430301,288,0.74,0,0,201027128703we,153842010032071591,SHEEPSHEAD,,2355.5557758,11,28,201027128703we,,0,05/04/2021
2010,12,7,5,1538420100320018,7,2,03,we,8835430301,289,0.81,0,0,201027128703we,153842010032071591,SHEEPSHEAD,,2355.5557758,11,28,201027128703we,,0,05/04/2021
2010,12,7,5,1538420100320018,7,2,03,we,8835430301,293,0.83,0,0,201027128703we,153842010032071591,SHEEPSHEAD,,2355.5557758,11,29,201027128703we,,0,05/04/2021
2010,12,7,5,1538420100320018,7,2,03,we,8835430301,298,0.71,0,0,201027128703we,153842010032071591,SHEEPSHEAD,,2355.5557758,11,29,201027128703we,,0,05/04/2021
2010,12,7,5,1538420100320018,7,2,03,we,8835430301,299,0.83,0,0,201027128703we,153842010032071591,SHEEPSHEAD,,2355.5557758,11,29,201027128703we,,0,05/04/2021
2010,12,7,5,1538420100320018,7,2,03,we,8835360102,277,0.53,0,0,201027128703we,153842010032071591,GRAY SNAPPER,,2355.5557758,10,27,201027128703we,,0,05/04/2021
2010,12,7,5,1538420100320018,7,2,03,we,8835360102,281,0.51,0,0,201027128703we,153842010032071591,GRAY SNAPPER,,2355.5557758,11,28,201027128703we,,0,05/04/2021
2010,12,7,5,1538420100320018,7,2,03,we,8835360102,283,0.54,0,0,201027128703we,153842010032071591,GRAY SNAPPER,,2355.5557758,11,28,201027128703we,,0,05/04/2021
2010,12,7,5,1538420100320018,7,2,03,we,8835280901,310,0.97,0,0,201027128703we,153842010032071591,FLORIDA POMPANO,,2355.5557758,12,31,201027128703we,,0,05/04/2021
2010,12,7,5,1538420100320020,7,2,03,we,,,,0,0,201027128703we,153842010032071591,,,2845.0649725,,,201027128703we,,0,05/04/2021
2010,12,7,5,1538420100320021,7,2,03,we,,,,0,0,201027128703we,153842010032071591,,,2845.0649725,,,201027128703we,,0,05/04/2021
2010,12,7,5,1538420100320022,7,2,03,we,,,,0,0,201027128703we,153842010032071591,,,2845.0649725,,,201027128703we,,0,05/04/2021
2010,12,7,5,1538420100320023,7,2,03,we,,,,0,0,201027128703we,153842010032071591,,,2845.0649725,,,201027128703we,,0,05/04/2021
2010,12,7,5,1538420100331001,7,2,03,wd,,,,0,0,201027128703wd,153842010033171591,,,11820.701438,,,201027128703wd,,0,05/04/2021
2010,12,7,5,1538420100331002,7,2,03,wd,,,,0,0,201027128703wd,153842010033171591,,,11820.701438,,,201027128703wd,,0,05/04/2021
2010,12,7,5,1538420100331003,7,2,03,wd,,,,0,0,201027128703wd,153842010033171591,,,11820.701438,,,201027128703wd,,0,05/04/2021
2010,12,7,5,1538420100331008,7,2,03,wd,,,,0,0,201027128703wd,153842010033171591,,,11820.701438,,,201027128703wd,,0,05/04/2021
2010,12,7,5,1538420100331009,7,2,03,wd,,,,0,0,201027128703wd,153842010033171591,,,11820.701438,,,201027128703wd,,0,05/04/2021
2010,12,7,5,1538420100403001,7,2,04,we,,,,0,0,201027128704we,15384201004032194,,,2250.7074686,,,201027128704we,,0,05/04/2021
2010,12,7,5,1538420100403002,7,2,04,we,,,,0,0,201027128704we,15384201004032194,,,2250.7074686,,,201027128704we,,0,05/04/2021
2010,12,7,5,1538420100403003,7,2,04,we,,,,0,0,201027128704we,15384201004032194,,,2250.7074686,,,201027128704we,,0,05/04/2021
2010,12,7,5,1538420100403004,7,2,04,we,,,,0,0,201027128704we,15384201004032194,,,2250.7074686,,,201027128704we,,0,05/04/2021
2010,12,7,5,1538420100403010,7,2,04,we,,,,0,0,201027128704we,15384201004032194,,,2250.7074686,,,201027128704we,,0,05/04/2021
2010,12,7,5,1538420100403011,7,2,04,we,,,,0,0,201027128704we,15384201004032194,,,2250.7074686,,,201027128704we,,0,05/04/2021
2010,12,7,5,1538420100403012,7,2,04,we,,,,0,0,201027128704we,15384201004032194,,,2250.7074686,,,201027128704we,,0,05/04/2021
2010,12,7,5,1538420100411001,7,2,04,we,,,,0,0,201027128704we,153842010041115500,,,465.75361177,,,201027128704we,,0,05/04/2021
2010,12,7,5,1538420100411002,7,2,04,we,,,,0,0,201027128704we,153842010041115500,,,465.75361177,,,201027128704we,,0,05/04/2021
2010,12,7,5,1538420100411003,7,2,04,we,,,,0,0,201027128704we,153842010041115500,,,465.75361177,,,201027128704we,,0,05/04/2021
2010,12,7,5,1538420100411006,7,2,04,we,,,,0,0,201027128704we,153842010041115500,,,385.61812152,,,201027128704we,,0,05/04/2021
2010,12,7,5,1538420100411007,7,2,04,we,,,,0,0,201027128704we,153842010041115500,,,385.61812152,,,201027128704we,,0,05/04/2021
2010,12,7,5,1538420100411014,7,2,04,we,,,,0,0,201027128704we,153842010041115500,,,385.61812152,,,201027128704we,,0,05/04/2021
2010,12,7,5,1538420100416001,7,2,04,wd,,,,0,0,201027128704wd,153842010041621312,,,2239.7621943,,,201027128704wd,,0,05/04/2021
2010,12,7,5,1538420100416002,7,2,04,wd,,,,0,0,201027128704wd,153842010041621312,,,2239.7621943,,,201027128704wd,,0,05/04/2021
2010,12,7,5,1538420100416003,7,2,04,wd,,,,0,0,201027128704wd,153842010041621312,,,2239.7621943,,,201027128704wd,,0,05/04/2021
2010,12,7,5,1538420100416004,7,2,04,wd,,,,0,0,201027128704wd,153842010041621312,,,2239.7621943,,,201027128704wd,,0,05/04/2021
2010,12,7,5,1538420100416005,7,2,04,wd,,,,0,0,201027128704wd,153842010041621312,,,2239.7621943,,,201027128704wd,,0,05/04/2021
2010,12,7,5,1538420100416007,7,2,04,wd,,,,0,0,201027128704wd,153842010041621312,,,2239.7621943,,,201027128704wd,,0,05/04/2021
2010,12,7,5,1538420100416008,7,2,04,wd,,,,0,0,201027128704wd,153842010041621312,,,2239.7621943,,,201027128704wd,,0,05/04/2021
2010,12,7,5,1538420100420006,7,2,04,wd,,,,0,0,201027128704wd,1538420100420713195,,,10196.460905,,,201027128704wd,,0,05/04/2021
2010,12,7,5,1538420100420010,7,2,04,wd,,,,0,0,201027128704wd,1538420100420713195,,,10196.460905,,,201027128704wd,,0,05/04/2021
2010,12,7,5,1538420100420011,7,2,04,wd,,,,0,0,201027128704wd,153842010042071117,,,5088.0763706,,,201027128704wd,,0,05/04/2021
2010,12,7,5,1538420100420012,7,2,04,wd,8835360102,263,0.3,1,1,201027128704wd,153842010042071117,GRAY SNAPPER,,5088.0763706,10,26,201027128704wd,,0,05/04/2021
2010,12,7,5,1538420100420012,7,2,04,wd,8835360102,266,0.2775367055,1,1,201027128704wd,153842010042071117,GRAY SNAPPER,,5088.0763706,10,26,201027128704wd,,0,05/04/2021
2010,12,7,5,1538420100420012,7,2,04,wd,8835360102,271,0.3,1,1,201027128704wd,153842010042071117,GRAY SNAPPER,,5088.0763706,10,27,201027128704wd,,0,05/04/2021
2010,12,7,5,1538420100420012,7,2,04,wd,8835360102,351,0.68,1,1,201027128704wd,153842010042071117,GRAY SNAPPER,,5088.0763706,13,35,201027128704wd,,0,05/04/2021
2010,12,7,5,1538420100420013,7,2,04,wd,,,,0,0,201027128704wd,153842010042071117,,,5088.0763706,,,201027128704wd,,0,05/04/2021
2010,12,7,5,1538420100420014,7,2,04,wd,,,,0,0,201027128704wd,153842010042071117,,,5088.0763706,,,201027128704wd,,0,05/04/2021
2010,12,7,5,1538420100420015,7,2,04,wd,,,,0,0,201027128704wd,153842010042071117,,,5088.0763706,,,201027128704wd,,0,05/04/2021
2010,12,7,5,1538520100403001,7,2,04,we,8835430301,325,0.8,1,1,201027128704we,153852010040345904,SHEEPSHEAD,,3347.9114615,12,32,201027128704we,,0,05/04/2021
2010,12,7,5,1538520100403001,7,2,04,we,8835430301,354,0.9,1,1,201027128704we,153852010040345904,SHEEPSHEAD,,3347.9114615,13,35,201027128704we,,0,05/04/2021
2010,12,7,5,1538520100403003,7,2,04,we,,,,0,0,201027128704we,153852010040345904,,,4043.6425781,,,201027128704we,,0,05/04/2021
2010,12,7,5,1538520100403004,7,2,04,we,,,,0,0,201027128704we,153852010040345904,,,4043.6425781,,,201027128704we,,0,05/04/2021
2010,12,7,5,1538520100403006,7,2,04,we,8857030302,309,0.35,1,1,201027128704we,153852010040345904,GULF FLOUNDER,,3347.9114615,12,30,201027128704we,,0,05/04/2021
2010,12,7,5,1538520100403006,7,2,04,we,8857030302,325,0.42,1,1,201027128704we,153852010040345904,GULF FLOUNDER,,3347.9114615,12,32,201027128704we,,0,05/04/2021
2010,12,7,5,1538520100403006,7,2,04,we,8857030302,342,0.4718581644,1,1,201027128704we,153852010040345904,GULF FLOUNDER,,3347.9114615,13,34,201027128704we,,0,05/04/2021
2010,12,7,5,1538520100403006,7,2,04,we,8835440901,598,2.58,1,1,201027128704we,153852010040345904,RED DRUM,,3347.9114615,23,59,201027128704we,,0,05/04/2021
2010,12,7,5,1538520100403006,7,2,04,we,8857030302,352,0.5,1,1,201027128704we,153852010040345904,GULF FLOUNDER,,3347.9114615,13,35,201027128704we,,0,05/04/2021
2010,12,7,5,1538520100403007,7,2,04,we,,,,0,0,201027128704we,153852010040345904,,,3347.9114615,,,201027128704we,,0,05/04/2021
2010,12,7,3,1538520100403009,7,2,04,we,8850030502,327,0.3,0,0,201027128704we,153852010040345904,SPANISH MACKEREL,,5158.6390088,12,32,201027128704we,,0,05/04/2021
2010,12,7,3,1538520100403009,7,2,04,we,8850030502,346,0.32,0,0,201027128704we,153852010040345904,SPANISH MACKEREL,,5158.6390088,13,34,201027128704we,,0,05/04/2021
2010,12,7,3,1538520100403009,7,2,04,we,8850030502,353,0.36,0,0,201027128704we,153852010040345904,SPANISH MACKEREL,,5158.6390088,13,35,201027128704we,,0,05/04/2021
2010,12,7,3,1538520100403009,7,2,04,we,8850030502,360,0.36,0,0,201027128704we,153852010040345904,SPANISH MACKEREL,,5158.6390088,14,36,201027128704we,,0,05/04/2021
2010,12,7,3,1538520100403009,7,2,04,we,8850030502,372,0.46,0,0,201027128704we,153852010040345904,SPANISH MACKEREL,,5158.6390088,14,37,201027128704we,,0,05/04/2021
2010,12,7,3,1538520100403009,7,2,04,we,8850030502,372,0.4,0,0,201027128704we,153852010040345904,SPANISH MACKEREL,,5158.6390088,14,37,201027128704we,,0,05/04/2021
2010,12,7,3,1538520100403009,7,2,04,we,8850030502,378,0.42,0,0,201027128704we,153852010040345904,SPANISH MACKEREL,,5158.6390088,14,37,201027128704we,,0,05/04/2021
2010,12,7,3,1538520100403010,7,2,04,we,,,,0,0,201027128704we,153852010040345904,,,5158.6390088,,,201027128704we,,0,05/04/2021
2010,12,7,5,1538520100403012,7,2,04,we,,,,0,0,201027128704we,153852010040345904,,,3347.9114615,,,201027128704we,,0,05/04/2021
2010,12,7,5,1538520100403016,7,2,04,we,,,,0,0,201027128704we,153852010040345904,,,4043.6425781,,,201027128704we,,0,05/04/2021
2010,12,7,5,1538520100403023,7,2,04,we,,,,0,0,201027128704we,153852010040345904,,,4043.6425781,,,201027128704we,,0,05/04/2021
2010,12,7,5,1538520100403027,7,2,04,we,,,,0,0,201027128704we,153852010040345904,,,4043.6425781,,,201027128704we,,0,05/04/2021
2010,12,7,5,1544320100307001,7,2,03,we,,,,0,0,201027128703we,1544320100307103767,,,1084.792722,,,201027128703we,,0,05/04/2021
2010,12,7,5,1544320100307002,7,2,03,we,,,,0,0,201027128703we,1544320100307103767,,,1084.792722,,,201027128703we,,0,05/04/2021
2010,12,7,5,1544320100307003,7,2,03,we,,,,0,0,201027128703we,1544320100307103767,,,1084.792722,,,201027128703we,,0,05/04/2021
2010,12,7,5,1544320100307004,7,2,03,we,8835400102,296,0.56,0,0,201027128703we,1544320100307103767,WHITE GRUNT,,1084.792722,11,29,201027128703we,,0,05/04/2021
2010,12,7,5,1544320100307005,7,2,03,we,8835430301,293,0.58,0,0,201027128703we,1544320100307103767,SHEEPSHEAD,,1084.792722,11,29,201027128703we,,0,05/04/2021
2010,12,7,5,1544320100307010,7,2,03,we,,,,0,0,201027128703we,1544320100307103767,,,1084.792722,,,201027128703we,,0,05/04/2021
2010,12,7,5,1544320100307011,7,2,03,we,,,,0,0,201027128703we,1544320100307103767,,,1084.792722,,,201027128703we,,0,05/04/2021
2010,12,7,5,1544320100307012,7,2,03,we,,,,0,0,201027128703we,1544320100307103767,,,1084.792722,,,201027128703we,,0,05/04/2021
2010,12,7,5,1544320100307013,7,2,03,we,,,,0,0,201027128703we,1544320100307103767,,,1084.792722,,,201027128703we,,0,05/04/2021
2010,12,7,5,1544320100307017,7,2,03,we,8835440102,375,0.42,1,1,201027128703we,1544320100307103767,SPOTTED SEATROUT,,2603.5025329,14,37,201027128703we,,0,05/04/2021
2010,12,7,5,1544320100307017,7,2,03,we,8835440102,377,0.49,1,1,201027128703we,1544320100307103767,SPOTTED SEATROUT,,2603.5025329,14,37,201027128703we,,0,05/04/2021
2010,12,7,5,1544320100307017,7,2,03,we,8835440102,435,0.81,1,1,201027128703we,1544320100307103767,SPOTTED SEATROUT,,2603.5025329,17,43,201027128703we,,0,05/04/2021
2010,12,7,5,1544320100307017,7,2,03,we,8835440102,526,1.3757742307,1,1,201027128703we,1544320100307103767,SPOTTED SEATROUT,,2603.5025329,20,52,201027128703we,,0,05/04/2021
2010,12,7,5,1544320100307017,7,2,03,we,8835440102,531,1.4144223534,1,1,201027128703we,1544320100307103767,SPOTTED SEATROUT,,2603.5025329,20,53,201027128703we,,0,05/04/2021
2010,12,7,5,1544320100307018,7,2,03,we,,,,0,0,201027128703we,1544320100307103767,,,1084.792722,,,201027128703we,,0,05/04/2021
2010,12,7,5,1544320100307019,7,2,03,we,,,,0,0,201027128703we,1544320100307103767,,,1084.792722,,,201027128703we,,0,05/04/2021
2010,12,7,5,1544320100307020,7,2,03,we,,,,0,0,201027128703we,1544320100307103767,,,1084.792722,,,201027128703we,,0,05/04/2021
2010,12,7,5,1544320100307022,7,2,03,we,,,,0,0,201027128703we,1544320100307103767,,,1084.792722,,,201027128703we,,0,05/04/2021
2010,12,7,5,1544320100307023,7,2,03,we,,,,0,0,201027128703we,1544320100307103767,,,1084.792722,,,201027128703we,,0,05/04/2021
2010,12,7,5,1544320100307024,7,2,03,we,,,,0,0,201027128703we,1544320100307103767,,,1084.792722,,,201027128703we,,0,05/04/2021
2010,12,7,5,1544320100307025,7,2,03,we,,,,0,0,201027128703we,1544320100307103767,,,1084.792722,,,201027128703we,,0,05/04/2021
2010,12,7,5,1544320100309001,7,2,03,wd,,,,0,0,201027128703wd,154432010030957725,,,1249.5948648,,,201027128703wd,,0,05/04/2021
2010,12,7,5,1544320100309004,7,2,03,wd,,,,0,0,201027128703wd,154432010030957725,,,1249.5948648,,,201027128703wd,,0,05/04/2021
2010,12,7,5,1544320100309006,7,2,03,wd,8835430301,304,0.64,1,1,201027128703wd,154432010030957725,SHEEPSHEAD,,1249.5948648,11,30,201027128703wd,,0,05/04/2021
2010,12,7,5,1544320100309007,7,2,03,wd,,,,0,0,201027128703wd,154432010030957725,,,1249.5948648,,,201027128703wd,,0,05/04/2021
2010,12,7,5,1544320100309008,7,2,03,wd,,,,0,0,201027128703wd,154432010030957725,,,1249.5948648,,,201027128703wd,,0,05/04/2021
2010,12,7,5,1544320100309010,7,2,03,wd,,,,0,0,201027128703wd,154432010030957725,,,1249.5948648,,,201027128703wd,,0,05/04/2021
2010,12,7,5,1544320100309011,7,2,03,wd,,,,0,0,201027128703wd,154432010030957725,,,1249.5948648,,,201027128703wd,,0,05/04/2021
2010,12,7,5,1544320100309012,7,2,03,wd,,,,0,0,201027128703wd,154432010030957725,,,1249.5948648,,,201027128703wd,,0,05/04/2021
2010,12,7,5,1544320100309013,7,2,03,wd,8835430301,281,0.54,1,1,201027128703wd,154432010030957725,SHEEPSHEAD,,1499.5138378,11,28,201027128703wd,,0,05/04/2021
2010,12,7,5,1544320100309013,7,2,03,wd,8835430301,299,0.83,1,1,201027128703wd,154432010030957725,SHEEPSHEAD,,1499.5138378,11,29,201027128703wd,,0,05/04/2021
2010,12,7,5,1544320100309013,7,2,03,wd,8835430301,346,0.99,1,1,201027128703wd,154432010030957725,SHEEPSHEAD,,1499.5138378,13,34,201027128703wd,,0,05/04/2021
2010,12,7,5,1544320100309013,7,2,03,wd,8835430301,404,1.66,1,1,201027128703wd,154432010030957725,SHEEPSHEAD,,1499.5138378,15,40,201027128703wd,,0,05/04/2021
2010,12,7,5,1544320100309013,7,2,03,wd,8835430301,408,1.81,1,1,201027128703wd,154432010030957725,SHEEPSHEAD,,1499.5138378,16,40,201027128703wd,,0,05/04/2021
2010,12,7,5,1544320100309014,7,2,03,wd,,,,0,0,201027128703wd,154432010030957725,,,1249.5948648,,,201027128703wd,,0,05/04/2021
2010,12,7,5,1544320100314005,7,2,03,we,,,,0,0,201027128703we,154432010031457504,,,532.23437949,,,201027128703we,,0,05/04/2021
2010,12,7,5,1544320100314006,7,2,03,we,,,,0,0,201027128703we,154432010031457504,,,532.23437949,,,201027128703we,,0,05/04/2021
2010,12,7,5,1544320100314011,7,2,03,we,,,,0,0,201027128703we,154432010031457504,,,532.23437949,,,201027128703we,,0,05/04/2021
2010,12,7,5,1544320100314012,7,2,03,we,,,,0,0,201027128703we,154432010031457504,,,532.23437949,,,201027128703we,,0,05/04/2021
2010,12,7,5,1544320100329003,7,2,03,wd,,,,0,0,201027128703wd,154432010032981886,,,4114.4294086,,,201027128703wd,,0,05/04/2021
2010,12,7,5,1544320100404002,7,2,04,we,,,,0,0,201027128704we,1544320100404103770,,,718.07173137,,,201027128704we,,0,05/04/2021
2010,12,7,5,1544320100404003,7,2,04,we,,,,0,0,201027128704we,1544320100404103770,,,718.07173137,,,201027128704we,,0,05/04/2021
2010,12,7,5,1544320100404004,7,2,04,we,8850030502,400,0.52,1,1,201027128704we,1544320100404103770,SPANISH MACKEREL,,718.07173137,15,40,201027128704we,,0,05/04/2021
2010,12,7,5,1544320100404004,7,2,04,we,8835400102,277,0.5,1,1,201027128704we,1544320100404103770,WHITE GRUNT,,1005.3004239,10,27,201027128704we,,0,05/04/2021
2010,12,7,5,1544320100404004,7,2,04,we,8835400102,277,0.5,1,1,201027128704we,1544320100404103770,WHITE GRUNT,,1005.3004239,10,27,201027128704we,,0,05/04/2021
2010,12,7,5,1544320100404004,7,2,04,we,8835400102,290,0.5,1,1,201027128704we,1544320100404103770,WHITE GRUNT,,1005.3004239,11,29,201027128704we,,0,05/04/2021
2010,12,7,5,1544320100404004,7,2,04,we,8835400102,290,0.5,1,1,201027128704we,1544320100404103770,WHITE GRUNT,,1005.3004239,11,29,201027128704we,,0,05/04/2021
2010,12,7,5,1544320100404004,7,2,04,we,8835400102,308,0.58,1,1,201027128704we,1544320100404103770,WHITE GRUNT,,1005.3004239,12,30,201027128704we,,0,05/04/2021
2010,12,7,5,1544320100404005,7,2,04,we,,,,0,0,201027128704we,1544320100404103770,,,718.07173137,,,201027128704we,,0,05/04/2021
2010,12,7,5,1544320100404006,7,2,04,we,,,,0,0,201027128704we,1544320100404103770,,,718.07173137,,,201027128704we,,0,05/04/2021
2010,12,7,5,1544320100404007,7,2,04,we,,,,0,0,201027128704we,1544320100404103770,,,718.07173137,,,201027128704we,,0,05/04/2021
2010,12,7,5,1544320100404008,7,2,04,we,,,,0,0,201027128704we,1544320100404103770,,,718.07173137,,,201027128704we,,0,05/04/2021
2010,12,7,5,1544320100404009,7,2,04,we,,,,0,0,201027128704we,1544320100404103770,,,718.07173137,,,201027128704we,,0,05/04/2021
2010,12,7,5,1544320100404010,7,2,04,we,,,,0,0,201027128704we,1544320100404103770,,,718.07173137,,,201027128704we,,0,05/04/2021
2010,12,7,3,1544320100404011,7,2,04,we,8835020501,555,2.3,0,0,201027128704we,1544320100404103770,GAG,,1106.4428935,21,55,201027128704we,,0,05/04/2021
2010,12,7,3,1544320100404012,7,2,04,we,,,,0,0,201027128704we,1544320100404103770,,,1106.4428935,,,201027128704we,,0,05/04/2021
2010,12,7,5,1544320100404013,7,2,04,we,8835020501,626,3.12,0,0,201027128704we,1544320100404103770,GAG,,718.07173137,24,62,201027128704we,,0,05/04/2021
2010,12,7,5,1544320100404013,7,2,04,we,8835020501,640,3.62,0,0,201027128704we,1544320100404103770,GAG,,718.07173137,25,64,201027128704we,,0,05/04/2021
2010,12,7,5,1544320100404013,7,2,04,we,8835020501,655,3.62,0,0,201027128704we,1544320100404103770,GAG,,718.07173137,25,65,201027128704we,,0,05/04/2021
2010,12,7,5,1544320100404013,7,2,04,we,8835020501,718,5.04,0,0,201027128704we,1544320100404103770,GAG,,718.07173137,28,71,201027128704we,,0,05/04/2021
2010,12,7,5,1544320100404014,7,2,04,we,,,,0,0,201027128704we,1544320100404103770,,,718.07173137,,,201027128704we,,0,05/04/2021
2010,12,7,5,1544320100404015,7,2,04,we,8850030502,333,0.3,1,1,201027128704we,1544320100404103770,SPANISH MACKEREL,,718.07173137,13,33,201027128704we,,0,05/04/2021
2010,12,7,5,1544320100404015,7,2,04,we,8850030502,341,0.28,1,1,201027128704we,1544320100404103770,SPANISH MACKEREL,,718.07173137,13,34,201027128704we,,0,05/04/2021
2010,12,7,5,1544320100404015,7,2,04,we,8850030502,345,0.3,1,1,201027128704we,1544320100404103770,SPANISH MACKEREL,,718.07173137,13,34,201027128704we,,0,05/04/2021
2010,12,7,5,1544320100404015,7,2,04,we,8850030502,400,0.48,1,1,201027128704we,1544320100404103770,SPANISH MACKEREL,,718.07173137,15,40,201027128704we,,0,05/04/2021
2010,12,7,5,1544320100404016,7,2,04,we,,,,0,0,201027128704we,1544320100404103770,,,718.07173137,,,201027128704we,,0,05/04/2021
2010,12,7,5,1544320100404017,7,2,04,we,,,,0,0,201027128704we,1544320100404103770,,,718.07173137,,,201027128704we,,0,05/04/2021
2010,12,7,5,1544320100404018,7,2,04,we,,,,0,0,201027128704we,1544320100404103770,,,718.07173137,,,201027128704we,,0,05/04/2021
2010,12,7,5,1544320100404019,7,2,04,we,,,,0,0,201027128704we,1544320100404103770,,,718.07173137,,,201027128704we,,0,05/04/2021
2010,12,7,5,1544320100404020,7,2,04,we,,,,0,0,201027128704we,1544320100404103770,,,718.07173137,,,201027128704we,,0,05/04/2021
2010,12,7,5,1544320100404021,7,2,04,we,,,,0,0,201027128704we,1544320100404103770,,,718.07173137,,,201027128704we,,0,05/04/2021
2010,12,7,5,1544320100404022,7,2,04,we,,,,0,0,201027128704we,1544320100404103770,,,718.07173137,,,201027128704we,,0,05/04/2021
2010,12,7,5,1544320100404023,7,2,04,we,8835430301,288,0.74,1,1,201027128704we,1544320100404103770,SHEEPSHEAD,,718.07173137,11,28,201027128704we,,0,05/04/2021
2010,12,7,5,1544320100404023,7,2,04,we,8835430301,293,0.83,1,1,201027128704we,1544320100404103770,SHEEPSHEAD,,718.07173137,11,29,201027128704we,,0,05/04/2021
2010,12,7,5,1544320100404023,7,2,04,we,8835280901,320,0.73,1,1,201027128704we,1544320100404103770,FLORIDA POMPANO,,718.07173137,12,32,201027128704we,,0,05/04/2021
2010,12,7,5,1544320100404024,7,2,04,we,,,,0,0,201027128704we,1544320100404103770,,,718.07173137,,,201027128704we,,0,05/04/2021
2010,12,7,5,1544320100404025,7,2,04,we,,,,0,0,201027128704we,1544320100404103770,,,718.07173137,,,201027128704we,,0,05/04/2021
2010,12,7,5,1544320100404028,7,2,04,we,,,,0,0,201027128704we,1544320100404103770,,,718.07173137,,,201027128704we,,0,05/04/2021
2010,12,7,5,1544320100404029,7,2,04,we,,,,0,0,201027128704we,1544320100404103770,,,718.07173137,,,201027128704we,,0,05/04/2021
2010,12,7,4,1544320100404030,7,2,04,we,8835400102,259.99824908,0.36,1,0,201027128704we,1544320100404103770,WHITE GRUNT,,1112.4156296,10,25,201027128704we,,0,05/04/2021
2010,12,7,4,1544320100404030,7,2,04,we,8835280801,886.97121323,9.42,1,0,201027128704we,1544320100404103770,GREATER AMBERJACK,,1112.4156296,34,88,201027128704we,,0,05/04/2021
2010,12,7,4,1544320100404030,7,2,04,we,8835280801,830,8.88,1,1,201027128704we,1544320100404103770,GREATER AMBERJACK,,1112.4156296,32,83,201027128704we,,0,05/04/2021
2010,12,7,4,1544320100404030,7,2,04,we,8835280801,977.49632712,12.28,1,0,201027128704we,1544320100404103770,GREATER AMBERJACK,,1112.4156296,38,97,201027128704we,,0,05/04/2021
2010,12,7,4,1544320100404030,7,2,04,we,8835020501,584.80748521,2.7,1,0,201027128704we,1544320100404103770,GAG,,1112.4156296,23,58,201027128704we,,0,05/04/2021
2010,12,7,4,1544320100404031,7,2,04,we,,,,0,0,201027128704we,1544320100404103770,,,1112.4156296,,,201027128704we,,0,05/04/2021
2010,12,7,4,1544320100404032,7,2,04,we,,,,0,0,201027128704we,1544320100404103770,,,1112.4156296,,,201027128704we,,0,05/04/2021
2010,12,7,4,1544320100404033,7,2,04,we,,,,0,0,201027128704we,1544320100404103770,,,1112.4156296,,,201027128704we,,0,05/04/2021
2010,12,7,4,1544320100404034,7,2,04,we,,,,0,0,201027128704we,1544320100404103770,,,1112.4156296,,,201027128704we,,0,05/04/2021
2010,12,7,3,1544320100405002,7,2,04,wd,8850030502,326,0.29,1,1,201027128704wd,15443201004051151618,SPANISH MACKEREL,,15820.281507,12,32,201027128704wd,,0,05/04/2021
2010,12,7,3,1544320100405002,7,2,04,wd,8850030502,331,0.32,1,1,201027128704wd,15443201004051151618,SPANISH MACKEREL,,15820.281507,13,33,201027128704wd,,0,05/04/2021
2010,12,7,3,1544320100405002,7,2,04,wd,8850030502,336,0.31,1,1,201027128704wd,15443201004051151618,SPANISH MACKEREL,,15820.281507,13,33,201027128704wd,,0,05/04/2021
2010,12,7,3,1544320100405002,7,2,04,wd,8850030502,339,0.32,1,1,201027128704wd,15443201004051151618,SPANISH MACKEREL,,15820.281507,13,33,201027128704wd,,0,05/04/2021
2010,12,7,3,1544320100405002,7,2,04,wd,8850030502,358,0.38,1,1,201027128704wd,15443201004051151618,SPANISH MACKEREL,,15820.281507,14,35,201027128704wd,,0,05/04/2021
2010,12,7,3,1544320100405002,7,2,04,wd,8708020500,,,0,0,201027128704wd,15443201004051151618,REQUIEM SHARK GENUS,,5273.4271689,,,201027128704wd,,0,05/04/2021
2010,12,7,3,1544320100405003,7,2,04,wd,8835430201,140,0.0545391584,1,1,201027128704wd,15443201004051151618,PINFISH,,5273.4271689,5,14,201027128704wd,,0,05/04/2021
2010,12,7,3,1544320100405004,7,2,04,wd,,,,0,0,201027128704wd,15443201004051151618,,,5273.4271689,,,201027128704wd,,0,05/04/2021
2010,12,7,3,1544320100405005,7,2,04,wd,,,,0,0,201027128704wd,15443201004051151618,,,5273.4271689,,,201027128704wd,,0,05/04/2021
2010,12,7,3,1544320100405006,7,2,04,wd,,,,0,0,201027128704wd,15443201004051151618,,,6369.3006456,,,201027128704wd,,0,05/04/2021
2010,12,7,3,1544320100405007,7,2,04,wd,,,,0,0,201027128704wd,15443201004051151618,,,5273.4271689,,,201027128704wd,,0,05/04/2021
2010,12,7,3,1544320100405008,7,2,04,wd,,,,0,0,201027128704wd,15443201004051151618,,,5273.4271689,,,201027128704wd,,0,05/04/2021
2010,12,7,5,1544320100405009,7,2,04,wd,,,,0,0,201027128704wd,15443201004051151618,,,3422.4079704,,,201027128704wd,,0,05/04/2021
2010,12,7,5,1544320100406002,7,2,04,wd,8835440102,419,0.68,1,1,201027128704wd,1544320100406103892,SPOTTED SEATROUT,,2196.5386342,16,41,201027128704wd,,0,05/04/2021
2010,12,7,5,1544320100406002,7,2,04,wd,8835440102,390,0.52,1,1,201027128704wd,1544320100406103892,SPOTTED SEATROUT,,2196.5386342,15,39,201027128704wd,,0,05/04/2021
2010,12,7,5,1544320100406002,7,2,04,wd,8835440102,442,0.84,1,1,201027128704wd,1544320100406103892,SPOTTED SEATROUT,,2196.5386342,17,44,201027128704wd,,0,05/04/2021
2010,12,7,5,1544320100406003,7,2,04,wd,8835440102,398,0.56,1,1,201027128704wd,1544320100406103892,SPOTTED SEATROUT,,2196.5386342,15,39,201027128704wd,,0,05/04/2021
2010,12,7,5,1544320100406003,7,2,04,wd,8835440102,412,0.78,1,1,201027128704wd,1544320100406103892,SPOTTED SEATROUT,,2196.5386342,16,41,201027128704wd,,0,05/04/2021
2010,12,7,5,1544320100406005,7,2,04,wd,,,,0,0,201027128704wd,1544320100406103892,,,2196.5386342,,,201027128704wd,,0,05/04/2021
2010,12,7,5,1544320100406006,7,2,04,wd,,,,0,0,201027128704wd,1544320100406103892,,,2196.5386342,,,201027128704wd,,0,05/04/2021
2010,12,7,5,1544320100406007,7,2,04,wd,,,,0,0,201027128704wd,1544320100406103892,,,2653.002401,,,201027128704wd,,0,05/04/2021
2010,12,7,3,1544320100406009,7,2,04,wd,,,,0,0,201027128704wd,1544320100406103892,,,3384.5428749,,,201027128704wd,,0,05/04/2021
2010,12,7,4,1544320100406013,7,2,04,wd,,,,0,0,201027128704wd,1544320100406103892,,,3402.8131187,,,201027128704wd,,0,05/04/2021
2010,12,7,4,1544320100406014,7,2,04,wd,8835020501,566,2.46,1,1,201027128704wd,1544320100406103892,GAG,,3402.8131187,22,56,201027128704wd,,0,05/04/2021
2010,12,7,4,1544320100406016,7,2,04,wd,8835280801,1017,13.16,1,1,201027128704wd,1544320100406103892,GREATER AMBERJACK,,3402.8131187,40,101,201027128704wd,,0,05/04/2021
2010,12,7,4,1544320100406016,7,2,04,wd,8835280801,785,6.9475026076,1,1,201027128704wd,1544320100406103892,GREATER AMBERJACK,,3402.8131187,30,78,201027128704wd,,0,05/04/2021
2010,12,7,4,1544320100406016,7,2,04,wd,8835280801,828,8.22,1,1,201027128704wd,1544320100406103892,GREATER AMBERJACK,,3402.8131187,32,82,201027128704wd,,0,05/04/2021
2010,12,7,4,1544320100406016,7,2,04,wd,8835280801,932,12.72,1,1,201027128704wd,1544320100406103892,GREATER AMBERJACK,,3402.8131187,36,93,201027128704wd,,0,05/04/2021
2010,12,7,4,1544320100406016,7,2,04,wd,8835020501,603,2.83,1,1,201027128704wd,1544320100406103892,GAG,,3402.8131187,23,60,201027128704wd,,0,05/04/2021
2010,12,7,4,1544320100406016,7,2,04,wd,8835020501,684,4.99,1,1,201027128704wd,1544320100406103892,GAG,,3402.8131187,26,68,201027128704wd,,0,05/04/2021
2010,12,7,4,1544320100406016,7,2,04,wd,8835020408,534,2.6,1,1,201027128704wd,1544320100406103892,RED GROUPER,,3402.8131187,21,53,201027128704wd,,0,05/04/2021
2010,12,7,4,1544320100406017,7,2,04,wd,,,,0,0,201027128704wd,1544320100406103892,,,3402.8131187,,,201027128704wd,,0,05/04/2021
2010,12,7,4,1544320100406018,7,2,04,wd,8835400102,253,0.35,1,1,201027128704wd,1544320100406103892,WHITE GRUNT,,10208.439356,9,25,201027128704wd,,0,05/04/2021
2010,12,7,4,1544320100406018,7,2,04,wd,8835400102,253,0.35,1,1,201027128704wd,1544320100406103892,WHITE GRUNT,,10208.439356,9,25,201027128704wd,,0,05/04/2021
2010,12,7,4,1544320100406018,7,2,04,wd,8835400102,270,0.43,1,1,201027128704wd,1544320100406103892,WHITE GRUNT,,10208.439356,10,27,201027128704wd,,0,05/04/2021
2010,12,7,4,1544320100406018,7,2,04,wd,8835400102,270,0.43,1,1,201027128704wd,1544320100406103892,WHITE GRUNT,,10208.439356,10,27,201027128704wd,,0,05/04/2021
2010,12,7,4,1544320100406018,7,2,04,wd,8835400102,299,0.65,1,1,201027128704wd,1544320100406103892,WHITE GRUNT,,10208.439356,11,29,201027128704wd,,0,05/04/2021
2010,12,7,4,1544320100406019,7,2,04,wd,,,,0,0,201027128704wd,1544320100406103892,,,3402.8131187,,,201027128704wd,,0,05/04/2021
2010,12,7,5,1544320100406020,7,2,04,wd,8835430301,282,0.7,1,1,201027128704wd,1544320100406103892,SHEEPSHEAD,,2684.6583307,11,28,201027128704wd,,0,05/04/2021
2010,12,7,5,1544320100406020,7,2,04,wd,8835430301,321,0.72,0,0,201027128704wd,1544320100406103892,SHEEPSHEAD,,2684.6583307,12,32,201027128704wd,,0,05/04/2021
2010,12,7,5,1544320100406020,7,2,04,wd,8835430301,361,1.08,0,0,201027128704wd,1544320100406103892,SHEEPSHEAD,,2684.6583307,14,36,201027128704wd,,0,05/04/2021
2010,12,7,5,1544320100406020,7,2,04,wd,8835430301,361,1.08,1,1,201027128704wd,1544320100406103892,SHEEPSHEAD,,2684.6583307,14,36,201027128704wd,,0,05/04/2021
2010,12,7,5,1544320100406020,7,2,04,wd,8835430301,370,1.1,0,0,201027128704wd,1544320100406103892,SHEEPSHEAD,,2684.6583307,14,37,201027128704wd,,0,05/04/2021
2010,12,7,5,1544320100406020,7,2,04,wd,8835430301,381,1.28,0,0,201027128704wd,1544320100406103892,SHEEPSHEAD,,2684.6583307,14,38,201027128704wd,,0,05/04/2021
2010,12,7,5,1544320100406020,7,2,04,wd,8835430301,381,1.28,1,1,201027128704wd,1544320100406103892,SHEEPSHEAD,,2684.6583307,14,38,201027128704wd,,0,05/04/2021
2010,12,7,5,1544320100406020,7,2,04,wd,8835430301,298,0.71,1,1,201027128704wd,1544320100406103892,SHEEPSHEAD,,2684.6583307,11,29,201027128704wd,,0,05/04/2021
2010,12,7,5,1544320100406020,7,2,04,wd,8835430301,390,1.52,0,0,201027128704wd,1544320100406103892,SHEEPSHEAD,,2684.6583307,15,39,201027128704wd,,0,05/04/2021
2010,12,7,5,1544320100406021,7,2,04,wd,,,,0,0,201027128704wd,1544320100406103892,,,2196.5386342,,,201027128704wd,,0,05/04/2021
2010,12,7,5,1544320100411003,7,2,04,we,,,,0,0,201027128704we,1544320100411103744,,,1810.9447563,,,201027128704we,,0,05/04/2021
2010,12,7,5,1544320100411004,7,2,04,we,,,,0,0,201027128704we,1544320100411103744,,,1810.9447563,,,201027128704we,,0,05/04/2021
2010,12,7,5,1544320100411005,7,2,04,we,,,,0,0,201027128704we,1544320100411103744,,,1810.9447563,,,201027128704we,,0,05/04/2021
2010,12,7,3,1544320100411006,7,2,04,we,,,,0,0,201027128704we,1544320100411103744,,,2790.3994386,,,201027128704we,,0,05/04/2021
2010,12,7,3,1544320100411007,7,2,04,we,,,,0,0,201027128704we,1544320100411103744,,,2790.3994386,,,201027128704we,,0,05/04/2021
2010,12,7,3,1544320100411008,7,2,04,we,,,,0,0,201027128704we,1544320100411103744,,,2790.3994386,,,201027128704we,,0,05/04/2021
2010,12,7,5,1544320100411009,7,2,04,we,,,,0,0,201027128704we,1544320100411103744,,,1810.9447563,,,201027128704we,,0,05/04/2021
2010,12,7,5,1544320100411010,7,2,04,we,,,,0,0,201027128704we,1544320100411103744,,,1810.9447563,,,201027128704we,,0,05/04/2021
2010,12,7,5,1544320100411011,7,2,04,we,,,,0,0,201027128704we,1544320100411103744,,,1810.9447563,,,201027128704we,,0,05/04/2021
2010,12,7,3,1544320100411012,7,2,04,we,8835430201,138,0.0521455464,1,1,201027128704we,1544320100411103744,PINFISH,,4464.6391018,5,13,201027128704we,,0,05/04/2021
2010,12,7,3,1544320100411012,7,2,04,we,8835430201,138,0.0521455464,1,1,201027128704we,1544320100411103744,PINFISH,,4464.6391018,5,13,201027128704we,,0,05/04/2021
2010,12,7,3,1544320100411012,7,2,04,we,8835430201,138,0.0521455464,1,1,201027128704we,1544320100411103744,PINFISH,,4464.6391018,5,13,201027128704we,,0,05/04/2021
2010,12,7,3,1544320100411012,7,2,04,we,8835430201,138,0.0521455464,1,1,201027128704we,1544320100411103744,PINFISH,,4464.6391018,5,13,201027128704we,,0,05/04/2021
2010,12,7,3,1544320100411012,7,2,04,we,8835430201,138,0.0521455464,1,1,201027128704we,1544320100411103744,PINFISH,,4464.6391018,5,13,201027128704we,,0,05/04/2021
2010,12,7,5,1544320100422003,7,2,04,wd,,,,0,0,201027128704wd,154432010042257713,,,3979.1628306,,,201027128704wd,,0,05/04/2021
2010,12,7,5,1544320100422005,7,2,04,wd,8835430301,314,0.66,1,1,201027128704wd,154432010042257713,SHEEPSHEAD,,3979.1628306,12,31,201027128704wd,,0,05/04/2021
2010,12,7,5,1544320100422005,7,2,04,wd,8835430301,321,0.72,1,1,201027128704wd,154432010042257713,SHEEPSHEAD,,3979.1628306,12,32,201027128704wd,,0,05/04/2021
2010,12,7,5,1544320100422005,7,2,04,wd,8835360102,241,0.3,1,1,201027128704wd,154432010042257713,GRAY SNAPPER,,3979.1628306,9,24,201027128704wd,,0,05/04/2021
2010,12,7,5,1544320100422006,7,2,04,wd,,,,0,0,201027128704wd,154432010042257713,,,3979.1628306,,,201027128704wd,,0,05/04/2021
2010,12,7,5,1544320100422007,7,2,04,wd,,,,0,0,201027128704wd,154432010042257713,,,3979.1628306,,,201027128704wd,,0,05/04/2021
2010,12,7,5,1544320100422008,7,2,04,wd,,,,0,0,201027128704wd,154432010042257713,,,3979.1628306,,,201027128704wd,,0,05/04/2021
2010,12,7,5,1544320100422009,7,2,04,wd,,,,0,0,201027128704wd,154432010042257713,,,3979.1628306,,,201027128704wd,,0,05/04/2021
2010,12,7,5,1544320100422010,7,2,04,wd,,,,0,0,201027128704wd,154432010042257713,,,3979.1628306,,,201027128704wd,,0,05/04/2021
2010,12,7,5,1544320100422011,7,2,04,wd,8850030502,422.84877225,0.62,1,0,201027128704wd,154432010042257713,SPANISH MACKEREL,,3979.1628306,16,42,201027128704wd,,0,05/04/2021
2010,12,7,5,1544320100422011,7,2,04,wd,8835440102,373.50882397,0.5,1,0,201027128704wd,154432010042257713,SPOTTED SEATROUT,,3979.1628306,14,37,201027128704wd,,0,05/04/2021
2010,12,7,5,1544320100422012,7,2,04,wd,,,,0,0,201027128704wd,154432010042257713,,,3979.1628306,,,201027128704wd,,0,05/04/2021
2010,12,7,5,1544320100422013,7,2,04,wd,8835440102,400,0.58,1,1,201027128704wd,154432010042257713,SPOTTED SEATROUT,,3979.1628306,15,40,201027128704wd,,0,05/04/2021
2010,12,7,5,1544320100422013,7,2,04,wd,8835440102,401,0.52,1,1,201027128704wd,154432010042257713,SPOTTED SEATROUT,,3979.1628306,15,40,201027128704wd,,0,05/04/2021
2010,12,7,5,1544320100422013,7,2,04,wd,8835440102,441,0.98,1,1,201027128704wd,154432010042257713,SPOTTED SEATROUT,,3979.1628306,17,44,201027128704wd,,0,05/04/2021
2010,12,7,5,1544320100422013,7,2,04,wd,8835440102,442,0.8,1,1,201027128704wd,154432010042257713,SPOTTED SEATROUT,,3979.1628306,17,44,201027128704wd,,0,05/04/2021
2010,12,7,5,1544320100422013,7,2,04,wd,8747010804,104,0.0276864977,1,1,201027128704wd,154432010042257713,SCALED SARDINE,,57299.944761,4,10,201027128704wd,,0,05/04/2021
2010,12,7,5,1544320100422013,7,2,04,wd,8747010804,104,0.0276864977,1,1,201027128704wd,154432010042257713,SCALED SARDINE,,57299.944761,4,10,201027128704wd,,0,05/04/2021
2010,12,7,5,1544320100422013,7,2,04,wd,8747010804,104,0.0276864977,1,1,201027128704wd,154432010042257713,SCALED SARDINE,,57299.944761,4,10,201027128704wd,,0,05/04/2021
2010,12,7,5,1544320100422013,7,2,04,wd,8747010804,104,0.0276864977,1,1,201027128704wd,154432010042257713,SCALED SARDINE,,57299.944761,4,10,201027128704wd,,0,05/04/2021
2010,12,7,5,1544320100422013,7,2,04,wd,8747010804,104,0.0276864977,1,1,201027128704wd,154432010042257713,SCALED SARDINE,,57299.944761,4,10,201027128704wd,,0,05/04/2021
2010,12,7,5,1544320100422014,7,2,04,wd,,,,0,0,201027128704wd,154432010042257713,,,3979.1628306,,,201027128704wd,,0,05/04/2021
2010,12,7,5,1544320100422015,7,2,04,wd,,,,0,0,201027128704wd,154432010042257713,,,3979.1628306,,,201027128704wd,,0,05/04/2021
2010,12,7,5,1544320100422016,7,2,04,wd,,,,0,0,201027128704wd,154432010042257713,,,3979.1628306,,,201027128704wd,,0,05/04/2021
2010,12,7,5,1544320100422017,7,2,04,wd,8747010804,104,0.0276864977,1,1,201027128704wd,154432010042257713,SCALED SARDINE,,4774.9953967,4,10,201027128704wd,,0,05/04/2021
2010,12,7,5,1544320100422017,7,2,04,wd,8747010804,104,0.0276864977,1,1,201027128704wd,154432010042257713,SCALED SARDINE,,4774.9953967,4,10,201027128704wd,,0,05/04/2021
2010,12,7,5,1544320100422017,7,2,04,wd,8747010804,104,0.0276864977,1,1,201027128704wd,154432010042257713,SCALED SARDINE,,4774.9953967,4,10,201027128704wd,,0,05/04/2021
2010,12,7,5,1544320100422017,7,2,04,wd,8747010804,104,0.0276864977,1,1,201027128704wd,154432010042257713,SCALED SARDINE,,4774.9953967,4,10,201027128704wd,,0,05/04/2021
2010,12,7,5,1544320100422017,7,2,04,wd,8747010804,104,0.0276864977,1,1,201027128704wd,154432010042257713,SCALED SARDINE,,4774.9953967,4,10,201027128704wd,,0,05/04/2021
2010,12,7,5,1544320100422019,7,2,04,wd,,,,0,0,201027128704wd,154432010042257713,,,3979.1628306,,,201027128704wd,,0,05/04/2021
2010,12,7,5,1544320100423001,7,2,04,wd,8835430201,127,0.0402433298,1,1,201027128704wd,1544320100423115776,PINFISH,,2791.2473716,4,12,201027128704wd,,0,05/04/2021
2010,12,7,5,1544320100423001,7,2,04,wd,8835430201,127,0.0402433298,1,1,201027128704wd,1544320100423115776,PINFISH,,2791.2473716,4,12,201027128704wd,,0,05/04/2021
2010,12,7,5,1544320100423001,7,2,04,wd,8835430201,127,0.0402433298,1,1,201027128704wd,1544320100423115776,PINFISH,,2791.2473716,4,12,201027128704wd,,0,05/04/2021
2010,12,7,5,1544320100423001,7,2,04,wd,8803020201,570,0.3203449854,1,1,201027128704wd,1544320100423115776,ATLANTIC NEEDLEFISH,,1268.7488053,22,57,201027128704wd,,0,05/04/2021
2010,12,7,5,1544320100423001,7,2,04,wd,8835430201,127,0.0402433298,1,1,201027128704wd,1544320100423115776,PINFISH,,2791.2473716,4,12,201027128704wd,,0,05/04/2021
2010,12,7,5,1544320100423001,7,2,04,wd,8803020201,570,0.3203449854,1,1,201027128704wd,1544320100423115776,ATLANTIC NEEDLEFISH,,1268.7488053,22,57,201027128704wd,,0,05/04/2021
2010,12,7,5,1544320100423001,7,2,04,wd,8835430201,127,0.0402433298,1,1,201027128704wd,1544320100423115776,PINFISH,,2791.2473716,4,12,201027128704wd,,0,05/04/2021
2010,12,7,5,1544320100423001,7,2,04,wd,8803020201,570,0.3203449854,1,1,201027128704wd,1544320100423115776,ATLANTIC NEEDLEFISH,,1268.7488053,22,57,201027128704wd,,0,05/04/2021
2010,12,7,5,1544320100423001,7,2,04,wd,8803020201,570,0.3203449854,1,1,201027128704wd,1544320100423115776,ATLANTIC NEEDLEFISH,,1268.7488053,22,57,201027128704wd,,0,05/04/2021
2010,12,7,5,1544320100423001,7,2,04,wd,8803020201,570,0.3203449854,1,1,201027128704wd,1544320100423115776,ATLANTIC NEEDLEFISH,,1268.7488053,22,57,201027128704wd,,0,05/04/2021
2010,12,7,5,1544320100423012,7,2,04,wd,,,,0,0,201027128704wd,1544320100423115776,,,1268.7488053,,,201027128704wd,,0,05/04/2021
2010,12,7,5,1544320100423013,7,2,04,wd,,,,0,0,201027128704wd,1544320100423115776,,,1532.4081144,,,201027128704wd,,0,05/04/2021
2010,12,7,5,1544320100423014,7,2,04,wd,,,,0,0,201027128704wd,1544320100423115776,,,1268.7488053,,,201027128704wd,,0,05/04/2021
2010,12,7,3,1544320100423015,7,2,04,wd,,,,0,0,201027128704wd,1544320100423115776,,,1954.9552473,,,201027128704wd,,0,05/04/2021
2010,12,7,3,1544320100423016,7,2,04,wd,,,,0,0,201027128704wd,1544320100423115776,,,2361.2154525,,,201027128704wd,,0,05/04/2021
2010,12,7,3,1544320100423017,7,2,04,wd,,,,0,0,201027128704wd,1544320100423115776,,,2361.2154525,,,201027128704wd,,0,05/04/2021
2010,12,7,3,1544320100423018,7,2,04,wd,,,,0,0,201027128704wd,1544320100423115776,,,1954.9552473,,,201027128704wd,,0,05/04/2021
2010,12,7,3,1544320100423019,7,2,04,wd,,,,0,0,201027128704wd,1544320100423115776,,,1954.9552473,,,201027128704wd,,0,05/04/2021
2010,12,7,3,1544320100423022,7,2,04,wd,8850030502,299,0.22,1,1,201027128704wd,1544320100423115776,SPANISH MACKEREL,,3777.944724,11,29,201027128704wd,,0,05/04/2021
2010,12,7,3,1544320100423022,7,2,04,wd,8850030502,346,0.32,1,1,201027128704wd,1544320100423115776,SPANISH MACKEREL,,3777.944724,13,34,201027128704wd,,0,05/04/2021
2010,12,7,3,1544320100423022,7,2,04,wd,8850030502,372,0.46,1,1,201027128704wd,1544320100423115776,SPANISH MACKEREL,,3777.944724,14,37,201027128704wd,,0,05/04/2021
2010,12,7,3,1544320100423022,7,2,04,wd,8850030502,372,0.4,1,1,201027128704wd,1544320100423115776,SPANISH MACKEREL,,3777.944724,14,37,201027128704wd,,0,05/04/2021
2010,12,7,3,1544320100423022,7,2,04,wd,8850030502,406,0.5,1,1,201027128704wd,1544320100423115776,SPANISH MACKEREL,,3777.944724,15,40,201027128704wd,,0,05/04/2021
2010,12,7,3,1544320100423023,7,2,04,wd,8850030502,379,0.46,1,1,201027128704wd,1544320100423115776,SPANISH MACKEREL,,3777.944724,14,37,201027128704wd,,0,05/04/2021
2010,12,7,3,1544320100423023,7,2,04,wd,8850030502,394,0.52,1,1,201027128704wd,1544320100423115776,SPANISH MACKEREL,,3777.944724,15,39,201027128704wd,,0,05/04/2021
2010,12,7,3,1544320100423023,7,2,04,wd,8850030502,405,0.46,1,1,201027128704wd,1544320100423115776,SPANISH MACKEREL,,3777.944724,15,40,201027128704wd,,0,05/04/2021
2010,12,7,3,1544320100423023,7,2,04,wd,8850030502,490,1.06,1,1,201027128704wd,1544320100423115776,SPANISH MACKEREL,,3777.944724,19,49,201027128704wd,,0,05/04/2021
2010,12,7,3,1544320100423023,7,2,04,wd,8850030502,521,1.14,1,1,201027128704wd,1544320100423115776,SPANISH MACKEREL,,3777.944724,20,52,201027128704wd,,0,05/04/2021
2010,12,7,3,1544320100423024,7,2,04,wd,8850030502,370,0.56,1,1,201027128704wd,1544320100423115776,SPANISH MACKEREL,,1954.9552473,14,37,201027128704wd,,0,05/04/2021
2010,12,7,3,1544320100423024,7,2,04,wd,8850030502,449,0.74,1,1,201027128704wd,1544320100423115776,SPANISH MACKEREL,,1954.9552473,17,44,201027128704wd,,0,05/04/2021
2010,12,7,3,1544320100423024,7,2,04,wd,8835250101,414,1,1,1,201027128704wd,1544320100423115776,BLUEFISH,,1954.9552473,16,41,201027128704wd,,0,05/04/2021
2010,12,7,3,1544320100423024,7,2,04,wd,8850030502,408,0.52,1,1,201027128704wd,1544320100423115776,SPANISH MACKEREL,,1954.9552473,16,40,201027128704wd,,0,05/04/2021
2010,12,7,5,1544320100423027,7,2,04,wd,8835440901,570,2.18,0,0,201027128704wd,1544320100423115776,RED DRUM,,1532.4081144,22,57,201027128704wd,,0,05/04/2021
2010,12,7,5,1544320100423027,7,2,04,wd,8835440102,478,0.82,0,0,201027128704wd,1544320100423115776,SPOTTED SEATROUT,,1532.4081144,18,47,201027128704wd,,0,05/04/2021
2010,12,7,5,1544320100423028,7,2,04,wd,8835440901,460,1.16,0,0,201027128704wd,1544320100423115776,RED DRUM,,1268.7488053,18,46,201027128704wd,,0,05/04/2021
2010,12,7,3,1544320100423029,7,2,04,wd,8850030502,341,0.52,1,1,201027128704wd,1544320100423115776,SPANISH MACKEREL,,4300.9015442,13,34,201027128704wd,,0,05/04/2021
2010,12,7,3,1544320100423029,7,2,04,wd,8850030502,381,0.39,1,1,201027128704wd,1544320100423115776,SPANISH MACKEREL,,4300.9015442,14,38,201027128704wd,,0,05/04/2021
2010,12,7,3,1544320100423029,7,2,04,wd,8850030502,398,0.56,1,1,201027128704wd,1544320100423115776,SPANISH MACKEREL,,4300.9015442,15,39,201027128704wd,,0,05/04/2021
2010,12,7,3,1544320100423029,7,2,04,wd,8850030502,399,0.54,1,1,201027128704wd,1544320100423115776,SPANISH MACKEREL,,4300.9015442,15,39,201027128704wd,,0,05/04/2021
2010,12,7,3,1544320100423029,7,2,04,wd,8835250101,436,1.25,1,1,201027128704wd,1544320100423115776,BLUEFISH,,1954.9552473,17,43,201027128704wd,,0,05/04/2021
2010,12,7,3,1544320100423029,7,2,04,wd,8850030502,527,1.21,1,1,201027128704wd,1544320100423115776,SPANISH MACKEREL,,4300.9015442,20,52,201027128704wd,,0,05/04/2021
2010,12,7,3,1544320100423030,7,2,04,wd,,,,0,0,201027128704wd,1544320100423115776,,,1954.9552473,,,201027128704wd,,0,05/04/2021
2010,12,7,3,1544320100423031,7,2,04,wd,,,,0,0,201027128704wd,1544320100423115776,,,1954.9552473,,,201027128704wd,,0,05/04/2021
2010,12,7,5,1544320100423032,7,2,04,wd,,,,0,0,201027128704wd,1544320100423115776,,,1268.7488053,,,201027128704wd,,0,05/04/2021
2010,12,7,5,1544320100423034,7,2,04,wd,8836010100,,,0,0,201027128704wd,1544320100423115776,MULLET GENUS,,1268.7488053,,,201027128704wd,,0,05/04/2021
2010,12,7,5,1544320100423034,7,2,04,wd,8835430201,127,0.0402433298,1,1,201027128704wd,1544320100423115776,PINFISH,,1268.7488053,4,12,201027128704wd,,0,05/04/2021
2010,12,7,5,1544320100423034,7,2,04,wd,8835430201,127,0.0402433298,1,1,201027128704wd,1544320100423115776,PINFISH,,1268.7488053,4,12,201027128704wd,,0,05/04/2021
2010,12,7,3,1544320100423035,7,2,04,wd,8747010804,126,0.05,1,1,201027128704wd,1544320100423115776,SCALED SARDINE,,9383.7851873,4,12,201027128704wd,,0,05/04/2021
2010,12,7,3,1544320100423035,7,2,04,wd,8747010804,126,0.05,1,1,201027128704wd,1544320100423115776,SCALED SARDINE,,9383.7851873,4,12,201027128704wd,,0,05/04/2021
2010,12,7,3,1544320100423035,7,2,04,wd,8747010804,126,0.05,1,1,201027128704wd,1544320100423115776,SCALED SARDINE,,9383.7851873,4,12,201027128704wd,,0,05/04/2021
2010,12,7,3,1544320100423035,7,2,04,wd,8747010804,126,0.05,1,1,201027128704wd,1544320100423115776,SCALED SARDINE,,9383.7851873,4,12,201027128704wd,,0,05/04/2021
2010,12,7,3,1544320100423035,7,2,04,wd,8747010804,126,0.05,1,1,201027128704wd,1544320100423115776,SCALED SARDINE,,9383.7851873,4,12,201027128704wd,,0,05/04/2021
2010,12,7,3,1544320100423035,7,2,04,wd,8747010701,90,0.0126585011,1,1,201027128704wd,1544320100423115776,ATLANTIC THREAD HERRING,,3127.9283958,3,9,201027128704wd,,0,05/04/2021
2010,12,7,3,1544320100423035,7,2,04,wd,8747010701,90,0.0126585011,1,1,201027128704wd,1544320100423115776,ATLANTIC THREAD HERRING,,3127.9283958,3,9,201027128704wd,,0,05/04/2021
2010,12,7,3,1544320100423035,7,2,04,wd,8747010701,150,0.05,1,1,201027128704wd,1544320100423115776,ATLANTIC THREAD HERRING,,3127.9283958,5,15,201027128704wd,,0,05/04/2021
2010,12,7,3,1544320100423035,7,2,04,wd,8747010701,85,0.0105893021,1,1,201027128704wd,1544320100423115776,ATLANTIC THREAD HERRING,,3127.9283958,3,8,201027128704wd,,0,05/04/2021
2010,12,7,3,1544320100423035,7,2,04,wd,8747010701,165,0.1,1,1,201027128704wd,1544320100423115776,ATLANTIC THREAD HERRING,,3127.9283958,6,16,201027128704wd,,0,05/04/2021
2010,12,7,3,1544320100423037,7,2,04,wd,,,,0,0,201027128704wd,1544320100423115776,,,1954.9552473,,,201027128704wd,,0,05/04/2021
2010,12,7,5,1544320100424001,7,2,04,we,,,,0,0,201027128704we,15443201004241031319,,,2617.721554,,,201027128704we,,0,05/04/2021
2010,12,7,5,1544320100424002,7,2,04,we,,,,0,0,201027128704we,15443201004241031319,,,2617.721554,,,201027128704we,,0,05/04/2021
2010,12,7,5,1544320100424003,7,2,04,we,,,,0,0,201027128704we,15443201004241031319,,,2617.721554,,,201027128704we,,0,05/04/2021
2010,12,7,5,1544320100424004,7,2,04,we,,,,0,0,201027128704we,15443201004241031319,,,2617.721554,,,201027128704we,,0,05/04/2021
2010,12,7,5,1544320100424009,7,2,04,we,8835440102,452,1.1,1,1,201027128704we,15443201004241031319,SPOTTED SEATROUT,,3161.7115492,17,45,201027128704we,,0,05/04/2021
2010,12,7,5,1544320100424010,7,2,04,we,8835440102,387,0.56,1,1,201027128704we,15443201004241031319,SPOTTED SEATROUT,,2617.721554,15,38,201027128704we,,0,05/04/2021
2010,12,7,5,1544320100425001,7,2,04,we,,,,0,0,201027128704we,1544320100425101899,,,416.68180946,,,201027128704we,,0,05/04/2021
2010,12,7,5,1544320100425002,7,2,04,we,,,,0,0,201027128704we,1544320100425101899,,,416.68180946,,,201027128704we,,0,05/04/2021
2010,12,7,5,1544320100425004,7,2,04,we,,,,0,0,201027128704we,1544320100425101899,,,416.68180946,,,201027128704we,,0,05/04/2021
2010,12,7,5,1544320100425005,7,2,04,we,,,,0,0,201027128704we,1544320100425101899,,,416.68180946,,,201027128704we,,0,05/04/2021
2010,12,7,5,1544320100425006,7,2,04,we,8835430201,127,0.0402433298,1,1,201027128704we,1544320100425101899,PINFISH,,500.01817135,4,12,201027128704we,,0,05/04/2021
2010,12,7,5,1544320100425006,7,2,04,we,8835430201,127,0.0402433298,1,1,201027128704we,1544320100425101899,PINFISH,,500.01817135,4,12,201027128704we,,0,05/04/2021
2010,12,7,5,1544320100425006,7,2,04,we,8835430201,127,0.0402433298,1,1,201027128704we,1544320100425101899,PINFISH,,500.01817135,4,12,201027128704we,,0,05/04/2021
2010,12,7,5,1544320100425006,7,2,04,we,8835430201,127,0.0402433298,1,1,201027128704we,1544320100425101899,PINFISH,,500.01817135,4,12,201027128704we,,0,05/04/2021
2010,12,7,5,1544320100425006,7,2,04,we,8835430201,127,0.0402433298,1,1,201027128704we,1544320100425101899,PINFISH,,500.01817135,4,12,201027128704we,,0,05/04/2021
2010,12,7,5,1544320100425008,7,2,04,we,8835430201,127,0.0402433298,1,1,201027128704we,1544320100425101899,PINFISH,,416.68180946,4,12,201027128704we,,0,05/04/2021
2010,12,7,5,1544320100425009,7,2,04,we,,,,0,0,201027128704we,1544320100425101899,,,416.68180946,,,201027128704we,,0,05/04/2021
2010,12,7,5,1544320100425010,7,2,04,we,8835440102,361,0.46,1,1,201027128704we,1544320100425101899,SPOTTED SEATROUT,,416.68180946,14,36,201027128704we,,0,05/04/2021
2010,12,7,5,1544320100425011,7,2,04,we,,,,0,0,201027128704we,1544320100425101899,,,416.68180946,,,201027128704we,,0,05/04/2021
2010,12,7,5,1544320100425012,7,2,04,we,,,,0,0,201027128704we,1544320100425101899,,,416.68180946,,,201027128704we,,0,05/04/2021
2010,12,7,4,1544320100425013,7,2,04,we,8835430201,138,0.0521455464,1,1,201027128704we,1544320100425101899,PINFISH,,1807.4314084,5,13,201027128704we,,0,05/04/2021
2010,12,7,4,1544320100425013,7,2,04,we,8835430201,138,0.0521455464,1,1,201027128704we,1544320100425101899,PINFISH,,1807.4314084,5,13,201027128704we,,0,05/04/2021
2010,12,7,4,1544320100425013,7,2,04,we,8835430201,138,0.0521455464,1,1,201027128704we,1544320100425101899,PINFISH,,1807.4314084,5,13,201027128704we,,0,05/04/2021
2010,12,7,4,1544320100425013,7,2,04,we,8835430201,138,0.0521455464,1,1,201027128704we,1544320100425101899,PINFISH,,1807.4314084,5,13,201027128704we,,0,05/04/2021
2010,12,7,4,1544320100425013,7,2,04,we,8835430201,138,0.0521455464,1,1,201027128704we,1544320100425101899,PINFISH,,1807.4314084,5,13,201027128704we,,0,05/04/2021
2010,12,7,5,1544320100425019,7,2,04,we,8747010000,,,0,0,201027128704we,1544320100425101899,HERRING FAMILY,,15000.54514,,,201027128704we,,0,05/04/2021
2010,12,7,5,1544420100310004,7,2,03,wd,,,,0,0,201027128703wd,15444201003101151618,,,2796.2312934,,,201027128703wd,,0,05/04/2021
2010,12,7,5,1544420100310005,7,2,03,wd,,,,0,0,201027128703wd,15444201003101151618,,,3377.3174848,,,201027128703wd,,0,05/04/2021
2010,12,7,5,1544420100310010,7,2,03,wd,,,,0,0,201027128703wd,15444201003101151618,,,2796.2312934,,,201027128703wd,,0,05/04/2021
2010,12,7,5,1544420100317001,7,2,03,wd,,,,0,0,201027128703wd,154442010031757504,,,2190.0462115,,,201027128703wd,,0,05/04/2021
2010,12,7,5,1544420100317002,7,2,03,wd,,,,0,0,201027128703wd,154442010031757504,,,2190.0462115,,,201027128703wd,,0,05/04/2021
2010,12,7,5,1544420100317003,7,2,03,wd,,,,0,0,201027128703wd,154442010031757504,,,2190.0462115,,,201027128703wd,,0,05/04/2021
2010,12,7,5,1544420100317006,7,2,03,wd,,,,0,0,201027128703wd,154442010031757504,,,2190.0462115,,,201027128703wd,,0,05/04/2021
2010,12,7,5,1544420100317008,7,2,03,wd,,,,0,0,201027128703wd,154442010031757504,,,2190.0462115,,,201027128703wd,,0,05/04/2021
2010,12,7,3,1544420100403001,7,2,04,we,,,,0,0,201027128704we,1544420100403103770,,,1782.1250367,,,201027128704we,,0,05/04/2021
2010,12,7,3,1544420100403002,7,2,04,we,,,,0,0,201027128704we,1544420100403103770,,,1782.1250367,,,201027128704we,,0,05/04/2021
2010,12,7,5,1544420100403007,7,2,04,we,8835440102,389,0.57,1,1,201027128704we,1544420100403103770,SPOTTED SEATROUT,,1156.5835147,15,38,201027128704we,,0,05/04/2021
2010,12,7,5,1544420100403007,7,2,04,we,8835440102,478,1.01,1,1,201027128704we,1544420100403103770,SPOTTED SEATROUT,,1156.5835147,18,47,201027128704we,,0,05/04/2021
2010,12,7,5,1544420100403008,7,2,04,we,8835440102,499,0.99,1,1,201027128704we,1544420100403103770,SPOTTED SEATROUT,,1156.5835147,19,49,201027128704we,,0,05/04/2021
2010,12,7,5,1544420100403009,7,2,04,we,8835440901,471,1.34,0,0,201027128704we,1544420100403103770,RED DRUM,,1156.5835147,18,47,201027128704we,,0,05/04/2021
2010,12,7,5,1544420100403010,7,2,04,we,8836010101,420,1.0456153214,0,1,201027128704we,1544420100403103770,STRIPED MULLET,,1156.5835147,16,42,201027128704we,,0,05/04/2021
2010,12,7,5,1544420100403010,7,2,04,we,8836010101,445,1.2389184365,0,1,201027128704we,1544420100403103770,STRIPED MULLET,,1156.5835147,17,44,201027128704we,,0,05/04/2021
2010,12,7,3,1544420100403011,7,2,04,we,8850030502,373,0.38,0,0,201027128704we,1544420100403103770,SPANISH MACKEREL,,1782.1250367,14,37,201027128704we,,0,05/04/2021
2010,12,7,3,1544420100403011,7,2,04,we,8850030502,394,0.5,0,0,201027128704we,1544420100403103770,SPANISH MACKEREL,,1782.1250367,15,39,201027128704we,,0,05/04/2021
2010,12,7,3,1544420100403011,7,2,04,we,8850030502,404,0.48,0,0,201027128704we,1544420100403103770,SPANISH MACKEREL,,1782.1250367,15,40,201027128704we,,0,05/04/2021
2010,12,7,3,1544420100403011,7,2,04,we,8850030502,405,0.46,0,0,201027128704we,1544420100403103770,SPANISH MACKEREL,,1782.1250367,15,40,201027128704we,,0,05/04/2021
2010,12,7,3,1544420100403011,7,2,04,we,8850030502,406,0.5,0,0,201027128704we,1544420100403103770,SPANISH MACKEREL,,1782.1250367,15,40,201027128704we,,0,05/04/2021
2010,12,7,3,1544420100403015,7,2,04,we,8860020201,346,0.99,1,1,201027128704we,1544420100403103770,GRAY TRIGGERFISH,,1782.1250367,13,34,201027128704we,,0,05/04/2021
2010,12,7,3,1544420100403016,7,2,04,we,,,,0,0,201027128704we,1544420100403103770,,,1782.1250367,,,201027128704we,,0,05/04/2021
2010,12,7,3,1544420100403017,7,2,04,we,,,,0,0,201027128704we,1544420100403103770,,,1782.1250367,,,201027128704we,,0,05/04/2021
2010,12,7,3,1544420100403018,7,2,04,we,,,,0,0,201027128704we,1544420100403103770,,,1782.1250367,,,201027128704we,,0,05/04/2021
2010,12,7,3,1544420100403019,7,2,04,we,,,,0,0,201027128704we,1544420100403103770,,,1782.1250367,,,201027128704we,,0,05/04/2021
2010,12,7,5,1544420100403020,7,2,04,we,,,,0,0,201027128704we,1544420100403103770,,,1156.5835147,,,201027128704we,,0,05/04/2021
2010,12,7,5,1544420100403021,7,2,04,we,,,,0,0,201027128704we,1544420100403103770,,,1156.5835147,,,201027128704we,,0,05/04/2021
2010,12,7,5,1544420100403022,7,2,04,we,8835400102,281,0.48,1,1,201027128704we,1544420100403103770,WHITE GRUNT,,3469.7505442,11,28,201027128704we,,0,05/04/2021
2010,12,7,5,1544420100403022,7,2,04,we,8835400102,289,0.48,1,1,201027128704we,1544420100403103770,WHITE GRUNT,,3469.7505442,11,28,201027128704we,,0,05/04/2021
2010,12,7,5,1544420100403022,7,2,04,we,8835400102,293,0.48,1,1,201027128704we,1544420100403103770,WHITE GRUNT,,3469.7505442,11,29,201027128704we,,0,05/04/2021
2010,12,7,5,1544420100403022,7,2,04,we,8835400102,289,0.48,1,1,201027128704we,1544420100403103770,WHITE GRUNT,,3469.7505442,11,28,201027128704we,,0,05/04/2021
2010,12,7,5,1544420100403022,7,2,04,we,8835400102,293,0.48,1,1,201027128704we,1544420100403103770,WHITE GRUNT,,3469.7505442,11,29,201027128704we,,0,05/04/2021
2010,12,7,5,1544420100403023,7,2,04,we,,,,0,0,201027128704we,1544420100403103770,,,1156.5835147,,,201027128704we,,0,05/04/2021
2010,12,7,5,1544420100403024,7,2,04,we,8850030502,367,0.41,1,1,201027128704we,1544420100403103770,SPANISH MACKEREL,,2775.8004353,14,36,201027128704we,,0,05/04/2021
2010,12,7,5,1544420100403024,7,2,04,we,8850030502,406,0.61,1,1,201027128704we,1544420100403103770,SPANISH MACKEREL,,2775.8004353,15,40,201027128704we,,0,05/04/2021
2010,12,7,5,1544420100403024,7,2,04,we,8850030502,425,0.69,1,1,201027128704we,1544420100403103770,SPANISH MACKEREL,,2775.8004353,16,42,201027128704we,,0,05/04/2021
2010,12,7,5,1544420100403024,7,2,04,we,8850030502,503,0.82,1,1,201027128704we,1544420100403103770,SPANISH MACKEREL,,2775.8004353,19,50,201027128704we,,0,05/04/2021
2010,12,7,5,1544420100403024,7,2,04,we,8850030502,518,1.09,1,1,201027128704we,1544420100403103770,SPANISH MACKEREL,,2775.8004353,20,51,201027128704we,,0,05/04/2021
2010,12,7,5,1544420100403025,7,2,04,we,,,,0,0,201027128704we,1544420100403103770,,,1156.5835147,,,201027128704we,,0,05/04/2021
2010,12,7,5,1544420100403026,7,2,04,we,,,,0,0,201027128704we,1544420100403103770,,,1156.5835147,,,201027128704we,,0,05/04/2021
2010,12,7,5,1544420100403027,7,2,04,we,,,,0,0,201027128704we,1544420100403103770,,,1156.5835147,,,201027128704we,,0,05/04/2021
2010,12,7,5,1544420100403028,7,2,04,we,8835430301,291,0.54,1,1,201027128704we,1544420100403103770,SHEEPSHEAD,,1156.5835147,11,29,201027128704we,,0,05/04/2021
2010,12,7,5,1544420100403028,7,2,04,we,8835430301,299,0.48,1,1,201027128704we,1544420100403103770,SHEEPSHEAD,,1156.5835147,11,29,201027128704we,,0,05/04/2021
2010,12,7,5,1544420100403028,7,2,04,we,8835430301,314,0.64,1,1,201027128704we,1544420100403103770,SHEEPSHEAD,,1156.5835147,12,31,201027128704we,,0,05/04/2021
2010,12,7,5,1544420100403028,7,2,04,we,8835430301,351,0.98,1,1,201027128704we,1544420100403103770,SHEEPSHEAD,,1156.5835147,13,35,201027128704we,,0,05/04/2021
2010,12,7,5,1544420100403029,7,2,04,we,,,,0,0,201027128704we,1544420100403103770,,,1156.5835147,,,201027128704we,,0,05/04/2021
2010,12,7,5,1544420100403030,7,2,04,we,,,,0,0,201027128704we,1544420100403103770,,,1156.5835147,,,201027128704we,,0,05/04/2021
2010,12,7,5,1544420100410001,7,2,04,we,,,,0,0,201027128704we,1544420100410103888,,,728.78377311,,,201027128704we,,0,05/04/2021
2010,12,7,5,1544420100410003,7,2,04,we,,,,0,0,201027128704we,1544420100410103888,,,728.78377311,,,201027128704we,,0,05/04/2021
2010,12,7,5,1544420100410004,7,2,04,we,,,,0,0,201027128704we,1544420100410103888,,,728.78377311,,,201027128704we,,0,05/04/2021
2010,12,7,5,1544420100410005,7,2,04,we,,,,0,0,201027128704we,1544420100410103888,,,728.78377311,,,201027128704we,,0,05/04/2021
2010,12,7,5,1544420100410006,7,2,04,we,,,,0,0,201027128704we,1544420100410103888,,,728.78377311,,,201027128704we,,0,05/04/2021
2010,12,7,5,1544420100410008,7,2,04,we,,,,0,0,201027128704we,1544420100410103888,,,728.78377311,,,201027128704we,,0,05/04/2021
2010,12,7,5,1544420100410009,7,2,04,we,,,,0,0,201027128704we,1544420100410103888,,,728.78377311,,,201027128704we,,0,05/04/2021
2010,12,7,5,1544420100410012,7,2,04,we,,,,0,0,201027128704we,1544420100410103888,,,728.78377311,,,201027128704we,,0,05/04/2021
2010,12,7,5,1544420100410013,7,2,04,we,,,,0,0,201027128704we,1544420100410103888,,,728.78377311,,,201027128704we,,0,05/04/2021
2010,12,7,5,1544420100410014,7,2,04,we,,,,0,0,201027128704we,1544420100410103888,,,728.78377311,,,201027128704we,,0,05/04/2021
2010,12,7,5,1544420100410015,7,2,04,we,,,,0,0,201027128704we,1544420100410103888,,,728.78377311,,,201027128704we,,0,05/04/2021
2010,12,7,5,1544420100410016,7,2,04,we,,,,0,0,201027128704we,1544420100410103888,,,728.78377311,,,201027128704we,,0,05/04/2021
2010,12,7,5,1544420100410017,7,2,04,we,8857030302,382,0.64,0,0,201027128704we,1544420100410103888,GULF FLOUNDER,,728.78377311,15,38,201027128704we,,0,05/04/2021
2010,12,7,5,1544420100410017,7,2,04,we,8835360102,241,0.3,0,0,201027128704we,1544420100410103888,GRAY SNAPPER,,728.78377311,9,24,201027128704we,,0,05/04/2021
2010,12,7,5,1544420100410018,7,2,04,we,,,,0,0,201027128704we,1544420100410103888,,,728.78377311,,,201027128704we,,0,05/04/2021
2010,12,7,5,1544420100410019,7,2,04,we,,,,0,0,201027128704we,1544420100410103888,,,728.78377311,,,201027128704we,,0,05/04/2021
2010,12,7,5,1544420100410020,7,2,04,we,,,,0,0,201027128704we,1544420100410103888,,,728.78377311,,,201027128704we,,0,05/04/2021
2010,12,7,5,1544420100410022,7,2,04,we,8835440102,471,0.92,1,1,201027128704we,1544420100410103888,SPOTTED SEATROUT,,728.78377311,18,47,201027128704we,,0,05/04/2021
2010,12,7,5,1544420100410023,7,2,04,we,8835440102,406,0.6,1,1,201027128704we,1544420100410103888,SPOTTED SEATROUT,,728.78377311,15,40,201027128704we,,0,05/04/2021
2010,12,7,5,1544420100410023,7,2,04,we,8835440102,424,0.72,1,1,201027128704we,1544420100410103888,SPOTTED SEATROUT,,728.78377311,16,42,201027128704we,,0,05/04/2021
2010,12,7,5,1544420100410023,7,2,04,we,8835440102,449,0.81,1,1,201027128704we,1544420100410103888,SPOTTED SEATROUT,,728.78377311,17,44,201027128704we,,0,05/04/2021
2010,12,7,5,1544420100410023,7,2,04,we,8835440102,454,0.91,1,1,201027128704we,1544420100410103888,SPOTTED SEATROUT,,728.78377311,17,45,201027128704we,,0,05/04/2021
2010,12,7,5,1544420100410025,7,2,04,we,,,,0,0,201027128704we,1544420100410103888,,,728.78377311,,,201027128704we,,0,05/04/2021
2010,12,7,5,1544420100410026,7,2,04,we,,,,0,0,201027128704we,1544420100410103888,,,728.78377311,,,201027128704we,,0,05/04/2021
2010,12,7,5,1544420100417001,7,2,04,we,,,,0,0,201027128704we,154442010041757526,,,819.4120735,,,201027128704we,,0,05/04/2021
2010,12,7,5,1544420100417002,7,2,04,we,,,,0,0,201027128704we,154442010041757526,,,819.4120735,,,201027128704we,,0,05/04/2021
2010,12,7,5,1544420100417003,7,2,04,we,,,,0,0,201027128704we,154442010041757526,,,819.4120735,,,201027128704we,,0,05/04/2021
2010,12,7,5,1544420100417004,7,2,04,we,,,,0,0,201027128704we,154442010041757526,,,819.4120735,,,201027128704we,,0,05/04/2021
2010,12,7,5,1544420100417005,7,2,04,we,8835440102,372,0.54,1,1,201027128704we,154442010041757526,SPOTTED SEATROUT,,819.4120735,14,37,201027128704we,,0,05/04/2021
2010,12,7,5,1544420100417005,7,2,04,we,8835440102,380,0.51,1,1,201027128704we,154442010041757526,SPOTTED SEATROUT,,819.4120735,14,38,201027128704we,,0,05/04/2021
2010,12,7,5,1544420100417005,7,2,04,we,8835440102,390,0.52,0,0,201027128704we,154442010041757526,SPOTTED SEATROUT,,819.4120735,15,39,201027128704we,,0,05/04/2021
2010,12,7,5,1544420100417005,7,2,04,we,8835440102,401,0.5,0,0,201027128704we,154442010041757526,SPOTTED SEATROUT,,819.4120735,15,40,201027128704we,,0,05/04/2021
2010,12,7,5,1544420100417005,7,2,04,we,8835440102,404,0.62,1,1,201027128704we,154442010041757526,SPOTTED SEATROUT,,819.4120735,15,40,201027128704we,,0,05/04/2021
2010,12,7,5,1544420100417005,7,2,04,we,8835440102,526,1.21,1,1,201027128704we,154442010041757526,SPOTTED SEATROUT,,819.4120735,20,52,201027128704we,,0,05/04/2021
2010,12,7,5,1544420100417005,7,2,04,we,8835440102,595,2.06,0,0,201027128704we,154442010041757526,SPOTTED SEATROUT,,819.4120735,23,59,201027128704we,,0,05/04/2021
2010,12,7,5,1544420100417006,7,2,04,we,,,,0,0,201027128704we,154442010041757526,,,819.4120735,,,201027128704we,,0,05/04/2021
2010,12,7,5,1544420100417007,7,2,04,we,,,,0,0,201027128704we,154442010041757526,,,819.4120735,,,201027128704we,,0,05/04/2021
2010,12,7,5,1544420100417011,7,2,04,we,8835440901,610,2.68,0,0,201027128704we,154442010041757526,RED DRUM,,819.4120735,24,61,201027128704we,,0,05/04/2021
2010,12,7,5,1544420100417013,7,2,04,we,8835440901,477,1.3,0,0,201027128704we,154442010041757526,RED DRUM,,819.4120735,18,47,201027128704we,,0,05/04/2021
2010,12,7,5,1544420100417015,7,2,04,we,8857030302,338,0.4,0,0,201027128704we,154442010041757526,GULF FLOUNDER,,819.4120735,13,33,201027128704we,,0,05/04/2021
2010,12,7,5,1544420100417015,7,2,04,we,8835440102,379,0.44,1,1,201027128704we,154442010041757526,SPOTTED SEATROUT,,819.4120735,14,37,201027128704we,,0,05/04/2021
2010,12,7,5,1544420100417015,7,2,04,we,8835440102,380,0.48,1,1,201027128704we,154442010041757526,SPOTTED SEATROUT,,819.4120735,14,38,201027128704we,,0,05/04/2021
2010,12,7,5,1544420100417015,7,2,04,we,8835440102,398,0.56,0,0,201027128704we,154442010041757526,SPOTTED SEATROUT,,819.4120735,15,39,201027128704we,,0,05/04/2021
2010,12,7,5,1544420100417015,7,2,04,we,8835440102,414,0.66,0,0,201027128704we,154442010041757526,SPOTTED SEATROUT,,819.4120735,16,41,201027128704we,,0,05/04/2021
2010,12,7,5,1544420100417015,7,2,04,we,8835440102,419,0.68,0,0,201027128704we,154442010041757526,SPOTTED SEATROUT,,819.4120735,16,41,201027128704we,,0,05/04/2021
2010,12,7,5,1544420100417015,7,2,04,we,8835440102,420,0.78,0,0,201027128704we,154442010041757526,SPOTTED SEATROUT,,819.4120735,16,42,201027128704we,,0,05/04/2021
2010,12,7,5,1544420100417015,7,2,04,we,8835440102,442,0.84,0,0,201027128704we,154442010041757526,SPOTTED SEATROUT,,819.4120735,17,44,201027128704we,,0,05/04/2021
2010,12,7,5,1544420100417016,7,2,04,we,,,,0,0,201027128704we,154442010041757526,,,819.4120735,,,201027128704we,,0,05/04/2021
2010,12,7,5,1544420100417017,7,2,04,we,,,,0,0,201027128704we,154442010041757526,,,819.4120735,,,201027128704we,,0,05/04/2021
2010,12,7,5,1544420100417018,7,2,04,we,8835440901,632,2.96,0,0,201027128704we,154442010041757526,RED DRUM,,819.4120735,24,63,201027128704we,,0,05/04/2021
2010,12,7,5,1544420100417018,7,2,04,we,8835440102,412,0.78,0,0,201027128704we,154442010041757526,SPOTTED SEATROUT,,819.4120735,16,41,201027128704we,,0,05/04/2021
2010,12,7,5,1544420100417019,7,2,04,we,8857030302,343,0.46,0,0,201027128704we,154442010041757526,GULF FLOUNDER,,819.4120735,13,34,201027128704we,,0,05/04/2021
2010,12,7,5,1544420100417019,7,2,04,we,8857030302,355,0.52,0,0,201027128704we,154442010041757526,GULF FLOUNDER,,819.4120735,13,35,201027128704we,,0,05/04/2021
2010,12,7,5,1544420100417019,7,2,04,we,8835440901,598,2.58,0,0,201027128704we,154442010041757526,RED DRUM,,819.4120735,23,59,201027128704we,,0,05/04/2021
2010,12,7,5,1544420100417019,7,2,04,we,8835440901,605,2.24,0,0,201027128704we,154442010041757526,RED DRUM,,819.4120735,23,60,201027128704we,,0,05/04/2021
2010,12,7,5,1544420100417019,7,2,04,we,8835440102,424,0.7,1,1,201027128704we,154442010041757526,SPOTTED SEATROUT,,819.4120735,16,42,201027128704we,,0,05/04/2021
2010,12,7,5,1544420100417019,7,2,04,we,8835440102,442,0.8,0,0,201027128704we,154442010041757526,SPOTTED SEATROUT,,819.4120735,17,44,201027128704we,,0,05/04/2021
2010,12,7,5,1544420100417020,7,2,04,we,,,,0,0,201027128704we,154442010041757526,,,819.4120735,,,201027128704we,,0,05/04/2021
2010,12,7,5,1544420100417021,7,2,04,we,,,,0,0,201027128704we,154442010041757526,,,819.4120735,,,201027128704we,,0,05/04/2021
2010,12,7,5,1544420100417022,7,2,04,we,,,,0,0,201027128704we,154442010041757526,,,819.4120735,,,201027128704we,,0,05/04/2021
2010,12,7,5,1544420100417026,7,2,04,we,,,,0,0,201027128704we,154442010041757526,,,819.4120735,,,201027128704we,,0,05/04/2021
2010,12,7,5,1544420100417027,7,2,04,we,,,,0,0,201027128704we,154442010041757526,,,819.4120735,,,201027128704we,,0,05/04/2021
2010,12,7,5,1544420100417028,7,2,04,we,,,,0,0,201027128704we,154442010041757526,,,819.4120735,,,201027128704we,,0,05/04/2021
2010,12,7,5,1544420100417029,7,2,04,we,,,,0,0,201027128704we,154442010041757526,,,819.4120735,,,201027128704we,,0,05/04/2021
2010,12,7,5,1544420100421001,7,2,04,wd,8835440102,402,0.66,0,0,201027128704wd,154442010042157526,SPOTTED SEATROUT,,3437.500543,15,40,201027128704wd,,0,05/04/2021
2010,12,7,5,1544420100421002,7,2,04,wd,8835440102,401,0.52,0,0,201027128704wd,154442010042157526,SPOTTED SEATROUT,,3437.500543,15,40,201027128704wd,,0,05/04/2021
2010,12,7,5,1544420100421003,7,2,04,wd,8850030502,423,0.9,0,0,201027128704wd,154442010042157526,SPANISH MACKEREL,,4151.8492105,16,42,201027128704wd,,0,05/04/2021
2010,12,7,5,1544420100421004,7,2,04,wd,,,,0,0,201027128704wd,154442010042157526,,,3437.500543,,,201027128704wd,,0,05/04/2021
2010,12,7,5,1544420100421005,7,2,04,wd,8835020501,545,1.98,0,0,201027128704wd,154442010042157526,GAG,,3437.500543,21,54,201027128704wd,,0,05/04/2021
2010,12,7,5,1544420100421005,7,2,04,wd,8835020501,555,2.16,0,0,201027128704wd,154442010042157526,GAG,,3437.500543,21,55,201027128704wd,,0,05/04/2021
2010,12,7,5,1544420100421005,7,2,04,wd,8835020501,655,2.9,0,0,201027128704wd,154442010042157526,GAG,,3437.500543,25,65,201027128704wd,,0,05/04/2021
2010,12,7,5,1544420100421006,7,2,04,wd,8835440102,425,0.8,0,0,201027128704wd,154442010042157526,SPOTTED SEATROUT,,3437.500543,16,42,201027128704wd,,0,05/04/2021
2010,12,7,5,1544420100421007,7,2,04,wd,,,,0,0,201027128704wd,154442010042157526,,,4151.8492105,,,201027128704wd,,0,05/04/2021
2010,12,7,5,1544420100421008,7,2,04,wd,8835440102,402,0.51,1,1,201027128704wd,154442010042157526,SPOTTED SEATROUT,,3437.500543,15,40,201027128704wd,,0,05/04/2021
2010,12,7,5,1544420100421008,7,2,04,wd,8835440102,441,0.98,0,0,201027128704wd,154442010042157526,SPOTTED SEATROUT,,3437.500543,17,44,201027128704wd,,0,05/04/2021
2010,12,7,5,1544420100421008,7,2,04,wd,8835440102,447,0.9,0,0,201027128704wd,154442010042157526,SPOTTED SEATROUT,,3437.500543,17,44,201027128704wd,,0,05/04/2021
2010,12,7,5,1544420100421009,7,2,04,wd,,,,0,0,201027128704wd,154442010042157526,,,3437.500543,,,201027128704wd,,0,05/04/2021
2010,12,7,5,1544420100421010,7,2,04,wd,,,,0,0,201027128704wd,154442010042157526,,,4151.8492105,,,201027128704wd,,0,05/04/2021
2010,12,7,5,1544420100421011,7,2,04,wd,,,,0,0,201027128704wd,154442010042157526,,,3437.500543,,,201027128704wd,,0,05/04/2021
2010,12,7,5,1544420100421013,7,2,04,wd,,,,0,0,201027128704wd,154442010042157526,,,3437.500543,,,201027128704wd,,0,05/04/2021
2010,12,7,5,1544420100421014,7,2,04,wd,8835440102,400,0.58,0,0,201027128704wd,154442010042157526,SPOTTED SEATROUT,,3437.500543,15,40,201027128704wd,,0,05/04/2021
2010,12,7,5,1544420100421015,7,2,04,wd,8835440102,452,1.1,0,0,201027128704wd,154442010042157526,SPOTTED SEATROUT,,3437.500543,17,45,201027128704wd,,0,05/04/2021
2010,12,7,5,1544420100421017,7,2,04,wd,,,,0,0,201027128704wd,154442010042157526,,,3437.500543,,,201027128704wd,,0,05/04/2021
2010,12,7,5,1544420100421020,7,2,04,wd,,,,0,0,201027128704wd,154442010042157526,,,4151.8492105,,,201027128704wd,,0,05/04/2021
2010,12,7,5,1544420100421021,7,2,04,wd,,,,0,0,201027128704wd,154442010042157526,,,3437.500543,,,201027128704wd,,0,05/04/2021
2010,12,7,5,1544420100421022,7,2,04,wd,,,,0,0,201027128704wd,154442010042157526,,,3437.500543,,,201027128704wd,,0,05/04/2021
2010,12,7,5,1544420100421023,7,2,04,wd,,,,0,0,201027128704wd,154442010042157526,,,3437.500543,,,201027128704wd,,0,05/04/2021
2010,12,7,5,1544420100421024,7,2,04,wd,,,,0,0,201027128704wd,154442010042157526,,,3437.500543,,,201027128704wd,,0,05/04/2021
2010,12,7,5,1544420100421025,7,2,04,wd,,,,0,0,201027128704wd,154442010042157526,,,3437.500543,,,201027128704wd,,0,05/04/2021
2010,12,7,5,1544420100421026,7,2,04,wd,,,,0,0,201027128704wd,154442010042157526,,,3437.500543,,,201027128704wd,,0,05/04/2021
2010,12,7,5,1544420100421027,7,2,04,wd,8835430301,314,0.66,0,0,201027128704wd,154442010042157526,SHEEPSHEAD,,3437.500543,12,31,201027128704wd,,0,05/04/2021
2010,12,7,5,1544420100421027,7,2,04,wd,8835430301,328,0.76,0,0,201027128704wd,154442010042157526,SHEEPSHEAD,,3437.500543,12,32,201027128704wd,,0,05/04/2021
2010,12,7,5,1544420100421027,7,2,04,wd,8835430301,337,0.72,0,0,201027128704wd,154442010042157526,SHEEPSHEAD,,3437.500543,13,33,201027128704wd,,0,05/04/2021
2010,12,7,5,1544420100421027,7,2,04,wd,8835400102,262,0.45,1,1,201027128704wd,154442010042157526,WHITE GRUNT,,7562.5011947,10,26,201027128704wd,,0,05/04/2021
2010,12,7,5,1544420100421027,7,2,04,wd,8835400102,274,0.45,1,1,201027128704wd,154442010042157526,WHITE GRUNT,,7562.5011947,10,27,201027128704wd,,0,05/04/2021
2010,12,7,5,1544420100421027,7,2,04,wd,8835400102,274,0.45,1,1,201027128704wd,154442010042157526,WHITE GRUNT,,7562.5011947,10,27,201027128704wd,,0,05/04/2021
2010,12,7,5,1544420100421027,7,2,04,wd,8835400102,281,0.48,1,1,201027128704wd,154442010042157526,WHITE GRUNT,,7562.5011947,11,28,201027128704wd,,0,05/04/2021
2010,12,7,5,1544420100421027,7,2,04,wd,8835400102,281,0.45,1,1,201027128704wd,154442010042157526,WHITE GRUNT,,7562.5011947,11,28,201027128704wd,,0,05/04/2021
2010,12,7,5,1544420100421028,7,2,04,wd,,,,0,0,201027128704wd,154442010042157526,,,3437.500543,,,201027128704wd,,0,05/04/2021
2010,12,7,5,1544420100421029,7,2,04,wd,8835440102,453,0.98,1,1,201027128704wd,154442010042157526,SPOTTED SEATROUT,,3437.500543,17,45,201027128704wd,,0,05/04/2021
2010,12,7,5,1544420100421030,7,2,04,wd,8835440102,497,1.1,1,1,201027128704wd,154442010042157526,SPOTTED SEATROUT,,3437.500543,19,49,201027128704wd,,0,05/04/2021
2010,12,7,5,1544420100428001,7,2,04,wd,,,,0,0,201027128704wd,1544420100428103770,,,2199.5658901,,,201027128704wd,,0,05/04/2021
2010,12,7,5,1544420100428002,7,2,04,wd,,,,0,0,201027128704wd,1544420100428103770,,,2199.5658901,,,201027128704wd,,0,05/04/2021
2010,12,7,5,1544420100428003,7,2,04,wd,,,,0,0,201027128704wd,1544420100428103770,,,2199.5658901,,,201027128704wd,,0,05/04/2021
2010,12,7,5,1544420100428004,7,2,04,wd,,,,0,0,201027128704wd,1544420100428103770,,,2656.6587525,,,201027128704wd,,0,05/04/2021
2010,12,7,5,1544420100428007,7,2,04,wd,,,,0,0,201027128704wd,1544420100428103770,,,2199.5658901,,,201027128704wd,,0,05/04/2021
2010,12,7,5,1544420100428010,7,2,04,wd,,,,0,0,201027128704wd,1544420100428103770,,,2199.5658901,,,201027128704wd,,0,05/04/2021
2010,12,7,5,1544420100428011,7,2,04,wd,,,,0,0,201027128704wd,1544420100428103770,,,2656.6587525,,,201027128704wd,,0,05/04/2021
2010,12,7,5,1544420100428012,7,2,04,wd,8835440901,491,1.6,0,0,201027128704wd,1544420100428103770,RED DRUM,,2656.6587525,19,49,201027128704wd,,0,05/04/2021
2010,12,7,5,1544420100428013,7,2,04,wd,,,,0,0,201027128704wd,1544420100428103770,,,2199.5658901,,,201027128704wd,,0,05/04/2021
2010,12,7,5,1544420100428014,7,2,04,wd,,,,0,0,201027128704wd,1544420100428103770,,,2199.5658901,,,201027128704wd,,0,05/04/2021
2010,12,7,5,1544420100428017,7,2,04,wd,8835440102,441,0.86,0,0,201027128704wd,1544420100428103770,SPOTTED SEATROUT,,2199.5658901,17,44,201027128704wd,,0,05/04/2021
2010,12,7,5,1544420100428018,7,2,04,wd,,,,0,0,201027128704wd,1544420100428103770,,,2199.5658901,,,201027128704wd,,0,05/04/2021
2010,12,7,5,1544420100428019,7,2,04,wd,8835400102,245,0.38,1,1,201027128704wd,1544420100428103770,WHITE GRUNT,,2656.6587525,9,24,201027128704wd,,0,05/04/2021
2010,12,7,5,1544420100428019,7,2,04,wd,8835400102,245,0.38,1,1,201027128704wd,1544420100428103770,WHITE GRUNT,,2656.6587525,9,24,201027128704wd,,0,05/04/2021
2010,12,7,5,1544420100428019,7,2,04,wd,8835400102,251,0.35,1,1,201027128704wd,1544420100428103770,WHITE GRUNT,,2656.6587525,9,25,201027128704wd,,0,05/04/2021
2010,12,7,5,1544420100428019,7,2,04,wd,8835400102,262,0.45,1,1,201027128704wd,1544420100428103770,WHITE GRUNT,,2656.6587525,10,26,201027128704wd,,0,05/04/2021
2010,12,7,5,1544420100428019,7,2,04,wd,8835280901,314,0.66,1,1,201027128704wd,1544420100428103770,FLORIDA POMPANO,,2656.6587525,12,31,201027128704wd,,0,05/04/2021
2010,12,7,5,1544420100428019,7,2,04,wd,8835280901,320,0.78,1,1,201027128704wd,1544420100428103770,FLORIDA POMPANO,,2656.6587525,12,32,201027128704wd,,0,05/04/2021
2010,12,7,5,1544420100428019,7,2,04,wd,8835280901,341,0.86,1,1,201027128704wd,1544420100428103770,FLORIDA POMPANO,,2656.6587525,13,34,201027128704wd,,0,05/04/2021
2010,12,7,5,1544420100428019,7,2,04,wd,8835280901,351,0.82,1,1,201027128704wd,1544420100428103770,FLORIDA POMPANO,,2656.6587525,13,35,201027128704wd,,0,05/04/2021
2010,12,7,5,1544420100428022,7,2,04,wd,8835440102,372,0.52,1,1,201027128704wd,1544420100428103770,SPOTTED SEATROUT,,2199.5658901,14,37,201027128704wd,,0,05/04/2021
2010,12,7,5,1544420100428024,7,2,04,wd,,,,0,0,201027128704wd,1544420100428103770,,,2199.5658901,,,201027128704wd,,0,05/04/2021
2010,12,7,5,1544420100428027,7,2,04,wd,8850030502,356,0.36,1,1,201027128704wd,1544420100428103770,SPANISH MACKEREL,,2199.5658901,14,35,201027128704wd,,0,05/04/2021
2010,12,7,5,1544420100428027,7,2,04,wd,8850030502,358.53543059,0.38,1,0,201027128704wd,1544420100428103770,SPANISH MACKEREL,,2199.5658901,14,35,201027128704wd,,0,05/04/2021
2010,12,7,5,1544420100428027,7,2,04,wd,8835440102,406,0.59,1,1,201027128704wd,1544420100428103770,SPOTTED SEATROUT,,2199.5658901,15,40,201027128704wd,,0,05/04/2021
2010,12,7,5,1544420100428027,7,2,04,wd,8835440102,529,1.28,1,1,201027128704wd,1544420100428103770,SPOTTED SEATROUT,,2199.5658901,20,52,201027128704wd,,0,05/04/2021
2010,12,7,5,1544420100428028,7,2,04,wd,,,,0,0,201027128704wd,1544420100428103770,,,2656.6587525,,,201027128704wd,,0,05/04/2021
2010,12,7,5,1544420100428029,7,2,04,wd,,,,0,0,201027128704wd,1544420100428103770,,,2199.5658901,,,201027128704wd,,0,05/04/2021
2010,12,7,5,1546420100306001,7,2,03,we,,,,0,0,201027128703we,154642010030657504,,,412.70525233,,,201027128703we,,0,05/04/2021
2010,12,7,5,1546420100306002,7,2,03,we,,,,0,0,201027128703we,154642010030657504,,,412.70525233,,,201027128703we,,0,05/04/2021
2010,12,7,5,1546420100306003,7,2,03,we,,,,0,0,201027128703we,154642010030657504,,,412.70525233,,,201027128703we,,0,05/04/2021
2010,12,7,5,1546420100306004,7,2,03,we,,,,0,0,201027128703we,154642010030657504,,,412.70525233,,,201027128703we,,0,05/04/2021
2010,12,7,5,1546420100306005,7,2,03,we,,,,0,0,201027128703we,154642010030657504,,,412.70525233,,,201027128703we,,0,05/04/2021
2010,12,7,5,1546420100306006,7,2,03,we,,,,0,0,201027128703we,154642010030657504,,,412.70525233,,,201027128703we,,0,05/04/2021
2010,12,7,5,1546420100306007,7,2,03,we,,,,0,0,201027128703we,154642010030657504,,,412.70525233,,,201027128703we,,0,05/04/2021
2010,12,7,5,1546420100306008,7,2,03,we,,,,0,0,201027128703we,154642010030657504,,,412.70525233,,,201027128703we,,0,05/04/2021
2010,12,7,5,1546420100306014,7,2,03,we,,,,0,0,201027128703we,154642010030657504,,,412.70525233,,,201027128703we,,0,05/04/2021
2010,12,7,5,1546420100327001,7,2,03,we,,,,0,0,201027128703we,1546420100327103770,,,1125.7928151,,,201027128703we,,0,05/04/2021
2010,12,7,5,1546420100327002,7,2,03,we,,,,0,0,201027128703we,1546420100327103770,,,1125.7928151,,,201027128703we,,0,05/04/2021
2010,12,7,5,1546420100327003,7,2,03,we,,,,0,0,201027128703we,1546420100327103770,,,1125.7928151,,,201027128703we,,0,05/04/2021
2010,12,7,5,1546420100327004,7,2,03,we,,,,0,0,201027128703we,1546420100327103770,,,1125.7928151,,,201027128703we,,0,05/04/2021
2010,12,7,5,1546420100327005,7,2,03,we,8835440102,361,0.46,0,0,201027128703we,1546420100327103770,SPOTTED SEATROUT,,1125.7928151,14,36,201027128703we,,0,05/04/2021
2010,12,7,5,1546420100327005,7,2,03,we,8835440102,387,0.56,0,0,201027128703we,1546420100327103770,SPOTTED SEATROUT,,1125.7928151,15,38,201027128703we,,0,05/04/2021
2010,12,7,3,1546420100327006,7,2,03,we,,,,0,0,201027128703we,1546420100327103770,,,1734.6810986,,,201027128703we,,0,05/04/2021
2010,12,7,5,1546420100327011,7,2,03,we,8835440102,382,0.5,0,0,201027128703we,1546420100327103770,SPOTTED SEATROUT,,1125.7928151,15,38,201027128703we,,0,05/04/2021
2010,12,7,5,1546420100327011,7,2,03,we,8835440102,385,0.59,0,0,201027128703we,1546420100327103770,SPOTTED SEATROUT,,1125.7928151,15,38,201027128703we,,0,05/04/2021
2010,12,7,5,1546420100327011,7,2,03,we,8835440102,389,0.57,0,0,201027128703we,1546420100327103770,SPOTTED SEATROUT,,1125.7928151,15,38,201027128703we,,0,05/04/2021
2010,12,7,5,1546420100327011,7,2,03,we,8835440102,394,0.54,0,0,201027128703we,1546420100327103770,SPOTTED SEATROUT,,1125.7928151,15,39,201027128703we,,0,05/04/2021
2010,12,7,5,1546420100327014,7,2,03,we,,,,0,0,201027128703we,1546420100327103770,,,1125.7928151,,,201027128703we,,0,05/04/2021
2010,12,7,5,1546420100327015,7,2,03,we,,,,0,0,201027128703we,1546420100327103770,,,1125.7928151,,,201027128703we,,0,05/04/2021
2010,12,7,5,1546420100327018,7,2,03,we,,,,0,0,201027128703we,1546420100327103770,,,1125.7928151,,,201027128703we,,0,05/04/2021
2010,12,7,5,1546420100327019,7,2,03,we,,,,0,0,201027128703we,1546420100327103770,,,1125.7928151,,,201027128703we,,0,05/04/2021
2010,12,7,5,1546420100327024,7,2,03,we,,,,0,0,201027128703we,1546420100327103770,,,1125.7928151,,,201027128703we,,0,05/04/2021
2010,12,7,5,1546420100327027,7,2,03,we,,,,0,0,201027128703we,1546420100327103770,,,1125.7928151,,,201027128703we,,0,05/04/2021
2010,12,7,5,1546420100327028,7,2,03,we,,,,0,0,201027128703we,1546420100327103770,,,1125.7928151,,,201027128703we,,0,05/04/2021
2010,12,7,5,1546420100327029,7,2,03,we,,,,0,0,201027128703we,1546420100327103770,,,1125.7928151,,,201027128703we,,0,05/04/2021
2010,12,7,5,1546420100327030,7,2,03,we,,,,0,0,201027128703we,1546420100327103770,,,1125.7928151,,,201027128703we,,0,05/04/2021
2010,12,7,5,1546420100328001,7,2,03,we,,,,0,0,201027128703we,1546420100328103888,,,1673.9675575,,,201027128703we,,0,05/04/2021
2010,12,7,5,1546420100328002,7,2,03,we,,,,0,0,201027128703we,1546420100328103888,,,1673.9675575,,,201027128703we,,0,05/04/2021
2010,12,7,5,1546420100328003,7,2,03,we,,,,0,0,201027128703we,1546420100328103888,,,1673.9675575,,,201027128703we,,0,05/04/2021
2010,12,7,5,1546420100328005,7,2,03,we,,,,0,0,201027128703we,1546420100328103888,,,1673.9675575,,,201027128703we,,0,05/04/2021
2010,12,7,5,1546420100328007,7,2,03,we,,,,0,0,201027128703we,1546420100328103888,,,2021.8355735,,,201027128703we,,0,05/04/2021
2010,12,7,5,1546420100328009,7,2,03,we,,,,0,0,201027128703we,1546420100328103888,,,1673.9675575,,,201027128703we,,0,05/04/2021
2010,12,7,5,1546420100331001,7,2,03,wd,,,,0,0,201027128703wd,154642010033181558,,,3238.0962954,,,201027128703wd,,0,05/04/2021
2010,12,7,5,1546420100331003,7,2,03,wd,,,,0,0,201027128703wd,154642010033181558,,,3238.0962954,,,201027128703wd,,0,05/04/2021
2010,12,7,5,1546420100331009,7,2,03,wd,,,,0,0,201027128703wd,154642010033181558,,,3238.0962954,,,201027128703wd,,0,05/04/2021
2010,12,7,5,1546420100331010,7,2,03,wd,,,,0,0,201027128703wd,154642010033181558,,,3238.0962954,,,201027128703wd,,0,05/04/2021
2010,12,7,5,1546420100331014,7,2,03,wd,,,,0,0,201027128703wd,154642010033181558,,,3238.0962954,,,201027128703wd,,0,05/04/2021
2010,12,7,5,1546420100331015,7,2,03,wd,,,,0,0,201027128703wd,154642010033181558,,,3238.0962954,,,201027128703wd,,0,05/04/2021
2010,12,7,5,1546420100331016,7,2,03,wd,,,,0,0,201027128703wd,154642010033181558,,,3238.0962954,,,201027128703wd,,0,05/04/2021
2010,12,7,5,1546420100331017,7,2,03,wd,8835430201,127,0.0402433298,1,1,201027128703wd,154642010033181558,PINFISH,,3238.0962954,4,12,201027128703wd,,0,05/04/2021
2010,12,7,5,1546420100331017,7,2,03,wd,8835430201,127,0.0402433298,1,1,201027128703wd,154642010033181558,PINFISH,,3238.0962954,4,12,201027128703wd,,0,05/04/2021
2010,12,7,5,1546420100331017,7,2,03,wd,8835430201,127,0.0402433298,1,1,201027128703wd,154642010033181558,PINFISH,,3238.0962954,4,12,201027128703wd,,0,05/04/2021
2010,12,7,5,1546420100331021,7,2,03,wd,,,,0,0,201027128703wd,154642010033181558,,,3238.0962954,,,201027128703wd,,0,05/04/2021
2010,12,7,5,1546420100331022,7,2,03,wd,,,,0,0,201027128703wd,154642010033181558,,,3238.0962954,,,201027128703wd,,0,05/04/2021
2010,12,7,5,1546420100331023,7,2,03,wd,,,,0,0,201027128703wd,154642010033181558,,,3911.0066687,,,201027128703wd,,0,05/04/2021
2010,12,7,5,1546420100331024,7,2,03,wd,,,,0,0,201027128703wd,154642010033181558,,,3238.0962954,,,201027128703wd,,0,05/04/2021
2010,12,7,3,1546420100331029,7,2,03,wd,,,,0,0,201027128703wd,154642010033181558,,,4989.4299941,,,201027128703wd,,0,05/04/2021
2010,12,7,3,1546420100331030,7,2,03,wd,,,,0,0,201027128703wd,154642010033181558,,,4989.4299941,,,201027128703wd,,0,05/04/2021
2010,12,7,5,1546420100403004,7,2,04,we,,,,0,0,201027128704we,154642010040357725,,,1366.2617017,,,201027128704we,,0,05/04/2021
2010,12,7,5,1546420100403005,7,2,04,we,,,,0,0,201027128704we,154642010040357725,,,1366.2617017,,,201027128704we,,0,05/04/2021
2010,12,7,5,1546420100403006,7,2,04,we,,,,0,0,201027128704we,154642010040357725,,,1366.2617017,,,201027128704we,,0,05/04/2021
2010,12,7,5,1546420100403007,7,2,04,we,,,,0,0,201027128704we,154642010040357725,,,1366.2617017,,,201027128704we,,0,05/04/2021
2010,12,7,5,1546420100403009,7,2,04,we,,,,0,0,201027128704we,154642010040357725,,,1366.2617017,,,201027128704we,,0,05/04/2021
2010,12,7,5,1546420100403010,7,2,04,we,,,,0,0,201027128704we,154642010040357725,,,1366.2617017,,,201027128704we,,0,05/04/2021
2010,12,7,5,1546420100403011,7,2,04,we,,,,0,0,201027128704we,154642010040357725,,,1366.2617017,,,201027128704we,,0,05/04/2021
2010,12,7,5,1546420100403012,7,2,04,we,,,,0,0,201027128704we,154642010040357725,,,1366.2617017,,,201027128704we,,0,05/04/2021
2010,12,7,5,1546420100403013,7,2,04,we,8850030502,401,0.48,1,1,201027128704we,154642010040357725,SPANISH MACKEREL,,1366.2617017,15,40,201027128704we,,0,05/04/2021
2010,12,7,5,1546420100403013,7,2,04,we,8850030502,421,0.55,1,1,201027128704we,154642010040357725,SPANISH MACKEREL,,1366.2617017,16,42,201027128704we,,0,05/04/2021
2010,12,7,5,1546420100403013,7,2,04,we,8850030502,422.84877225,0.62,1,1,201027128704we,154642010040357725,SPANISH MACKEREL,,1366.2617017,16,42,201027128704we,,0,05/04/2021
2010,12,7,5,1546420100403013,7,2,04,we,8850030502,423,0.9,1,1,201027128704we,154642010040357725,SPANISH MACKEREL,,1366.2617017,16,42,201027128704we,,0,05/04/2021
2010,12,7,5,1546420100403014,7,2,04,we,,,,0,0,201027128704we,154642010040357725,,,1366.2617017,,,201027128704we,,0,05/04/2021
2010,12,7,5,1546420100403015,7,2,04,we,,,,0,0,201027128704we,154642010040357725,,,1366.2617017,,,201027128704we,,0,05/04/2021
2010,12,7,5,1546420100403016,7,2,04,we,,,,0,0,201027128704we,154642010040357725,,,1366.2617017,,,201027128704we,,0,05/04/2021
2010,12,7,5,1546420100403017,7,2,04,we,,,,0,0,201027128704we,154642010040357725,,,1366.2617017,,,201027128704we,,0,05/04/2021
2010,12,7,5,1546420100403019,7,2,04,we,,,,0,0,201027128704we,154642010040357725,,,1366.2617017,,,201027128704we,,0,05/04/2021
2010,12,7,5,1546420100403020,7,2,04,we,,,,0,0,201027128704we,154642010040357725,,,1366.2617017,,,201027128704we,,0,05/04/2021
2010,12,7,5,1546420100403021,7,2,04,we,,,,0,0,201027128704we,154642010040357725,,,1366.2617017,,,201027128704we,,0,05/04/2021
2010,12,7,5,1546420100403022,7,2,04,we,,,,0,0,201027128704we,154642010040357725,,,1366.2617017,,,201027128704we,,0,05/04/2021
2010,12,7,5,1546420100403023,7,2,04,we,,,,0,0,201027128704we,154642010040357725,,,1366.2617017,,,201027128704we,,0,05/04/2021
2010,12,7,5,1546420100403024,7,2,04,we,,,,0,0,201027128704we,154642010040357725,,,1366.2617017,,,201027128704we,,0,05/04/2021
2010,12,7,5,1546420100403025,7,2,04,we,,,,0,0,201027128704we,154642010040357725,,,1366.2617017,,,201027128704we,,0,05/04/2021
2010,12,7,5,1546420100403026,7,2,04,we,,,,0,0,201027128704we,154642010040357725,,,1366.2617017,,,201027128704we,,0,05/04/2021
2010,12,7,5,1546420100403028,7,2,04,we,,,,0,0,201027128704we,154642010040357725,,,1366.2617017,,,201027128704we,,0,05/04/2021
2010,12,7,5,1546420100403029,7,2,04,we,,,,0,0,201027128704we,154642010040357725,,,1366.2617017,,,201027128704we,,0,05/04/2021
2010,12,7,5,1546420100403030,7,2,04,we,,,,0,0,201027128704we,154642010040357725,,,1366.2617017,,,201027128704we,,0,05/04/2021
2010,12,7,5,1546420100408001,7,2,04,wd,,,,0,0,201027128704wd,15464201004081031872,,,10624.768305,,,201027128704wd,,0,05/04/2021
2010,12,7,5,1546420100408003,7,2,04,wd,8835440102,405,0.61,0,0,201027128704wd,15464201004081031872,SPOTTED SEATROUT,,10624.768305,15,40,201027128704wd,,0,05/04/2021
2010,12,7,5,1546420100408003,7,2,04,wd,8835440102,424,0.72,0,0,201027128704wd,15464201004081031872,SPOTTED SEATROUT,,10624.768305,16,42,201027128704wd,,0,05/04/2021
2010,12,7,5,1546420100408003,7,2,04,wd,8835440102,435,0.74,0,0,201027128704wd,15464201004081031872,SPOTTED SEATROUT,,10624.768305,17,43,201027128704wd,,0,05/04/2021
2010,12,7,5,1546420100408003,7,2,04,wd,8835440102,454,0.91,0,0,201027128704wd,15464201004081031872,SPOTTED SEATROUT,,10624.768305,17,45,201027128704wd,,0,05/04/2021
2010,12,7,5,1546420100408003,7,2,04,wd,8835440102,471,0.92,0,0,201027128704wd,15464201004081031872,SPOTTED SEATROUT,,10624.768305,18,47,201027128704wd,,0,05/04/2021
2010,12,7,5,1546420100408003,7,2,04,wd,8835440102,478,1.01,0,0,201027128704wd,15464201004081031872,SPOTTED SEATROUT,,10624.768305,18,47,201027128704wd,,0,05/04/2021
2010,12,7,5,1546420100408003,7,2,04,wd,8835440102,499,0.99,0,0,201027128704wd,15464201004081031872,SPOTTED SEATROUT,,10624.768305,19,49,201027128704wd,,0,05/04/2021
2010,12,7,5,1546420100408007,7,2,04,wd,8850030502,401,0.48,0,0,201027128704wd,1546420100408103732,SPANISH MACKEREL,,8311.7774077,15,40,201027128704wd,,0,05/04/2021
2010,12,7,5,1546420100408007,7,2,04,wd,8835440102,449,0.81,0,0,201027128704wd,1546420100408103732,SPOTTED SEATROUT,,8311.7774077,17,44,201027128704wd,,0,05/04/2021
2010,12,7,5,1546420100408008,7,2,04,wd,,,,0,0,201027128704wd,1546420100408103732,,,8311.7774077,,,201027128704wd,,0,05/04/2021
2010,12,7,5,1546420100410001,7,2,04,we,,,,0,0,201027128704we,154642010041057504,,,943.972598,,,201027128704we,,0,05/04/2021
2010,12,7,5,1546420100410002,7,2,04,we,,,,0,0,201027128704we,154642010041057504,,,943.972598,,,201027128704we,,0,05/04/2021
2010,12,7,5,1546420100410004,7,2,04,we,8850030502,336,0.28,1,1,201027128704we,154642010041057504,SPANISH MACKEREL,,943.972598,13,33,201027128704we,,0,05/04/2021
2010,12,7,5,1546420100410004,7,2,04,we,8850030502,340,0.36,1,1,201027128704we,154642010041057504,SPANISH MACKEREL,,943.972598,13,34,201027128704we,,0,05/04/2021
2010,12,7,5,1546420100410004,7,2,04,we,8850030502,361,0.38,1,1,201027128704we,154642010041057504,SPANISH MACKEREL,,943.972598,14,36,201027128704we,,0,05/04/2021
2010,12,7,5,1546420100410004,7,2,04,we,8850030502,382,0.4,1,1,201027128704we,154642010041057504,SPANISH MACKEREL,,943.972598,15,38,201027128704we,,0,05/04/2021
2010,12,7,5,1546420100410004,7,2,04,we,8850030502,525,2.8,1,1,201027128704we,154642010041057504,SPANISH MACKEREL,,943.972598,20,52,201027128704we,,0,05/04/2021
2010,12,7,5,1546420100410004,7,2,04,we,8835440102,471,1.26,1,1,201027128704we,154642010041057504,SPOTTED SEATROUT,,943.972598,18,47,201027128704we,,0,05/04/2021
2010,12,7,5,1546420100410004,7,2,04,we,8835020501,642,3.15,0,0,201027128704we,154642010041057504,GAG,,943.972598,25,64,201027128704we,,0,05/04/2021
2010,12,7,5,1546420100410005,7,2,04,we,,,,0,0,201027128704we,154642010041057504,,,943.972598,,,201027128704we,,0,05/04/2021
2010,12,7,5,1546420100410006,7,2,04,we,,,,0,0,201027128704we,154642010041057504,,,943.972598,,,201027128704we,,0,05/04/2021
2010,12,7,5,1546420100410019,7,2,04,we,,,,0,0,201027128704we,154642010041057504,,,943.972598,,,201027128704we,,0,05/04/2021
2010,12,7,5,1546420100410020,7,2,04,we,,,,0,0,201027128704we,154642010041057504,,,943.972598,,,201027128704we,,0,05/04/2021
2010,12,7,5,1546420100410021,7,2,04,we,,,,0,0,201027128704we,154642010041057504,,,943.972598,,,201027128704we,,0,05/04/2021
2010,12,7,5,1546420100410022,7,2,04,we,,,,0,0,201027128704we,154642010041057504,,,943.972598,,,201027128704we,,0,05/04/2021
2010,12,7,5,1546420100410023,7,2,04,we,,,,0,0,201027128704we,154642010041057504,,,943.972598,,,201027128704we,,0,05/04/2021
2010,12,7,5,1546420100410026,7,2,04,we,,,,0,0,201027128704we,154642010041057504,,,943.972598,,,201027128704we,,0,05/04/2021
2010,12,7,5,1546420100410027,7,2,04,we,,,,0,0,201027128704we,154642010041057504,,,943.972598,,,201027128704we,,0,05/04/2021
2010,12,7,5,1546420100411002,7,2,04,we,,,,0,0,201027128704we,1546420100411101899,,,965.23847335,,,201027128704we,,0,05/04/2021
2010,12,7,5,1546420100411003,7,2,04,we,,,,0,0,201027128704we,1546420100411101899,,,965.23847335,,,201027128704we,,0,05/04/2021
2010,12,7,5,1546420100411008,7,2,04,we,,,,0,0,201027128704we,1546420100411101899,,,965.23847335,,,201027128704we,,0,05/04/2021
2010,12,7,5,1546420100411009,7,2,04,we,,,,0,0,201027128704we,1546420100411101899,,,965.23847335,,,201027128704we,,0,05/04/2021
2010,12,7,5,1546420100411010,7,2,04,we,,,,0,0,201027128704we,1546420100411101899,,,965.23847335,,,201027128704we,,0,05/04/2021
2010,12,7,5,1546420100411011,7,2,04,we,,,,0,0,201027128704we,1546420100411101899,,,965.23847335,,,201027128704we,,0,05/04/2021
2010,12,7,5,1546420100411012,7,2,04,we,,,,0,0,201027128704we,1546420100411101899,,,965.23847335,,,201027128704we,,0,05/04/2021
2010,12,7,5,1546420100411013,7,2,04,we,,,,0,0,201027128704we,1546420100411101899,,,965.23847335,,,201027128704we,,0,05/04/2021
2010,12,7,5,1546420100411014,7,2,04,we,8835020501,611,3.66,0,0,201027128704we,1546420100411101899,GAG,,965.23847335,24,61,201027128704we,,0,05/04/2021
2010,12,7,5,1546420100411014,7,2,04,we,8850030501,809,4.22,1,1,201027128704we,1546420100411101899,KING MACKEREL,,965.23847335,31,80,201027128704we,,0,05/04/2021
2010,12,7,5,1546420100411014,7,2,04,we,8835020501,664,3.72,0,0,201027128704we,1546420100411101899,GAG,,965.23847335,26,66,201027128704we,,0,05/04/2021
2010,12,7,5,1546420100411016,7,2,04,we,,,,0,0,201027128704we,1546420100411101899,,,965.23847335,,,201027128704we,,0,05/04/2021
2010,12,7,5,1546420100411017,7,2,04,we,,,,0,0,201027128704we,1546420100411101899,,,965.23847335,,,201027128704we,,0,05/04/2021
2010,12,7,5,1546420100411018,7,2,04,we,,,,0,0,201027128704we,1546420100411101899,,,965.23847335,,,201027128704we,,0,05/04/2021
2010,12,7,5,1546420100411019,7,2,04,we,,,,0,0,201027128704we,1546420100411101899,,,965.23847335,,,201027128704we,,0,05/04/2021
2010,12,7,5,1546420100411022,7,2,04,we,,,,0,0,201027128704we,1546420100411101899,,,965.23847335,,,201027128704we,,0,05/04/2021
2010,12,7,5,1546420100411024,7,2,04,we,,,,0,0,201027128704we,1546420100411101899,,,965.23847335,,,201027128704we,,0,05/04/2021
2010,12,7,5,1546420100411025,7,2,04,we,,,,0,0,201027128704we,1546420100411101899,,,965.23847335,,,201027128704we,,0,05/04/2021
2010,12,7,5,1546420100411026,7,2,04,we,,,,0,0,201027128704we,1546420100411101899,,,965.23847335,,,201027128704we,,0,05/04/2021
2010,12,7,5,1546420100411027,7,2,04,we,,,,0,0,201027128704we,1546420100411101899,,,965.23847335,,,201027128704we,,0,05/04/2021
2010,12,7,5,1546420100411029,7,2,04,we,,,,0,0,201027128704we,1546420100411101899,,,965.23847335,,,201027128704we,,0,05/04/2021
2010,12,7,5,1546420100411030,7,2,04,we,,,,0,0,201027128704we,1546420100411101899,,,965.23847335,,,201027128704we,,0,05/04/2021
2010,12,7,5,1546420100417001,7,2,04,we,,,,0,0,201027128704we,1546420100417115947,,,4078.1307058,,,201027128704we,,0,05/04/2021
2010,12,7,5,1546420100417004,7,2,04,we,,,,0,0,201027128704we,1546420100417115947,,,4078.1307058,,,201027128704we,,0,05/04/2021
2010,12,7,5,1546420100417005,7,2,04,we,,,,0,0,201027128704we,1546420100417115947,,,4078.1307058,,,201027128704we,,0,05/04/2021
2010,12,7,5,1546420100417008,7,2,04,we,,,,0,0,201027128704we,1546420100417115947,,,4078.1307058,,,201027128704we,,0,05/04/2021
2010,12,7,5,1546420100417011,7,2,04,we,,,,0,0,201027128704we,1546420100417115947,,,4078.1307058,,,201027128704we,,0,05/04/2021
2010,12,7,5,1546420100417014,7,2,04,we,,,,0,0,201027128704we,1546420100417115947,,,4078.1307058,,,201027128704we,,0,05/04/2021
2010,12,7,5,1546420100417015,7,2,04,we,,,,0,0,201027128704we,1546420100417115947,,,4078.1307058,,,201027128704we,,0,05/04/2021
2010,12,7,5,1546420100417016,7,2,04,we,,,,0,0,201027128704we,1546420100417115947,,,4078.1307058,,,201027128704we,,0,05/04/2021
2010,12,7,5,1546420100417017,7,2,04,we,,,,0,0,201027128704we,1546420100417115947,,,4078.1307058,,,201027128704we,,0,05/04/2021
2010,12,7,5,1546420100417018,7,2,04,we,,,,0,0,201027128704we,1546420100417115947,,,4078.1307058,,,201027128704we,,0,05/04/2021
2010,12,7,5,1546420100417019,7,2,04,we,8850030502,451,0.66,1,1,201027128704we,1546420100417115947,SPANISH MACKEREL,,4078.1307058,17,45,201027128704we,,0,05/04/2021
2010,12,7,5,1546420100417019,7,2,04,we,8850030502,512,1.06,1,1,201027128704we,1546420100417115947,SPANISH MACKEREL,,4078.1307058,20,51,201027128704we,,0,05/04/2021
2010,12,7,5,1546420100417020,7,2,04,we,8835440102,477,1.17,1,1,201027128704we,1546420100417115947,SPOTTED SEATROUT,,4078.1307058,18,47,201027128704we,,0,05/04/2021
2010,12,7,5,1546420100417021,7,2,04,we,8850030502,421,0.55,0,0,201027128704we,1546420100417115947,SPANISH MACKEREL,,4078.1307058,16,42,201027128704we,,0,05/04/2021
2010,12,7,5,1546420100417021,7,2,04,we,8835440102,396,0.62,0,0,201027128704we,1546420100417115947,SPOTTED SEATROUT,,4078.1307058,15,39,201027128704we,,0,05/04/2021
2010,12,7,5,1546420100417021,7,2,04,we,8835440102,406,0.6,0,0,201027128704we,1546420100417115947,SPOTTED SEATROUT,,4078.1307058,15,40,201027128704we,,0,05/04/2021
2010,12,7,5,1546420100417022,7,2,04,we,,,,0,0,201027128704we,1546420100417115947,,,4078.1307058,,,201027128704we,,0,05/04/2021
2010,12,7,5,1546420100417023,7,2,04,we,8850030502,525,2.8,0,0,201027128704we,1546420100417115947,SPANISH MACKEREL,,4078.1307058,20,52,201027128704we,,0,05/04/2021
2010,12,7,5,1546420100417024,7,2,04,we,,,,0,0,201027128704we,1546420100417115947,,,4078.1307058,,,201027128704we,,0,05/04/2021
2010,12,7,5,1546420100417025,7,2,04,we,,,,0,0,201027128704we,1546420100417115947,,,4078.1307058,,,201027128704we,,0,05/04/2021
2010,12,7,5,1546420100417026,7,2,04,we,,,,0,0,201027128704we,1546420100417115947,,,4078.1307058,,,201027128704we,,0,05/04/2021
2010,12,7,5,1546420100417027,7,2,04,we,,,,0,0,201027128704we,1546420100417115947,,,4078.1307058,,,201027128704we,,0,05/04/2021
2010,12,7,5,1546420100417028,7,2,04,we,8850030502,336,0.28,0,0,201027128704we,1546420100417115947,SPANISH MACKEREL,,4078.1307058,13,33,201027128704we,,0,05/04/2021
2010,12,7,5,1546420100417028,7,2,04,we,8850030502,340,0.36,0,0,201027128704we,1546420100417115947,SPANISH MACKEREL,,4078.1307058,13,34,201027128704we,,0,05/04/2021
2010,12,7,5,1546420100417028,7,2,04,we,8850030502,361,0.38,0,0,201027128704we,1546420100417115947,SPANISH MACKEREL,,4078.1307058,14,36,201027128704we,,0,05/04/2021
2010,12,7,5,1546420100417028,7,2,04,we,8850030502,382,0.4,0,0,201027128704we,1546420100417115947,SPANISH MACKEREL,,4078.1307058,15,38,201027128704we,,0,05/04/2021
2010,12,7,5,1546420100417028,7,2,04,we,8850030502,391,0.5,0,0,201027128704we,1546420100417115947,SPANISH MACKEREL,,4078.1307058,15,39,201027128704we,,0,05/04/2021
2010,12,7,5,1546420100417028,7,2,04,we,8835440102,404,0.62,0,0,201027128704we,1546420100417115947,SPOTTED SEATROUT,,4078.1307058,15,40,201027128704we,,0,05/04/2021
2010,12,7,5,1546420100417028,7,2,04,we,8835440102,486,0.98,0,0,201027128704we,1546420100417115947,SPOTTED SEATROUT,,4078.1307058,19,48,201027128704we,,0,05/04/2021
2010,12,7,5,1546420100417028,7,2,04,we,8835440102,526,1.21,0,0,201027128704we,1546420100417115947,SPOTTED SEATROUT,,4078.1307058,20,52,201027128704we,,0,05/04/2021
2010,12,7,5,1546420100417029,7,2,04,we,,,,0,0,201027128704we,1546420100417115947,,,4078.1307058,,,201027128704we,,0,05/04/2021
2010,12,7,5,1546420100417030,7,2,04,we,,,,0,0,201027128704we,1546420100417115947,,,4078.1307058,,,201027128704we,,0,05/04/2021
2010,12,7,3,1546420100420001,7,2,04,wd,,,,0,0,201027128704wd,15464201004201151618,,,5000.2132416,,,201027128704wd,,0,05/04/2021
2010,12,7,3,1546420100420002,7,2,04,wd,,,,0,0,201027128704wd,15464201004201151618,,,5000.2132416,,,201027128704wd,,0,05/04/2021
2010,12,7,5,1546420100420004,7,2,04,wd,,,,0,0,201027128704wd,15464201004201151618,,,3245.0945284,,,201027128704wd,,0,05/04/2021
2010,12,7,5,1546420100420005,7,2,04,wd,,,,0,0,201027128704wd,15464201004201151618,,,3245.0945284,,,201027128704wd,,0,05/04/2021
2010,12,7,5,1546420100420006,7,2,04,wd,,,,0,0,201027128704wd,15464201004201151618,,,3245.0945284,,,201027128704wd,,0,05/04/2021
2010,12,7,5,1546420100420007,7,2,04,wd,,,,0,0,201027128704wd,15464201004201151618,,,3245.0945284,,,201027128704wd,,0,05/04/2021
2010,12,7,3,1546420100420010,7,2,04,wd,,,,0,0,201027128704wd,15464201004201151618,,,5000.2132416,,,201027128704wd,,0,05/04/2021
2010,12,7,3,1546420100420011,7,2,04,wd,,,,0,0,201027128704wd,15464201004201151618,,,5000.2132416,,,201027128704wd,,0,05/04/2021
2010,12,7,3,1546420100420013,7,2,04,wd,8850030501,713,2.48,0,0,201027128704wd,15464201004201151618,KING MACKEREL,,6039.3099985,28,71,201027128704wd,,0,05/04/2021
2010,12,7,3,1546420100420013,7,2,04,wd,8850030501,792,3.78,1,1,201027128704wd,15464201004201151618,KING MACKEREL,,6039.3099985,31,79,201027128704wd,,0,05/04/2021
2010,12,7,5,1546420100420015,7,2,04,wd,,,,0,0,201027128704wd,15464201004201151618,,,3245.0945284,,,201027128704wd,,0,05/04/2021
2010,12,7,5,1546420100424004,7,2,04,we,,,,0,0,201027128704we,1546420100424103864,,,3474.5292231,,,201027128704we,,0,05/04/2021
2010,12,7,5,1546420100424010,7,2,04,we,,,,0,0,201027128704we,1546420100424103864,,,3474.5292231,,,201027128704we,,0,05/04/2021
2010,12,7,5,1546420100424017,7,2,04,we,,,,0,0,201027128704we,1546420100424103864,,,3474.5292231,,,201027128704we,,0,05/04/2021
2010,12,7,5,1546420100424019,7,2,04,we,,,,0,0,201027128704we,1546420100424103864,,,3474.5292231,,,201027128704we,,0,05/04/2021
2010,12,7,5,1546420100424026,7,2,04,we,,,,0,0,201027128704we,1546420100424103864,,,3474.5292231,,,201027128704we,,0,05/04/2021
2010,12,7,5,1546420100424027,7,2,04,we,,,,0,0,201027128704we,1546420100424103864,,,3474.5292231,,,201027128704we,,0,05/04/2021
2010,12,7,5,1546420100424028,7,2,04,we,,,,0,0,201027128704we,1546420100424103864,,,3474.5292231,,,201027128704we,,0,05/04/2021
2010,12,7,5,1546420100424029,7,2,04,we,,,,0,0,201027128704we,1546420100424103864,,,3474.5292231,,,201027128704we,,0,05/04/2021
2010,12,7,5,1546420100425001,7,2,04,we,8835440102,356,0.49,0,0,201027128704we,154642010042581887,SPOTTED SEATROUT,,645.10194403,14,35,201027128704we,,0,05/04/2021
2010,12,7,5,1546420100425001,7,2,04,we,8835440102,372,0.54,0,0,201027128704we,154642010042581887,SPOTTED SEATROUT,,645.10194403,14,37,201027128704we,,0,05/04/2021
2010,12,7,5,1546420100425001,7,2,04,we,8835440102,379,0.44,0,0,201027128704we,154642010042581887,SPOTTED SEATROUT,,645.10194403,14,37,201027128704we,,0,05/04/2021
2010,12,7,5,1546420100425001,7,2,04,we,8835440102,380,0.48,0,0,201027128704we,154642010042581887,SPOTTED SEATROUT,,645.10194403,14,38,201027128704we,,0,05/04/2021
2010,12,7,5,1546420100425001,7,2,04,we,8835440102,384,0.51,0,0,201027128704we,154642010042581887,SPOTTED SEATROUT,,645.10194403,15,38,201027128704we,,0,05/04/2021
2010,12,7,5,1546420100425001,7,2,04,we,8835440102,418,0.72,0,0,201027128704we,154642010042581887,SPOTTED SEATROUT,,645.10194403,16,41,201027128704we,,0,05/04/2021
2010,12,7,5,1546420100425002,7,2,04,we,,,,0,0,201027128704we,154642010042581887,,,645.10194403,,,201027128704we,,0,05/04/2021
2010,12,7,5,1546420100425003,7,2,04,we,,,,0,0,201027128704we,154642010042581887,,,645.10194403,,,201027128704we,,0,05/04/2021
2010,12,7,5,1546420100425004,7,2,04,we,8835440102,479,0.84,0,0,201027128704we,154642010042581887,SPOTTED SEATROUT,,645.10194403,18,47,201027128704we,,0,05/04/2021
2010,12,7,5,1546420100425005,7,2,04,we,,,,0,0,201027128704we,154642010042581887,,,645.10194403,,,201027128704we,,0,05/04/2021
2010,12,7,5,1546420100425006,7,2,04,we,,,,0,0,201027128704we,154642010042581887,,,645.10194403,,,201027128704we,,0,05/04/2021
2010,12,7,5,1546420100425007,7,2,04,we,,,,0,0,201027128704we,154642010042581887,,,645.10194403,,,201027128704we,,0,05/04/2021
2010,12,7,5,1546420100425008,7,2,04,we,,,,0,0,201027128704we,154642010042581887,,,645.10194403,,,201027128704we,,0,05/04/2021
2010,12,7,5,1546420100425009,7,2,04,we,,,,0,0,201027128704we,154642010042581887,,,645.10194403,,,201027128704we,,0,05/04/2021
2010,12,7,5,1546420100425013,7,2,04,we,,,,0,0,201027128704we,154642010042581887,,,645.10194403,,,201027128704we,,0,05/04/2021
2010,12,7,5,1546420100425014,7,2,04,we,,,,0,0,201027128704we,154642010042581887,,,645.10194403,,,201027128704we,,0,05/04/2021
2010,12,7,5,1546420100425016,7,2,04,we,,,,0,0,201027128704we,154642010042581887,,,645.10194403,,,201027128704we,,0,05/04/2021
2010,12,7,5,1546420100425017,7,2,04,we,,,,0,0,201027128704we,154642010042581887,,,645.10194403,,,201027128704we,,0,05/04/2021
2010,12,7,5,1546420100425019,7,2,04,we,8857030302,433,0.5,0,0,201027128704we,154642010042581887,GULF FLOUNDER,,645.10194403,17,43,201027128704we,,0,05/04/2021
2010,12,7,5,1546420100425019,7,2,04,we,8835440102,402,0.51,0,0,201027128704we,154642010042581887,SPOTTED SEATROUT,,645.10194403,15,40,201027128704we,,0,05/04/2021
2010,12,7,5,1546420100425019,7,2,04,we,8835440102,424,0.7,0,0,201027128704we,154642010042581887,SPOTTED SEATROUT,,645.10194403,16,42,201027128704we,,0,05/04/2021
2010,12,7,5,1546420100425020,7,2,04,we,,,,0,0,201027128704we,154642010042581887,,,645.10194403,,,201027128704we,,0,05/04/2021
2010,12,7,5,1546420100425021,7,2,04,we,,,,0,0,201027128704we,154642010042581887,,,645.10194403,,,201027128704we,,0,05/04/2021
2010,12,7,5,1546420100425023,7,2,04,we,,,,0,0,201027128704we,154642010042581887,,,645.10194403,,,201027128704we,,0,05/04/2021
2010,12,7,5,1546420100425024,7,2,04,we,8835440102,453,0.98,0,0,201027128704we,154642010042581887,SPOTTED SEATROUT,,645.10194403,17,45,201027128704we,,0,05/04/2021
2010,12,7,5,1546420100425024,7,2,04,we,8835440102,560,1.5,0,0,201027128704we,154642010042581887,SPOTTED SEATROUT,,645.10194403,22,56,201027128704we,,0,05/04/2021
2010,12,7,5,1546420100425025,7,2,04,we,,,,0,0,201027128704we,154642010042581887,,,645.10194403,,,201027128704we,,0,05/04/2021
2010,12,7,5,1546420100425026,7,2,04,we,8835440102,361,0.42,1,1,201027128704we,154642010042581887,SPOTTED SEATROUT,,645.10194403,14,36,201027128704we,,0,05/04/2021
2010,12,7,5,1546420100425026,7,2,04,we,8835440102,376,0.48,1,1,201027128704we,154642010042581887,SPOTTED SEATROUT,,645.10194403,14,37,201027128704we,,0,05/04/2021
2010,12,7,5,1546420100425026,7,2,04,we,8835440102,411,0.58,1,1,201027128704we,154642010042581887,SPOTTED SEATROUT,,645.10194403,16,41,201027128704we,,0,05/04/2021
2010,12,7,5,1546420100425026,7,2,04,we,8835440102,415,0.56,1,1,201027128704we,154642010042581887,SPOTTED SEATROUT,,645.10194403,16,41,201027128704we,,0,05/04/2021
2010,12,7,5,1546420100425026,7,2,04,we,8835440102,489,1.08,1,1,201027128704we,154642010042581887,SPOTTED SEATROUT,,645.10194403,19,48,201027128704we,,0,05/04/2021
2010,12,7,5,1546420100425027,7,2,04,we,,,,0,0,201027128704we,154642010042581887,,,645.10194403,,,201027128704we,,0,05/04/2021
2010,12,7,5,1546420100425028,7,2,04,we,,,,0,0,201027128704we,154642010042581887,,,645.10194403,,,201027128704we,,0,05/04/2021
2010,12,7,5,1546420100425029,7,2,04,we,,,,0,0,201027128704we,154642010042581887,,,645.10194403,,,201027128704we,,0,05/04/2021
2010,12,7,5,1546420100425030,7,2,04,we,,,,0,0,201027128704we,154642010042581887,,,645.10194403,,,201027128704we,,0,05/04/2021
2010,12,7,5,1546420100425031,7,2,04,we,,,,0,0,201027128704we,154642010042581887,,,645.10194403,,,201027128704we,,0,05/04/2021
2010,12,7,5,1546420100429005,7,2,04,wd,,,,0,0,201027128704wd,154642010042981590,,,2275.3468209,,,201027128704wd,,0,05/04/2021
2010,12,7,5,1546420100429006,7,2,04,wd,,,,0,0,201027128704wd,154642010042981590,,,2275.3468209,,,201027128704wd,,0,05/04/2021
2010,12,7,5,1546420100429007,7,2,04,wd,,,,0,0,201027128704wd,154642010042981590,,,2275.3468209,,,201027128704wd,,0,05/04/2021
2010,12,7,5,1546420100429009,7,2,04,wd,8850030502,397,0.52,0,0,201027128704wd,154642010042981590,SPANISH MACKEREL,,2275.3468209,15,39,201027128704wd,,0,05/04/2021
2010,12,7,5,1546420100429009,7,2,04,wd,8835440102,406,0.59,0,0,201027128704wd,154642010042981590,SPOTTED SEATROUT,,2275.3468209,15,40,201027128704wd,,0,05/04/2021
2010,12,7,5,1546420100429009,7,2,04,wd,8835440102,448,0.72,0,0,201027128704wd,154642010042981590,SPOTTED SEATROUT,,2275.3468209,17,44,201027128704wd,,0,05/04/2021
2010,12,7,5,1546420100429010,7,2,04,wd,,,,0,0,201027128704wd,154642010042981590,,,2275.3468209,,,201027128704wd,,0,05/04/2021
2010,12,7,5,1546620100301003,7,2,03,wd,8835440602,255,0.23,0,0,201027128703wd,154662010030157725,GULF KINGFISH,,1269.9095152,10,25,201027128703wd,,0,05/04/2021
2010,12,7,5,1546620100301003,7,2,03,wd,8835440602,261,0.26,0,0,201027128703wd,154662010030157725,GULF KINGFISH,,1269.9095152,10,26,201027128703wd,,0,05/04/2021
2010,12,7,5,1546620100301003,7,2,03,wd,8835440106,239,0.11,0,0,201027128703wd,154662010030157725,SAND SEATROUT,,1269.9095152,9,23,201027128703wd,,0,05/04/2021
2010,12,7,5,1546620100301003,7,2,03,wd,8835440106,241,0.14,0,0,201027128703wd,154662010030157725,SAND SEATROUT,,1269.9095152,9,24,201027128703wd,,0,05/04/2021
2010,12,7,5,1546620100301003,7,2,03,wd,8835440106,241,0.13,0,0,201027128703wd,154662010030157725,SAND SEATROUT,,1269.9095152,9,24,201027128703wd,,0,05/04/2021
2010,12,7,5,1546620100301003,7,2,03,wd,8835440106,246,0.17,0,0,201027128703wd,154662010030157725,SAND SEATROUT,,1269.9095152,9,24,201027128703wd,,0,05/04/2021
2010,12,7,5,1546620100301003,7,2,03,wd,8835440106,251,0.22,0,0,201027128703wd,154662010030157725,SAND SEATROUT,,1269.9095152,9,25,201027128703wd,,0,05/04/2021
2010,12,7,5,1546620100301003,7,2,03,wd,8835440106,255,0.24,0,0,201027128703wd,154662010030157725,SAND SEATROUT,,1269.9095152,10,25,201027128703wd,,0,05/04/2021
2010,12,7,5,1546620100301003,7,2,03,wd,8835440106,260,0.28,0,0,201027128703wd,154662010030157725,SAND SEATROUT,,1269.9095152,10,26,201027128703wd,,0,05/04/2021
2010,12,7,5,1546620100301003,7,2,03,wd,8835440106,271,0.31,0,0,201027128703wd,154662010030157725,SAND SEATROUT,,1269.9095152,10,27,201027128703wd,,0,05/04/2021
2010,12,7,5,1546620100301003,7,2,03,wd,8835440106,294,0.35,0,0,201027128703wd,154662010030157725,SAND SEATROUT,,1269.9095152,11,29,201027128703wd,,0,05/04/2021
2010,12,7,5,1546620100301010,7,2,03,wd,,,,0,0,201027128703wd,154662010030157725,,,1051.4145449,,,201027128703wd,,0,05/04/2021
2010,12,7,5,1546620100301011,7,2,03,wd,,,,0,0,201027128703wd,154662010030157725,,,1051.4145449,,,201027128703wd,,0,05/04/2021
2010,12,7,5,1546620100301013,7,2,03,wd,8835440102,431,0.89,0,0,201027128703wd,154662010030157725,SPOTTED SEATROUT,,1051.4145449,16,43,201027128703wd,,0,05/04/2021
2010,12,7,5,1546620100301013,7,2,03,wd,8835440102,462,0.97,0,0,201027128703wd,154662010030157725,SPOTTED SEATROUT,,1051.4145449,18,46,201027128703wd,,0,05/04/2021
2010,12,7,5,1546620100301013,7,2,03,wd,8835440102,464,1.22,0,0,201027128703wd,154662010030157725,SPOTTED SEATROUT,,1051.4145449,18,46,201027128703wd,,0,05/04/2021
2010,12,7,5,1546620100301013,7,2,03,wd,8835440102,471,1.26,0,0,201027128703wd,154662010030157725,SPOTTED SEATROUT,,1051.4145449,18,47,201027128703wd,,0,05/04/2021
2010,12,7,5,1546620100301013,7,2,03,wd,8835440102,477,1.17,0,0,201027128703wd,154662010030157725,SPOTTED SEATROUT,,1051.4145449,18,47,201027128703wd,,0,05/04/2021
2010,12,7,5,1546620100301013,7,2,03,wd,8835440102,489,1.08,0,0,201027128703wd,154662010030157725,SPOTTED SEATROUT,,1051.4145449,19,48,201027128703wd,,0,05/04/2021
2010,12,7,5,1546620100301013,7,2,03,wd,8835440102,529,1.28,0,0,201027128703wd,154662010030157725,SPOTTED SEATROUT,,1051.4145449,20,52,201027128703wd,,0,05/04/2021
2010,12,7,5,1546620100301014,7,2,03,wd,,,,0,0,201027128703wd,154662010030157725,,,1051.4145449,,,201027128703wd,,0,05/04/2021
2010,12,7,5,1546620100301015,7,2,03,wd,,,,0,0,201027128703wd,154662010030157725,,,1051.4145449,,,201027128703wd,,0,05/04/2021
2010,12,7,5,1546620100301017,7,2,03,wd,8835440901,446,0.99,0,0,201027128703wd,154662010030157725,RED DRUM,,1051.4145449,17,44,201027128703wd,,0,05/04/2021
2010,12,7,5,1546620100301017,7,2,03,wd,8835440102,411,0.58,0,0,201027128703wd,154662010030157725,SPOTTED SEATROUT,,1051.4145449,16,41,201027128703wd,,0,05/04/2021
2010,12,7,5,1546620100301018,7,2,03,wd,,,,0,0,201027128703wd,154662010030157725,,,1269.9095152,,,201027128703wd,,0,05/04/2021
2010,12,7,5,1546620100307003,7,2,03,we,8835430301,270,0.41,0,0,201027128703we,1546620100307115776,SHEEPSHEAD,,629.14387406,10,27,201027128703we,,0,05/04/2021
2010,12,7,5,1546620100307003,7,2,03,we,8835430301,291,0.54,0,0,201027128703we,1546620100307115776,SHEEPSHEAD,,629.14387406,11,29,201027128703we,,0,05/04/2021
2010,12,7,5,1546620100307003,7,2,03,we,8835430301,293,0.51,0,0,201027128703we,1546620100307115776,SHEEPSHEAD,,629.14387406,11,29,201027128703we,,0,05/04/2021
2010,12,7,5,1546620100307003,7,2,03,we,8835430301,299,0.48,0,0,201027128703we,1546620100307115776,SHEEPSHEAD,,629.14387406,11,29,201027128703we,,0,05/04/2021
2010,12,7,5,1546620100307003,7,2,03,we,8835430301,301,0.59,0,0,201027128703we,1546620100307115776,SHEEPSHEAD,,629.14387406,11,30,201027128703we,,0,05/04/2021
2010,12,7,5,1546620100307003,7,2,03,we,8835430301,314,0.64,0,0,201027128703we,1546620100307115776,SHEEPSHEAD,,629.14387406,12,31,201027128703we,,0,05/04/2021
2010,12,7,5,1546620100307003,7,2,03,we,8835430301,321,0.66,0,0,201027128703we,1546620100307115776,SHEEPSHEAD,,629.14387406,12,32,201027128703we,,0,05/04/2021
2010,12,7,5,1546620100307003,7,2,03,we,8835430301,351,0.98,0,0,201027128703we,1546620100307115776,SHEEPSHEAD,,629.14387406,13,35,201027128703we,,0,05/04/2021
2010,12,7,5,1546620100307003,7,2,03,we,8835430301,352,0.94,0,0,201027128703we,1546620100307115776,SHEEPSHEAD,,629.14387406,13,35,201027128703we,,0,05/04/2021
2010,12,7,5,1546620100307004,7,2,03,we,8835440102,361,0.42,0,0,201027128703we,1546620100307115776,SPOTTED SEATROUT,,520.89618363,14,36,201027128703we,,0,05/04/2021
2010,12,7,5,1546620100307004,7,2,03,we,8835440102,363,0.46,0,0,201027128703we,1546620100307115776,SPOTTED SEATROUT,,520.89618363,14,36,201027128703we,,0,05/04/2021
2010,12,7,5,1546620100307004,7,2,03,we,8835440102,376,0.48,0,0,201027128703we,1546620100307115776,SPOTTED SEATROUT,,520.89618363,14,37,201027128703we,,0,05/04/2021
2010,12,7,5,1546620100307004,7,2,03,we,8835440102,402,0.5,0,0,201027128703we,1546620100307115776,SPOTTED SEATROUT,,520.89618363,15,40,201027128703we,,0,05/04/2021
2010,12,7,5,1546620100307004,7,2,03,we,8835440102,415,0.56,0,0,201027128703we,1546620100307115776,SPOTTED SEATROUT,,520.89618363,16,41,201027128703we,,0,05/04/2021
2010,12,7,5,1546620100307012,7,2,03,we,,,,0,0,201027128703we,1546620100307115776,,,520.89618363,,,201027128703we,,0,05/04/2021
2010,12,7,5,1546620100307016,7,2,03,we,,,,0,0,201027128703we,1546620100307115776,,,520.89618363,,,201027128703we,,0,05/04/2021
2010,12,7,5,1546620100307017,7,2,03,we,,,,0,0,201027128703we,1546620100307115776,,,520.89618363,,,201027128703we,,0,05/04/2021
2010,12,7,5,1546620100307021,7,2,03,we,,,,0,0,201027128703we,1546620100307115776,,,520.89618363,,,201027128703we,,0,05/04/2021
2010,12,7,5,1546620100307023,7,2,03,we,,,,0,0,201027128703we,1546620100307115776,,,520.89618363,,,201027128703we,,0,05/04/2021
2010,12,7,5,1546620100307024,7,2,03,we,,,,0,0,201027128703we,1546620100307115776,,,520.89618363,,,201027128703we,,0,05/04/2021
2010,12,7,5,1546620100307025,7,2,03,we,,,,0,0,201027128703we,1546620100307115776,,,520.89618363,,,201027128703we,,0,05/04/2021
2010,12,7,5,1546620100307026,7,2,03,we,8835440102,498,1.08,0,0,201027128703we,1546620100307115776,SPOTTED SEATROUT,,520.89618363,19,49,201027128703we,,0,05/04/2021
2010,12,7,5,1546620100307027,7,2,03,we,,,,0,0,201027128703we,1546620100307115776,,,520.89618363,,,201027128703we,,0,05/04/2021
2010,12,7,5,1546620100307028,7,2,03,we,8835440102,411,0.62,0,0,201027128703we,1546620100307115776,SPOTTED SEATROUT,,520.89618363,16,41,201027128703we,,0,05/04/2021
2010,12,7,5,1546620100307028,7,2,03,we,8835440102,441,0.75,0,0,201027128703we,1546620100307115776,SPOTTED SEATROUT,,520.89618363,17,44,201027128703we,,0,05/04/2021
2010,12,7,5,1546620100308001,7,2,03,wd,,,,0,0,201027128703wd,1546620100308103767,,,956.80192035,,,201027128703wd,,0,05/04/2021
2010,12,7,5,1546620100308002,7,2,03,wd,,,,0,0,201027128703wd,1546620100308103767,,,956.80192035,,,201027128703wd,,0,05/04/2021
2010,12,7,5,1546620100308003,7,2,03,wd,8835440602,291,0.27,0,0,201027128703wd,1546620100308103767,GULF KINGFISH,,956.80192035,11,29,201027128703wd,,0,05/04/2021
2010,12,7,5,1546620100308003,7,2,03,wd,8835440602,303,0.48,0,0,201027128703wd,1546620100308103767,GULF KINGFISH,,956.80192035,11,30,201027128703wd,,0,05/04/2021
2010,12,7,5,1546620100308003,7,2,03,wd,8835430301,302,0.62,0,0,201027128703wd,1546620100308103767,SHEEPSHEAD,,956.80192035,11,30,201027128703wd,,0,05/04/2021
2010,12,7,5,1546620100308003,7,2,03,wd,8835430301,325,0.74,0,0,201027128703wd,1546620100308103767,SHEEPSHEAD,,956.80192035,12,32,201027128703wd,,0,05/04/2021
2010,12,7,5,1546620100308003,7,2,03,wd,8835430301,341,0.76,0,0,201027128703wd,1546620100308103767,SHEEPSHEAD,,956.80192035,13,34,201027128703wd,,0,05/04/2021
2010,12,7,5,1546620100308003,7,2,03,wd,8835430301,344,1.04,0,0,201027128703wd,1546620100308103767,SHEEPSHEAD,,956.80192035,13,34,201027128703wd,,0,05/04/2021
2010,12,7,5,1546620100308003,7,2,03,wd,8835430301,371,1.05,0,0,201027128703wd,1546620100308103767,SHEEPSHEAD,,956.80192035,14,37,201027128703wd,,0,05/04/2021
2010,12,7,5,1546620100308003,7,2,03,wd,8835430301,374,1.48,0,0,201027128703wd,1546620100308103767,SHEEPSHEAD,,956.80192035,14,37,201027128703wd,,0,05/04/2021
2010,12,7,5,1546620100308003,7,2,03,wd,8835430301,404,1.49,0,0,201027128703wd,1546620100308103767,SHEEPSHEAD,,956.80192035,15,40,201027128703wd,,0,05/04/2021
2010,12,7,5,1546620100308003,7,2,03,wd,8835430301,422,2.03,0,0,201027128703wd,1546620100308103767,SHEEPSHEAD,,956.80192035,16,42,201027128703wd,,0,05/04/2021
2010,12,7,5,1546620100308004,7,2,03,wd,,,,0,0,201027128703wd,1546620100308103767,,,956.80192035,,,201027128703wd,,0,05/04/2021
2010,12,7,5,1546620100308005,7,2,03,wd,,,,0,0,201027128703wd,1546620100308103767,,,956.80192035,,,201027128703wd,,0,05/04/2021
2010,12,7,5,1546620100308006,7,2,03,wd,,,,0,0,201027128703wd,1546620100308103767,,,956.80192035,,,201027128703wd,,0,05/04/2021
2010,12,7,5,1546620100308007,7,2,03,wd,,,,0,0,201027128703wd,1546620100308103767,,,956.80192035,,,201027128703wd,,0,05/04/2021
2010,12,7,5,1546620100308008,7,2,03,wd,,,,0,0,201027128703wd,1546620100308103767,,,956.80192035,,,201027128703wd,,0,05/04/2021
2010,12,7,5,1546620100308009,7,2,03,wd,8835430301,371,1.05,1,1,201027128703wd,1546620100308103767,SHEEPSHEAD,,956.80192035,14,37,201027128703wd,,0,05/04/2021
2010,12,7,5,1546620100308009,7,2,03,wd,8835430301,404,1.49,1,1,201027128703wd,1546620100308103767,SHEEPSHEAD,,956.80192035,15,40,201027128703wd,,0,05/04/2021
2010,12,7,5,1546620100308009,7,2,03,wd,8835400102,246,0.3,1,1,201027128703wd,1546620100308103767,WHITE GRUNT,,956.80192035,9,24,201027128703wd,,0,05/04/2021
2010,12,7,5,1546620100308009,7,2,03,wd,8835400102,246,0.3,1,1,201027128703wd,1546620100308103767,WHITE GRUNT,,956.80192035,9,24,201027128703wd,,0,05/04/2021
2010,12,7,5,1546620100308009,7,2,03,wd,8835400102,251,0.35,1,1,201027128703wd,1546620100308103767,WHITE GRUNT,,956.80192035,9,25,201027128703wd,,0,05/04/2021
2010,12,7,5,1546620100308009,7,2,03,wd,8835400102,314,0.59,1,1,201027128703wd,1546620100308103767,WHITE GRUNT,,956.80192035,12,31,201027128703wd,,0,05/04/2021
2010,12,7,5,1546620100308009,7,2,03,wd,8835400102,314,0.59,1,1,201027128703wd,1546620100308103767,WHITE GRUNT,,956.80192035,12,31,201027128703wd,,0,05/04/2021
2010,12,7,5,1546620100308010,7,2,03,wd,,,,0,0,201027128703wd,1546620100308103767,,,956.80192035,,,201027128703wd,,0,05/04/2021
2010,12,7,5,1546620100308011,7,2,03,wd,,,,0,0,201027128703wd,1546620100308103767,,,1634.4796148,,,201027128703wd,,0,05/04/2021
2010,12,7,5,1546620100308014,7,2,03,wd,8835440901,464,1.04,0,0,201027128703wd,1546620100308103767,RED DRUM,,956.80192035,18,46,201027128703wd,,0,05/04/2021
2010,12,7,5,1546620100308015,7,2,03,wd,,,,0,0,201027128703wd,1546620100308103767,,,1634.4796148,,,201027128703wd,,0,05/04/2021
2010,12,7,5,1546620100313002,7,2,03,we,,,,0,0,201027128703we,1546620100313115776,,,1489.1322912,,,201027128703we,,0,05/04/2021
2010,12,7,5,1546620100313003,7,2,03,we,,,,0,0,201027128703we,1546620100313115776,,,386.63337486,,,201027128703we,,0,05/04/2021
2010,12,7,5,1546620100313004,7,2,03,we,,,,0,0,201027128703we,1546620100313115776,,,386.63337486,,,201027128703we,,0,05/04/2021
2010,12,7,5,1546620100313007,7,2,03,we,,,,0,0,201027128703we,1546620100313115776,,,386.63337486,,,201027128703we,,0,05/04/2021
2010,12,7,5,1546620100313008,7,2,03,we,,,,0,0,201027128703we,1546620100313115776,,,386.63337486,,,201027128703we,,0,05/04/2021
2010,12,7,5,1546620100313009,7,2,03,we,,,,0,0,201027128703we,1546620100313115776,,,386.63337486,,,201027128703we,,0,05/04/2021
2010,12,7,5,1546620100313010,7,2,03,we,,,,0,0,201027128703we,1546620100313115776,,,386.63337486,,,201027128703we,,0,05/04/2021
2010,12,7,5,1546620100313011,7,2,03,we,,,,0,0,201027128703we,1546620100313115776,,,386.63337486,,,201027128703we,,0,05/04/2021
2010,12,7,5,1546620100313012,7,2,03,we,,,,0,0,201027128703we,1546620100313115776,,,386.63337486,,,201027128703we,,0,05/04/2021
2010,12,7,5,1546620100313013,7,2,03,we,,,,0,0,201027128703we,1546620100313115776,,,466.9798454,,,201027128703we,,0,05/04/2021
2010,12,7,5,1546620100313014,7,2,03,we,8835440102,379,0.62,0,0,201027128703we,1546620100313115776,SPOTTED SEATROUT,,386.63337486,14,37,201027128703we,,0,05/04/2021
2010,12,7,5,1546620100313014,7,2,03,we,8835440102,431,0.76,0,0,201027128703we,1546620100313115776,SPOTTED SEATROUT,,386.63337486,16,43,201027128703we,,0,05/04/2021
2010,12,7,5,1546620100313014,7,2,03,we,8835430301,328,0.63,0,0,201027128703we,1546620100313115776,SHEEPSHEAD,,386.63337486,12,32,201027128703we,,0,05/04/2021
2010,12,7,5,1546620100313015,7,2,03,we,,,,0,0,201027128703we,1546620100313115776,,,386.63337486,,,201027128703we,,0,05/04/2021
2010,12,7,5,1546620100313017,7,2,03,we,,,,0,0,201027128703we,1546620100313115776,,,386.63337486,,,201027128703we,,0,05/04/2021
2010,12,7,5,1546620100313018,7,2,03,we,,,,0,0,201027128703we,1546620100313115776,,,386.63337486,,,201027128703we,,0,05/04/2021
2010,12,7,5,1546620100313019,7,2,03,we,,,,0,0,201027128703we,1546620100313115776,,,466.9798454,,,201027128703we,,0,05/04/2021
2010,12,7,5,1546620100313020,7,2,03,we,,,,0,0,201027128703we,1546620100313115776,,,466.9798454,,,201027128703we,,0,05/04/2021
2010,12,7,5,1546620100313022,7,2,03,we,,,,0,0,201027128703we,1546620100313115776,,,386.63337486,,,201027128703we,,0,05/04/2021
2010,12,7,5,1546620100313023,7,2,03,we,,,,0,0,201027128703we,1546620100313115776,,,570.38319425,,,201027128703we,,0,05/04/2021
2010,12,7,5,1546620100313024,7,2,03,we,,,,0,0,201027128703we,1546620100313115776,,,570.38319425,,,201027128703we,,0,05/04/2021
2010,12,7,5,1546620100326001,7,2,03,wd,,,,0,0,201027128703wd,1546620100326115776,,,1356.2019677,,,201027128703wd,,0,05/04/2021
2010,12,7,5,1546620100326002,7,2,03,wd,,,,0,0,201027128703wd,1546620100326115776,,,1356.2019677,,,201027128703wd,,0,05/04/2021
2010,12,7,5,1546620100326003,7,2,03,wd,,,,0,0,201027128703wd,1546620100326115776,,,1356.2019677,,,201027128703wd,,0,05/04/2021
2010,12,7,5,1546620100326004,7,2,03,wd,,,,0,0,201027128703wd,1546620100326115776,,,1356.2019677,,,201027128703wd,,0,05/04/2021
2010,12,7,5,1546620100326005,7,2,03,wd,8835430301,290,0.56,0,0,201027128703wd,1546620100326115776,SHEEPSHEAD,,1356.2019677,11,29,201027128703wd,,0,05/04/2021
2010,12,7,5,1546620100326005,7,2,03,wd,8835430301,292,0.58,0,0,201027128703wd,1546620100326115776,SHEEPSHEAD,,1356.2019677,11,29,201027128703wd,,0,05/04/2021
2010,12,7,5,1546620100326005,7,2,03,wd,8835430301,305,0.79,0,0,201027128703wd,1546620100326115776,SHEEPSHEAD,,1356.2019677,12,30,201027128703wd,,0,05/04/2021
2010,12,7,5,1546620100326005,7,2,03,wd,8835430301,361,1.43,0,0,201027128703wd,1546620100326115776,SHEEPSHEAD,,1356.2019677,14,36,201027128703wd,,0,05/04/2021
2010,12,7,5,1546620100326006,7,2,03,wd,,,,0,0,201027128703wd,1546620100326115776,,,1356.2019677,,,201027128703wd,,0,05/04/2021
2010,12,7,5,1546620100326007,7,2,03,wd,,,,0,0,201027128703wd,1546620100326115776,,,1356.2019677,,,201027128703wd,,0,05/04/2021
2010,12,7,5,1546620100326008,7,2,03,wd,8835440102,411,0.62,1,1,201027128703wd,1546620100326115776,SPOTTED SEATROUT,,1356.2019677,16,41,201027128703wd,,0,05/04/2021
2010,12,7,5,1546620100326008,7,2,03,wd,8835440102,431,0.76,1,1,201027128703wd,1546620100326115776,SPOTTED SEATROUT,,1356.2019677,16,43,201027128703wd,,0,05/04/2021
2010,12,7,5,1546620100326008,7,2,03,wd,8835440102,498,1.08,1,1,201027128703wd,1546620100326115776,SPOTTED SEATROUT,,1356.2019677,19,49,201027128703wd,,0,05/04/2021
2010,12,7,5,1546620100326008,7,2,03,wd,8835440102,529,1.12,1,1,201027128703wd,1546620100326115776,SPOTTED SEATROUT,,1356.2019677,20,52,201027128703wd,,0,05/04/2021
2010,12,7,5,1546620100326008,7,2,03,wd,8835430301,302,0.62,1,1,201027128703wd,1546620100326115776,SHEEPSHEAD,,1356.2019677,11,30,201027128703wd,,0,05/04/2021
2010,12,7,5,1546620100326008,7,2,03,wd,8835430301,325,0.74,1,1,201027128703wd,1546620100326115776,SHEEPSHEAD,,1356.2019677,12,32,201027128703wd,,0,05/04/2021
2010,12,7,5,1546620100326008,7,2,03,wd,8835430301,328,0.63,1,1,201027128703wd,1546620100326115776,SHEEPSHEAD,,1356.2019677,12,32,201027128703wd,,0,05/04/2021
2010,12,7,5,1546620100326009,7,2,03,wd,,,,0,0,201027128703wd,1546620100326115776,,,1638.0349613,,,201027128703wd,,0,05/04/2021
2010,12,7,5,1546620100326010,7,2,03,wd,,,,0,0,201027128703wd,1546620100326115776,,,1356.2019677,,,201027128703wd,,0,05/04/2021
2010,12,7,5,1546620100326011,7,2,03,wd,,,,0,0,201027128703wd,1546620100326115776,,,1356.2019677,,,201027128703wd,,0,05/04/2021
2010,12,7,5,1546620100326012,7,2,03,wd,,,,0,0,201027128703wd,1546620100326115776,,,1356.2019677,,,201027128703wd,,0,05/04/2021
2010,12,7,5,1546620100326014,7,2,03,wd,8835440102,559,1.55,0,0,201027128703wd,1546620100326115776,SPOTTED SEATROUT,,1356.2019677,22,55,201027128703wd,,0,05/04/2021
2010,12,7,5,1546620100326014,7,2,03,wd,8835440102,581,1.58,0,0,201027128703wd,1546620100326115776,SPOTTED SEATROUT,,1356.2019677,22,58,201027128703wd,,0,05/04/2021
2010,12,7,5,1546620100326015,7,2,03,wd,,,,0,0,201027128703wd,1546620100326115776,,,1356.2019677,,,201027128703wd,,0,05/04/2021
2010,12,7,5,1546620100326016,7,2,03,wd,8835440102,372,0.62,1,1,201027128703wd,1546620100326115776,SPOTTED SEATROUT,,2293.2489458,14,37,201027128703wd,,0,05/04/2021
2010,12,7,5,1546620100326016,7,2,03,wd,8835440102,411,0.65,1,1,201027128703wd,1546620100326115776,SPOTTED SEATROUT,,2293.2489458,16,41,201027128703wd,,0,05/04/2021
2010,12,7,5,1546620100326016,7,2,03,wd,8835440102,494,1.51,1,1,201027128703wd,1546620100326115776,SPOTTED SEATROUT,,2293.2489458,19,49,201027128703wd,,0,05/04/2021
2010,12,7,5,1546620100326016,7,2,03,wd,8835440102,581,1.58,1,1,201027128703wd,1546620100326115776,SPOTTED SEATROUT,,2293.2489458,22,58,201027128703wd,,0,05/04/2021
2010,12,7,5,1546620100326016,7,2,03,wd,8835440102,581,2.04,1,1,201027128703wd,1546620100326115776,SPOTTED SEATROUT,,2293.2489458,22,58,201027128703wd,,0,05/04/2021
2010,12,7,5,1546620100326017,7,2,03,wd,,,,0,0,201027128703wd,1546620100326115776,,,1638.0349613,,,201027128703wd,,0,05/04/2021
2010,12,7,5,1546620100326018,7,2,03,wd,,,,0,0,201027128703wd,1546620100326115776,,,1356.2019677,,,201027128703wd,,0,05/04/2021
2010,12,7,5,1546620100326019,7,2,03,wd,,,,0,0,201027128703wd,1546620100326115776,,,1638.0349613,,,201027128703wd,,0,05/04/2021
2010,12,7,5,1546620100326020,7,2,03,wd,,,,0,0,201027128703wd,1546620100326115776,,,1638.0349613,,,201027128703wd,,0,05/04/2021
2010,12,7,5,1546620100326021,7,2,03,wd,,,,0,0,201027128703wd,1546620100326115776,,,1356.2019677,,,201027128703wd,,0,05/04/2021
2010,12,7,5,1546620100326022,7,2,03,wd,8850030502,411,0.63,1,1,201027128703wd,1546620100326115776,SPANISH MACKEREL,,1356.2019677,16,41,201027128703wd,,0,05/04/2021
2010,12,7,5,1546620100326023,7,2,03,wd,8835440102,372,0.62,0,0,201027128703wd,1546620100326115776,SPOTTED SEATROUT,,1356.2019677,14,37,201027128703wd,,0,05/04/2021
2010,12,7,5,1546620100326023,7,2,03,wd,8835440102,381,0.74,0,0,201027128703wd,1546620100326115776,SPOTTED SEATROUT,,1356.2019677,14,38,201027128703wd,,0,05/04/2021
2010,12,7,5,1546620100326023,7,2,03,wd,8835440102,494,1.51,0,0,201027128703wd,1546620100326115776,SPOTTED SEATROUT,,1356.2019677,19,49,201027128703wd,,0,05/04/2021
2010,12,7,5,1546620100326024,7,2,03,wd,,,,0,0,201027128703wd,1546620100326115776,,,1356.2019677,,,201027128703wd,,0,05/04/2021
2010,12,7,5,1546620100326026,7,2,03,wd,,,,0,0,201027128703wd,1546620100326115776,,,1356.2019677,,,201027128703wd,,0,05/04/2021
2010,12,7,5,1546620100326028,7,2,03,wd,,,,0,0,201027128703wd,1546620100326115776,,,1356.2019677,,,201027128703wd,,0,05/04/2021
2010,12,7,5,1546620100327008,7,2,03,we,,,,0,0,201027128703we,15466201003271151618,,,452.61542474,,,201027128703we,,0,05/04/2021
2010,12,7,3,1546620100327009,7,2,03,we,,,,0,0,201027128703we,15466201003271151618,,,577.41987354,,,201027128703we,,0,05/04/2021
2010,12,7,5,1546620100327013,7,2,03,we,,,,0,0,201027128703we,15466201003271151618,,,374.74043239,,,201027128703we,,0,05/04/2021
2010,12,7,3,1546620100327017,7,2,03,we,,,,0,0,201027128703we,15466201003271151618,,,577.41987354,,,201027128703we,,0,05/04/2021
2010,12,7,3,1546620100327018,7,2,03,we,,,,0,0,201027128703we,15466201003271151618,,,577.41987354,,,201027128703we,,0,05/04/2021
2010,12,7,5,1546620100328002,7,2,03,we,8835440102,354,0.52,1,1,201027128703we,154662010032881590,SPOTTED SEATROUT,,7662.3072217,13,35,201027128703we,,0,05/04/2021
2010,12,7,5,1546620100328002,7,2,03,we,8835440102,401,0.77,1,1,201027128703we,154662010032881590,SPOTTED SEATROUT,,7662.3072217,15,40,201027128703we,,0,05/04/2021
2010,12,7,5,1546620100328003,7,2,03,we,,,,0,0,201027128703we,154662010032881590,,,7662.3072217,,,201027128703we,,0,05/04/2021
2010,12,7,5,1546620100328004,7,2,03,we,8835440901,451,1.03,0,0,201027128703we,154662010032881590,RED DRUM,,8458.6197299,17,45,201027128703we,,0,05/04/2021
2010,12,7,5,1546620100328004,7,2,03,we,8835440901,459,1.37,0,0,201027128703we,154662010032881590,RED DRUM,,8458.6197299,18,45,201027128703we,,0,05/04/2021
2010,12,7,5,1546620100328004,7,2,03,we,8835440102,401,0.77,0,0,201027128703we,154662010032881590,SPOTTED SEATROUT,,8458.6197299,15,40,201027128703we,,0,05/04/2021
2010,12,7,5,1546620100328004,7,2,03,we,8835440102,421,0.72,1,1,201027128703we,154662010032881590,SPOTTED SEATROUT,,8458.6197299,16,42,201027128703we,,0,05/04/2021
2010,12,7,5,1546620100328004,7,2,03,we,8835440102,581,2.04,0,0,201027128703we,154662010032881590,SPOTTED SEATROUT,,8458.6197299,22,58,201027128703we,,0,05/04/2021
2010,12,7,5,1546620100328004,7,2,03,we,8835430301,298,0.58,0,0,201027128703we,154662010032881590,SHEEPSHEAD,,8458.6197299,11,29,201027128703we,,0,05/04/2021
2010,12,7,5,1546620100328004,7,2,03,we,8835430301,301,0.52,0,0,201027128703we,154662010032881590,SHEEPSHEAD,,8458.6197299,11,30,201027128703we,,0,05/04/2021
2010,12,7,5,1546620100328004,7,2,03,we,8835430301,324,0.76,0,0,201027128703we,154662010032881590,SHEEPSHEAD,,8458.6197299,12,32,201027128703we,,0,05/04/2021
2010,12,7,5,1546620100328004,7,2,03,we,8835430301,341,0.98,0,0,201027128703we,154662010032881590,SHEEPSHEAD,,8458.6197299,13,34,201027128703we,,0,05/04/2021
2010,12,7,5,1546620100328006,7,2,03,we,,,,0,0,201027128703we,154662010032881590,,,8458.6197299,,,201027128703we,,0,05/04/2021
2010,12,7,5,1546620100402001,7,2,04,wd,8835440102,449,0.72,0,0,201027128704wd,154662010040281590,SPOTTED SEATROUT,,2236.2052013,17,44,201027128704wd,,0,05/04/2021
2010,12,7,5,1546620100402001,7,2,04,wd,8835440102,471,0.77,0,0,201027128704wd,154662010040281590,SPOTTED SEATROUT,,2236.2052013,18,47,201027128704wd,,0,05/04/2021
2010,12,7,5,1546620100402003,7,2,04,wd,8835430301,292,0.58,1,1,201027128704wd,154662010040281590,SHEEPSHEAD,,6482.1890325,11,29,201027128704wd,,0,05/04/2021
2010,12,7,5,1546620100402003,7,2,04,wd,8835430301,298,0.58,1,1,201027128704wd,154662010040281590,SHEEPSHEAD,,6482.1890325,11,29,201027128704wd,,0,05/04/2021
2010,12,7,5,1546620100402003,7,2,04,wd,8835430301,331,0.82,1,1,201027128704wd,154662010040281590,SHEEPSHEAD,,6482.1890325,13,33,201027128704wd,,0,05/04/2021
2010,12,7,5,1546620100402003,7,2,04,wd,8835430301,341,0.98,1,1,201027128704wd,154662010040281590,SHEEPSHEAD,,6482.1890325,13,34,201027128704wd,,0,05/04/2021
2010,12,7,5,1546620100402003,7,2,04,wd,8835430301,372,1.33,1,1,201027128704wd,154662010040281590,SHEEPSHEAD,,6482.1890325,14,37,201027128704wd,,0,05/04/2021
2010,12,7,5,1546620100402004,7,2,04,wd,,,,0,0,201027128704wd,154662010040281590,,,2700.9120969,,,201027128704wd,,0,05/04/2021
2010,12,7,5,1546620100402005,7,2,04,wd,8835430301,304,0.64,0,0,201027128704wd,154662010040281590,SHEEPSHEAD,,2700.9120969,11,30,201027128704wd,,0,05/04/2021
2010,12,7,5,1546620100402005,7,2,04,wd,8835430301,311,0.52,0,0,201027128704wd,154662010040281590,SHEEPSHEAD,,2700.9120969,12,31,201027128704wd,,0,05/04/2021
2010,12,7,5,1546620100402005,7,2,04,wd,8835430301,313,0.68,0,0,201027128704wd,154662010040281590,SHEEPSHEAD,,2700.9120969,12,31,201027128704wd,,0,05/04/2021
2010,12,7,5,1546620100402005,7,2,04,wd,8835430301,331,0.82,0,0,201027128704wd,154662010040281590,SHEEPSHEAD,,2700.9120969,13,33,201027128704wd,,0,05/04/2021
2010,12,7,5,1546620100402005,7,2,04,wd,8835430301,351,1.27,0,0,201027128704wd,154662010040281590,SHEEPSHEAD,,2700.9120969,13,35,201027128704wd,,0,05/04/2021
2010,12,7,5,1546620100402005,7,2,04,wd,8835430301,372,1.33,0,0,201027128704wd,154662010040281590,SHEEPSHEAD,,2700.9120969,14,37,201027128704wd,,0,05/04/2021
2010,12,7,5,1546620100402006,7,2,04,wd,,,,0,0,201027128704wd,154662010040281590,,,2700.9120969,,,201027128704wd,,0,05/04/2021
2010,12,7,5,1546620100402007,7,2,04,wd,,,,0,0,201027128704wd,154662010040281590,,,2236.2052013,,,201027128704wd,,0,05/04/2021
2010,12,7,5,1546620100402008,7,2,04,wd,,,,0,0,201027128704wd,154662010040281590,,,2236.2052013,,,201027128704wd,,0,05/04/2021
2010,12,7,5,1546620100402010,7,2,04,wd,,,,0,0,201027128704wd,154662010040281590,,,2236.2052013,,,201027128704wd,,0,05/04/2021
2010,12,7,5,1546620100402011,7,2,04,wd,,,,0,0,201027128704wd,154662010040281590,,,5871.2429263,,,201027128704wd,,0,05/04/2021
2010,12,7,3,1546620100402012,7,2,04,wd,8839010901,301,0.72,0,0,201027128704wd,154662010040281590,HOGFISH,,3445.663219,11,30,201027128704wd,,0,05/04/2021
2010,12,7,3,1546620100402012,7,2,04,wd,8839010901,320,0.74,0,0,201027128704wd,154662010040281590,HOGFISH,,3445.663219,12,32,201027128704wd,,0,05/04/2021
2010,12,7,3,1546620100402012,7,2,04,wd,8839010901,323,0.74,0,0,201027128704wd,154662010040281590,HOGFISH,,3445.663219,12,32,201027128704wd,,0,05/04/2021
2010,12,7,3,1546620100402012,7,2,04,wd,8839010901,405,1.25,0,0,201027128704wd,154662010040281590,HOGFISH,,3445.663219,15,40,201027128704wd,,0,05/04/2021
2010,12,7,3,1546620100402012,7,2,04,wd,8835430301,395,1.48,0,0,201027128704wd,154662010040281590,SHEEPSHEAD,,3445.663219,15,39,201027128704wd,,0,05/04/2021
2010,12,7,3,1546620100402013,7,2,04,wd,,,,0,0,201027128704wd,154662010040281590,,,3445.663219,,,201027128704wd,,0,05/04/2021
2010,12,7,3,1546620100402014,7,2,04,wd,,,,0,0,201027128704wd,154662010040281590,,,3445.663219,,,201027128704wd,,0,05/04/2021
2010,12,7,5,1546620100402016,7,2,04,wd,,,,0,0,201027128704wd,154662010040281590,,,2236.2052013,,,201027128704wd,,0,05/04/2021
2010,12,7,5,1546620100402017,7,2,04,wd,,,,0,0,201027128704wd,154662010040281590,,,2236.2052013,,,201027128704wd,,0,05/04/2021
2010,12,7,3,1546620100402018,7,2,04,wd,8850030502,409,0.61,0,0,201027128704wd,154662010040281590,SPANISH MACKEREL,,3445.663219,16,40,201027128704wd,,0,05/04/2021
2010,12,7,3,1546620100402018,7,2,04,wd,8835430301,291,0.73,0,0,201027128704wd,154662010040281590,SHEEPSHEAD,,3445.663219,11,29,201027128704wd,,0,05/04/2021
2010,12,7,3,1546620100402018,7,2,04,wd,8835430301,304,0.74,0,0,201027128704wd,154662010040281590,SHEEPSHEAD,,3445.663219,11,30,201027128704wd,,0,05/04/2021
2010,12,7,3,1546620100402018,7,2,04,wd,8835430301,307,0.76,0,0,201027128704wd,154662010040281590,SHEEPSHEAD,,3445.663219,12,30,201027128704wd,,0,05/04/2021
2010,12,7,3,1546620100402018,7,2,04,wd,8835430301,321,0.85,0,0,201027128704wd,154662010040281590,SHEEPSHEAD,,3445.663219,12,32,201027128704wd,,0,05/04/2021
2010,12,7,3,1546620100402018,7,2,04,wd,8835430301,331,1.03,0,0,201027128704wd,154662010040281590,SHEEPSHEAD,,3445.663219,13,33,201027128704wd,,0,05/04/2021
2010,12,7,3,1546620100402018,7,2,04,wd,8835430301,341,0.98,0,0,201027128704wd,154662010040281590,SHEEPSHEAD,,3445.663219,13,34,201027128704wd,,0,05/04/2021
2010,12,7,3,1546620100402018,7,2,04,wd,8835430301,350,1.06,0,0,201027128704wd,154662010040281590,SHEEPSHEAD,,3445.663219,13,35,201027128704wd,,0,05/04/2021
2010,12,7,3,1546620100402019,7,2,04,wd,,,,0,0,201027128704wd,154662010040281590,,,3445.663219,,,201027128704wd,,0,05/04/2021
2010,12,7,5,1546620100402021,7,2,04,wd,,,,0,0,201027128704wd,154662010040281590,,,2236.2052013,,,201027128704wd,,0,05/04/2021
2010,12,7,5,1546620100402022,7,2,04,wd,,,,0,0,201027128704wd,154662010040281590,,,2236.2052013,,,201027128704wd,,0,05/04/2021
2010,12,7,3,1546620100402023,7,2,04,wd,8850030502,379,0.46,0,0,201027128704wd,154662010040281590,SPANISH MACKEREL,,3445.663219,14,37,201027128704wd,,0,05/04/2021
2010,12,7,3,1546620100402023,7,2,04,wd,8850030502,388,0.49,0,0,201027128704wd,154662010040281590,SPANISH MACKEREL,,3445.663219,15,38,201027128704wd,,0,05/04/2021
2010,12,7,3,1546620100402023,7,2,04,wd,8850030502,394,0.52,0,0,201027128704wd,154662010040281590,SPANISH MACKEREL,,3445.663219,15,39,201027128704wd,,0,05/04/2021
2010,12,7,3,1546620100402023,7,2,04,wd,8850030502,464,0.74,0,0,201027128704wd,154662010040281590,SPANISH MACKEREL,,3445.663219,18,46,201027128704wd,,0,05/04/2021
2010,12,7,3,1546620100402023,7,2,04,wd,8850030502,490,1.06,0,0,201027128704wd,154662010040281590,SPANISH MACKEREL,,3445.663219,19,49,201027128704wd,,0,05/04/2021
2010,12,7,3,1546620100402023,7,2,04,wd,8850030502,521,1.14,0,0,201027128704wd,154662010040281590,SPANISH MACKEREL,,3445.663219,20,52,201027128704wd,,0,05/04/2021
2010,12,7,3,1546620100402023,7,2,04,wd,8835430301,304,0.74,1,1,201027128704wd,154662010040281590,SHEEPSHEAD,,3445.663219,11,30,201027128704wd,,0,05/04/2021
2010,12,7,3,1546620100402023,7,2,04,wd,8835430301,328,1.13,0,0,201027128704wd,154662010040281590,SHEEPSHEAD,,3445.663219,12,32,201027128704wd,,0,05/04/2021
2010,12,7,3,1546620100402023,7,2,04,wd,8835250101,333,0.62,0,0,201027128704wd,154662010040281590,BLUEFISH,,3445.663219,13,33,201027128704wd,,0,05/04/2021
2010,12,7,3,1546620100402024,7,2,04,wd,,,,0,0,201027128704wd,154662010040281590,,,3445.663219,,,201027128704wd,,0,05/04/2021
2010,12,7,3,1546620100402025,7,2,04,wd,,,,0,0,201027128704wd,154662010040281590,,,3445.663219,,,201027128704wd,,0,05/04/2021
2010,12,7,5,1546620100402026,7,2,04,wd,8850030502,359,0.48,0,0,201027128704wd,154662010040281590,SPANISH MACKEREL,,2236.2052013,14,35,201027128704wd,,0,05/04/2021
2010,12,7,5,1546620100402026,7,2,04,wd,8850030502,377,0.49,0,0,201027128704wd,154662010040281590,SPANISH MACKEREL,,2236.2052013,14,37,201027128704wd,,0,05/04/2021
2010,12,7,5,1546620100402026,7,2,04,wd,8850030502,382,0.48,0,0,201027128704wd,154662010040281590,SPANISH MACKEREL,,2236.2052013,15,38,201027128704wd,,0,05/04/2021
2010,12,7,5,1546620100402026,7,2,04,wd,8850030502,386,0.53,0,0,201027128704wd,154662010040281590,SPANISH MACKEREL,,2236.2052013,15,38,201027128704wd,,0,05/04/2021
2010,12,7,5,1546620100402026,7,2,04,wd,8850030502,401,0.6,0,0,201027128704wd,154662010040281590,SPANISH MACKEREL,,2236.2052013,15,40,201027128704wd,,0,05/04/2021
2010,12,7,5,1546620100402026,7,2,04,wd,8850030502,409,0.61,0,0,201027128704wd,154662010040281590,SPANISH MACKEREL,,2236.2052013,16,40,201027128704wd,,0,05/04/2021
2010,12,7,5,1546620100402026,7,2,04,wd,8850030502,409,0.58,0,0,201027128704wd,154662010040281590,SPANISH MACKEREL,,2236.2052013,16,40,201027128704wd,,0,05/04/2021
2010,12,7,5,1546620100402026,7,2,04,wd,8850030502,410,0.61,0,0,201027128704wd,154662010040281590,SPANISH MACKEREL,,2236.2052013,16,41,201027128704wd,,0,05/04/2021
2010,12,7,5,1546620100402026,7,2,04,wd,8850030502,411,0.63,0,0,201027128704wd,154662010040281590,SPANISH MACKEREL,,2236.2052013,16,41,201027128704wd,,0,05/04/2021
2010,12,7,5,1546620100402026,7,2,04,wd,8850030502,411,0.62,0,0,201027128704wd,154662010040281590,SPANISH MACKEREL,,2236.2052013,16,41,201027128704wd,,0,05/04/2021
2010,12,7,5,1546620100402026,7,2,04,wd,8850030502,421,0.7,0,0,201027128704wd,154662010040281590,SPANISH MACKEREL,,2236.2052013,16,42,201027128704wd,,0,05/04/2021
2010,12,7,5,1546620100402026,7,2,04,wd,8850030502,421,0.58,0,0,201027128704wd,154662010040281590,SPANISH MACKEREL,,2236.2052013,16,42,201027128704wd,,0,05/04/2021
2010,12,7,5,1546620100402026,7,2,04,wd,8850030502,449,0.75,0,0,201027128704wd,154662010040281590,SPANISH MACKEREL,,2236.2052013,17,44,201027128704wd,,0,05/04/2021
2010,12,7,5,1546620100402026,7,2,04,wd,8850030502,451,0.66,0,0,201027128704wd,154662010040281590,SPANISH MACKEREL,,2236.2052013,17,45,201027128704wd,,0,05/04/2021
2010,12,7,5,1546620100402026,7,2,04,wd,8850030502,512,1.06,0,0,201027128704wd,154662010040281590,SPANISH MACKEREL,,2236.2052013,20,51,201027128704wd,,0,05/04/2021
2010,12,7,5,1546620100402026,7,2,04,wd,8835440102,354,0.52,0,0,201027128704wd,154662010040281590,SPOTTED SEATROUT,,2236.2052013,13,35,201027128704wd,,0,05/04/2021
2010,12,7,5,1546620100402026,7,2,04,wd,8835250101,317,0.49,0,0,201027128704wd,154662010040281590,BLUEFISH,,2236.2052013,12,31,201027128704wd,,0,05/04/2021
2010,12,7,5,1546620100402026,7,2,04,wd,8835250101,321,0.51,0,0,201027128704wd,154662010040281590,BLUEFISH,,2236.2052013,12,32,201027128704wd,,0,05/04/2021
2010,12,7,5,1546620100402027,7,2,04,wd,,,,0,0,201027128704wd,154662010040281590,,,2236.2052013,,,201027128704wd,,0,05/04/2021
2010,12,7,4,1546620100402028,7,2,04,wd,,,,0,0,201027128704wd,154662010040281590,,,5485.4982985,,,201027128704wd,,0,05/04/2021
2010,12,7,4,1546620100402029,7,2,04,wd,,,,0,0,201027128704wd,154662010040281590,,,5485.4982985,,,201027128704wd,,0,05/04/2021
2010,12,7,3,1546620100405001,7,2,04,wd,8850030502,351,0.49,0,0,201027128704wd,1546620100405101216,SPANISH MACKEREL,,2271.7823753,13,35,201027128704wd,,0,05/04/2021
2010,12,7,3,1546620100405001,7,2,04,wd,8850030502,408,0.52,0,0,201027128704wd,1546620100405101216,SPANISH MACKEREL,,2271.7823753,16,40,201027128704wd,,0,05/04/2021
2010,12,7,3,1546620100405001,7,2,04,wd,8850030502,417,0.63,0,0,201027128704wd,1546620100405101216,SPANISH MACKEREL,,2271.7823753,16,41,201027128704wd,,0,05/04/2021
2010,12,7,3,1546620100405001,7,2,04,wd,8850030502,419,0.62,0,0,201027128704wd,1546620100405101216,SPANISH MACKEREL,,2271.7823753,16,41,201027128704wd,,0,05/04/2021
2010,12,7,3,1546620100405001,7,2,04,wd,8850030502,449,0.74,0,0,201027128704wd,1546620100405101216,SPANISH MACKEREL,,2271.7823753,17,44,201027128704wd,,0,05/04/2021
2010,12,7,3,1546620100405001,7,2,04,wd,8850030502,504,1.31,0,0,201027128704wd,1546620100405101216,SPANISH MACKEREL,,2271.7823753,19,50,201027128704wd,,0,05/04/2021
2010,12,7,3,1546620100405002,7,2,04,wd,,,,0,0,201027128704wd,1546620100405101216,,,2271.7823753,,,201027128704wd,,0,05/04/2021
2010,12,7,3,1546620100405003,7,2,04,wd,,,,0,0,201027128704wd,1546620100405101216,,,2271.7823753,,,201027128704wd,,0,05/04/2021
2010,12,7,3,1546620100405004,7,2,04,wd,,,,0,0,201027128704wd,1546620100405101216,,,2271.7823753,,,201027128704wd,,0,05/04/2021
2010,12,7,3,1546620100405006,7,2,04,wd,,,,0,0,201027128704wd,1546620100405101216,,,2271.7823753,,,201027128704wd,,0,05/04/2021
2010,12,7,3,1546620100405007,7,2,04,wd,,,,0,0,201027128704wd,1546620100405101216,,,2271.7823753,,,201027128704wd,,0,05/04/2021
2010,12,7,3,1546620100405008,7,2,04,wd,,,,0,0,201027128704wd,1546620100405101216,,,2271.7823753,,,201027128704wd,,0,05/04/2021
2010,12,7,4,1546620100405009,7,2,04,wd,8835400102,263,0.38,1,1,201027128704wd,1546620100405101216,WHITE GRUNT,,5139.1030042,10,26,201027128704wd,,0,05/04/2021
2010,12,7,4,1546620100405009,7,2,04,wd,8835400102,271,0.46,0,0,201027128704wd,1546620100405101216,WHITE GRUNT,,5139.1030042,10,27,201027128704wd,,0,05/04/2021
2010,12,7,4,1546620100405009,7,2,04,wd,8835400102,272,0.46,0,0,201027128704wd,1546620100405101216,WHITE GRUNT,,5139.1030042,10,27,201027128704wd,,0,05/04/2021
2010,12,7,4,1546620100405009,7,2,04,wd,8835400102,274,0.47,0,0,201027128704wd,1546620100405101216,WHITE GRUNT,,5139.1030042,10,27,201027128704wd,,0,05/04/2021
2010,12,7,4,1546620100405009,7,2,04,wd,8835400102,275,0.48,0,0,201027128704wd,1546620100405101216,WHITE GRUNT,,5139.1030042,10,27,201027128704wd,,0,05/04/2021
2010,12,7,4,1546620100405009,7,2,04,wd,8835400102,280,0.45,1,1,201027128704wd,1546620100405101216,WHITE GRUNT,,5139.1030042,11,28,201027128704wd,,0,05/04/2021
2010,12,7,4,1546620100405009,7,2,04,wd,8835400102,285,0.48,1,1,201027128704wd,1546620100405101216,WHITE GRUNT,,5139.1030042,11,28,201027128704wd,,0,05/04/2021
2010,12,7,4,1546620100405009,7,2,04,wd,8835400102,295,0.53,1,1,201027128704wd,1546620100405101216,WHITE GRUNT,,5139.1030042,11,29,201027128704wd,,0,05/04/2021
2010,12,7,4,1546620100405010,7,2,04,wd,,,,0,0,201027128704wd,1546620100405101216,,,2284.0457796,,,201027128704wd,,0,05/04/2021
2010,12,7,4,1546620100405012,7,2,04,wd,,,,0,0,201027128704wd,1546620100405101216,,,2284.0457796,,,201027128704wd,,0,05/04/2021
2010,12,7,4,1546620100405013,7,2,04,wd,,,,0,0,201027128704wd,1546620100405101216,,,2284.0457796,,,201027128704wd,,0,05/04/2021
2010,12,7,4,1546620100405015,7,2,04,wd,,,,0,0,201027128704wd,1546620100405101216,,,2758.6944491,,,201027128704wd,,0,05/04/2021
2010,12,7,3,1546620100405016,7,2,04,wd,8835440901,545,1.92,1,1,201027128704wd,1546620100405101216,RED DRUM,,3254.1417803,21,54,201027128704wd,,0,05/04/2021
2010,12,7,3,1546620100405016,7,2,04,wd,8835440901,621,3.04,0,0,201027128704wd,1546620100405101216,RED DRUM,,3254.1417803,24,62,201027128704wd,,0,05/04/2021
2010,12,7,3,1546620100405016,7,2,04,wd,8835440102,382,0.68,0,0,201027128704wd,1546620100405101216,SPOTTED SEATROUT,,2271.7823753,15,38,201027128704wd,,0,05/04/2021
2010,12,7,3,1546620100405016,7,2,04,wd,8835440102,391,0.63,0,0,201027128704wd,1546620100405101216,SPOTTED SEATROUT,,2271.7823753,15,39,201027128704wd,,0,05/04/2021
2010,12,7,3,1546620100405016,7,2,04,wd,8835440102,401,0.72,0,0,201027128704wd,1546620100405101216,SPOTTED SEATROUT,,2271.7823753,15,40,201027128704wd,,0,05/04/2021
2010,12,7,3,1546620100405016,7,2,04,wd,8835440102,411,0.75,0,0,201027128704wd,1546620100405101216,SPOTTED SEATROUT,,2271.7823753,16,41,201027128704wd,,0,05/04/2021
2010,12,7,3,1546620100405016,7,2,04,wd,8835440102,442,0.97,0,0,201027128704wd,1546620100405101216,SPOTTED SEATROUT,,2271.7823753,17,44,201027128704wd,,0,05/04/2021
2010,12,7,3,1546620100405016,7,2,04,wd,8835440102,447,1.01,0,0,201027128704wd,1546620100405101216,SPOTTED SEATROUT,,2271.7823753,17,44,201027128704wd,,0,05/04/2021
2010,12,7,3,1546620100405016,7,2,04,wd,8835440102,481,1.31,0,0,201027128704wd,1546620100405101216,SPOTTED SEATROUT,,2271.7823753,18,48,201027128704wd,,0,05/04/2021
2010,12,7,3,1546620100405016,7,2,04,wd,8835440102,491,1.37,0,0,201027128704wd,1546620100405101216,SPOTTED SEATROUT,,2271.7823753,19,49,201027128704wd,,0,05/04/2021
2010,12,7,3,1546620100405016,7,2,04,wd,8835440102,498,1.26,0,0,201027128704wd,1546620100405101216,SPOTTED SEATROUT,,2271.7823753,19,49,201027128704wd,,0,05/04/2021
2010,12,7,3,1546620100405016,7,2,04,wd,8747010804,126,0.05,1,1,201027128704wd,1546620100405101216,SCALED SARDINE,,423650.11854,4,12,201027128704wd,,0,05/04/2021
2010,12,7,3,1546620100405016,7,2,04,wd,8747010804,126,0.05,1,1,201027128704wd,1546620100405101216,SCALED SARDINE,,423650.11854,4,12,201027128704wd,,0,05/04/2021
2010,12,7,3,1546620100405016,7,2,04,wd,8747010804,126,0.05,1,1,201027128704wd,1546620100405101216,SCALED SARDINE,,423650.11854,4,12,201027128704wd,,0,05/04/2021
2010,12,7,3,1546620100405016,7,2,04,wd,8747010804,126,0.05,1,1,201027128704wd,1546620100405101216,SCALED SARDINE,,423650.11854,4,12,201027128704wd,,0,05/04/2021
2010,12,7,3,1546620100405016,7,2,04,wd,8747010804,126,0.05,1,1,201027128704wd,1546620100405101216,SCALED SARDINE,,423650.11854,4,12,201027128704wd,,0,05/04/2021
2010,12,7,4,1546620100405017,7,2,04,wd,,,,0,0,201027128704wd,1546620100405101216,,,2284.0457796,,,201027128704wd,,0,05/04/2021
2010,12,7,4,1546620100405018,7,2,04,wd,,,,0,0,201027128704wd,1546620100405101216,,,2284.0457796,,,201027128704wd,,0,05/04/2021
2010,12,7,4,1546620100405019,7,2,04,wd,,,,0,0,201027128704wd,1546620100405101216,,,2284.0457796,,,201027128704wd,,0,05/04/2021
2010,12,7,4,1546620100405020,7,2,04,wd,,,,0,0,201027128704wd,1546620100405101216,,,2284.0457796,,,201027128704wd,,0,05/04/2021
2010,12,7,4,1546620100405023,7,2,04,wd,8835400102,248,0.37,0,0,201027128704wd,1546620100405101216,WHITE GRUNT,,2284.0457796,9,24,201027128704wd,,0,05/04/2021
2010,12,7,4,1546620100405023,7,2,04,wd,8835400102,250,0.37,0,0,201027128704wd,1546620100405101216,WHITE GRUNT,,2284.0457796,9,25,201027128704wd,,0,05/04/2021
2010,12,7,4,1546620100405023,7,2,04,wd,8835400102,262,0.39,0,0,201027128704wd,1546620100405101216,WHITE GRUNT,,2284.0457796,10,26,201027128704wd,,0,05/04/2021
2010,12,7,4,1546620100405023,7,2,04,wd,8835400102,281,0.43,0,0,201027128704wd,1546620100405101216,WHITE GRUNT,,2284.0457796,11,28,201027128704wd,,0,05/04/2021
2010,12,7,4,1546620100405024,7,2,04,wd,,,,0,0,201027128704wd,1546620100405101216,,,2284.0457796,,,201027128704wd,,0,05/04/2021
2010,12,7,4,1546620100405025,7,2,04,wd,,,,0,0,201027128704wd,1546620100405101216,,,2284.0457796,,,201027128704wd,,0,05/04/2021
2010,12,7,3,1546620100405027,7,2,04,wd,8850030502,519,1.37,0,0,201027128704wd,1546620100405101216,SPANISH MACKEREL,,2271.7823753,20,51,201027128704wd,,0,05/04/2021
2010,12,7,3,1546620100405028,7,2,04,wd,,,,0,0,201027128704wd,1546620100405101216,,,2271.7823753,,,201027128704wd,,0,05/04/2021
2010,12,7,3,1546620100405029,7,2,04,wd,,,,0,0,201027128704wd,1546620100405101216,,,2271.7823753,,,201027128704wd,,0,05/04/2021
2010,12,7,3,1546620100405030,7,2,04,wd,,,,0,0,201027128704wd,1546620100405101216,,,2271.7823753,,,201027128704wd,,0,05/04/2021
2010,12,7,5,1546620100410003,7,2,04,we,8835440102,512,1.23,1,1,201027128704we,1546620100410115132,SPOTTED SEATROUT,,1276.1919465,20,51,201027128704we,,0,05/04/2021
2010,12,7,5,1546620100410004,7,2,04,we,,,,0,0,201027128704we,1546620100410115132,,,1276.1919465,,,201027128704we,,0,05/04/2021
2010,12,7,5,1546620100410005,7,2,04,we,,,,0,0,201027128704we,1546620100410115132,,,1276.1919465,,,201027128704we,,0,05/04/2021
2010,12,7,5,1546620100410006,7,2,04,we,,,,0,0,201027128704we,1546620100410115132,,,1541.3980184,,,201027128704we,,0,05/04/2021
2010,12,7,5,1546620100410007,7,2,04,we,,,,0,0,201027128704we,1546620100410115132,,,1276.1919465,,,201027128704we,,0,05/04/2021
2010,12,7,5,1546620100410009,7,2,04,we,8850030502,551,1.47,0,0,201027128704we,1546620100410115132,SPANISH MACKEREL,,1276.1919465,21,55,201027128704we,,0,05/04/2021
2010,12,7,5,1546620100410009,7,2,04,we,8835430301,272,0.52,0,0,201027128704we,1546620100410115132,SHEEPSHEAD,,1276.1919465,10,27,201027128704we,,0,05/04/2021
2010,12,7,5,1546620100410009,7,2,04,we,8835430301,280,0.63,0,0,201027128704we,1546620100410115132,SHEEPSHEAD,,1276.1919465,11,28,201027128704we,,0,05/04/2021
2010,12,7,5,1546620100410012,7,2,04,we,,,,0,0,201027128704we,1546620100410115132,,,1541.3980184,,,201027128704we,,0,05/04/2021
2010,12,7,5,1546620100410013,7,2,04,we,,,,0,0,201027128704we,1546620100410115132,,,1541.3980184,,,201027128704we,,0,05/04/2021
2010,12,7,5,1546620100410014,7,2,04,we,,,,0,0,201027128704we,1546620100410115132,,,1276.1919465,,,201027128704we,,0,05/04/2021
2010,12,7,3,1546620100410016,7,2,04,we,,,,0,0,201027128704we,1546620100410115132,,,1966.4240329,,,201027128704we,,0,05/04/2021
2010,12,7,3,1546620100410017,7,2,04,we,,,,0,0,201027128704we,1546620100410115132,,,1966.4240329,,,201027128704we,,0,05/04/2021
2010,12,7,5,1546620100410018,7,2,04,we,8835440901,552,2.25,0,0,201027128704we,1546620100410115132,RED DRUM,,1276.1919465,21,55,201027128704we,,0,05/04/2021
2010,12,7,5,1546620100410019,7,2,04,we,8835280901,301,0.72,0,0,201027128704we,1546620100410115132,FLORIDA POMPANO,,1276.1919465,11,30,201027128704we,,0,05/04/2021
2010,12,7,5,1546620100410023,7,2,04,we,,,,0,0,201027128704we,1546620100410115132,,,1276.1919465,,,201027128704we,,0,05/04/2021
2010,12,7,5,1546620100410024,7,2,04,we,8835440801,399,1.27,0,0,201027128704we,1546620100410115132,BLACK DRUM,,1276.1919465,15,39,201027128704we,,0,05/04/2021
2010,12,7,3,1546620100410025,7,2,04,we,,,,0,0,201027128704we,1546620100410115132,,,1966.4240329,,,201027128704we,,0,05/04/2021
2010,12,7,3,1546620100410026,7,2,04,we,,,,0,0,201027128704we,1546620100410115132,,,1966.4240329,,,201027128704we,,0,05/04/2021
2010,12,7,5,1546620100410029,7,2,04,we,,,,0,0,201027128704we,1546620100410115132,,,1276.1919465,,,201027128704we,,0,05/04/2021
2010,12,7,5,1546620100410030,7,2,04,we,,,,0,0,201027128704we,1546620100410115132,,,1276.1919465,,,201027128704we,,0,05/04/2021
2010,12,7,5,1546620100418005,7,2,04,we,8857030302,367,0.75,0,0,201027128704we,154662010041881558,GULF FLOUNDER,,1908.0941953,14,36,201027128704we,,0,05/04/2021
2010,12,7,5,1546620100418006,7,2,04,we,,,,0,0,201027128704we,154662010041881558,,,1908.0941953,,,201027128704we,,0,05/04/2021
2010,12,7,5,1546620100418007,7,2,04,we,,,,0,0,201027128704we,154662010041881558,,,1908.0941953,,,201027128704we,,0,05/04/2021
2010,12,7,5,1546620100418008,7,2,04,we,,,,0,0,201027128704we,154662010041881558,,,1908.0941953,,,201027128704we,,0,05/04/2021
2010,12,7,5,1546620100418009,7,2,04,we,8857030302,357,0.6,1,1,201027128704we,154662010041881558,GULF FLOUNDER,,1908.0941953,14,35,201027128704we,,0,05/04/2021
2010,12,7,5,1546620100418009,7,2,04,we,8835440102,371,0.61,1,1,201027128704we,154662010041881558,SPOTTED SEATROUT,,1908.0941953,14,37,201027128704we,,0,05/04/2021
2010,12,7,5,1546620100418009,7,2,04,we,8835440102,372,0.52,1,1,201027128704we,154662010041881558,SPOTTED SEATROUT,,1908.0941953,14,37,201027128704we,,0,05/04/2021
2010,12,7,5,1546620100418009,7,2,04,we,8835440102,381,0.64,1,1,201027128704we,154662010041881558,SPOTTED SEATROUT,,1908.0941953,14,38,201027128704we,,0,05/04/2021
2010,12,7,5,1546620100418010,7,2,04,we,,,,0,0,201027128704we,154662010041881558,,,2852.574425,,,201027128704we,,0,05/04/2021
2010,12,7,5,1546620100418011,7,2,04,we,8835440102,431,0.82,0,0,201027128704we,154662010041881558,SPOTTED SEATROUT,,1908.0941953,16,43,201027128704we,,0,05/04/2021
2010,12,7,5,1546620100418011,7,2,04,we,8835440102,512,1.23,0,0,201027128704we,154662010041881558,SPOTTED SEATROUT,,1908.0941953,20,51,201027128704we,,0,05/04/2021
2010,12,7,5,1546620100418011,7,2,04,we,8747010804,102,0.026209163,1,1,201027128704we,154662010041881558,SCALED SARDINE,,19080.941953,4,10,201027128704we,,0,05/04/2021
2010,12,7,5,1546620100418011,7,2,04,we,8747010804,102,0.026209163,1,1,201027128704we,154662010041881558,SCALED SARDINE,,19080.941953,4,10,201027128704we,,0,05/04/2021
2010,12,7,5,1546620100418011,7,2,04,we,8747010804,102,0.026209163,1,1,201027128704we,154662010041881558,SCALED SARDINE,,19080.941953,4,10,201027128704we,,0,05/04/2021
2010,12,7,5,1546620100418011,7,2,04,we,8747010804,102,0.026209163,1,1,201027128704we,154662010041881558,SCALED SARDINE,,19080.941953,4,10,201027128704we,,0,05/04/2021
2010,12,7,5,1546620100418011,7,2,04,we,8747010804,102,0.026209163,1,1,201027128704we,154662010041881558,SCALED SARDINE,,19080.941953,4,10,201027128704we,,0,05/04/2021
2010,12,7,5,1546620100418012,7,2,04,we,,,,0,0,201027128704we,154662010041881558,,,1908.0941953,,,201027128704we,,0,05/04/2021
2010,12,7,5,1546620100425001,7,2,04,we,8850030502,444,0.75,0,0,201027128704we,1546620100425115776,SPANISH MACKEREL,,561.43192964,17,44,201027128704we,,0,05/04/2021
2010,12,7,5,1546620100425001,7,2,04,we,8835440102,371,0.61,0,0,201027128704we,1546620100425115776,SPOTTED SEATROUT,,561.43192964,14,37,201027128704we,,0,05/04/2021
2010,12,7,5,1546620100425002,7,2,04,we,,,,0,0,201027128704we,1546620100425115776,,,561.43192964,,,201027128704we,,0,05/04/2021
2010,12,7,5,1546620100425004,7,2,04,we,,,,0,0,201027128704we,1546620100425115776,,,561.43192964,,,201027128704we,,0,05/04/2021
2010,12,7,5,1546620100425006,7,2,04,we,,,,0,0,201027128704we,1546620100425115776,,,561.43192964,,,201027128704we,,0,05/04/2021
2010,12,7,5,1546620100425007,7,2,04,we,,,,0,0,201027128704we,1546620100425115776,,,561.43192964,,,201027128704we,,0,05/04/2021
2010,12,7,5,1546620100425009,7,2,04,we,,,,0,0,201027128704we,1546620100425115776,,,561.43192964,,,201027128704we,,0,05/04/2021
2010,12,7,5,1546620100425010,7,2,04,we,8835440901,476,1.47,0,0,201027128704we,1546620100425115776,RED DRUM,,561.43192964,18,47,201027128704we,,0,05/04/2021
2010,12,7,5,1546620100425010,7,2,04,we,8835440102,396,0.68,0,0,201027128704we,1546620100425115776,SPOTTED SEATROUT,,561.43192964,15,39,201027128704we,,0,05/04/2021
2010,12,7,5,1546620100425010,7,2,04,we,8835440102,452,0.94,0,0,201027128704we,1546620100425115776,SPOTTED SEATROUT,,561.43192964,17,45,201027128704we,,0,05/04/2021
2010,12,7,5,1546620100425011,7,2,04,we,,,,0,0,201027128704we,1546620100425115776,,,561.43192964,,,201027128704we,,0,05/04/2021
2010,12,7,5,1546620100425012,7,2,04,we,,,,0,0,201027128704we,1546620100425115776,,,561.43192964,,,201027128704we,,0,05/04/2021
2010,12,7,5,1546620100425013,7,2,04,we,,,,0,0,201027128704we,1546620100425115776,,,561.43192964,,,201027128704we,,0,05/04/2021
2010,12,7,5,1546620100425015,7,2,04,we,8835430301,286,0.62,0,0,201027128704we,1546620100425115776,SHEEPSHEAD,,561.43192964,11,28,201027128704we,,0,05/04/2021
2010,12,7,5,1546620100425015,7,2,04,we,8835430301,309,0.75,0,0,201027128704we,1546620100425115776,SHEEPSHEAD,,561.43192964,12,30,201027128704we,,0,05/04/2021
2010,12,7,5,1546620100425016,7,2,04,we,,,,0,0,201027128704we,1546620100425115776,,,678.10337325,,,201027128704we,,0,05/04/2021
2010,12,7,5,1546620100425017,7,2,04,we,,,,0,0,201027128704we,1546620100425115776,,,561.43192964,,,201027128704we,,0,05/04/2021
2010,12,7,5,1546620100425018,7,2,04,we,,,,0,0,201027128704we,1546620100425115776,,,561.43192964,,,201027128704we,,0,05/04/2021
2010,12,7,5,1546620100425019,7,2,04,we,,,,0,0,201027128704we,1546620100425115776,,,561.43192964,,,201027128704we,,0,05/04/2021
2010,12,7,5,1546620100425020,7,2,04,we,,,,0,0,201027128704we,1546620100425115776,,,561.43192964,,,201027128704we,,0,05/04/2021
2010,12,7,5,1546620100425023,7,2,04,we,,,,0,0,201027128704we,1546620100425115776,,,561.43192964,,,201027128704we,,0,05/04/2021
2010,12,7,5,1546620100425024,7,2,04,we,,,,0,0,201027128704we,1546620100425115776,,,561.43192964,,,201027128704we,,0,05/04/2021
2010,12,7,5,1546620100425025,7,2,04,we,8835440901,609,2.76,0,0,201027128704we,1546620100425115776,RED DRUM,,561.43192964,23,60,201027128704we,,0,05/04/2021
2010,12,7,5,1546620100425026,7,2,04,we,,,,0,0,201027128704we,1546620100425115776,,,561.43192964,,,201027128704we,,0,05/04/2021
2010,12,7,5,1546620100425027,7,2,04,we,,,,0,0,201027128704we,1546620100425115776,,,561.43192964,,,201027128704we,,0,05/04/2021
2010,12,7,5,1546620100425028,7,2,04,we,,,,0,0,201027128704we,1546620100425115776,,,561.43192964,,,201027128704we,,0,05/04/2021
2010,12,7,5,1546620100425029,7,2,04,we,,,,0,0,201027128704we,1546620100425115776,,,561.43192964,,,201027128704we,,0,05/04/2021
2010,12,7,5,1546620100425030,7,2,04,we,8850030502,359,0.48,1,1,201027128704we,1546620100425115776,SPANISH MACKEREL,,1103.7301232,14,35,201027128704we,,0,05/04/2021
2010,12,7,5,1546620100425030,7,2,04,we,8850030502,382,0.48,1,1,201027128704we,1546620100425115776,SPANISH MACKEREL,,1103.7301232,15,38,201027128704we,,0,05/04/2021
2010,12,7,5,1546620100425030,7,2,04,we,8850030502,421,0.58,1,1,201027128704we,1546620100425115776,SPANISH MACKEREL,,1103.7301232,16,42,201027128704we,,0,05/04/2021
2010,12,7,5,1546620100425030,7,2,04,we,8850030502,444,0.75,1,1,201027128704we,1546620100425115776,SPANISH MACKEREL,,1103.7301232,17,44,201027128704we,,0,05/04/2021
2010,12,7,3,1546720100401004,7,2,04,wd,,,,0,0,201027128704wd,154672010040191652,,,3726.7422329,,,201027128704wd,,0,05/04/2021
2010,22,3,5,1517620100327001,7,2,03,we,8835430301,262,0.5,1,1,201027228303we,151762010032751150,SHEEPSHEAD,,808.54394627,10,26,201027228303we,,0,05/04/2021
2010,22,3,5,1517620100327001,7,2,03,we,8835430301,281,0.55,1,1,201027228303we,151762010032751150,SHEEPSHEAD,,808.54394627,11,28,201027228303we,,0,05/04/2021
2010,22,3,5,1517620100327001,7,2,03,we,8835430301,291,0.6,1,1,201027228303we,151762010032751150,SHEEPSHEAD,,808.54394627,11,29,201027228303we,,0,05/04/2021
2010,22,3,5,1517620100327001,7,2,03,we,8835430301,350,1.05,1,1,201027228303we,151762010032751150,SHEEPSHEAD,,808.54394627,13,35,201027228303we,,0,05/04/2021
2010,22,3,5,1517620100327001,7,2,03,we,8835430301,378,1.45,1,1,201027228303we,151762010032751150,SHEEPSHEAD,,808.54394627,14,37,201027228303we,,0,05/04/2021
2010,22,3,5,1517620100327002,7,2,03,we,8835430301,219,0.25,1,1,201027228303we,151762010032751150,SHEEPSHEAD,,808.54394627,8,21,201027228303we,,0,05/04/2021
2010,22,3,5,1517620100327002,7,2,03,we,8835430301,243,0.4,1,1,201027228303we,151762010032751150,SHEEPSHEAD,,808.54394627,9,24,201027228303we,,0,05/04/2021
2010,22,3,5,1517620100327002,7,2,03,we,8835430301,243,0.35,1,1,201027228303we,151762010032751150,SHEEPSHEAD,,808.54394627,9,24,201027228303we,,0,05/04/2021
2010,22,3,5,1517620100327002,7,2,03,we,8835430301,305,0.65,1,1,201027228303we,151762010032751150,SHEEPSHEAD,,808.54394627,12,30,201027228303we,,0,05/04/2021
2010,22,3,5,1517620100327002,7,2,03,we,8835430301,393,1.55,1,1,201027228303we,151762010032751150,SHEEPSHEAD,,808.54394627,15,39,201027228303we,,0,05/04/2021
2010,22,3,5,1517620100327003,7,2,03,we,8835430301,221,0.3,1,1,201027228303we,151762010032751150,SHEEPSHEAD,,808.54394627,8,22,201027228303we,,0,05/04/2021
2010,22,3,5,1517620100327003,7,2,03,we,8835430301,222,0.25,1,1,201027228303we,151762010032751150,SHEEPSHEAD,,808.54394627,8,22,201027228303we,,0,05/04/2021
2010,22,3,5,1517620100327003,7,2,03,we,8835430301,226,0.3,1,1,201027228303we,151762010032751150,SHEEPSHEAD,,808.54394627,8,22,201027228303we,,0,05/04/2021
2010,22,3,5,1517620100327003,7,2,03,we,8835430301,235,0.35,1,1,201027228303we,151762010032751150,SHEEPSHEAD,,808.54394627,9,23,201027228303we,,0,05/04/2021
2010,22,3,5,1517620100327003,7,2,03,we,8835430301,243,0.3,1,1,201027228303we,151762010032751150,SHEEPSHEAD,,808.54394627,9,24,201027228303we,,0,05/04/2021
2010,22,3,5,1517620100327004,7,2,03,we,8835430301,413,1.6750695129,1,1,201027228303we,151762010032751150,SHEEPSHEAD,,808.54394627,16,41,201027228303we,,0,05/04/2021
2010,22,3,5,1517620100327004,7,2,03,we,8835430301,416,1.7107055897,1,1,201027228303we,151762010032751150,SHEEPSHEAD,,808.54394627,16,41,201027228303we,,0,05/04/2021
2010,22,3,5,1517620100327004,7,2,03,we,8835430301,417,1.7226938724,1,1,201027228303we,151762010032751150,SHEEPSHEAD,,808.54394627,16,41,201027228303we,,0,05/04/2021
2010,22,3,5,1517620100327004,7,2,03,we,8835430301,434,1.9350065904,1,1,201027228303we,151762010032751150,SHEEPSHEAD,,808.54394627,17,43,201027228303we,,0,05/04/2021
2010,22,3,5,1517620100327004,7,2,03,we,8835430301,442,2.0405854174,1,1,201027228303we,151762010032751150,SHEEPSHEAD,,808.54394627,17,44,201027228303we,,0,05/04/2021
2010,22,3,5,1517620100327005,7,2,03,we,8835430301,365,1.56,1,1,201027228303we,151762010032751150,SHEEPSHEAD,,808.54394627,14,36,201027228303we,,0,05/04/2021
2010,22,3,5,1517620100327005,7,2,03,we,8835430301,368,1.1975870496,1,1,201027228303we,151762010032751150,SHEEPSHEAD,,808.54394627,14,36,201027228303we,,0,05/04/2021
2010,22,3,5,1517620100327005,7,2,03,we,8835430301,436,1.9610567412,1,1,201027228303we,151762010032751150,SHEEPSHEAD,,808.54394627,17,43,201027228303we,,0,05/04/2021
2010,22,3,5,1517620100327005,7,2,03,we,8835430301,453,2.1918279115,1,1,201027228303we,151762010032751150,SHEEPSHEAD,,808.54394627,17,45,201027228303we,,0,05/04/2021
2010,22,3,5,1517620100327005,7,2,03,we,8835430301,466,2.3798309307,1,1,201027228303we,151762010032751150,SHEEPSHEAD,,808.54394627,18,46,201027228303we,,0,05/04/2021
2010,22,3,5,1517620100327005,7,2,03,we,8777180202,182,0.2,1,1,201027228303we,151762010032751150,HARDHEAD CATFISH,,269.51464876,7,18,201027228303we,,0,05/04/2021
2010,22,3,5,1517620100327005,7,2,03,we,8777180202,304,0.24,1,1,201027228303we,151762010032751150,HARDHEAD CATFISH,,269.51464876,11,30,201027228303we,,0,05/04/2021
2010,22,3,5,1517620100327008,7,2,03,we,,,,0,0,201027228303we,151762010032751150,,,808.54394627,,,201027228303we,,0,05/04/2021
2010,22,3,5,1517620100327009,7,2,03,we,,,,0,0,201027228303we,151762010032751150,,,808.54394627,,,201027228303we,,0,05/04/2021
2010,22,3,5,1517620100327010,7,2,03,we,,,,0,0,201027228303we,151762010032751150,,,1498.9773501,,,201027228303we,,0,05/04/2021
2010,22,3,5,1517620100327011,7,2,03,we,,,,0,0,201027228303we,151762010032751150,,,1498.9773501,,,201027228303we,,0,05/04/2021
2010,22,3,5,1517620100327012,7,2,03,we,,,,0,0,201027228303we,151762010032751150,,,1498.9773501,,,201027228303we,,0,05/04/2021
2010,22,3,5,1517620100403001,7,2,04,we,,,,0,0,201027228304we,151762010040351222,,,808.20444527,,,201027228304we,,0,05/04/2021
2010,22,3,5,1517620100403002,7,2,04,we,,,,0,0,201027228304we,151762010040351222,,,808.20444527,,,201027228304we,,0,05/04/2021
2010,22,3,5,1517620100403003,7,2,04,we,8857030304,326,0.45,0,0,201027228304we,151762010040351222,SOUTHERN FLOUNDER,,1517.5101887,12,32,201027228304we,,0,05/04/2021
2010,22,3,5,1517620100403003,7,2,04,we,8835440102,366,0.5,0,0,201027228304we,151762010040351222,SPOTTED SEATROUT,,1517.5101887,14,36,201027228304we,,0,05/04/2021
2010,22,3,5,1517620100403003,7,2,04,we,8835440102,410,0.65,0,0,201027228304we,151762010040351222,SPOTTED SEATROUT,,1517.5101887,16,41,201027228304we,,0,05/04/2021
2010,22,3,5,1517620100403004,7,2,04,we,8835440801,470,1.45,0,0,201027228304we,151762010040351222,BLACK DRUM,,1517.5101887,18,47,201027228304we,,0,05/04/2021
2010,22,3,5,1517620100403005,7,2,04,we,8835440901,600,2.5,0,0,201027228304we,151762010040351222,RED DRUM,,749.17397089,23,60,201027228304we,,0,05/04/2021
2010,22,3,5,1517620100403005,7,2,04,we,8835440901,687,3.5,0,0,201027228304we,151762010040351222,RED DRUM,,749.17397089,27,68,201027228304we,,0,05/04/2021
2010,22,3,5,1517620100403005,7,2,04,we,8835440801,426,1.05,0,0,201027228304we,151762010040351222,BLACK DRUM,,749.17397089,16,42,201027228304we,,0,05/04/2021
2010,22,3,5,1517620100403006,7,2,04,we,,,,0,0,201027228304we,151762010040351222,,,1498.3479418,,,201027228304we,,0,05/04/2021
2010,22,3,5,1517620100403007,7,2,04,we,,,,0,0,201027228304we,151762010040351222,,,808.20444527,,,201027228304we,,0,05/04/2021
2010,22,3,5,1517620100403008,7,2,04,we,8835440901,625,2.75,0,0,201027228304we,151762010040351222,RED DRUM,,404.10222263,24,62,201027228304we,,0,05/04/2021
2010,22,3,5,1517620100403008,7,2,04,we,8835440801,475,1.6,0,0,201027228304we,151762010040351222,BLACK DRUM,,404.10222263,18,47,201027228304we,,0,05/04/2021
2010,22,3,5,1517620100403008,7,2,04,we,8835430301,281,0.55,0,0,201027228304we,151762010040351222,SHEEPSHEAD,,404.10222263,11,28,201027228304we,,0,05/04/2021
2010,22,3,5,1517620100403008,7,2,04,we,8835430301,378,1.45,0,0,201027228304we,151762010040351222,SHEEPSHEAD,,404.10222263,14,37,201027228304we,,0,05/04/2021
2010,22,3,5,1517620100406004,7,2,04,wd,,,,0,0,201027228304wd,151762010040651222,,,5226.4946599,,,201027228304wd,,0,05/04/2021
2010,22,3,5,1517620100406005,7,2,04,wd,8835430301,328,0.9,1,1,201027228304wd,151762010040651222,SHEEPSHEAD,,5226.4946599,12,32,201027228304wd,,0,05/04/2021
2010,22,3,5,1520520100319010,7,2,03,wd,8835440702,232,0.15,1,1,201027228303wd,152052010031971155,ATLANTIC CROAKER,,7886.2446142,9,23,201027228303wd,,0,05/04/2021
2010,22,3,5,1520520100331010,7,2,03,wd,,,,0,0,201027228303wd,15205201003311033325,,,6312.1808155,,,201027228303wd,,0,05/04/2021
2010,22,3,5,1520520100425004,7,2,04,we,8835440702,230,0.16,1,1,201027228304we,152052010042571155,ATLANTIC CROAKER,,4345.2516295,9,23,201027228304we,,0,05/04/2021
2010,22,3,5,1520520100425006,7,2,04,we,,,,0,0,201027228304we,152052010042571155,,,4345.2516295,,,201027228304we,,0,05/04/2021
2010,22,3,5,1520520100425009,7,2,04,we,8777180202,230,0.33,1,1,201027228304we,152052010042571155,HARDHEAD CATFISH,,4345.2516295,9,23,201027228304we,,0,05/04/2021
2010,22,3,5,1520520100425019,7,2,04,we,8857030304,325,0.42,0,0,201027228304we,152052010042571155,SOUTHERN FLOUNDER,,4345.2516295,12,32,201027228304we,,0,05/04/2021
2010,22,3,5,1520520100425021,7,2,04,we,8835440901,659,3.430227415,0,1,201027228304we,152052010042571155,RED DRUM,,4345.2516295,25,65,201027228304we,,0,05/04/2021
2010,22,3,5,1520520100425022,7,2,04,we,,,,0,0,201027228304we,152052010042571155,,,4345.2516295,,,201027228304we,,0,05/04/2021
2010,22,3,5,1520520100425024,7,2,04,we,8835440901,796,6.0770809245,0,1,201027228304we,152052010042571155,RED DRUM,,4345.2516295,31,79,201027228304we,,0,05/04/2021
2010,22,3,5,1520520100425026,7,2,04,we,8835440901,600,2.5,1,1,201027228304we,152052010042571155,RED DRUM,,4345.2516295,23,60,201027228304we,,0,05/04/2021
2010,22,3,5,1520520100425026,7,2,04,we,8835440801,638,4.07094774,0,1,201027228304we,152052010042571155,BLACK DRUM,,4345.2516295,25,63,201027228304we,,0,05/04/2021
2010,22,3,5,1520520100425027,7,2,04,we,,,,0,0,201027228304we,152052010042571155,,,18082.382746,,,201027228304we,,0,05/04/2021
2010,22,3,5,1521920100418011,7,2,04,we,,,,0,0,201027228304we,152192010041871155,,,3873.426801,,,201027228304we,,0,05/04/2021
2010,22,3,5,1521920100418013,7,2,04,we,,,,0,0,201027228304we,152192010041871155,,,3873.426801,,,201027228304we,,0,05/04/2021
2010,22,3,5,1521920100418014,7,2,04,we,8835440102,305,0.3,0,0,201027228304we,152192010041871155,SPOTTED SEATROUT,,3873.426801,12,30,201027228304we,,0,05/04/2021
2010,22,3,5,1521920100418015,7,2,04,we,,,,0,0,201027228304we,152192010041871155,,,7181.0308752,,,201027228304we,,0,05/04/2021
2010,22,3,5,1521920100418016,7,2,04,we,,,,0,0,201027228304we,152192010041871155,,,3873.426801,,,201027228304we,,0,05/04/2021
2010,22,3,5,1521920100418026,7,2,04,we,,,,0,0,201027228304we,152192010041871155,,,3873.426801,,,201027228304we,,0,05/04/2021
2010,22,3,5,1521920100418028,7,2,04,we,8835440901,426,0.75,0,0,201027228304we,152192010041871155,RED DRUM,,3873.426801,16,42,201027228304we,,0,05/04/2021
2010,22,3,5,1521920100418028,7,2,04,we,8835440901,450,0.95,0,0,201027228304we,152192010041871155,RED DRUM,,3873.426801,17,45,201027228304we,,0,05/04/2021
2010,22,3,5,1521920100418029,7,2,04,we,8835440901,410,0.68,0,0,201027228304we,152192010041871155,RED DRUM,,3873.426801,16,41,201027228304we,,0,05/04/2021
2010,22,3,5,1521920100418029,7,2,04,we,8835440801,960,13.5,0,0,201027228304we,152192010041871155,BLACK DRUM,,3873.426801,37,96,201027228304we,,0,05/04/2021
2010,22,3,5,1521920100426003,7,2,04,wd,,,,0,0,201027228304wd,152192010042671155,,,7542.1348945,,,201027228304wd,,0,05/04/2021
2010,22,3,5,1521920100426009,7,2,04,wd,8835440702,215,0.1,1,1,201027228304wd,152192010042671155,ATLANTIC CROAKER,,7542.1348945,8,21,201027228304wd,,0,05/04/2021
2010,22,3,5,1521920100426009,7,2,04,wd,8777180101,600,1.7,0,0,201027228304wd,152192010042671155,GAFFTOPSAIL CATFISH,,7542.1348945,23,60,201027228304wd,,0,05/04/2021
2010,22,3,5,1521920100426009,7,2,04,wd,8777180101,610,1.75,0,0,201027228304wd,152192010042671155,GAFFTOPSAIL CATFISH,,7542.1348945,24,61,201027228304wd,,0,05/04/2021
2010,22,3,5,1521920100426009,7,2,04,wd,8777180101,615,1.75,0,0,201027228304wd,152192010042671155,GAFFTOPSAIL CATFISH,,7542.1348945,24,61,201027228304wd,,0,05/04/2021
2010,22,3,5,1521920100426010,7,2,04,wd,8777180101,614,1.75,0,0,201027228304wd,152192010042671155,GAFFTOPSAIL CATFISH,,31385.931475,24,61,201027228304wd,,0,05/04/2021
2010,22,3,5,1522220100417004,7,2,04,we,,,,0,0,201027228304we,152222010041751222,,,813.22434866,,,201027228304we,,0,05/04/2021
2010,22,3,5,1522220100417005,7,2,04,we,,,,0,0,201027228304we,152222010041751222,,,813.22434866,,,201027228304we,,0,05/04/2021
2010,22,3,5,1522220100417006,7,2,04,we,,,,0,0,201027228304we,152222010041751222,,,813.22434866,,,201027228304we,,0,05/04/2021
2010,22,3,5,1523320100314002,7,2,03,we,,,,0,0,201027228303we,1523320100314109244,,,2722.8820776,,,201027228303we,,0,05/04/2021
2010,22,3,5,1523320100314003,7,2,03,we,8835440901,585,2.25,0,0,201027228303we,1523320100314109244,RED DRUM,,2722.8820776,23,58,201027228303we,,0,05/04/2021
2010,22,3,5,1523320100314003,7,2,03,we,8835430301,262,0.5,0,0,201027228303we,1523320100314109244,SHEEPSHEAD,,2722.8820776,10,26,201027228303we,,0,05/04/2021
2010,22,3,5,1523320100314003,7,2,03,we,8835430301,350,1.05,0,0,201027228303we,1523320100314109244,SHEEPSHEAD,,2722.8820776,13,35,201027228303we,,0,05/04/2021
2010,22,3,5,1523320100314004,7,2,03,we,8835440801,337,0.6,0,0,201027228303we,1523320100314109244,BLACK DRUM,,2722.8820776,13,33,201027228303we,,0,05/04/2021
2010,22,3,5,1523320100314004,7,2,03,we,8835430301,219,0.25,0,0,201027228303we,1523320100314109244,SHEEPSHEAD,,2722.8820776,8,21,201027228303we,,0,05/04/2021
2010,22,3,5,1523320100314004,7,2,03,we,8835430301,243,0.4,0,0,201027228303we,1523320100314109244,SHEEPSHEAD,,2722.8820776,9,24,201027228303we,,0,05/04/2021
2010,22,3,5,1523320100314004,7,2,03,we,8835430301,291,0.6,0,0,201027228303we,1523320100314109244,SHEEPSHEAD,,2722.8820776,11,29,201027228303we,,0,05/04/2021
2010,22,3,5,1523320100314005,7,2,03,we,,,,0,0,201027228303we,1523320100314109244,,,2722.8820776,,,201027228303we,,0,05/04/2021
2010,22,3,5,1523320100314006,7,2,03,we,,,,0,0,201027228303we,1523320100314109244,,,2722.8820776,,,201027228303we,,0,05/04/2021
2010,22,3,5,1523320100314007,7,2,03,we,8835430301,393,1.55,0,0,201027228303we,1523320100314109244,SHEEPSHEAD,,2722.8820776,15,39,201027228303we,,0,05/04/2021
2010,22,3,5,1523320100314008,7,2,03,we,8835430301,243,0.35,0,0,201027228303we,1523320100314109244,SHEEPSHEAD,,2722.8820776,9,24,201027228303we,,0,05/04/2021
2010,22,3,5,1523320100314009,7,2,03,we,8835430301,222,0.25,0,0,201027228303we,1523320100314109244,SHEEPSHEAD,,1361.4410388,8,22,201027228303we,,0,05/04/2021
2010,22,3,5,1523320100314009,7,2,03,we,8835430301,226,0.3,0,0,201027228303we,1523320100314109244,SHEEPSHEAD,,1361.4410388,8,22,201027228303we,,0,05/04/2021
2010,22,3,5,1523320100314009,7,2,03,we,8835430301,235,0.35,0,0,201027228303we,1523320100314109244,SHEEPSHEAD,,1361.4410388,9,23,201027228303we,,0,05/04/2021
2010,22,3,5,1523320100314009,7,2,03,we,8835430301,243,0.3,0,0,201027228303we,1523320100314109244,SHEEPSHEAD,,1361.4410388,9,24,201027228303we,,0,05/04/2021
2010,22,3,5,1523320100314009,7,2,03,we,8835430301,305,0.65,0,0,201027228303we,1523320100314109244,SHEEPSHEAD,,1361.4410388,12,30,201027228303we,,0,05/04/2021
2010,22,3,5,1523320100314011,7,2,03,we,8835430301,221,0.3,0,0,201027228303we,1523320100314109244,SHEEPSHEAD,,2722.8820776,8,22,201027228303we,,0,05/04/2021
2010,22,3,5,1523320100324001,7,2,03,wd,,,,0,0,201027228303wd,15233201003241093142,,,7412.9320865,,,201027228303wd,,0,05/04/2021
2010,22,3,5,1523320100324002,7,2,03,wd,,,,0,0,201027228303wd,15233201003241093142,,,7412.9320865,,,201027228303wd,,0,05/04/2021
2010,22,3,5,1527220100417002,7,2,04,we,,,,0,0,201027228304we,152722010041751150,,,1143.6389527,,,201027228304we,,0,05/04/2021
2010,22,3,5,1527220100417003,7,2,04,we,8835440801,681,4.9196734924,0,1,201027228304we,152722010041751150,BLACK DRUM,,1143.6389527,26,68,201027228304we,,0,05/04/2021
2010,22,3,5,1527220100417003,7,2,04,we,8835430301,413,1.6750695129,0,1,201027228304we,152722010041751150,SHEEPSHEAD,,1143.6389527,16,41,201027228304we,,0,05/04/2021
2010,22,3,5,1527220100417003,7,2,04,we,8835430301,416,1.7107055897,0,1,201027228304we,152722010041751150,SHEEPSHEAD,,1143.6389527,16,41,201027228304we,,0,05/04/2021
2010,22,3,5,1527220100417003,7,2,04,we,8835430301,434,1.9350065904,0,1,201027228304we,152722010041751150,SHEEPSHEAD,,1143.6389527,17,43,201027228304we,,0,05/04/2021
2010,22,3,5,1527220100417003,7,2,04,we,8835430301,442,2.0405854174,0,1,201027228304we,152722010041751150,SHEEPSHEAD,,1143.6389527,17,44,201027228304we,,0,05/04/2021
2010,22,3,5,1527220100417004,7,2,04,we,,,,0,0,201027228304we,152722010041751150,,,1143.6389527,,,201027228304we,,0,05/04/2021
2010,22,3,5,1527220100417005,7,2,04,we,8835440801,426,1.05,1,1,201027228304we,152722010041751150,BLACK DRUM,,686.18337162,16,42,201027228304we,,0,05/04/2021
2010,22,3,5,1527220100417005,7,2,04,we,8835440801,475,1.6,1,1,201027228304we,152722010041751150,BLACK DRUM,,686.18337162,18,47,201027228304we,,0,05/04/2021
2010,22,3,5,1527220100417005,7,2,04,we,8835440801,638,4.07094774,1,1,201027228304we,152722010041751150,BLACK DRUM,,686.18337162,25,63,201027228304we,,0,05/04/2021
2010,22,3,5,1527220100417005,7,2,04,we,8835440801,960,13.5,1,1,201027228304we,152722010041751150,BLACK DRUM,,686.18337162,37,96,201027228304we,,0,05/04/2021
2010,22,3,5,1527220100417005,7,2,04,we,8835440801,475,1.6,1,1,201027228304we,152722010041751150,BLACK DRUM,,686.18337162,18,47,201027228304we,,0,05/04/2021
2010,22,3,5,1527220100417005,7,2,04,we,8835430301,294,0.6,1,1,201027228304we,152722010041751150,SHEEPSHEAD,,349.44523555,11,29,201027228304we,,0,05/04/2021
2010,22,3,5,1527220100417005,7,2,04,we,8835430301,295,0.6,1,1,201027228304we,152722010041751150,SHEEPSHEAD,,349.44523555,11,29,201027228304we,,0,05/04/2021
2010,22,3,5,1527220100417005,7,2,04,we,8835430301,305,0.65,1,1,201027228304we,152722010041751150,SHEEPSHEAD,,349.44523555,12,30,201027228304we,,0,05/04/2021
2010,22,3,5,1527220100417005,7,2,04,we,8835430301,315,0.75,1,1,201027228304we,152722010041751150,SHEEPSHEAD,,349.44523555,12,31,201027228304we,,0,05/04/2021
2010,22,3,5,1527220100417005,7,2,04,we,8835430301,368,1.1975870496,0,1,201027228304we,152722010041751150,SHEEPSHEAD,,349.44523555,14,36,201027228304we,,0,05/04/2021
2010,22,3,5,1527220100417005,7,2,04,we,8835430301,417,1.7226938724,0,1,201027228304we,152722010041751150,SHEEPSHEAD,,349.44523555,16,41,201027228304we,,0,05/04/2021
2010,22,3,5,1527220100417005,7,2,04,we,8835430301,436,1.9610567412,0,1,201027228304we,152722010041751150,SHEEPSHEAD,,349.44523555,17,43,201027228304we,,0,05/04/2021
2010,22,3,5,1527220100417005,7,2,04,we,8835430301,453,2.1918279115,0,1,201027228304we,152722010041751150,SHEEPSHEAD,,349.44523555,17,45,201027228304we,,0,05/04/2021
2010,22,3,5,1527220100417005,7,2,04,we,8835430301,466,2.3798309307,0,1,201027228304we,152722010041751150,SHEEPSHEAD,,349.44523555,18,46,201027228304we,,0,05/04/2021
2010,22,3,5,1527220100417006,7,2,04,we,,,,0,0,201027228304we,152722010041751150,,,1143.6389527,,,201027228304we,,0,05/04/2021
2010,22,3,5,1527220100417007,7,2,04,we,,,,0,0,201027228304we,152722010041751150,,,1143.6389527,,,201027228304we,,0,05/04/2021
2010,22,3,5,1527220100417008,7,2,04,we,,,,0,0,201027228304we,152722010041751150,,,1143.6389527,,,201027228304we,,0,05/04/2021
2010,22,3,5,1527220100417010,7,2,04,we,8835440801,337,0.6,1,1,201027228304we,152722010041751150,BLACK DRUM,,1143.6389527,13,33,201027228304we,,0,05/04/2021
2010,22,3,5,1527220100417010,7,2,04,we,8835440801,337,0.6,1,1,201027228304we,152722010041751150,BLACK DRUM,,1143.6389527,13,33,201027228304we,,0,05/04/2021
2010,22,3,5,1527220100417010,7,2,04,we,8835440801,681,4.9196734924,1,1,201027228304we,152722010041751150,BLACK DRUM,,1143.6389527,26,68,201027228304we,,0,05/04/2021
2010,22,3,5,1527420100419001,7,2,04,wd,,,,0,0,201027228304wd,15274201004192350,,,23047.035664,,,201027228304wd,,0,05/04/2021
2010,22,3,5,1527420100419002,7,2,04,wd,,,,0,0,201027228304wd,15274201004192350,,,23047.035664,,,201027228304wd,,0,05/04/2021
2010,22,3,5,1532420100307001,7,2,03,we,,,,0,0,201027228303we,153242010030751222,,,576.06989609,,,201027228303we,,0,05/04/2021
2010,22,3,5,1532420100307003,7,2,03,we,8835440801,470,1.5,1,1,201027228303we,153242010030751222,BLACK DRUM,,1067.9886113,18,47,201027228303we,,0,05/04/2021
2010,22,3,5,1532420100307003,7,2,03,we,8835430301,245,0.45,1,1,201027228303we,153242010030751222,SHEEPSHEAD,,2135.9772226,9,24,201027228303we,,0,05/04/2021
2010,22,3,5,1532420100307003,7,2,03,we,8835430301,250,0.45,1,1,201027228303we,153242010030751222,SHEEPSHEAD,,2135.9772226,9,25,201027228303we,,0,05/04/2021
2010,22,3,5,1532420100307003,7,2,03,we,8835430301,255,0.4,1,1,201027228303we,153242010030751222,SHEEPSHEAD,,2135.9772226,10,25,201027228303we,,0,05/04/2021
2010,22,3,5,1532420100307003,7,2,03,we,8835430301,264,0.45,1,1,201027228303we,153242010030751222,SHEEPSHEAD,,2135.9772226,10,26,201027228303we,,0,05/04/2021
2010,22,3,5,1532420100307003,7,2,03,we,8835430301,280,0.6,1,1,201027228303we,153242010030751222,SHEEPSHEAD,,2135.9772226,11,28,201027228303we,,0,05/04/2021
2010,22,3,5,1532420100307005,7,2,03,we,8835440901,465,1.25,0,0,201027228303we,153242010030751222,RED DRUM,,144.01747402,18,46,201027228303we,,0,05/04/2021
2010,22,3,5,1532420100307005,7,2,03,we,8835440901,580,2.25,0,0,201027228303we,153242010030751222,RED DRUM,,144.01747402,22,58,201027228303we,,0,05/04/2021
2010,22,3,5,1532420100307005,7,2,03,we,8835430301,245,0.45,0,0,201027228303we,153242010030751222,SHEEPSHEAD,,144.01747402,9,24,201027228303we,,0,05/04/2021
2010,22,3,5,1532420100307005,7,2,03,we,8835430301,250,0.45,0,0,201027228303we,153242010030751222,SHEEPSHEAD,,144.01747402,9,25,201027228303we,,0,05/04/2021
2010,22,3,5,1532420100307005,7,2,03,we,8835430301,250,0.4,0,0,201027228303we,153242010030751222,SHEEPSHEAD,,144.01747402,9,25,201027228303we,,0,05/04/2021
2010,22,3,5,1532420100307005,7,2,03,we,8835430301,255,0.4,0,0,201027228303we,153242010030751222,SHEEPSHEAD,,144.01747402,10,25,201027228303we,,0,05/04/2021
2010,22,3,5,1532420100307005,7,2,03,we,8835430301,264,0.45,0,0,201027228303we,153242010030751222,SHEEPSHEAD,,144.01747402,10,26,201027228303we,,0,05/04/2021
2010,22,3,5,1532420100307005,7,2,03,we,8835430301,280,0.6,0,0,201027228303we,153242010030751222,SHEEPSHEAD,,144.01747402,11,28,201027228303we,,0,05/04/2021
2010,22,3,5,1532420100307005,7,2,03,we,8835430301,294,0.6,0,0,201027228303we,153242010030751222,SHEEPSHEAD,,144.01747402,11,29,201027228303we,,0,05/04/2021
2010,22,3,5,1532420100307005,7,2,03,we,8835430301,295,0.6,0,0,201027228303we,153242010030751222,SHEEPSHEAD,,144.01747402,11,29,201027228303we,,0,05/04/2021
2010,22,3,5,1532420100307005,7,2,03,we,8835430301,305,0.65,0,0,201027228303we,153242010030751222,SHEEPSHEAD,,144.01747402,12,30,201027228303we,,0,05/04/2021
2010,22,3,5,1532420100307005,7,2,03,we,8835430301,315,0.75,0,0,201027228303we,153242010030751222,SHEEPSHEAD,,144.01747402,12,31,201027228303we,,0,05/04/2021
2010,22,3,5,1532420100307005,7,2,03,we,8835430301,328,0.9,0,0,201027228303we,153242010030751222,SHEEPSHEAD,,144.01747402,12,32,201027228303we,,0,05/04/2021
2010,22,3,5,1532420100307005,7,2,03,we,8835430301,365,1.56,0,0,201027228303we,153242010030751222,SHEEPSHEAD,,144.01747402,14,36,201027228303we,,0,05/04/2021
2010,22,3,5,1532420100307006,7,2,03,we,,,,0,0,201027228303we,153242010030751222,,,576.06989609,,,201027228303we,,0,05/04/2021
2010,22,3,5,1532420100307007,7,2,03,we,,,,0,0,201027228303we,153242010030751222,,,576.06989609,,,201027228303we,,0,05/04/2021
2010,22,3,5,1532420100307008,7,2,03,we,,,,0,0,201027228303we,153242010030751222,,,576.06989609,,,201027228303we,,0,05/04/2021
2010,22,3,5,1532420100416001,7,2,04,wd,,,,0,0,201027228304wd,153242010041651222,,,32440.479719,,,201027228304wd,,0,05/04/2021
2010,22,3,5,1532420100417001,7,2,04,we,8835440901,625,2.75,1,1,201027228304we,153242010041757231,RED DRUM,,786.46322923,24,62,201027228304we,,0,05/04/2021
2010,22,3,5,1532420100417001,7,2,04,we,8835440901,796,6.0770809245,1,1,201027228304we,153242010041757231,RED DRUM,,786.46322923,31,79,201027228304we,,0,05/04/2021
2010,22,3,5,1532420100417001,7,2,04,we,8835440801,470,1.5,0,0,201027228304we,153242010041757231,BLACK DRUM,,786.46322923,18,47,201027228304we,,0,05/04/2021
2010,22,3,5,1532420100417001,7,2,04,we,8835430301,250,0.4,1,1,201027228304we,153242010041757231,SHEEPSHEAD,,786.46322923,9,25,201027228304we,,0,05/04/2021
2010,22,3,5,1532420100417001,7,2,04,we,8835430301,380,1.2,0,0,201027228304we,153242010041757231,SHEEPSHEAD,,786.46322923,14,38,201027228304we,,0,05/04/2021
2010,22,3,5,1532420100417001,7,2,04,we,8835430301,380,1.2,1,1,201027228304we,153242010041757231,SHEEPSHEAD,,786.46322923,14,38,201027228304we,,0,05/04/2021
2010,22,3,5,1532420100417001,7,2,04,we,8835430301,405,1.4,0,0,201027228304we,153242010041757231,SHEEPSHEAD,,786.46322923,15,40,201027228304we,,0,05/04/2021
2010,22,3,5,1532420100417001,7,2,04,we,8835430301,405,1.4,1,1,201027228304we,153242010041757231,SHEEPSHEAD,,786.46322923,15,40,201027228304we,,0,05/04/2021
2010,22,3,5,1532420100417001,7,2,04,we,8835430301,420,1.75,0,0,201027228304we,153242010041757231,SHEEPSHEAD,,786.46322923,16,42,201027228304we,,0,05/04/2021
2010,22,3,5,1532420100417001,7,2,04,we,8835430301,420,1.75,1,1,201027228304we,153242010041757231,SHEEPSHEAD,,786.46322923,16,42,201027228304we,,0,05/04/2021
2010,22,3,5,1532420100417002,7,2,04,we,8835440901,393,0.68,1,1,201027228304we,153242010041757231,RED DRUM,,835.61718106,15,39,201027228304we,,0,05/04/2021
2010,22,3,5,1532420100417002,7,2,04,we,8835440901,426,0.75,1,1,201027228304we,153242010041757231,RED DRUM,,835.61718106,16,42,201027228304we,,0,05/04/2021
2010,22,3,5,1532420100417002,7,2,04,we,8835440901,585,2.25,1,1,201027228304we,153242010041757231,RED DRUM,,835.61718106,23,58,201027228304we,,0,05/04/2021
2010,22,3,5,1532420100417003,7,2,04,we,,,,0,0,201027228304we,153242010041757231,,,3560.3030559,,,201027228304we,,0,05/04/2021
2010,22,3,5,1532420100430001,7,2,04,wd,8857030304,349,0.45,0,0,201027228304wd,153242010043051222,SOUTHERN FLOUNDER,,6397.4228437,13,34,201027228304wd,,0,05/04/2021
2010,22,3,5,1532420100430003,7,2,04,wd,8777180202,205,0.25,1,1,201027228304wd,153242010043051222,HARDHEAD CATFISH,,6397.4228437,8,20,201027228304wd,,0,05/04/2021
2010,22,3,5,1532420100430004,7,2,04,wd,8777180202,276,0.25,1,1,201027228304wd,153242010043057231,HARDHEAD CATFISH,,7412.9320865,10,27,201027228304wd,,0,05/04/2021
2010,22,3,5,1538920100418002,7,2,04,we,,,,0,0,201027228304we,1538920100418233368,,,6377.7640891,,,201027228304we,,0,05/04/2021
2010,22,3,5,1538920100418003,7,2,04,we,,,,0,0,201027228304we,1538920100418233368,,,6377.7640891,,,201027228304we,,0,05/04/2021
2010,22,3,5,1538920100418004,7,2,04,we,8835440901,393,0.68,0,0,201027228304we,1538920100418233368,RED DRUM,,6377.7640891,15,39,201027228304we,,0,05/04/2021
2010,22,3,5,1538920100418005,7,2,04,we,,,,0,0,201027228304we,1538920100418233368,,,6377.7640891,,,201027228304we,,0,05/04/2021
2010,22,3,5,1538920100418007,7,2,04,we,,,,0,0,201027228304we,1538920100418233368,,,6377.7640891,,,201027228304we,,0,05/04/2021
2010,22,5,5,1506920100411001,7,2,04,we,8835440901,558,1.67,1,1,201027228504we,1506920100411756,RED DRUM,,88.359967662,21,55,201027228504we,,0,05/04/2021
2010,22,5,5,1506920100411001,7,2,04,we,8835440901,683,3.02,1,1,201027228504we,1506920100411756,RED DRUM,,88.359967662,26,68,201027228504we,,0,05/04/2021
2010,22,5,5,1506920100411001,7,2,04,we,8835440102,366,0.48,1,1,201027228504we,1506920100411756,SPOTTED SEATROUT,,618.51977364,14,36,201027228504we,,0,05/04/2021
2010,22,5,5,1506920100411001,7,2,04,we,8835440102,370,0.47,1,1,201027228504we,1506920100411756,SPOTTED SEATROUT,,618.51977364,14,37,201027228504we,,0,05/04/2021
2010,22,5,5,1506920100411001,7,2,04,we,8835440102,380,0.53,1,1,201027228504we,1506920100411756,SPOTTED SEATROUT,,618.51977364,14,38,201027228504we,,0,05/04/2021
2010,22,5,5,1506920100411001,7,2,04,we,8835440102,455,0.87,1,1,201027228504we,1506920100411756,SPOTTED SEATROUT,,618.51977364,17,45,201027228504we,,0,05/04/2021
2010,22,5,5,1506920100411001,7,2,04,we,8835440102,471,0.93,1,1,201027228504we,1506920100411756,SPOTTED SEATROUT,,618.51977364,18,47,201027228504we,,0,05/04/2021
2010,22,5,5,1506920100411003,7,2,04,we,8857030304,526,1.54,0,0,201027228504we,1506920100411756,SOUTHERN FLOUNDER,,118.30440598,20,52,201027228504we,,0,05/04/2021
2010,22,5,5,1506920100411003,7,2,04,we,8835440901,422,0.81,0,0,201027228504we,1506920100411756,RED DRUM,,118.30440598,16,42,201027228504we,,0,05/04/2021
2010,22,5,5,1506920100411003,7,2,04,we,8835440102,353,0.42,0,0,201027228504we,1506920100411756,SPOTTED SEATROUT,,347.95413525,13,35,201027228504we,,0,05/04/2021
2010,22,5,5,1506920100411003,7,2,04,we,8835440102,353,0.42,0,0,201027228504we,1506920100411756,SPOTTED SEATROUT,,347.95413525,13,35,201027228504we,,0,05/04/2021
2010,22,5,5,1506920100411003,7,2,04,we,8835440102,353,0.42,1,1,201027228504we,1506920100411756,SPOTTED SEATROUT,,347.95413525,13,35,201027228504we,,0,05/04/2021
2010,22,5,5,1506920100411003,7,2,04,we,8835440102,353,0.42,1,1,201027228504we,1506920100411756,SPOTTED SEATROUT,,347.95413525,13,35,201027228504we,,0,05/04/2021
2010,22,5,5,1506920100411003,7,2,04,we,8835440102,366,0.48,0,0,201027228504we,1506920100411756,SPOTTED SEATROUT,,347.95413525,14,36,201027228504we,,0,05/04/2021
2010,22,5,5,1506920100411003,7,2,04,we,8835440102,366,0.46,0,0,201027228504we,1506920100411756,SPOTTED SEATROUT,,347.95413525,14,36,201027228504we,,0,05/04/2021
2010,22,5,5,1506920100411003,7,2,04,we,8835440102,366,0.45,0,0,201027228504we,1506920100411756,SPOTTED SEATROUT,,347.95413525,14,36,201027228504we,,0,05/04/2021
2010,22,5,5,1506920100411003,7,2,04,we,8835440102,366,0.36,0,0,201027228504we,1506920100411756,SPOTTED SEATROUT,,347.95413525,14,36,201027228504we,,0,05/04/2021
2010,22,5,5,1506920100411003,7,2,04,we,8835440102,366,0.46,1,1,201027228504we,1506920100411756,SPOTTED SEATROUT,,347.95413525,14,36,201027228504we,,0,05/04/2021
2010,22,5,5,1506920100411003,7,2,04,we,8835440102,370,0.47,0,0,201027228504we,1506920100411756,SPOTTED SEATROUT,,347.95413525,14,37,201027228504we,,0,05/04/2021
2010,22,5,5,1506920100411003,7,2,04,we,8835440102,371,0.47,0,0,201027228504we,1506920100411756,SPOTTED SEATROUT,,347.95413525,14,37,201027228504we,,0,05/04/2021
2010,22,5,5,1506920100411003,7,2,04,we,8835440102,371,0.47,1,1,201027228504we,1506920100411756,SPOTTED SEATROUT,,347.95413525,14,37,201027228504we,,0,05/04/2021
2010,22,5,5,1506920100411003,7,2,04,we,8835440102,380,0.53,0,0,201027228504we,1506920100411756,SPOTTED SEATROUT,,347.95413525,14,38,201027228504we,,0,05/04/2021
2010,22,5,5,1506920100411003,7,2,04,we,8835440102,395,0.52,0,0,201027228504we,1506920100411756,SPOTTED SEATROUT,,347.95413525,15,39,201027228504we,,0,05/04/2021
2010,22,5,5,1506920100411003,7,2,04,we,8835440102,413,0.69,0,0,201027228504we,1506920100411756,SPOTTED SEATROUT,,347.95413525,16,41,201027228504we,,0,05/04/2021
2010,22,5,5,1506920100411003,7,2,04,we,8835440102,455,0.87,0,0,201027228504we,1506920100411756,SPOTTED SEATROUT,,347.95413525,17,45,201027228504we,,0,05/04/2021
2010,22,5,5,1506920100411003,7,2,04,we,8835440102,471,0.93,0,0,201027228504we,1506920100411756,SPOTTED SEATROUT,,347.95413525,18,47,201027228504we,,0,05/04/2021
2010,22,5,5,1506920100411004,7,2,04,we,,,,0,0,201027228504we,1506920100411756,,,88.359967662,,,201027228504we,,0,05/04/2021
2010,22,5,5,1506920100411005,7,2,04,we,8835440901,491,1.25,1,1,201027228504we,1506920100411756,RED DRUM,,94.677811415,19,49,201027228504we,,0,05/04/2021
2010,22,5,5,1506920100411005,7,2,04,we,8835440901,538,1.78,1,1,201027228504we,1506920100411756,RED DRUM,,94.677811415,21,53,201027228504we,,0,05/04/2021
2010,22,5,5,1506920100411005,7,2,04,we,8835440901,564,2.2,0,0,201027228504we,1506920100411756,RED DRUM,,94.677811415,22,56,201027228504we,,0,05/04/2021
2010,22,5,5,1506920100411005,7,2,04,we,8835440901,587,2.02,1,1,201027228504we,1506920100411756,RED DRUM,,94.677811415,23,58,201027228504we,,0,05/04/2021
2010,22,5,5,1506920100411005,7,2,04,we,8835440901,690,3.75,0,0,201027228504we,1506920100411756,RED DRUM,,94.677811415,27,69,201027228504we,,0,05/04/2021
2010,22,5,5,1506920100411005,7,2,04,we,8835440901,634,2.97,0,0,201027228504we,1506920100411756,RED DRUM,,94.677811415,24,63,201027228504we,,0,05/04/2021
2010,22,5,5,1506920100411005,7,2,04,we,8835440102,314,0.28,0,0,201027228504we,1506920100411756,SPOTTED SEATROUT,,64.801702035,12,31,201027228504we,,0,05/04/2021
2010,22,5,5,1506920100411005,7,2,04,we,8835440102,315,0.28,0,0,201027228504we,1506920100411756,SPOTTED SEATROUT,,64.801702035,12,31,201027228504we,,0,05/04/2021
2010,22,5,5,1506920100411005,7,2,04,we,8835440102,374,0.52,0,0,201027228504we,1506920100411756,SPOTTED SEATROUT,,64.801702035,14,37,201027228504we,,0,05/04/2021
2010,22,5,5,1506920100411005,7,2,04,we,8835440102,393,0.57,0,0,201027228504we,1506920100411756,SPOTTED SEATROUT,,64.801702035,15,39,201027228504we,,0,05/04/2021
2010,22,5,5,1506920100411005,7,2,04,we,8835440102,414,0.67,0,0,201027228504we,1506920100411756,SPOTTED SEATROUT,,64.801702035,16,41,201027228504we,,0,05/04/2021
2010,22,5,5,1506920100411005,7,2,04,we,8835440102,415,0.66,0,0,201027228504we,1506920100411756,SPOTTED SEATROUT,,64.801702035,16,41,201027228504we,,0,05/04/2021
2010,22,5,5,1506920100411005,7,2,04,we,8835440901,530,1.37,1,1,201027228504we,1506920100411756,RED DRUM,,94.677811415,20,53,201027228504we,,0,05/04/2021
2010,22,5,5,1506920100411005,7,2,04,we,8835440102,429,0.83,0,0,201027228504we,1506920100411756,SPOTTED SEATROUT,,64.801702035,16,42,201027228504we,,0,05/04/2021
2010,22,5,5,1506920100411005,7,2,04,we,8835440102,460,0.9,0,0,201027228504we,1506920100411756,SPOTTED SEATROUT,,64.801702035,18,46,201027228504we,,0,05/04/2021
2010,22,5,5,1506920100411005,7,2,04,we,8835440102,460,0.9,1,1,201027228504we,1506920100411756,SPOTTED SEATROUT,,64.801702035,18,46,201027228504we,,0,05/04/2021
2010,22,5,5,1506920100411005,7,2,04,we,8835440102,486,1.05,0,0,201027228504we,1506920100411756,SPOTTED SEATROUT,,64.801702035,19,48,201027228504we,,0,05/04/2021
2010,22,5,5,1506920100411005,7,2,04,we,8835440102,486,1.05,1,1,201027228504we,1506920100411756,SPOTTED SEATROUT,,64.801702035,19,48,201027228504we,,0,05/04/2021
2010,22,5,5,1506920100411005,7,2,04,we,8835440102,512,1.3,0,0,201027228504we,1506920100411756,SPOTTED SEATROUT,,64.801702035,20,51,201027228504we,,0,05/04/2021
2010,22,5,5,1506920100411005,7,2,04,we,8835440102,512,1.3,1,1,201027228504we,1506920100411756,SPOTTED SEATROUT,,64.801702035,20,51,201027228504we,,0,05/04/2021
2010,22,5,5,1506920100411005,7,2,04,we,8835440102,513,1.28,0,0,201027228504we,1506920100411756,SPOTTED SEATROUT,,64.801702035,20,51,201027228504we,,0,05/04/2021
2010,22,5,5,1506920100411005,7,2,04,we,8835440102,513,1.28,1,1,201027228504we,1506920100411756,SPOTTED SEATROUT,,64.801702035,20,51,201027228504we,,0,05/04/2021
2010,22,5,5,1506920100411006,7,2,04,we,8835440102,415,0.66,1,1,201027228504we,1506920100411756,SPOTTED SEATROUT,,44.18297866,16,41,201027228504we,,0,05/04/2021
2010,22,5,5,1506920100411006,7,2,04,we,8835440102,429,0.83,1,1,201027228504we,1506920100411756,SPOTTED SEATROUT,,44.18297866,16,42,201027228504we,,0,05/04/2021
2010,22,5,5,1506920100411007,7,2,04,we,8835440102,314,0.28,1,1,201027228504we,1506920100411756,SPOTTED SEATROUT,,44.18297866,12,31,201027228504we,,0,05/04/2021
2010,22,5,5,1506920100411007,7,2,04,we,8835440102,393,0.57,1,1,201027228504we,1506920100411756,SPOTTED SEATROUT,,44.18297866,15,39,201027228504we,,0,05/04/2021
2010,22,5,5,1506920100417001,7,2,04,we,8835440901,449,0.95,1,1,201027228504we,1506920100417511309,RED DRUM,,26.769903318,17,44,201027228504we,,0,05/04/2021
2010,22,5,5,1506920100417001,7,2,04,we,8835440901,495,1.22,1,1,201027228504we,1506920100417511309,RED DRUM,,26.769903318,19,49,201027228504we,,0,05/04/2021
2010,22,5,5,1506920100417001,7,2,04,we,8835440901,501,1.15,1,1,201027228504we,1506920100417511309,RED DRUM,,26.769903318,19,50,201027228504we,,0,05/04/2021
2010,22,5,5,1506920100417004,7,2,04,we,8835440901,446,0.88,1,1,201027228504we,1506920100417511309,RED DRUM,,143.3679796,17,44,201027228504we,,0,05/04/2021
2010,22,5,5,1506920100417004,7,2,04,we,8835440901,672,3.9,1,1,201027228504we,1506920100417511309,RED DRUM,,143.3679796,26,67,201027228504we,,0,05/04/2021
2010,22,5,5,1506920100417004,7,2,04,we,8835440901,672,3.58,1,1,201027228504we,1506920100417511309,RED DRUM,,143.3679796,26,67,201027228504we,,0,05/04/2021
2010,22,5,5,1506920100417004,7,2,04,we,8835440901,672,3.58,1,1,201027228504we,1506920100417511309,RED DRUM,,143.3679796,26,67,201027228504we,,0,05/04/2021
2010,22,5,5,1506920100417004,7,2,04,we,8835440901,673,3.27,1,1,201027228504we,1506920100417511309,RED DRUM,,143.3679796,26,67,201027228504we,,0,05/04/2021
2010,22,5,5,1506920100417005,7,2,04,we,,,,0,0,201027228504we,1506920100417511309,,,35.841994899,,,201027228504we,,0,05/04/2021
2010,22,5,5,1514120100424001,7,2,04,we,8835440901,558,1.67,0,0,201027228504we,1514120100424231535,RED DRUM,,40.356914908,21,55,201027228504we,,0,05/04/2021
2010,22,5,5,1514120100424001,7,2,04,we,8835440901,625,2.39,0,0,201027228504we,1514120100424231535,RED DRUM,,40.356914908,24,62,201027228504we,,0,05/04/2021
2010,22,5,5,1514120100424001,7,2,04,we,8835440102,357,0.5,0,0,201027228504we,1514120100424231535,SPOTTED SEATROUT,,40.356914908,14,35,201027228504we,,0,05/04/2021
2010,22,5,5,1514120100424001,7,2,04,we,8835440102,376,0.52,0,0,201027228504we,1514120100424231535,SPOTTED SEATROUT,,40.356914908,14,37,201027228504we,,0,05/04/2021
2010,22,5,5,1514120100424001,7,2,04,we,8835440102,380,0.59,0,0,201027228504we,1514120100424231535,SPOTTED SEATROUT,,40.356914908,14,38,201027228504we,,0,05/04/2021
2010,22,5,5,1514120100424003,7,2,04,we,,,,0,0,201027228504we,1514120100424231535,,,40.356914908,,,201027228504we,,0,05/04/2021
2010,22,5,5,1514120100424004,7,2,04,we,,,,0,0,201027228504we,1514120100424231535,,,40.356914908,,,201027228504we,,0,05/04/2021
2010,22,5,5,1514120100424005,7,2,04,we,8857030304,428,0.85,0,0,201027228504we,1514120100424231535,SOUTHERN FLOUNDER,,69.692767859,16,42,201027228504we,,0,05/04/2021
2010,22,5,5,1514120100424005,7,2,04,we,8835440901,446,0.88,0,0,201027228504we,1514120100424231535,RED DRUM,,69.692767859,17,44,201027228504we,,0,05/04/2021
2010,22,5,5,1514120100424005,7,2,04,we,8835440901,449,0.95,0,0,201027228504we,1514120100424231535,RED DRUM,,69.692767859,17,44,201027228504we,,0,05/04/2021
2010,22,5,5,1514120100424005,7,2,04,we,8835440901,491,1.25,0,0,201027228504we,1514120100424231535,RED DRUM,,69.692767859,19,49,201027228504we,,0,05/04/2021
2010,22,5,5,1514120100424005,7,2,04,we,8835440901,495,1.22,0,0,201027228504we,1514120100424231535,RED DRUM,,69.692767859,19,49,201027228504we,,0,05/04/2021
2010,22,5,5,1514120100424005,7,2,04,we,8835440901,501,1.15,0,0,201027228504we,1514120100424231535,RED DRUM,,69.692767859,19,50,201027228504we,,0,05/04/2021
2010,22,5,5,1514120100424005,7,2,04,we,8835440901,530,1.37,0,0,201027228504we,1514120100424231535,RED DRUM,,69.692767859,20,53,201027228504we,,0,05/04/2021
2010,22,5,5,1514120100424005,7,2,04,we,8835440901,538,1.78,0,0,201027228504we,1514120100424231535,RED DRUM,,69.692767859,21,53,201027228504we,,0,05/04/2021
2010,22,5,5,1514120100424005,7,2,04,we,8835440901,587,2.02,0,0,201027228504we,1514120100424231535,RED DRUM,,69.692767859,23,58,201027228504we,,0,05/04/2021
2010,22,5,5,1514120100424005,7,2,04,we,8835440901,683,3.02,0,0,201027228504we,1514120100424231535,RED DRUM,,69.692767859,26,68,201027228504we,,0,05/04/2021
2010,22,5,5,1514120100424005,7,2,04,we,8835440102,380,0.56,0,0,201027228504we,1514120100424231535,SPOTTED SEATROUT,,69.692767859,14,38,201027228504we,,0,05/04/2021
2010,22,5,5,1514120100424005,7,2,04,we,8835440102,382,0.59,0,0,201027228504we,1514120100424231535,SPOTTED SEATROUT,,69.692767859,15,38,201027228504we,,0,05/04/2021
2010,22,5,5,1514120100424005,7,2,04,we,8835440102,386,0.55,0,0,201027228504we,1514120100424231535,SPOTTED SEATROUT,,69.692767859,15,38,201027228504we,,0,05/04/2021
2010,22,5,5,1514120100424005,7,2,04,we,8835440102,396,0.66,0,0,201027228504we,1514120100424231535,SPOTTED SEATROUT,,69.692767859,15,39,201027228504we,,0,05/04/2021
2010,22,5,5,1514120100424005,7,2,04,we,8835440102,407,0.78,0,0,201027228504we,1514120100424231535,SPOTTED SEATROUT,,69.692767859,16,40,201027228504we,,0,05/04/2021
2010,22,5,5,1514120100424006,7,2,04,we,,,,0,0,201027228504we,1514120100424231535,,,144.68025257,,,201027228504we,,0,05/04/2021
2010,22,5,5,1514120100424007,7,2,04,we,,,,0,0,201027228504we,1514120100424231535,,,144.68025257,,,201027228504we,,0,05/04/2021
2010,22,5,5,1514120100424008,7,2,04,we,,,,0,0,201027228504we,1514120100424231535,,,54.033528665,,,201027228504we,,0,05/04/2021
2010,22,5,5,1516120100306001,7,2,03,we,8835440901,420,0.74,0,0,201027228503we,1516120100306751369,RED DRUM,,109.81622496,16,42,201027228503we,,0,05/04/2021
2010,22,5,5,1516120100306001,7,2,03,we,8835440901,443,1.06,0,0,201027228503we,1516120100306751369,RED DRUM,,109.81622496,17,44,201027228503we,,0,05/04/2021
2010,22,5,5,1516120100306001,7,2,03,we,8835440901,520,1.57,0,0,201027228503we,1516120100306751369,RED DRUM,,109.81622496,20,52,201027228503we,,0,05/04/2021
2010,22,5,5,1516120100306001,7,2,03,we,8835440901,544,1.93,0,0,201027228503we,1516120100306751369,RED DRUM,,109.81622496,21,54,201027228503we,,0,05/04/2021
2010,22,5,5,1516120100306001,7,2,03,we,8835440901,547,1.9,0,0,201027228503we,1516120100306751369,RED DRUM,,109.81622496,21,54,201027228503we,,0,05/04/2021
2010,22,5,5,1516120100306001,7,2,03,we,8835440901,550,1.78,0,0,201027228503we,1516120100306751369,RED DRUM,,109.81622496,21,55,201027228503we,,0,05/04/2021
2010,22,5,5,1516120100306001,7,2,03,we,8835440901,558,1.88,0,0,201027228503we,1516120100306751369,RED DRUM,,109.81622496,21,55,201027228503we,,0,05/04/2021
2010,22,5,5,1516120100306001,7,2,03,we,8835440901,560,1.88,0,0,201027228503we,1516120100306751369,RED DRUM,,109.81622496,22,56,201027228503we,,0,05/04/2021
2010,22,5,5,1516120100306001,7,2,03,we,8835440901,570,1.84,0,0,201027228503we,1516120100306751369,RED DRUM,,109.81622496,22,57,201027228503we,,0,05/04/2021
2010,22,5,5,1516120100306001,7,2,03,we,8835440901,499,1.55,0,0,201027228503we,1516120100306751369,RED DRUM,,109.81622496,19,49,201027228503we,,0,05/04/2021
2010,22,5,5,1516120100306001,7,2,03,we,8835440901,587,2.35,0,0,201027228503we,1516120100306751369,RED DRUM,,109.81622496,23,58,201027228503we,,0,05/04/2021
2010,22,5,5,1516120100306001,7,2,03,we,8835440901,588,2.33,0,0,201027228503we,1516120100306751369,RED DRUM,,109.81622496,23,58,201027228503we,,0,05/04/2021
2010,22,5,5,1516120100306001,7,2,03,we,8835440901,589,2.34,0,0,201027228503we,1516120100306751369,RED DRUM,,109.81622496,23,58,201027228503we,,0,05/04/2021
2010,22,5,5,1516120100306001,7,2,03,we,8835440901,592,2.59,0,0,201027228503we,1516120100306751369,RED DRUM,,109.81622496,23,59,201027228503we,,0,05/04/2021
2010,22,5,5,1516120100306001,7,2,03,we,8835440901,600,2.39,0,0,201027228503we,1516120100306751369,RED DRUM,,109.81622496,23,60,201027228503we,,0,05/04/2021
2010,22,5,5,1516120100306001,7,2,03,we,8835440901,647,3.14,0,0,201027228503we,1516120100306751369,RED DRUM,,109.81622496,25,64,201027228503we,,0,05/04/2021
2010,22,5,5,1516120100306001,7,2,03,we,8835440901,648,2.98,0,0,201027228503we,1516120100306751369,RED DRUM,,109.81622496,25,64,201027228503we,,0,05/04/2021
2010,22,5,5,1516120100306001,7,2,03,we,8835440901,672,3.9,0,0,201027228503we,1516120100306751369,RED DRUM,,109.81622496,26,67,201027228503we,,0,05/04/2021
2010,22,5,5,1516120100306001,7,2,03,we,8835440901,672,3.58,0,0,201027228503we,1516120100306751369,RED DRUM,,109.81622496,26,67,201027228503we,,0,05/04/2021
2010,22,5,5,1516120100306001,7,2,03,we,8835440901,672,3.58,0,0,201027228503we,1516120100306751369,RED DRUM,,109.81622496,26,67,201027228503we,,0,05/04/2021
2010,22,5,5,1516120100306001,7,2,03,we,8835440901,673,3.27,0,0,201027228503we,1516120100306751369,RED DRUM,,109.81622496,26,67,201027228503we,,0,05/04/2021
2010,22,5,5,1516120100306002,7,2,03,we,,,,0,0,201027228503we,1516120100306751369,,,109.81622496,,,201027228503we,,0,05/04/2021
2010,22,5,5,1516120100306003,7,2,03,we,,,,0,0,201027228503we,1516120100306751369,,,109.81622496,,,201027228503we,,0,05/04/2021
2010,22,5,2,1516120100324001,7,2,03,wd,8850030501,612,1.64,1,1,201027228503wd,1516120100324756,KING MACKEREL,,204.40763676,24,61,201027228503wd,,0,05/04/2021
2010,22,5,2,1516120100324001,7,2,03,wd,8850030501,685,2.42,1,1,201027228503wd,1516120100324756,KING MACKEREL,,204.40763676,26,68,201027228503wd,,0,05/04/2021
2010,22,5,2,1516120100324001,7,2,03,wd,8835280801,816,8.3,1,1,201027228503wd,1516120100324756,GREATER AMBERJACK,,204.40763676,32,81,201027228503wd,,0,05/04/2021
2010,22,5,2,1516120100324001,7,2,03,wd,8835280801,878,9.25,1,1,201027228503wd,1516120100324756,GREATER AMBERJACK,,204.40763676,34,87,201027228503wd,,0,05/04/2021
2010,22,5,2,1516120100324001,7,2,03,wd,8835280801,960,12,0,0,201027228503wd,1516120100324756,GREATER AMBERJACK,,204.40763676,37,96,201027228503wd,,0,05/04/2021
2010,22,5,2,1516120100324002,7,2,03,wd,,,,0,0,201027228503wd,1516120100324756,,,204.40763676,,,201027228503wd,,0,05/04/2021
2010,22,5,5,1516120100324003,7,2,03,wd,8835440901,489,1.53,1,1,201027228503wd,1516120100324756,RED DRUM,,79.137125625,19,48,201027228503wd,,0,05/04/2021
2010,22,5,5,1516120100324003,7,2,03,wd,8835440901,495,1.5,1,1,201027228503wd,1516120100324756,RED DRUM,,79.137125625,19,49,201027228503wd,,0,05/04/2021
2010,22,5,5,1516120100324003,7,2,03,wd,8835440901,505,1.44,0,0,201027228503wd,1516120100324756,RED DRUM,,79.137125625,19,50,201027228503wd,,0,05/04/2021
2010,22,5,5,1516120100324003,7,2,03,wd,8835440901,533,1.5,0,0,201027228503wd,1516120100324756,RED DRUM,,79.137125625,20,53,201027228503wd,,0,05/04/2021
2010,22,5,5,1516120100324003,7,2,03,wd,8835440901,533,1.62,1,1,201027228503wd,1516120100324756,RED DRUM,,79.137125625,20,53,201027228503wd,,0,05/04/2021
2010,22,5,5,1516120100324003,7,2,03,wd,8835440901,545,1.88,0,0,201027228503wd,1516120100324756,RED DRUM,,79.137125625,21,54,201027228503wd,,0,05/04/2021
2010,22,5,5,1516120100324003,7,2,03,wd,8835440901,548,1.9,0,0,201027228503wd,1516120100324756,RED DRUM,,79.137125625,21,54,201027228503wd,,0,05/04/2021
2010,22,5,5,1516120100324003,7,2,03,wd,8835440901,549,1.91,1,1,201027228503wd,1516120100324756,RED DRUM,,79.137125625,21,54,201027228503wd,,0,05/04/2021
2010,22,5,5,1516120100324003,7,2,03,wd,8835440901,592,2.45,0,0,201027228503wd,1516120100324756,RED DRUM,,79.137125625,23,59,201027228503wd,,0,05/04/2021
2010,22,5,5,1516120100324003,7,2,03,wd,8835440901,615,2.76,0,0,201027228503wd,1516120100324756,RED DRUM,,79.137125625,24,61,201027228503wd,,0,05/04/2021
2010,22,5,5,1516120100324003,7,2,03,wd,8835440901,652,3.35,0,0,201027228503wd,1516120100324756,RED DRUM,,79.137125625,25,65,201027228503wd,,0,05/04/2021
2010,22,5,5,1516120100324004,7,2,03,wd,,,,0,0,201027228503wd,1516120100324756,,,90.357562502,,,201027228503wd,,0,05/04/2021
2010,22,5,5,1516120100324005,7,2,03,wd,,,,0,0,201027228503wd,1516120100324756,,,90.357562502,,,201027228503wd,,0,05/04/2021
2010,22,5,5,1516120100324006,7,2,03,wd,8835440901,476,1.1,1,1,201027228503wd,1516120100324756,RED DRUM,,78.020518509,18,47,201027228503wd,,0,05/04/2021
2010,22,5,5,1516120100324006,7,2,03,wd,8835440901,489,1.31,1,1,201027228503wd,1516120100324756,RED DRUM,,78.020518509,19,48,201027228503wd,,0,05/04/2021
2010,22,5,5,1516120100324006,7,2,03,wd,8835440901,489,1.28,1,1,201027228503wd,1516120100324756,RED DRUM,,78.020518509,19,48,201027228503wd,,0,05/04/2021
2010,22,5,5,1516120100324006,7,2,03,wd,8835440901,489,1.15,1,1,201027228503wd,1516120100324756,RED DRUM,,78.020518509,19,48,201027228503wd,,0,05/04/2021
2010,22,5,5,1516120100324006,7,2,03,wd,8835440901,572,2.07,1,1,201027228503wd,1516120100324756,RED DRUM,,78.020518509,22,57,201027228503wd,,0,05/04/2021
2010,22,5,5,1516120100324006,7,2,03,wd,8835440102,315,0.28,1,1,201027228503wd,1516120100324756,SPOTTED SEATROUT,,32.508549379,12,31,201027228503wd,,0,05/04/2021
2010,22,5,5,1516120100324006,7,2,03,wd,8835440102,380,0.59,1,1,201027228503wd,1516120100324756,SPOTTED SEATROUT,,32.508549379,14,38,201027228503wd,,0,05/04/2021
2010,22,5,5,1516120100324007,7,2,03,wd,,,,0,0,201027228503wd,1516120100324756,,,32.508549379,,,201027228503wd,,0,05/04/2021
2010,22,5,5,1516120100324008,7,2,03,wd,,,,0,0,201027228503wd,1516120100324756,,,32.508549379,,,201027228503wd,,0,05/04/2021
2010,22,5,5,1516120100324009,7,2,03,wd,8835440901,426,0.72,1,1,201027228503wd,1516120100324756,RED DRUM,,101.65225781,16,42,201027228503wd,,0,05/04/2021
2010,22,5,5,1516120100324009,7,2,03,wd,8835440901,451,1.1,1,1,201027228503wd,1516120100324756,RED DRUM,,101.65225781,17,45,201027228503wd,,0,05/04/2021
2010,22,5,5,1516120100324009,7,2,03,wd,8835440901,478,1.22,0,0,201027228503wd,1516120100324756,RED DRUM,,101.65225781,18,47,201027228503wd,,0,05/04/2021
2010,22,5,5,1516120100324009,7,2,03,wd,8835440901,512,1.55,0,0,201027228503wd,1516120100324756,RED DRUM,,101.65225781,20,51,201027228503wd,,0,05/04/2021
2010,22,5,5,1516120100324009,7,2,03,wd,8835440901,543,1.72,1,1,201027228503wd,1516120100324756,RED DRUM,,101.65225781,21,54,201027228503wd,,0,05/04/2021
2010,22,5,5,1516120100324009,7,2,03,wd,8835440901,636,3.05,0,0,201027228503wd,1516120100324756,RED DRUM,,101.65225781,25,63,201027228503wd,,0,05/04/2021
2010,22,5,5,1516120100324009,7,2,03,wd,8835440901,678,3.8,0,0,201027228503wd,1516120100324756,RED DRUM,,101.65225781,26,67,201027228503wd,,0,05/04/2021
2010,22,5,5,1516120100324009,7,2,03,wd,8835440901,426,0.8,1,1,201027228503wd,1516120100324756,RED DRUM,,101.65225781,16,42,201027228503wd,,0,05/04/2021
2010,22,5,5,1516120100324009,7,2,03,wd,8835440102,320,0.3,0,0,201027228503wd,1516120100324756,SPOTTED SEATROUT,,225.89390625,12,32,201027228503wd,,0,05/04/2021
2010,22,5,5,1516120100324009,7,2,03,wd,8835440102,357,0.5,1,1,201027228503wd,1516120100324756,SPOTTED SEATROUT,,225.89390625,14,35,201027228503wd,,0,05/04/2021
2010,22,5,5,1516120100324009,7,2,03,wd,8835440102,380,0.56,1,1,201027228503wd,1516120100324756,SPOTTED SEATROUT,,225.89390625,14,38,201027228503wd,,0,05/04/2021
2010,22,5,5,1516120100324009,7,2,03,wd,8835440102,382,0.59,1,1,201027228503wd,1516120100324756,SPOTTED SEATROUT,,225.89390625,15,38,201027228503wd,,0,05/04/2021
2010,22,5,5,1516120100324009,7,2,03,wd,8835440102,398,0.6,0,0,201027228503wd,1516120100324756,SPOTTED SEATROUT,,225.89390625,15,39,201027228503wd,,0,05/04/2021
2010,22,5,5,1516120100324009,7,2,03,wd,8835440102,407,0.78,1,1,201027228503wd,1516120100324756,SPOTTED SEATROUT,,225.89390625,16,40,201027228503wd,,0,05/04/2021
2010,22,5,5,1516120100324009,7,2,03,wd,8835440102,429,0.75,0,0,201027228503wd,1516120100324756,SPOTTED SEATROUT,,225.89390625,16,42,201027228503wd,,0,05/04/2021
2010,22,5,5,1516120100324009,7,2,03,wd,8835440102,444,0.85,0,0,201027228503wd,1516120100324756,SPOTTED SEATROUT,,225.89390625,17,44,201027228503wd,,0,05/04/2021
2010,22,5,2,1516120100324010,7,2,03,wd,8835280801,760,6.25,0,0,201027228503wd,1516120100324756,GREATER AMBERJACK,,204.40763676,29,76,201027228503wd,,0,05/04/2021
2010,22,5,2,1516120100324010,7,2,03,wd,8835280801,878,9.25,0,0,201027228503wd,1516120100324756,GREATER AMBERJACK,,204.40763676,34,87,201027228503wd,,0,05/04/2021
2010,22,5,2,1516120100324010,7,2,03,wd,8835280801,890,9.5,0,0,201027228503wd,1516120100324756,GREATER AMBERJACK,,204.40763676,35,89,201027228503wd,,0,05/04/2021
2010,22,5,2,1516120100324010,7,2,03,wd,8835280801,987,12.75,0,0,201027228503wd,1516120100324756,GREATER AMBERJACK,,204.40763676,38,98,201027228503wd,,0,05/04/2021
2010,22,5,2,1516120100324011,7,2,03,wd,,,,0,0,201027228503wd,1516120100324756,,,204.40763676,,,201027228503wd,,0,05/04/2021
2010,22,5,2,1516120100324012,7,2,03,wd,,,,0,0,201027228503wd,1516120100324756,,,204.40763676,,,201027228503wd,,0,05/04/2021
2010,22,5,2,1516120100324013,7,2,03,wd,,,,0,0,201027228503wd,1516120100324756,,,204.40763676,,,201027228503wd,,0,05/04/2021
2010,22,5,5,1516120100406001,7,2,04,wd,8835440901,730,4.37,0,0,201027228504wd,1516120100406756,RED DRUM,,37.656302187,28,73,201027228504wd,,0,05/04/2021
2010,22,5,5,1516120100406001,7,2,04,wd,8835440601,289,0.33,0,0,201027228504wd,1516120100406756,SOUTHERN KINGFISH,,37.656302187,11,28,201027228504wd,,0,05/04/2021
2010,22,5,5,1516120100406001,7,2,04,wd,8835440601,292,0.33,0,0,201027228504wd,1516120100406756,SOUTHERN KINGFISH,,37.656302187,11,29,201027228504wd,,0,05/04/2021
2010,22,5,5,1516120100406001,7,2,04,wd,8835440601,314,0.47,0,0,201027228504wd,1516120100406756,SOUTHERN KINGFISH,,37.656302187,12,31,201027228504wd,,0,05/04/2021
2010,22,5,5,1516120100406001,7,2,04,wd,8835440106,270,0.2,0,0,201027228504wd,1516120100406756,SAND SEATROUT,,332.26148988,10,27,201027228504wd,,0,05/04/2021
2010,22,5,5,1516120100406001,7,2,04,wd,8835440106,298,0.24,0,0,201027228504wd,1516120100406756,SAND SEATROUT,,332.26148988,11,29,201027228504wd,,0,05/04/2021
2010,22,5,5,1516120100406001,7,2,04,wd,8835440106,298,0.24,1,1,201027228504wd,1516120100406756,SAND SEATROUT,,332.26148988,11,29,201027228504wd,,0,05/04/2021
2010,22,5,5,1516120100406001,7,2,04,wd,8835440106,303,0.26,0,0,201027228504wd,1516120100406756,SAND SEATROUT,,332.26148988,11,30,201027228504wd,,0,05/04/2021
2010,22,5,5,1516120100406001,7,2,04,wd,8835440106,305,0.29,0,0,201027228504wd,1516120100406756,SAND SEATROUT,,332.26148988,12,30,201027228504wd,,0,05/04/2021
2010,22,5,5,1516120100406001,7,2,04,wd,8835440106,305,0.28,0,0,201027228504wd,1516120100406756,SAND SEATROUT,,332.26148988,12,30,201027228504wd,,0,05/04/2021
2010,22,5,5,1516120100406001,7,2,04,wd,8835440106,305,0.29,1,1,201027228504wd,1516120100406756,SAND SEATROUT,,332.26148988,12,30,201027228504wd,,0,05/04/2021
2010,22,5,5,1516120100406001,7,2,04,wd,8835440106,308,0.35,0,0,201027228504wd,1516120100406756,SAND SEATROUT,,332.26148988,12,30,201027228504wd,,0,05/04/2021
2010,22,5,5,1516120100406001,7,2,04,wd,8835440106,318,0.33,0,0,201027228504wd,1516120100406756,SAND SEATROUT,,332.26148988,12,31,201027228504wd,,0,05/04/2021
2010,22,5,5,1516120100406001,7,2,04,wd,8835440106,318,0.28,0,0,201027228504wd,1516120100406756,SAND SEATROUT,,332.26148988,12,31,201027228504wd,,0,05/04/2021
2010,22,5,5,1516120100406001,7,2,04,wd,8835440106,330,0.4,0,0,201027228504wd,1516120100406756,SAND SEATROUT,,332.26148988,12,33,201027228504wd,,0,05/04/2021
2010,22,5,5,1516120100406001,7,2,04,wd,8835440106,340,0.37,0,0,201027228504wd,1516120100406756,SAND SEATROUT,,332.26148988,13,34,201027228504wd,,0,05/04/2021
2010,22,5,5,1516120100406001,7,2,04,wd,8835440106,340,0.37,1,1,201027228504wd,1516120100406756,SAND SEATROUT,,332.26148988,13,34,201027228504wd,,0,05/04/2021
2010,22,5,5,1516120100406001,7,2,04,wd,8835440106,348,0.41,0,0,201027228504wd,1516120100406756,SAND SEATROUT,,332.26148988,13,34,201027228504wd,,0,05/04/2021
2010,22,5,5,1516120100406001,7,2,04,wd,8835440106,348,0.41,1,1,201027228504wd,1516120100406756,SAND SEATROUT,,332.26148988,13,34,201027228504wd,,0,05/04/2021
2010,22,5,5,1516120100406001,7,2,04,wd,8835440106,356,0.51,0,0,201027228504wd,1516120100406756,SAND SEATROUT,,332.26148988,14,35,201027228504wd,,0,05/04/2021
2010,22,5,5,1516120100406001,7,2,04,wd,8835440106,362,0.41,0,0,201027228504wd,1516120100406756,SAND SEATROUT,,332.26148988,14,36,201027228504wd,,0,05/04/2021
2010,22,5,5,1516120100406001,7,2,04,wd,8835440102,490,1.09,0,0,201027228504wd,1516120100406756,SPOTTED SEATROUT,,37.656302187,19,49,201027228504wd,,0,05/04/2021
2010,22,5,5,1516120100406002,7,2,04,wd,,,,0,0,201027228504wd,1516120100406756,,,37.656302187,,,201027228504wd,,0,05/04/2021
2010,22,5,5,1516120100406003,7,2,04,wd,,,,0,0,201027228504wd,1516120100406756,,,37.656302187,,,201027228504wd,,0,05/04/2021
2010,22,5,5,1516120100406004,7,2,04,wd,,,,0,0,201027228504wd,1516120100406756,,,37.656302187,,,201027228504wd,,0,05/04/2021
2010,22,5,5,1516120100406005,7,2,04,wd,8835440901,391,0.6,1,1,201027228504wd,1516120100406756,RED DRUM,,100.82856785,15,39,201027228504wd,,0,05/04/2021
2010,22,5,5,1516120100406005,7,2,04,wd,8835440901,394,0.73,0,0,201027228504wd,1516120100406756,RED DRUM,,100.82856785,15,39,201027228504wd,,0,05/04/2021
2010,22,5,5,1516120100406005,7,2,04,wd,8835440901,406,0.66,0,0,201027228504wd,1516120100406756,RED DRUM,,100.82856785,15,40,201027228504wd,,0,05/04/2021
2010,22,5,5,1516120100406005,7,2,04,wd,8835440901,422,0.74,0,0,201027228504wd,1516120100406756,RED DRUM,,100.82856785,16,42,201027228504wd,,0,05/04/2021
2010,22,5,5,1516120100406005,7,2,04,wd,8835440901,422,0.74,0,0,201027228504wd,1516120100406756,RED DRUM,,100.82856785,16,42,201027228504wd,,0,05/04/2021
2010,22,5,5,1516120100406005,7,2,04,wd,8835440901,426,0.83,0,0,201027228504wd,1516120100406756,RED DRUM,,100.82856785,16,42,201027228504wd,,0,05/04/2021
2010,22,5,5,1516120100406005,7,2,04,wd,8835440901,432,0.86,0,0,201027228504wd,1516120100406756,RED DRUM,,100.82856785,17,43,201027228504wd,,0,05/04/2021
2010,22,5,5,1516120100406005,7,2,04,wd,8835440901,438,0.93,0,0,201027228504wd,1516120100406756,RED DRUM,,100.82856785,17,43,201027228504wd,,0,05/04/2021
2010,22,5,5,1516120100406005,7,2,04,wd,8835440901,470,1.15,0,0,201027228504wd,1516120100406756,RED DRUM,,100.82856785,18,47,201027228504wd,,0,05/04/2021
2010,22,5,5,1516120100406005,7,2,04,wd,8835440901,483,1.23,0,0,201027228504wd,1516120100406756,RED DRUM,,100.82856785,19,48,201027228504wd,,0,05/04/2021
2010,22,5,5,1516120100406005,7,2,04,wd,8835440901,521,1.62,0,0,201027228504wd,1516120100406756,RED DRUM,,100.82856785,20,52,201027228504wd,,0,05/04/2021
2010,22,5,5,1516120100406005,7,2,04,wd,8835440901,391,0.7,0,0,201027228504wd,1516120100406756,RED DRUM,,100.82856785,15,39,201027228504wd,,0,05/04/2021
2010,22,5,5,1516120100406005,7,2,04,wd,8835440901,533,1.79,0,0,201027228504wd,1516120100406756,RED DRUM,,100.82856785,20,53,201027228504wd,,0,05/04/2021
2010,22,5,5,1516120100406005,7,2,04,wd,8835440901,660,3.27,0,0,201027228504wd,1516120100406756,RED DRUM,,100.82856785,25,66,201027228504wd,,0,05/04/2021
2010,22,5,5,1516120100406005,7,2,04,wd,8835440901,733,4.62,1,1,201027228504wd,1516120100406756,RED DRUM,,100.82856785,28,73,201027228504wd,,0,05/04/2021
2010,22,5,5,1516120100406005,7,2,04,wd,8835440102,356,0.38,0,0,201027228504wd,1516120100406756,SPOTTED SEATROUT,,100.82856785,14,35,201027228504wd,,0,05/04/2021
2010,22,5,5,1516120100406005,7,2,04,wd,8835440102,362,0.39,0,0,201027228504wd,1516120100406756,SPOTTED SEATROUT,,100.82856785,14,36,201027228504wd,,0,05/04/2021
2010,22,5,5,1516120100406005,7,2,04,wd,8835440102,384,0.51,0,0,201027228504wd,1516120100406756,SPOTTED SEATROUT,,100.82856785,15,38,201027228504wd,,0,05/04/2021
2010,22,5,5,1516120100406006,7,2,04,wd,,,,0,0,201027228504wd,1516120100406756,,,100.82856785,,,201027228504wd,,0,05/04/2021
2010,22,5,5,1516120100406007,7,2,04,wd,,,,0,0,201027228504wd,1516120100406756,,,100.82856785,,,201027228504wd,,0,05/04/2021
2010,22,5,5,1516120100406008,7,2,04,wd,8835440901,476,1.1,0,0,201027228504wd,1516120100406756,RED DRUM,,108.03060841,18,47,201027228504wd,,0,05/04/2021
2010,22,5,5,1516120100406008,7,2,04,wd,8835440901,489,1.31,0,0,201027228504wd,1516120100406756,RED DRUM,,108.03060841,19,48,201027228504wd,,0,05/04/2021
2010,22,5,5,1516120100406008,7,2,04,wd,8835440901,489,1.28,0,0,201027228504wd,1516120100406756,RED DRUM,,108.03060841,19,48,201027228504wd,,0,05/04/2021
2010,22,5,5,1516120100406008,7,2,04,wd,8835440901,489,1.15,0,0,201027228504wd,1516120100406756,RED DRUM,,108.03060841,19,48,201027228504wd,,0,05/04/2021
2010,22,5,5,1516120100406008,7,2,04,wd,8835440901,489,1.53,0,0,201027228504wd,1516120100406756,RED DRUM,,108.03060841,19,48,201027228504wd,,0,05/04/2021
2010,22,5,5,1516120100406008,7,2,04,wd,8835440901,495,1.5,0,0,201027228504wd,1516120100406756,RED DRUM,,108.03060841,19,49,201027228504wd,,0,05/04/2021
2010,22,5,5,1516120100406008,7,2,04,wd,8835440901,533,1.62,0,0,201027228504wd,1516120100406756,RED DRUM,,108.03060841,20,53,201027228504wd,,0,05/04/2021
2010,22,5,5,1516120100406008,7,2,04,wd,8835440901,549,1.91,0,0,201027228504wd,1516120100406756,RED DRUM,,108.03060841,21,54,201027228504wd,,0,05/04/2021
2010,22,5,5,1516120100406008,7,2,04,wd,8835440901,599,2.37,1,1,201027228504wd,1516120100406756,RED DRUM,,108.03060841,23,59,201027228504wd,,0,05/04/2021
2010,22,5,5,1516120100406008,7,2,04,wd,8835440901,622,2.79,1,1,201027228504wd,1516120100406756,RED DRUM,,108.03060841,24,62,201027228504wd,,0,05/04/2021
2010,22,5,5,1516120100406008,7,2,04,wd,8835440901,634,2.7,0,0,201027228504wd,1516120100406756,RED DRUM,,108.03060841,24,63,201027228504wd,,0,05/04/2021
2010,22,5,5,1516120100406008,7,2,04,wd,8835440901,652,3.37,1,1,201027228504wd,1516120100406756,RED DRUM,,108.03060841,25,65,201027228504wd,,0,05/04/2021
2010,22,5,5,1516120100406008,7,2,04,wd,8835440901,670,2.9,0,0,201027228504wd,1516120100406756,RED DRUM,,108.03060841,26,67,201027228504wd,,0,05/04/2021
2010,22,5,5,1516120100406008,7,2,04,wd,8835440901,740,3.95,1,1,201027228504wd,1516120100406756,RED DRUM,,108.03060841,29,74,201027228504wd,,0,05/04/2021
2010,22,5,5,1516120100406009,7,2,04,wd,,,,0,0,201027228504wd,1516120100406756,,,100.82856785,,,201027228504wd,,0,05/04/2021
2010,22,5,5,1516120100406010,7,2,04,wd,,,,0,0,201027228504wd,1516120100406756,,,100.82856785,,,201027228504wd,,0,05/04/2021
2010,22,5,5,1516120100406011,7,2,04,wd,8835440901,391,0.6,0,0,201027228504wd,1516120100406756,RED DRUM,,102.69204478,15,39,201027228504wd,,0,05/04/2021
2010,22,5,5,1516120100406011,7,2,04,wd,8835440901,426,0.8,0,0,201027228504wd,1516120100406756,RED DRUM,,102.69204478,16,42,201027228504wd,,0,05/04/2021
2010,22,5,5,1516120100406011,7,2,04,wd,8835440901,426,0.72,0,0,201027228504wd,1516120100406756,RED DRUM,,102.69204478,16,42,201027228504wd,,0,05/04/2021
2010,22,5,5,1516120100406011,7,2,04,wd,8835440901,451,1.1,0,0,201027228504wd,1516120100406756,RED DRUM,,102.69204478,17,45,201027228504wd,,0,05/04/2021
2010,22,5,5,1516120100406011,7,2,04,wd,8835440901,498,1.29,0,0,201027228504wd,1516120100406756,RED DRUM,,102.69204478,19,49,201027228504wd,,0,05/04/2021
2010,22,5,5,1516120100406011,7,2,04,wd,8835440901,543,1.72,0,0,201027228504wd,1516120100406756,RED DRUM,,102.69204478,21,54,201027228504wd,,0,05/04/2021
2010,22,5,5,1516120100406011,7,2,04,wd,8835440901,568,1.92,1,1,201027228504wd,1516120100406756,RED DRUM,,102.69204478,22,56,201027228504wd,,0,05/04/2021
2010,22,5,5,1516120100406011,7,2,04,wd,8835440901,572,2.07,0,0,201027228504wd,1516120100406756,RED DRUM,,102.69204478,22,57,201027228504wd,,0,05/04/2021
2010,22,5,5,1516120100406011,7,2,04,wd,8835440901,587,2.19,1,1,201027228504wd,1516120100406756,RED DRUM,,102.69204478,23,58,201027228504wd,,0,05/04/2021
2010,22,5,5,1516120100406011,7,2,04,wd,8835440901,590,2.28,1,1,201027228504wd,1516120100406756,RED DRUM,,102.69204478,23,59,201027228504wd,,0,05/04/2021
2010,22,5,5,1516120100406011,7,2,04,wd,8835440901,605,2.33,1,1,201027228504wd,1516120100406756,RED DRUM,,102.69204478,23,60,201027228504wd,,0,05/04/2021
2010,22,5,5,1516120100406011,7,2,04,wd,8835430301,371,1.08,0,0,201027228504wd,1516120100406756,SHEEPSHEAD,,75.307499503,14,37,201027228504wd,,0,05/04/2021
2010,22,5,5,1516120100406012,7,2,04,wd,,,,0,0,201027228504wd,1516120100406756,,,75.307499503,,,201027228504wd,,0,05/04/2021
2010,22,5,5,1516120100406013,7,2,04,wd,,,,0,0,201027228504wd,1516120100406756,,,75.307499503,,,201027228504wd,,0,05/04/2021
2010,22,5,2,1516120100406014,7,2,04,wd,8850030601,1295,13.81705768,1,1,201027228504wd,1516120100406756,WAHOO,,147.10926807,50,129,201027228504wd,,0,05/04/2021
2010,22,5,2,1516120100406014,7,2,04,wd,8850030601,1320,13.9,0,0,201027228504wd,1516120100406756,WAHOO,,147.10926807,51,132,201027228504wd,,0,05/04/2021
2010,22,5,2,1516120100406014,7,2,04,wd,8850030601,1324,14,0,0,201027228504wd,1516120100406756,WAHOO,,147.10926807,52,132,201027228504wd,,0,05/04/2021
2010,22,5,2,1516120100406014,7,2,04,wd,8835280803,623,3.75,1,1,201027228504wd,1516120100406756,ALMACO JACK,,147.10926807,24,62,201027228504wd,,0,05/04/2021
2010,22,5,2,1516120100406014,7,2,04,wd,8835280801,762,6.9,0,0,201027228504wd,1516120100406756,GREATER AMBERJACK,,147.10926807,29,76,201027228504wd,,0,05/04/2021
2010,22,5,2,1516120100406014,7,2,04,wd,8835280801,816,8.3,0,0,201027228504wd,1516120100406756,GREATER AMBERJACK,,147.10926807,32,81,201027228504wd,,0,05/04/2021
2010,22,5,2,1516120100406014,7,2,04,wd,8835280801,937,9.75,0,0,201027228504wd,1516120100406756,GREATER AMBERJACK,,147.10926807,36,93,201027228504wd,,0,05/04/2021
2010,22,5,2,1516120100406014,7,2,04,wd,8835280801,1016,13.74,0,0,201027228504wd,1516120100406756,GREATER AMBERJACK,,147.10926807,39,101,201027228504wd,,0,05/04/2021
2010,22,5,2,1516120100406014,7,2,04,wd,8835020505,405,1.6,1,1,201027228504wd,1516120100406756,SCAMP,,147.10926807,15,40,201027228504wd,,0,05/04/2021
2010,22,5,2,1516120100406014,7,2,04,wd,8835020505,420,1.7,1,1,201027228504wd,1516120100406756,SCAMP,,147.10926807,16,42,201027228504wd,,0,05/04/2021
2010,22,5,2,1516120100406014,7,2,04,wd,8835020505,483,0.82,0,0,201027228504wd,1516120100406756,SCAMP,,147.10926807,19,48,201027228504wd,,0,05/04/2021
2010,22,5,2,1516120100406014,7,2,04,wd,8835020505,508,1.21,0,0,201027228504wd,1516120100406756,SCAMP,,147.10926807,19,50,201027228504wd,,0,05/04/2021
2010,22,5,2,1516120100406014,7,2,04,wd,8835020505,508,1.21,1,1,201027228504wd,1516120100406756,SCAMP,,147.10926807,19,50,201027228504wd,,0,05/04/2021
2010,22,5,2,1516120100406014,7,2,04,wd,8835020505,772,5.83,0,0,201027228504wd,1516120100406756,SCAMP,,147.10926807,30,77,201027228504wd,,0,05/04/2021
2010,22,5,2,1516120100406014,7,2,04,wd,8835020501,762,4.82,0,0,201027228504wd,1516120100406756,GAG,,147.10926807,29,76,201027228504wd,,0,05/04/2021
2010,22,5,2,1516120100406014,7,2,04,wd,8835020501,864,7.4,0,0,201027228504wd,1516120100406756,GAG,,147.10926807,34,86,201027228504wd,,0,05/04/2021
2010,22,5,2,1516120100406015,7,2,04,wd,,,,0,0,201027228504wd,1516120100406756,,,305.39475921,,,201027228504wd,,0,05/04/2021
2010,22,5,2,1516120100406016,7,2,04,wd,,,,0,0,201027228504wd,1516120100406756,,,147.10926807,,,201027228504wd,,0,05/04/2021
2010,22,5,5,1516120100418001,7,2,04,we,8835440901,389,0.6,0,0,201027228504we,1516120100418751369,RED DRUM,,116.80386387,15,38,201027228504we,,0,05/04/2021
2010,22,5,5,1516120100418001,7,2,04,we,8835440901,407,0.72,0,0,201027228504we,1516120100418751369,RED DRUM,,116.80386387,16,40,201027228504we,,0,05/04/2021
2010,22,5,5,1516120100418001,7,2,04,we,8835440901,409,0.76,0,0,201027228504we,1516120100418751369,RED DRUM,,116.80386387,16,40,201027228504we,,0,05/04/2021
2010,22,5,5,1516120100418001,7,2,04,we,8835440901,510,1.58,0,0,201027228504we,1516120100418751369,RED DRUM,,116.80386387,20,51,201027228504we,,0,05/04/2021
2010,22,5,5,1516120100418001,7,2,04,we,8835440901,512,1.5,0,0,201027228504we,1516120100418751369,RED DRUM,,116.80386387,20,51,201027228504we,,0,05/04/2021
2010,22,5,5,1516120100418001,7,2,04,we,8835440901,565,1.87,0,0,201027228504we,1516120100418751369,RED DRUM,,116.80386387,22,56,201027228504we,,0,05/04/2021
2010,22,5,5,1516120100418001,7,2,04,we,8835440901,566,1.86,0,0,201027228504we,1516120100418751369,RED DRUM,,116.80386387,22,56,201027228504we,,0,05/04/2021
2010,22,5,5,1516120100418001,7,2,04,we,8835440901,568,1.92,0,0,201027228504we,1516120100418751369,RED DRUM,,116.80386387,22,56,201027228504we,,0,05/04/2021
2010,22,5,5,1516120100418001,7,2,04,we,8835440901,578,1.91,0,0,201027228504we,1516120100418751369,RED DRUM,,116.80386387,22,57,201027228504we,,0,05/04/2021
2010,22,5,5,1516120100418001,7,2,04,we,8835440901,587,2.19,0,0,201027228504we,1516120100418751369,RED DRUM,,116.80386387,23,58,201027228504we,,0,05/04/2021
2010,22,5,5,1516120100418001,7,2,04,we,8835440901,590,2.28,0,0,201027228504we,1516120100418751369,RED DRUM,,116.80386387,23,59,201027228504we,,0,05/04/2021
2010,22,5,5,1516120100418001,7,2,04,we,8835440901,599,2.37,0,0,201027228504we,1516120100418751369,RED DRUM,,116.80386387,23,59,201027228504we,,0,05/04/2021
2010,22,5,5,1516120100418001,7,2,04,we,8835440901,605,2.33,0,0,201027228504we,1516120100418751369,RED DRUM,,116.80386387,23,60,201027228504we,,0,05/04/2021
2010,22,5,5,1516120100418001,7,2,04,we,8835440901,622,2.79,0,0,201027228504we,1516120100418751369,RED DRUM,,116.80386387,24,62,201027228504we,,0,05/04/2021
2010,22,5,5,1516120100418001,7,2,04,we,8835440901,652,3.37,0,0,201027228504we,1516120100418751369,RED DRUM,,116.80386387,25,65,201027228504we,,0,05/04/2021
2010,22,5,5,1516120100418001,7,2,04,we,8835440901,733,4.62,0,0,201027228504we,1516120100418751369,RED DRUM,,116.80386387,28,73,201027228504we,,0,05/04/2021
2010,22,5,5,1516120100418001,7,2,04,we,8835440901,740,3.95,0,0,201027228504we,1516120100418751369,RED DRUM,,116.80386387,29,74,201027228504we,,0,05/04/2021
2010,22,5,5,1516120100418002,7,2,04,we,,,,0,0,201027228504we,1516120100418751369,,,363.72237132,,,201027228504we,,0,05/04/2021
2010,22,5,5,1516120100418003,7,2,04,we,8857030304,445,0.78,0,0,201027228504we,1516120100418751369,SOUTHERN FLOUNDER,,242.48158088,17,44,201027228504we,,0,05/04/2021
2010,22,5,5,1516120100418003,7,2,04,we,8835440901,538,1.87,0,0,201027228504we,1516120100418751369,RED DRUM,,269.42397876,21,53,201027228504we,,0,05/04/2021
2010,22,5,5,1516120100418003,7,2,04,we,8835440901,540,1.76,0,0,201027228504we,1516120100418751369,RED DRUM,,269.42397876,21,54,201027228504we,,0,05/04/2021
2010,22,5,5,1516120100418003,7,2,04,we,8835440901,542,1.8,0,0,201027228504we,1516120100418751369,RED DRUM,,269.42397876,21,54,201027228504we,,0,05/04/2021
2010,22,5,5,1516120100418003,7,2,04,we,8835440901,543,1.61,0,0,201027228504we,1516120100418751369,RED DRUM,,269.42397876,21,54,201027228504we,,0,05/04/2021
2010,22,5,5,1516120100418003,7,2,04,we,8835440901,550,1.7,0,0,201027228504we,1516120100418751369,RED DRUM,,269.42397876,21,55,201027228504we,,0,05/04/2021
2010,22,5,5,1516120100418003,7,2,04,we,8835440901,510,1.58,1,1,201027228504we,1516120100418751369,RED DRUM,,269.42397876,20,51,201027228504we,,0,05/04/2021
2010,22,5,5,1516120100418003,7,2,04,we,8835440901,565,1.87,1,1,201027228504we,1516120100418751369,RED DRUM,,269.42397876,22,56,201027228504we,,0,05/04/2021
2010,22,5,5,1516120100418003,7,2,04,we,8835440901,566,1.86,1,1,201027228504we,1516120100418751369,RED DRUM,,269.42397876,22,56,201027228504we,,0,05/04/2021
2010,22,5,5,1516120100418003,7,2,04,we,8835440901,578,1.91,1,1,201027228504we,1516120100418751369,RED DRUM,,269.42397876,22,57,201027228504we,,0,05/04/2021
2010,22,5,5,1516120100418003,7,2,04,we,8835440901,580,2.18,0,0,201027228504we,1516120100418751369,RED DRUM,,269.42397876,22,58,201027228504we,,0,05/04/2021
2010,22,5,5,1516120100418003,7,2,04,we,8835440901,582,2.17,0,0,201027228504we,1516120100418751369,RED DRUM,,269.42397876,22,58,201027228504we,,0,05/04/2021
2010,22,5,5,1516120100418003,7,2,04,we,8835440901,588,2.34,0,0,201027228504we,1516120100418751369,RED DRUM,,269.42397876,23,58,201027228504we,,0,05/04/2021
2010,22,5,5,1516120100418003,7,2,04,we,8835440901,598,2.48,0,0,201027228504we,1516120100418751369,RED DRUM,,269.42397876,23,59,201027228504we,,0,05/04/2021
2010,22,5,5,1516120100418003,7,2,04,we,8835440901,602,2.28,0,0,201027228504we,1516120100418751369,RED DRUM,,269.42397876,23,60,201027228504we,,0,05/04/2021
2010,22,5,5,1516120100418003,7,2,04,we,8835440901,650,3.27,0,0,201027228504we,1516120100418751369,RED DRUM,,269.42397876,25,65,201027228504we,,0,05/04/2021
2010,22,5,5,1516120100418003,7,2,04,we,8835440901,658,3.65,0,0,201027228504we,1516120100418751369,RED DRUM,,269.42397876,25,65,201027228504we,,0,05/04/2021
2010,22,5,5,1516120100418003,7,2,04,we,8835440901,693,3.45,0,0,201027228504we,1516120100418751369,RED DRUM,,269.42397876,27,69,201027228504we,,0,05/04/2021
2010,22,5,5,1516120100418003,7,2,04,we,8835440901,694,3.86,0,0,201027228504we,1516120100418751369,RED DRUM,,269.42397876,27,69,201027228504we,,0,05/04/2021
2010,22,5,5,1516120100418004,7,2,04,we,,,,0,0,201027228504we,1516120100418751369,,,135.83887799,,,201027228504we,,0,05/04/2021
2010,22,5,5,1516120100418005,7,2,04,we,8857030304,337,0.42,0,0,201027228504we,1516120100418751369,SOUTHERN FLOUNDER,,242.48158088,13,33,201027228504we,,0,05/04/2021
2010,22,5,5,1516120100418005,7,2,04,we,8857030304,353,0.42,0,0,201027228504we,1516120100418751369,SOUTHERN FLOUNDER,,242.48158088,13,35,201027228504we,,0,05/04/2021
2010,22,5,5,1516120100418005,7,2,04,we,8835440901,389,0.6,1,1,201027228504we,1516120100418751369,RED DRUM,,350.25117238,15,38,201027228504we,,0,05/04/2021
2010,22,5,5,1516120100418005,7,2,04,we,8835440901,407,0.72,1,1,201027228504we,1516120100418751369,RED DRUM,,350.25117238,16,40,201027228504we,,0,05/04/2021
2010,22,5,5,1516120100418005,7,2,04,we,8857030304,340,0.39,0,0,201027228504we,1516120100418751369,SOUTHERN FLOUNDER,,242.48158088,13,34,201027228504we,,0,05/04/2021
2010,22,5,5,1516120100418005,7,2,04,we,8835440901,409,0.76,1,1,201027228504we,1516120100418751369,RED DRUM,,350.25117238,16,40,201027228504we,,0,05/04/2021
2010,22,5,5,1516120100418005,7,2,04,we,8835440901,415,0.79,0,0,201027228504we,1516120100418751369,RED DRUM,,350.25117238,16,41,201027228504we,,0,05/04/2021
2010,22,5,5,1516120100418005,7,2,04,we,8835440901,503,1.24,0,0,201027228504we,1516120100418751369,RED DRUM,,350.25117238,19,50,201027228504we,,0,05/04/2021
2010,22,5,5,1516120100418005,7,2,04,we,8835440901,512,1.5,1,1,201027228504we,1516120100418751369,RED DRUM,,350.25117238,20,51,201027228504we,,0,05/04/2021
2010,22,5,5,1516120100418005,7,2,04,we,8835440901,528,1.64,0,0,201027228504we,1516120100418751369,RED DRUM,,350.25117238,20,52,201027228504we,,0,05/04/2021
2010,22,5,5,1516120100418005,7,2,04,we,8835440901,548,1.72,0,0,201027228504we,1516120100418751369,RED DRUM,,350.25117238,21,54,201027228504we,,0,05/04/2021
2010,22,5,5,1516120100418005,7,2,04,we,8835440901,563,1.98,0,0,201027228504we,1516120100418751369,RED DRUM,,350.25117238,22,56,201027228504we,,0,05/04/2021
2010,22,5,5,1516120100418005,7,2,04,we,8835440801,431,1.3,1,1,201027228504we,1516120100418751369,BLACK DRUM,,242.48158088,16,43,201027228504we,,0,05/04/2021
2010,22,5,5,1516120100418005,7,2,04,we,8835440801,459,1.5,1,1,201027228504we,1516120100418751369,BLACK DRUM,,242.48158088,18,45,201027228504we,,0,05/04/2021
2010,22,5,5,1516120100418005,7,2,04,we,8835440801,495,1.75,0,0,201027228504we,1516120100418751369,BLACK DRUM,,242.48158088,19,49,201027228504we,,0,05/04/2021
2010,22,5,5,1516120100418006,7,2,04,we,,,,0,0,201027228504we,1516120100418751369,,,242.48158088,,,201027228504we,,0,05/04/2021
2010,22,5,5,1516120100418007,7,2,04,we,8835440901,540,1.74,0,0,201027228504we,1516120100418751369,RED DRUM,,259.8016938,21,54,201027228504we,,0,05/04/2021
2010,22,5,5,1516120100418007,7,2,04,we,8835440901,578,2.15,0,0,201027228504we,1516120100418751369,RED DRUM,,259.8016938,22,57,201027228504we,,0,05/04/2021
2010,22,5,5,1516120100418007,7,2,04,we,8835440901,585,2.38,0,0,201027228504we,1516120100418751369,RED DRUM,,259.8016938,23,58,201027228504we,,0,05/04/2021
2010,22,5,5,1516120100418007,7,2,04,we,8835440901,588,2.17,0,0,201027228504we,1516120100418751369,RED DRUM,,259.8016938,23,58,201027228504we,,0,05/04/2021
2010,22,5,5,1516120100418007,7,2,04,we,8835440901,542,1.73,0,0,201027228504we,1516120100418751369,RED DRUM,,259.8016938,21,54,201027228504we,,0,05/04/2021
2010,22,5,5,1516120100418007,7,2,04,we,8835440901,609,2.39,0,0,201027228504we,1516120100418751369,RED DRUM,,259.8016938,23,60,201027228504we,,0,05/04/2021
2010,22,5,5,1516120100418007,7,2,04,we,8835440901,640,3.09,0,0,201027228504we,1516120100418751369,RED DRUM,,259.8016938,25,64,201027228504we,,0,05/04/2021
2010,22,5,5,1516120100418007,7,2,04,we,8835440901,650,3.27,1,1,201027228504we,1516120100418751369,RED DRUM,,259.8016938,25,65,201027228504we,,0,05/04/2021
2010,22,5,5,1516120100418007,7,2,04,we,8835440901,655,3.36,0,0,201027228504we,1516120100418751369,RED DRUM,,259.8016938,25,65,201027228504we,,0,05/04/2021
2010,22,5,5,1516120100418007,7,2,04,we,8835440901,658,3.65,1,1,201027228504we,1516120100418751369,RED DRUM,,259.8016938,25,65,201027228504we,,0,05/04/2021
2010,22,5,5,1516120100418007,7,2,04,we,8835440901,692,4.15,0,0,201027228504we,1516120100418751369,RED DRUM,,259.8016938,27,69,201027228504we,,0,05/04/2021
2010,22,5,5,1516120100418007,7,2,04,we,8835440901,693,3.45,1,1,201027228504we,1516120100418751369,RED DRUM,,259.8016938,27,69,201027228504we,,0,05/04/2021
2010,22,5,5,1516120100418007,7,2,04,we,8835440901,694,3.86,1,1,201027228504we,1516120100418751369,RED DRUM,,259.8016938,27,69,201027228504we,,0,05/04/2021
2010,22,5,5,1516120100418007,7,2,04,we,8835440901,720,3.74,0,0,201027228504we,1516120100418751369,RED DRUM,,259.8016938,28,72,201027228504we,,0,05/04/2021
2010,22,5,5,1516120100418007,7,2,04,we,8835440801,679,4.8,1,1,201027228504we,1516120100418751369,BLACK DRUM,,242.48158088,26,67,201027228504we,,0,05/04/2021
2010,22,5,5,1516120100418007,7,2,04,we,8835440801,760,6.2,1,1,201027228504we,1516120100418751369,BLACK DRUM,,242.48158088,29,76,201027228504we,,0,05/04/2021
2010,22,5,5,1516120100418007,7,2,04,we,8835440801,770,7.7,1,1,201027228504we,1516120100418751369,BLACK DRUM,,242.48158088,30,77,201027228504we,,0,05/04/2021
2010,22,5,5,1516120100418008,7,2,04,we,,,,0,0,201027228504we,1516120100418751369,,,242.48158088,,,201027228504we,,0,05/04/2021
2010,22,5,5,1516120100418009,7,2,04,we,8835440901,580,2.18,1,1,201027228504we,1516120100418751369,RED DRUM,,434.65494562,22,58,201027228504we,,0,05/04/2021
2010,22,5,5,1516120100418009,7,2,04,we,8835440901,582,2.17,1,1,201027228504we,1516120100418751369,RED DRUM,,434.65494562,22,58,201027228504we,,0,05/04/2021
2010,22,5,5,1516120100418009,7,2,04,we,8835440901,588,2.34,1,1,201027228504we,1516120100418751369,RED DRUM,,434.65494562,23,58,201027228504we,,0,05/04/2021
2010,22,5,5,1516120100418009,7,2,04,we,8835440901,598,2.48,1,1,201027228504we,1516120100418751369,RED DRUM,,434.65494562,23,59,201027228504we,,0,05/04/2021
2010,22,5,5,1516120100418009,7,2,04,we,8835440901,602,2.28,1,1,201027228504we,1516120100418751369,RED DRUM,,434.65494562,23,60,201027228504we,,0,05/04/2021
2010,22,5,5,1516120100418009,7,2,04,we,8835430301,367,1.2,1,1,201027228504we,1516120100418751369,SHEEPSHEAD,,181.10622734,14,36,201027228504we,,0,05/04/2021
2010,22,5,5,1516120100418010,7,2,04,we,,,,0,0,201027228504we,1516120100418751369,,,181.10622734,,,201027228504we,,0,05/04/2021
2010,22,5,5,1516620100420001,7,2,04,wd,8835440901,538,1.87,1,1,201027228504wd,1516620100420751369,RED DRUM,,747.6339652,21,53,201027228504wd,,0,05/04/2021
2010,22,5,5,1516620100420001,7,2,04,wd,8835440901,540,1.76,1,1,201027228504wd,1516620100420751369,RED DRUM,,747.6339652,21,54,201027228504wd,,0,05/04/2021
2010,22,5,5,1516620100420001,7,2,04,wd,8835440901,542,1.8,1,1,201027228504wd,1516620100420751369,RED DRUM,,747.6339652,21,54,201027228504wd,,0,05/04/2021
2010,22,5,5,1516620100420001,7,2,04,wd,8835440901,543,1.61,1,1,201027228504wd,1516620100420751369,RED DRUM,,747.6339652,21,54,201027228504wd,,0,05/04/2021
2010,22,5,5,1516620100420001,7,2,04,wd,8835440901,550,1.7,1,1,201027228504wd,1516620100420751369,RED DRUM,,747.6339652,21,55,201027228504wd,,0,05/04/2021
2010,22,5,5,1516620100420002,7,2,04,wd,,,,0,0,201027228504wd,1516620100420751369,,,249.21132173,,,201027228504wd,,0,05/04/2021
2010,22,5,5,1516620100420003,7,2,04,wd,8835440901,415,0.79,1,1,201027228504wd,1516620100420751369,RED DRUM,,409.49167634,16,41,201027228504wd,,0,05/04/2021
2010,22,5,5,1516620100420003,7,2,04,wd,8835440901,503,1.24,1,1,201027228504wd,1516620100420751369,RED DRUM,,409.49167634,19,50,201027228504wd,,0,05/04/2021
2010,22,5,5,1516620100420003,7,2,04,wd,8835440901,528,1.64,1,1,201027228504wd,1516620100420751369,RED DRUM,,409.49167634,20,52,201027228504wd,,0,05/04/2021
2010,22,5,5,1516620100420003,7,2,04,wd,8835440901,548,1.72,1,1,201027228504wd,1516620100420751369,RED DRUM,,409.49167634,21,54,201027228504wd,,0,05/04/2021
2010,22,5,5,1516620100420003,7,2,04,wd,8835440901,563,1.98,1,1,201027228504wd,1516620100420751369,RED DRUM,,409.49167634,22,56,201027228504wd,,0,05/04/2021
2010,22,5,5,1516620100420004,7,2,04,wd,,,,0,0,201027228504wd,1516620100420751369,,,186.13258016,,,201027228504wd,,0,05/04/2021
2010,22,5,5,1516620100420005,7,2,04,wd,8835440901,585,2.38,1,1,201027228504wd,1516620100420751369,RED DRUM,,747.6339652,23,58,201027228504wd,,0,05/04/2021
2010,22,5,5,1516620100420005,7,2,04,wd,8835440901,609,2.39,1,1,201027228504wd,1516620100420751369,RED DRUM,,747.6339652,23,60,201027228504wd,,0,05/04/2021
2010,22,5,5,1516620100420005,7,2,04,wd,8835440901,640,3.09,1,1,201027228504wd,1516620100420751369,RED DRUM,,747.6339652,25,64,201027228504wd,,0,05/04/2021
2010,22,5,5,1516620100420005,7,2,04,wd,8835440901,655,3.36,1,1,201027228504wd,1516620100420751369,RED DRUM,,747.6339652,25,65,201027228504wd,,0,05/04/2021
2010,22,5,5,1516620100420005,7,2,04,wd,8835440901,720,3.74,1,1,201027228504wd,1516620100420751369,RED DRUM,,747.6339652,28,72,201027228504wd,,0,05/04/2021
2010,22,5,5,1516620100420006,7,2,04,wd,,,,0,0,201027228504wd,1516620100420751369,,,249.21132173,,,201027228504wd,,0,05/04/2021
2010,22,5,5,1516620100420007,7,2,04,wd,8835440901,509,1.65,1,1,201027228504wd,1516620100420751369,RED DRUM,,299.05358608,20,50,201027228504wd,,0,05/04/2021
2010,22,5,5,1516620100420007,7,2,04,wd,8835440901,540,1.74,1,1,201027228504wd,1516620100420751369,RED DRUM,,299.05358608,21,54,201027228504wd,,0,05/04/2021
2010,22,5,5,1516620100420007,7,2,04,wd,8835440901,542,1.73,1,1,201027228504wd,1516620100420751369,RED DRUM,,299.05358608,21,54,201027228504wd,,0,05/04/2021
2010,22,5,5,1516620100420007,7,2,04,wd,8835440901,578,2.15,1,1,201027228504wd,1516620100420751369,RED DRUM,,299.05358608,22,57,201027228504wd,,0,05/04/2021
2010,22,5,5,1516620100420007,7,2,04,wd,8835440901,588,2.17,1,1,201027228504wd,1516620100420751369,RED DRUM,,299.05358608,23,58,201027228504wd,,0,05/04/2021
2010,22,5,5,1516620100420007,7,2,04,wd,8835440102,320,0.3,1,1,201027228504wd,1516620100420751369,SPOTTED SEATROUT,,448.58037912,12,32,201027228504wd,,0,05/04/2021
2010,22,5,5,1516620100420007,7,2,04,wd,8835440102,384,0.51,1,1,201027228504wd,1516620100420751369,SPOTTED SEATROUT,,448.58037912,15,38,201027228504wd,,0,05/04/2021
2010,22,5,5,1516620100420007,7,2,04,wd,8835440102,386,0.55,1,1,201027228504wd,1516620100420751369,SPOTTED SEATROUT,,448.58037912,15,38,201027228504wd,,0,05/04/2021
2010,22,5,5,1516620100420007,7,2,04,wd,8835440102,444,0.85,1,1,201027228504wd,1516620100420751369,SPOTTED SEATROUT,,448.58037912,17,44,201027228504wd,,0,05/04/2021
2010,22,5,5,1516620100420007,7,2,04,wd,8835440102,490,1.09,1,1,201027228504wd,1516620100420751369,SPOTTED SEATROUT,,448.58037912,19,49,201027228504wd,,0,05/04/2021
2010,22,5,5,1516620100420008,7,2,04,wd,,,,0,0,201027228504wd,1516620100420751369,,,249.21132173,,,201027228504wd,,0,05/04/2021
2010,22,5,5,1516620100420009,7,2,04,wd,8835440901,497,1.5,1,1,201027228504wd,151662010042075126,RED DRUM,,449.60253271,19,49,201027228504wd,,0,05/04/2021
2010,22,5,5,1516620100420009,7,2,04,wd,8835440801,667,5.25,1,1,201027228504wd,151662010042075126,BLACK DRUM,,449.60253271,26,66,201027228504wd,,0,05/04/2021
2010,22,5,5,1516620100420009,7,2,04,wd,8835440102,311,0.25,1,1,201027228504wd,151662010042075126,SPOTTED SEATROUT,,719.36405234,12,31,201027228504wd,,0,05/04/2021
2010,22,5,5,1516620100420009,7,2,04,wd,8835440102,362,0.39,1,1,201027228504wd,151662010042075126,SPOTTED SEATROUT,,719.36405234,14,36,201027228504wd,,0,05/04/2021
2010,22,5,5,1516620100420009,7,2,04,wd,8835440102,431,1.04,1,1,201027228504wd,151662010042075126,SPOTTED SEATROUT,,719.36405234,16,43,201027228504wd,,0,05/04/2021
2010,22,5,5,1516620100420009,7,2,04,wd,8835440102,435,0.8,1,1,201027228504wd,151662010042075126,SPOTTED SEATROUT,,719.36405234,17,43,201027228504wd,,0,05/04/2021
2010,22,5,5,1516620100420009,7,2,04,wd,8835440102,535,1.59,1,1,201027228504wd,151662010042075126,SPOTTED SEATROUT,,719.36405234,21,53,201027228504wd,,0,05/04/2021
2010,22,5,5,1516620100420010,7,2,04,wd,,,,0,0,201027228504wd,151662010042075126,,,449.60253271,,,201027228504wd,,0,05/04/2021
2010,22,5,5,1517620100307001,7,2,03,we,8835440901,407,0.8,1,1,201027228503we,151762010030751141,RED DRUM,,33.556098422,16,40,201027228503we,,0,05/04/2021
2010,22,5,5,1517620100307001,7,2,03,we,8835440901,501,1.65,1,1,201027228503we,151762010030751141,RED DRUM,,33.556098422,19,50,201027228503we,,0,05/04/2021
2010,22,5,5,1517620100307001,7,2,03,we,8835440901,507,1.65,1,1,201027228503we,151762010030751141,RED DRUM,,33.556098422,19,50,201027228503we,,0,05/04/2021
2010,22,5,5,1517620100307001,7,2,03,we,8835440901,626,3,1,1,201027228503we,151762010030751141,RED DRUM,,33.556098422,24,62,201027228503we,,0,05/04/2021
2010,22,5,5,1517620100307002,7,2,03,we,8835440901,394,0.7,1,1,201027228503we,151762010030751141,RED DRUM,,69.661529368,15,39,201027228503we,,0,05/04/2021
2010,22,5,5,1517620100307002,7,2,03,we,8835440901,402,0.8,1,1,201027228503we,151762010030751141,RED DRUM,,69.661529368,15,40,201027228503we,,0,05/04/2021
2010,22,5,5,1517620100307002,7,2,03,we,8835440901,499,1.5,1,1,201027228503we,151762010030751141,RED DRUM,,69.661529368,19,49,201027228503we,,0,05/04/2021
2010,22,5,5,1517620100307002,7,2,03,we,8835440901,508,1.65,1,1,201027228503we,151762010030751141,RED DRUM,,69.661529368,19,50,201027228503we,,0,05/04/2021
2010,22,5,5,1524420100410001,7,2,04,we,8857030304,311,0.35,0,0,201027228504we,1524420100410109152,SOUTHERN FLOUNDER,,147.18890129,12,31,201027228504we,,0,05/04/2021
2010,22,5,5,1524420100410001,7,2,04,we,8835440901,407,0.8,0,0,201027228504we,1524420100410109152,RED DRUM,,147.18890129,16,40,201027228504we,,0,05/04/2021
2010,22,5,5,1524420100410001,7,2,04,we,8835440901,497,1.5,0,0,201027228504we,1524420100410109152,RED DRUM,,147.18890129,19,49,201027228504we,,0,05/04/2021
2010,22,5,5,1524420100410001,7,2,04,we,8835440901,509,1.65,0,0,201027228504we,1524420100410109152,RED DRUM,,147.18890129,20,50,201027228504we,,0,05/04/2021
2010,22,5,5,1524420100410001,7,2,04,we,8835440801,450,1.3,0,0,201027228504we,1524420100410109152,BLACK DRUM,,147.18890129,17,45,201027228504we,,0,05/04/2021
2010,22,5,5,1524420100410001,7,2,04,we,8835440801,459,1.5,0,0,201027228504we,1524420100410109152,BLACK DRUM,,147.18890129,18,45,201027228504we,,0,05/04/2021
2010,22,5,5,1524420100410001,7,2,04,we,8835440801,473,1.6,0,0,201027228504we,1524420100410109152,BLACK DRUM,,147.18890129,18,47,201027228504we,,0,05/04/2021
2010,22,5,5,1524420100410001,7,2,04,we,8835440801,480,1.65,0,0,201027228504we,1524420100410109152,BLACK DRUM,,147.18890129,18,48,201027228504we,,0,05/04/2021
2010,22,5,5,1524420100410002,7,2,04,we,,,,0,0,201027228504we,1524420100410109152,,,147.18890129,,,201027228504we,,0,05/04/2021
2010,22,5,5,1524420100410003,7,2,04,we,,,,0,0,201027228504we,1524420100410109152,,,147.18890129,,,201027228504we,,0,05/04/2021
2010,22,5,5,1524420100410005,7,2,04,we,8835440901,394,0.7,0,0,201027228504we,1524420100410109152,RED DRUM,,109.93340823,15,39,201027228504we,,0,05/04/2021
2010,22,5,5,1524420100410005,7,2,04,we,8835440901,402,0.8,0,0,201027228504we,1524420100410109152,RED DRUM,,109.93340823,15,40,201027228504we,,0,05/04/2021
2010,22,5,5,1524420100410005,7,2,04,we,8835440901,499,1.5,0,0,201027228504we,1524420100410109152,RED DRUM,,109.93340823,19,49,201027228504we,,0,05/04/2021
2010,22,5,5,1524420100410005,7,2,04,we,8835440901,501,1.65,0,0,201027228504we,1524420100410109152,RED DRUM,,109.93340823,19,50,201027228504we,,0,05/04/2021
2010,22,5,5,1524420100410005,7,2,04,we,8835440901,507,1.65,0,0,201027228504we,1524420100410109152,RED DRUM,,109.93340823,19,50,201027228504we,,0,05/04/2021
2010,22,5,5,1524420100410005,7,2,04,we,8835440901,626,3,0,0,201027228504we,1524420100410109152,RED DRUM,,109.93340823,24,62,201027228504we,,0,05/04/2021
2010,22,5,5,1524420100410005,7,2,04,we,8835440801,397,0.95,0,0,201027228504we,1524420100410109152,BLACK DRUM,,109.93340823,15,39,201027228504we,,0,05/04/2021
2010,22,5,5,1524420100410005,7,2,04,we,8835440801,431,1.3,0,0,201027228504we,1524420100410109152,BLACK DRUM,,109.93340823,16,43,201027228504we,,0,05/04/2021
2010,22,5,5,1524420100410005,7,2,04,we,8835430301,367,1.2,0,0,201027228504we,1524420100410109152,SHEEPSHEAD,,109.93340823,14,36,201027228504we,,0,05/04/2021
2010,22,5,5,1524420100410006,7,2,04,we,,,,0,0,201027228504we,1524420100410109152,,,109.93340823,,,201027228504we,,0,05/04/2021
2010,22,5,5,1524420100410007,7,2,04,we,,,,0,0,201027228504we,1524420100410109152,,,109.93340823,,,201027228504we,,0,05/04/2021
2010,22,5,5,1524420100410008,7,2,04,we,,,,0,0,201027228504we,1524420100410109152,,,109.93340823,,,201027228504we,,0,05/04/2021
2010,22,5,5,1524420100410010,7,2,04,we,8835440901,508,1.65,0,0,201027228504we,1524420100410109152,RED DRUM,,147.18890129,19,50,201027228504we,,0,05/04/2021
2010,22,5,5,1524420100410011,7,2,04,we,,,,0,0,201027228504we,1524420100410109152,,,147.18890129,,,201027228504we,,0,05/04/2021
2010,22,5,5,1530020100411001,7,2,04,we,8835440901,539,1.75,1,1,201027228504we,153002010041151127,RED DRUM,,259.75567716,21,53,201027228504we,,0,05/04/2021
2010,22,5,5,1530020100411001,7,2,04,we,8835440901,540,1.91,1,1,201027228504we,153002010041151127,RED DRUM,,259.75567716,21,54,201027228504we,,0,05/04/2021
2010,22,5,5,1530020100411001,7,2,04,we,8835440901,543,2,1,1,201027228504we,153002010041151127,RED DRUM,,259.75567716,21,54,201027228504we,,0,05/04/2021
2010,22,5,5,1530020100411001,7,2,04,we,8835440901,553,2,1,1,201027228504we,153002010041151127,RED DRUM,,259.75567716,21,55,201027228504we,,0,05/04/2021
2010,22,5,5,1530020100411001,7,2,04,we,8835440901,565,2,1,1,201027228504we,153002010041151127,RED DRUM,,259.75567716,22,56,201027228504we,,0,05/04/2021
2010,22,5,5,1530020100411001,7,2,04,we,8835440102,431,1.04,0,0,201027228504we,153002010041151127,SPOTTED SEATROUT,,86.58522572,16,43,201027228504we,,0,05/04/2021
2010,22,5,5,1530020100411001,7,2,04,we,8835440102,535,1.59,0,0,201027228504we,153002010041151127,SPOTTED SEATROUT,,86.58522572,21,53,201027228504we,,0,05/04/2021
2010,22,5,5,1530020100411001,7,2,04,we,8835430301,410,1.87,0,0,201027228504we,153002010041151127,SHEEPSHEAD,,86.58522572,16,41,201027228504we,,0,05/04/2021
2010,22,5,5,1530020100411002,7,2,04,we,,,,0,0,201027228504we,153002010041151127,,,179.74852644,,,201027228504we,,0,05/04/2021
2010,22,5,5,1530020100419001,7,2,04,wd,8835440901,520,1.5,1,1,201027228504wd,153002010041951322,RED DRUM,,432.75927719,20,52,201027228504wd,,0,05/04/2021
2010,22,5,5,1530020100419001,7,2,04,wd,8835440901,535,1.7,1,1,201027228504wd,153002010041951322,RED DRUM,,432.75927719,21,53,201027228504wd,,0,05/04/2021
2010,22,5,5,1530020100419001,7,2,04,wd,8835440901,565,1.9,1,1,201027228504wd,153002010041951322,RED DRUM,,432.75927719,22,56,201027228504wd,,0,05/04/2021
2010,22,5,5,1530020100419001,7,2,04,wd,8835440901,580,2.25,1,1,201027228504wd,153002010041951322,RED DRUM,,432.75927719,22,58,201027228504wd,,0,05/04/2021
2010,22,5,5,1530020100419001,7,2,04,wd,8835440901,680,3.5,1,1,201027228504wd,153002010041951322,RED DRUM,,432.75927719,26,68,201027228504wd,,0,05/04/2021
2010,22,5,5,1530020100419001,7,2,04,wd,8835440102,397,0.6,1,1,201027228504wd,153002010041951322,SPOTTED SEATROUT,,144.2530924,15,39,201027228504wd,,0,05/04/2021
2010,22,5,5,1530020100419002,7,2,04,wd,,,,0,0,201027228504wd,153002010041951322,,,144.2530924,,,201027228504wd,,0,05/04/2021
2010,22,5,5,1530020100419003,7,2,04,wd,8835440901,395,0.75,1,1,201027228504wd,153002010041951322,RED DRUM,,577.01236959,15,39,201027228504wd,,0,05/04/2021
2010,22,5,5,1530020100419003,7,2,04,wd,8835440901,481,1.2,1,1,201027228504wd,153002010041951322,RED DRUM,,577.01236959,18,48,201027228504wd,,0,05/04/2021
2010,22,5,5,1530020100419003,7,2,04,wd,8835440901,505,1.4,1,1,201027228504wd,153002010041951322,RED DRUM,,577.01236959,19,50,201027228504wd,,0,05/04/2021
2010,22,5,5,1530020100419003,7,2,04,wd,8835440901,508,1.5,1,1,201027228504wd,153002010041951322,RED DRUM,,577.01236959,19,50,201027228504wd,,0,05/04/2021
2010,22,5,5,1530020100419003,7,2,04,wd,8835440901,715,4.25,1,1,201027228504wd,153002010041951322,RED DRUM,,577.01236959,28,71,201027228504wd,,0,05/04/2021
2010,22,5,5,1530020100419003,7,2,04,wd,8835440102,345,0.5,1,1,201027228504wd,153002010041951322,SPOTTED SEATROUT,,144.2530924,13,34,201027228504wd,,0,05/04/2021
2010,22,5,5,1530020100419004,7,2,04,wd,,,,0,0,201027228504wd,153002010041951322,,,144.2530924,,,201027228504wd,,0,05/04/2021
2010,22,5,5,1530020100419005,7,2,04,wd,,,,0,0,201027228504wd,153002010041951322,,,144.2530924,,,201027228504wd,,0,05/04/2021
2010,22,5,5,1530020100419006,7,2,04,wd,8835440901,506,1.5,1,1,201027228504wd,153002010041951322,RED DRUM,,256.44994204,19,50,201027228504wd,,0,05/04/2021
2010,22,5,5,1530020100419006,7,2,04,wd,8835440901,511,1.5,1,1,201027228504wd,153002010041951322,RED DRUM,,256.44994204,20,51,201027228504wd,,0,05/04/2021
2010,22,5,5,1530020100419006,7,2,04,wd,8835440901,539,1.75,0,0,201027228504wd,153002010041951322,RED DRUM,,256.44994204,21,53,201027228504wd,,0,05/04/2021
2010,22,5,5,1530020100419006,7,2,04,wd,8835440901,540,1.91,0,0,201027228504wd,153002010041951322,RED DRUM,,256.44994204,21,54,201027228504wd,,0,05/04/2021
2010,22,5,5,1530020100419006,7,2,04,wd,8835440901,543,2,0,0,201027228504wd,153002010041951322,RED DRUM,,256.44994204,21,54,201027228504wd,,0,05/04/2021
2010,22,5,5,1530020100419006,7,2,04,wd,8835440901,553,2,0,0,201027228504wd,153002010041951322,RED DRUM,,256.44994204,21,55,201027228504wd,,0,05/04/2021
2010,22,5,5,1530020100419006,7,2,04,wd,8835440901,565,2,0,0,201027228504wd,153002010041951322,RED DRUM,,256.44994204,22,56,201027228504wd,,0,05/04/2021
2010,22,5,5,1530020100419006,7,2,04,wd,8835440901,615,2.75,1,1,201027228504wd,153002010041951322,RED DRUM,,256.44994204,24,61,201027228504wd,,0,05/04/2021
2010,22,5,5,1530020100419006,7,2,04,wd,8835440901,620,3.25,1,1,201027228504wd,153002010041951322,RED DRUM,,256.44994204,24,62,201027228504wd,,0,05/04/2021
2010,22,5,5,1530020100419006,7,2,04,wd,8835440102,386,0.47,1,1,201027228504wd,153002010041951322,SPOTTED SEATROUT,,144.2530924,15,38,201027228504wd,,0,05/04/2021
2010,22,5,5,1530020100419006,7,2,04,wd,8835160602,320,0.56,1,1,201027228504wd,153002010041951322,LARGEMOUTH BASS,,144.2530924,12,32,201027228504wd,,0,05/04/2021
2010,22,5,5,1530020100419007,7,2,04,wd,,,,0,0,201027228504wd,153002010041951322,,,144.2530924,,,201027228504wd,,0,05/04/2021
2010,22,5,5,1530020100419008,7,2,04,wd,,,,0,0,201027228504wd,153002010041951322,,,144.2530924,,,201027228504wd,,0,05/04/2021
2010,22,5,5,1530020100419009,7,2,04,wd,8835440901,460,1.25,1,1,201027228504wd,153002010041951322,RED DRUM,,432.75927719,18,46,201027228504wd,,0,05/04/2021
2010,22,5,5,1530020100419009,7,2,04,wd,8835440901,768,8.5,1,1,201027228504wd,153002010041951322,RED DRUM,,432.75927719,30,76,201027228504wd,,0,05/04/2021
2010,22,5,5,1530020100419009,7,2,04,wd,8835440901,888,8.8,1,1,201027228504wd,153002010041951322,RED DRUM,,432.75927719,34,88,201027228504wd,,0,05/04/2021
2010,22,5,5,1530020100419009,7,2,04,wd,8835440901,942,11.3,1,1,201027228504wd,153002010041951322,RED DRUM,,432.75927719,37,94,201027228504wd,,0,05/04/2021
2010,22,5,5,1530020100419009,7,2,04,wd,8835440901,955,11,1,1,201027228504wd,153002010041951322,RED DRUM,,432.75927719,37,95,201027228504wd,,0,05/04/2021
2010,22,5,5,1530020100419009,7,2,04,wd,8835440102,350,0.4,1,1,201027228504wd,153002010041951322,SPOTTED SEATROUT,,144.2530924,13,35,201027228504wd,,0,05/04/2021
2010,22,5,5,1530020100419011,7,2,04,wd,,,,0,0,201027228504wd,153002010041951322,,,144.2530924,,,201027228504wd,,0,05/04/2021
2010,22,5,5,1530020100419012,7,2,04,wd,8835440901,839,8.3,1,1,201027228504wd,153002010041951322,RED DRUM,,432.75927719,33,83,201027228504wd,,0,05/04/2021
2010,22,5,5,1530020100419012,7,2,04,wd,8835440901,865,8.3,1,1,201027228504wd,153002010041951322,RED DRUM,,432.75927719,34,86,201027228504wd,,0,05/04/2021
2010,22,5,5,1530020100419012,7,2,04,wd,8835440901,939,12.5,1,1,201027228504wd,153002010041951322,RED DRUM,,432.75927719,36,93,201027228504wd,,0,05/04/2021
2010,22,5,5,1530020100419012,7,2,04,wd,8835440901,963,10.25,1,1,201027228504wd,153002010041951322,RED DRUM,,432.75927719,37,96,201027228504wd,,0,05/04/2021
2010,22,5,5,1530020100419012,7,2,04,wd,8835440901,973,11,1,1,201027228504wd,153002010041951322,RED DRUM,,432.75927719,38,97,201027228504wd,,0,05/04/2021
2010,22,5,5,1530020100419012,7,2,04,wd,8835440102,356,0.4,1,1,201027228504wd,153002010041951322,SPOTTED SEATROUT,,144.2530924,14,35,201027228504wd,,0,05/04/2021
2010,22,5,5,1530020100419013,7,2,04,wd,,,,0,0,201027228504wd,153002010041951322,,,144.2530924,,,201027228504wd,,0,05/04/2021
2010,22,5,5,1532420100406001,7,2,04,wd,8857030304,331,0.4,0,0,201027228504wd,153242010040651141,SOUTHERN FLOUNDER,,182.28559532,13,33,201027228504wd,,0,05/04/2021
2010,22,5,5,1532420100406001,7,2,04,wd,8835440901,395,0.75,0,0,201027228504wd,153242010040651141,RED DRUM,,182.28559532,15,39,201027228504wd,,0,05/04/2021
2010,22,5,5,1532420100406001,7,2,04,wd,8835440901,481,1.2,0,0,201027228504wd,153242010040651141,RED DRUM,,182.28559532,18,48,201027228504wd,,0,05/04/2021
2010,22,5,5,1532420100406001,7,2,04,wd,8835440901,505,1.4,0,0,201027228504wd,153242010040651141,RED DRUM,,182.28559532,19,50,201027228504wd,,0,05/04/2021
2010,22,5,5,1532420100406001,7,2,04,wd,8835440901,508,1.5,0,0,201027228504wd,153242010040651141,RED DRUM,,182.28559532,19,50,201027228504wd,,0,05/04/2021
2010,22,5,5,1532420100406001,7,2,04,wd,8835440901,520,1.5,0,0,201027228504wd,153242010040651141,RED DRUM,,182.28559532,20,52,201027228504wd,,0,05/04/2021
2010,22,5,5,1532420100406001,7,2,04,wd,8835440901,535,1.7,0,0,201027228504wd,153242010040651141,RED DRUM,,182.28559532,21,53,201027228504wd,,0,05/04/2021
2010,22,5,5,1532420100406001,7,2,04,wd,8835440901,565,1.9,0,0,201027228504wd,153242010040651141,RED DRUM,,182.28559532,22,56,201027228504wd,,0,05/04/2021
2010,22,5,5,1532420100406001,7,2,04,wd,8835440901,580,2.25,0,0,201027228504wd,153242010040651141,RED DRUM,,182.28559532,22,58,201027228504wd,,0,05/04/2021
2010,22,5,5,1532420100406001,7,2,04,wd,8835440901,680,3.5,0,0,201027228504wd,153242010040651141,RED DRUM,,182.28559532,26,68,201027228504wd,,0,05/04/2021
2010,22,5,5,1532420100406001,7,2,04,wd,8835440901,859,8.75,1,1,201027228504wd,153242010040651141,RED DRUM,,182.28559532,33,85,201027228504wd,,0,05/04/2021
2010,22,5,5,1532420100406001,7,2,04,wd,8835440901,890,9.6,1,1,201027228504wd,153242010040651141,RED DRUM,,182.28559532,35,89,201027228504wd,,0,05/04/2021
2010,22,5,5,1532420100406001,7,2,04,wd,8835440901,933,11,1,1,201027228504wd,153242010040651141,RED DRUM,,182.28559532,36,93,201027228504wd,,0,05/04/2021
2010,22,5,5,1532420100406001,7,2,04,wd,8835440901,944,10.5,1,1,201027228504wd,153242010040651141,RED DRUM,,182.28559532,37,94,201027228504wd,,0,05/04/2021
2010,22,5,5,1532420100406001,7,2,04,wd,8835440102,327,0.35,1,1,201027228504wd,153242010040651141,SPOTTED SEATROUT,,182.28559532,12,32,201027228504wd,,0,05/04/2021
2010,22,5,5,1532420100406002,7,2,04,wd,,,,0,0,201027228504wd,153242010040651141,,,182.28559532,,,201027228504wd,,0,05/04/2021
2010,22,5,5,1532420100406003,7,2,04,wd,,,,0,0,201027228504wd,153242010040651141,,,87.807336889,,,201027228504wd,,0,05/04/2021
2010,22,5,5,1532420100406004,7,2,04,wd,,,,0,0,201027228504wd,153242010040651141,,,182.28559532,,,201027228504wd,,0,05/04/2021
2010,22,5,5,1532420100406005,7,2,04,wd,,,,0,0,201027228504wd,153242010040651141,,,121.52373021,,,201027228504wd,,0,05/04/2021
2010,22,5,5,1532420100406006,7,2,04,wd,,,,0,0,201027228504wd,153242010040651141,,,121.52373021,,,201027228504wd,,0,05/04/2021
2010,22,5,5,1532420100406007,7,2,04,wd,8835440901,460,1.25,0,0,201027228504wd,153242010040651141,RED DRUM,,58.538224592,18,46,201027228504wd,,0,05/04/2021
2010,22,5,5,1532420100406007,7,2,04,wd,8835440901,506,1.5,0,0,201027228504wd,153242010040651141,RED DRUM,,58.538224592,19,50,201027228504wd,,0,05/04/2021
2010,22,5,5,1532420100406007,7,2,04,wd,8835440901,511,1.5,0,0,201027228504wd,153242010040651141,RED DRUM,,58.538224592,20,51,201027228504wd,,0,05/04/2021
2010,22,5,5,1532420100406007,7,2,04,wd,8835440901,615,2.75,0,0,201027228504wd,153242010040651141,RED DRUM,,58.538224592,24,61,201027228504wd,,0,05/04/2021
2010,22,5,5,1532420100406007,7,2,04,wd,8835440901,620,3.25,0,0,201027228504wd,153242010040651141,RED DRUM,,58.538224592,24,62,201027228504wd,,0,05/04/2021
2010,22,5,5,1532420100406007,7,2,04,wd,8835440901,715,4.25,0,0,201027228504wd,153242010040651141,RED DRUM,,58.538224592,28,71,201027228504wd,,0,05/04/2021
2010,22,5,1,1539620100324001,7,2,03,wd,8835440901,809,6.8,0,0,201027228503wd,153962010032410967,RED DRUM,,74.003360312,31,80,201027228503wd,,0,05/04/2021
2010,22,5,1,1539620100324001,7,2,03,wd,8835440901,838,7.8,0,0,201027228503wd,153962010032410967,RED DRUM,,74.003360312,32,83,201027228503wd,,0,05/04/2021
2010,22,5,1,1539620100324001,7,2,03,wd,8835440901,893,9.1,0,0,201027228503wd,153962010032410967,RED DRUM,,74.003360312,35,89,201027228503wd,,0,05/04/2021
2010,22,5,1,1539620100324001,7,2,03,wd,8835440901,907,10.3,0,0,201027228503wd,153962010032410967,RED DRUM,,74.003360312,35,90,201027228503wd,,0,05/04/2021
2010,22,5,1,1539620100324001,7,2,03,wd,8835440901,938,10.3,0,0,201027228503wd,153962010032410967,RED DRUM,,74.003360312,36,93,201027228503wd,,0,05/04/2021
2010,22,5,1,1539620100324001,7,2,03,wd,8835440901,960,11.5,0,0,201027228503wd,153962010032410967,RED DRUM,,74.003360312,37,96,201027228503wd,,0,05/04/2021
2010,22,5,1,1539620100324001,7,2,03,wd,8835440801,729,5.8,0,0,201027228503wd,153962010032410967,BLACK DRUM,,74.003360312,28,72,201027228503wd,,0,05/04/2021
2010,22,5,1,1539620100324001,7,2,03,wd,8835440801,738,6.7,0,0,201027228503wd,153962010032410967,BLACK DRUM,,74.003360312,29,73,201027228503wd,,0,05/04/2021
2010,22,5,1,1539620100324001,7,2,03,wd,8835440801,748,6.1,0,0,201027228503wd,153962010032410967,BLACK DRUM,,74.003360312,29,74,201027228503wd,,0,05/04/2021
2010,22,5,1,1539620100324001,7,2,03,wd,8835440801,778,7.8,0,0,201027228503wd,153962010032410967,BLACK DRUM,,74.003360312,30,77,201027228503wd,,0,05/04/2021
2010,22,5,1,1539620100324001,7,2,03,wd,8835440801,868,11.2,0,0,201027228503wd,153962010032410967,BLACK DRUM,,74.003360312,34,86,201027228503wd,,0,05/04/2021
2010,22,5,1,1539620100324001,7,2,03,wd,8835440801,881,9.7,0,0,201027228503wd,153962010032410967,BLACK DRUM,,74.003360312,34,88,201027228503wd,,0,05/04/2021
2010,22,5,1,1539620100324002,7,2,03,wd,,,,0,0,201027228503wd,153962010032410967,,,74.003360312,,,201027228503wd,,0,05/04/2021
2010,22,5,1,1539620100324003,7,2,03,wd,,,,0,0,201027228503wd,153962010032410967,,,27.637929985,,,201027228503wd,,0,05/04/2021
2010,22,5,1,1539620100324004,7,2,03,wd,,,,0,0,201027228503wd,153962010032410967,,,74.003360312,,,201027228503wd,,0,05/04/2021
2010,22,5,1,1539620100324005,7,2,03,wd,,,,0,0,201027228503wd,153962010032410967,,,74.003360312,,,201027228503wd,,0,05/04/2021
2010,22,5,5,1539620100324006,7,2,03,wd,8835440901,839,8.3,0,0,201027228503wd,153962010032410967,RED DRUM,,376.81124281,33,83,201027228503wd,,0,05/04/2021
2010,22,5,5,1539620100324006,7,2,03,wd,8835440901,865,8.3,0,0,201027228503wd,153962010032410967,RED DRUM,,376.81124281,34,86,201027228503wd,,0,05/04/2021
2010,22,5,5,1539620100324006,7,2,03,wd,8835440901,888,8.8,0,0,201027228503wd,153962010032410967,RED DRUM,,376.81124281,34,88,201027228503wd,,0,05/04/2021
2010,22,5,5,1539620100324006,7,2,03,wd,8835440901,768,8.5,0,0,201027228503wd,153962010032410967,RED DRUM,,376.81124281,30,76,201027228503wd,,0,05/04/2021
2010,22,5,5,1539620100324006,7,2,03,wd,8835440901,942,11.3,0,0,201027228503wd,153962010032410967,RED DRUM,,376.81124281,37,94,201027228503wd,,0,05/04/2021
2010,22,5,5,1539620100324006,7,2,03,wd,8835440901,955,11,0,0,201027228503wd,153962010032410967,RED DRUM,,376.81124281,37,95,201027228503wd,,0,05/04/2021
2010,22,5,5,1539620100324006,7,2,03,wd,8835440801,679,4.8,0,0,201027228503wd,153962010032410967,BLACK DRUM,,376.81124281,26,67,201027228503wd,,0,05/04/2021
2010,22,5,5,1539620100324006,7,2,03,wd,8835440801,714,6.1,0,0,201027228503wd,153962010032410967,BLACK DRUM,,376.81124281,28,71,201027228503wd,,0,05/04/2021
2010,22,5,5,1539620100324006,7,2,03,wd,8835440801,753,7.4,0,0,201027228503wd,153962010032410967,BLACK DRUM,,376.81124281,29,75,201027228503wd,,0,05/04/2021
2010,22,5,5,1539620100324006,7,2,03,wd,8835440801,760,6.2,0,0,201027228503wd,153962010032410967,BLACK DRUM,,376.81124281,29,76,201027228503wd,,0,05/04/2021
2010,22,5,5,1539620100324006,7,2,03,wd,8835440801,770,7.7,0,0,201027228503wd,153962010032410967,BLACK DRUM,,376.81124281,30,77,201027228503wd,,0,05/04/2021
2010,22,5,5,1539620100324006,7,2,03,wd,8835440102,311,0.25,0,0,201027228503wd,153962010032410967,SPOTTED SEATROUT,,376.81124281,12,31,201027228503wd,,0,05/04/2021
2010,22,5,5,1539620100324006,7,2,03,wd,8835440102,380,0.45,0,0,201027228503wd,153962010032410967,SPOTTED SEATROUT,,376.81124281,14,38,201027228503wd,,0,05/04/2021
2010,22,5,5,1547820100403001,7,2,04,we,8835440901,867,7.75,0,0,201027228504we,154782010040310967,RED DRUM,,73.924999701,34,86,201027228504we,,0,05/04/2021
2010,22,5,5,1547820100403001,7,2,04,we,8835440901,928,9.25,0,0,201027228504we,154782010040310967,RED DRUM,,73.924999701,36,92,201027228504we,,0,05/04/2021
2010,22,5,5,1547820100403001,7,2,04,we,8835440901,939,12.5,0,0,201027228504we,154782010040310967,RED DRUM,,73.924999701,36,93,201027228504we,,0,05/04/2021
2010,22,5,5,1547820100403001,7,2,04,we,8835440901,849,8.5,0,0,201027228504we,154782010040310967,RED DRUM,,73.924999701,33,84,201027228504we,,0,05/04/2021
2010,22,5,5,1547820100403001,7,2,04,we,8835440901,963,10.25,0,0,201027228504we,154782010040310967,RED DRUM,,73.924999701,37,96,201027228504we,,0,05/04/2021
2010,22,5,5,1547820100403001,7,2,04,we,8835440901,973,11,0,0,201027228504we,154782010040310967,RED DRUM,,73.924999701,38,97,201027228504we,,0,05/04/2021
2010,22,5,5,1547820100403001,7,2,04,we,8835440102,306,0.29,0,0,201027228504we,154782010040310967,SPOTTED SEATROUT,,73.924999701,12,30,201027228504we,,0,05/04/2021
2010,22,5,5,1547820100403001,7,2,04,we,8835440102,327,0.35,0,0,201027228504we,154782010040310967,SPOTTED SEATROUT,,73.924999701,12,32,201027228504we,,0,05/04/2021
2010,22,5,5,1547820100403001,7,2,04,we,8835440102,345,0.5,0,0,201027228504we,154782010040310967,SPOTTED SEATROUT,,73.924999701,13,34,201027228504we,,0,05/04/2021
2010,22,5,5,1547820100403001,7,2,04,we,8835440102,350,0.4,0,0,201027228504we,154782010040310967,SPOTTED SEATROUT,,73.924999701,13,35,201027228504we,,0,05/04/2021
2010,22,5,5,1547820100403001,7,2,04,we,8835440102,356,0.4,0,0,201027228504we,154782010040310967,SPOTTED SEATROUT,,73.924999701,14,35,201027228504we,,0,05/04/2021
2010,22,5,5,1547820100403001,7,2,04,we,8835440102,386,0.47,0,0,201027228504we,154782010040310967,SPOTTED SEATROUT,,73.924999701,15,38,201027228504we,,0,05/04/2021
2010,22,5,5,1547820100403001,7,2,04,we,8835440102,397,0.6,0,0,201027228504we,154782010040310967,SPOTTED SEATROUT,,73.924999701,15,39,201027228504we,,0,05/04/2021
2010,22,5,5,1547820100403001,7,2,04,we,8835440102,435,0.8,0,0,201027228504we,154782010040310967,SPOTTED SEATROUT,,73.924999701,17,43,201027228504we,,0,05/04/2021
2010,22,5,5,1547820100403001,7,2,04,we,8835440102,436,0.8,0,0,201027228504we,154782010040310967,SPOTTED SEATROUT,,73.924999701,17,43,201027228504we,,0,05/04/2021
2010,22,5,5,1547820100403006,7,2,04,we,8835440901,859,8.75,0,0,201027228504we,154782010040310967,RED DRUM,,27.608664759,33,85,201027228504we,,0,05/04/2021
2010,22,5,5,1547820100403006,7,2,04,we,8835440901,890,9.6,0,0,201027228504we,154782010040310967,RED DRUM,,27.608664759,35,89,201027228504we,,0,05/04/2021
2010,22,5,5,1547820100403006,7,2,04,we,8835440901,933,11,0,0,201027228504we,154782010040310967,RED DRUM,,27.608664759,36,93,201027228504we,,0,05/04/2021
2010,22,5,5,1547820100403006,7,2,04,we,8835440901,944,10.5,0,0,201027228504we,154782010040310967,RED DRUM,,27.608664759,37,94,201027228504we,,0,05/04/2021
2010,22,5,5,1547820100403006,7,2,04,we,8835440901,952,11.5,0,0,201027228504we,154782010040310967,RED DRUM,,27.608664759,37,95,201027228504we,,0,05/04/2021
2010,22,5,5,1547820100403006,7,2,04,we,8835440901,965,11.25,0,0,201027228504we,154782010040310967,RED DRUM,,27.608664759,37,96,201027228504we,,0,05/04/2021
2010,22,5,5,1547820100403006,7,2,04,we,8835440801,555,2.75,0,0,201027228504we,154782010040310967,BLACK DRUM,,27.608664759,21,55,201027228504we,,0,05/04/2021
2010,22,5,5,1547820100403006,7,2,04,we,8835440801,598,3.5,0,0,201027228504we,154782010040310967,BLACK DRUM,,27.608664759,23,59,201027228504we,,0,05/04/2021
2010,22,5,5,1547820100403006,7,2,04,we,8835440801,667,5.25,0,0,201027228504we,154782010040310967,BLACK DRUM,,27.608664759,26,66,201027228504we,,0,05/04/2021
2010,22,5,5,1547820100403006,7,2,04,we,8835440801,748,6.75,0,0,201027228504we,154782010040310967,BLACK DRUM,,27.608664759,29,74,201027228504we,,0,05/04/2021
2010,22,7,5,1506920100305001,7,2,03,wd,8835440102,368,0.47,1,1,201027228703wd,150692010030587274,SPOTTED SEATROUT,,1059.1431523,14,36,201027228703wd,,0,05/04/2021
2010,22,7,5,1506920100305004,7,2,03,wd,,,,0,0,201027228703wd,150692010030587274,,,1059.1431523,,,201027228703wd,,0,05/04/2021
2010,22,7,5,1506920100305010,7,2,03,wd,,,,0,0,201027228703wd,150692010030587274,,,1059.1431523,,,201027228703wd,,0,05/04/2021
2010,22,7,5,1506920100314004,7,2,03,we,8857030304,389,0.74,1,1,201027228703we,15069201003147574,SOUTHERN FLOUNDER,,1710.4069694,15,38,201027228703we,,0,05/04/2021
2010,22,7,5,1506920100314004,7,2,03,we,8835440901,528,1.65,1,1,201027228703we,15069201003147574,RED DRUM,,1710.4069694,20,52,201027228703we,,0,05/04/2021
2010,22,7,5,1506920100314004,7,2,03,we,8835440901,537,1.65,1,1,201027228703we,15069201003147574,RED DRUM,,1710.4069694,21,53,201027228703we,,0,05/04/2021
2010,22,7,5,1506920100314004,7,2,03,we,8835440901,558,1.95,1,1,201027228703we,15069201003147574,RED DRUM,,1710.4069694,21,55,201027228703we,,0,05/04/2021
2010,22,7,5,1506920100314004,7,2,03,we,8835440901,558,1.95,1,1,201027228703we,15069201003147574,RED DRUM,,1710.4069694,21,55,201027228703we,,0,05/04/2021
2010,22,7,5,1506920100314004,7,2,03,we,8835440901,587,2.05,1,1,201027228703we,15069201003147574,RED DRUM,,1710.4069694,23,58,201027228703we,,0,05/04/2021
2010,22,7,5,1506920100314004,7,2,03,we,8835440102,331,0.37,1,1,201027228703we,15069201003147574,SPOTTED SEATROUT,,1710.4069694,13,33,201027228703we,,0,05/04/2021
2010,22,7,5,1506920100314004,7,2,03,we,8835440102,437,0.9,1,1,201027228703we,15069201003147574,SPOTTED SEATROUT,,1710.4069694,17,43,201027228703we,,0,05/04/2021
2010,22,7,5,1506920100314004,7,2,03,we,8835440102,447,1,1,1,201027228703we,15069201003147574,SPOTTED SEATROUT,,1710.4069694,17,44,201027228703we,,0,05/04/2021
2010,22,7,5,1506920100314005,7,2,03,we,,,,0,0,201027228703we,15069201003147574,,,1710.4069694,,,201027228703we,,0,05/04/2021
2010,22,7,5,1506920100314006,7,2,03,we,8835440901,488,1.35,0,0,201027228703we,15069201003147574,RED DRUM,,1710.4069694,19,48,201027228703we,,0,05/04/2021
2010,22,7,5,1506920100314006,7,2,03,we,8835440901,515,1.5,0,0,201027228703we,15069201003147574,RED DRUM,,1710.4069694,20,51,201027228703we,,0,05/04/2021
2010,22,7,5,1506920100314006,7,2,03,we,8835440901,528,1.65,0,0,201027228703we,15069201003147574,RED DRUM,,1710.4069694,20,52,201027228703we,,0,05/04/2021
2010,22,7,5,1506920100314006,7,2,03,we,8835440901,537,1.65,0,0,201027228703we,15069201003147574,RED DRUM,,1710.4069694,21,53,201027228703we,,0,05/04/2021
2010,22,7,5,1506920100314006,7,2,03,we,8835440901,540,1.1,0,0,201027228703we,15069201003147574,RED DRUM,,1710.4069694,21,54,201027228703we,,0,05/04/2021
2010,22,7,5,1506920100314006,7,2,03,we,8835440901,558,1.95,0,0,201027228703we,15069201003147574,RED DRUM,,1710.4069694,21,55,201027228703we,,0,05/04/2021
2010,22,7,5,1506920100314006,7,2,03,we,8835440901,587,2.05,0,0,201027228703we,15069201003147574,RED DRUM,,1710.4069694,23,58,201027228703we,,0,05/04/2021
2010,22,7,5,1506920100324002,7,2,03,wd,,,,0,0,201027228703wd,150692010032475232,,,2769.8130907,,,201027228703wd,,0,05/04/2021
2010,22,7,5,1506920100401001,7,2,04,wd,8835440901,595,2.73,0,0,201027228704wd,150692010040151127,RED DRUM,,1199.7319721,23,59,201027228704wd,,0,05/04/2021
2010,22,7,5,1506920100401002,7,2,04,wd,8835160602,298,0.45,0,0,201027228704wd,150692010040151127,LARGEMOUTH BASS,,1199.7319721,11,29,201027228704wd,,0,05/04/2021
2010,22,7,5,1506920100401002,7,2,04,wd,8835160602,301,0.38,0,0,201027228704wd,150692010040151127,LARGEMOUTH BASS,,1199.7319721,11,30,201027228704wd,,0,05/04/2021
2010,22,7,5,1506920100401002,7,2,04,wd,8835160602,328,0.53,0,0,201027228704wd,150692010040151127,LARGEMOUTH BASS,,1199.7319721,12,32,201027228704wd,,0,05/04/2021
2010,22,7,5,1506920100401004,7,2,04,wd,8835440901,369,0.5,0,0,201027228704wd,150692010040151127,RED DRUM,,1756.6956321,14,36,201027228704wd,,0,05/04/2021
2010,22,7,5,1506920100401005,7,2,04,wd,,,,0,0,201027228704wd,150692010040151127,,,1199.7319721,,,201027228704wd,,0,05/04/2021
2010,22,7,5,1506920100401006,7,2,04,wd,8835440901,515,1.5,1,1,201027228704wd,150692010040151127,RED DRUM,,1199.7319721,20,51,201027228704wd,,0,05/04/2021
2010,22,7,5,1506920100401006,7,2,04,wd,8835440901,515,1.5,1,1,201027228704wd,150692010040151127,RED DRUM,,1199.7319721,20,51,201027228704wd,,0,05/04/2021
2010,22,7,5,1506920100401006,7,2,04,wd,8835160602,301,0.38,1,1,201027228704wd,150692010040151127,LARGEMOUTH BASS,,1199.7319721,11,30,201027228704wd,,0,05/04/2021
2010,22,7,5,1506920100401007,7,2,04,wd,,,,0,0,201027228704wd,150692010040151127,,,1199.7319721,,,201027228704wd,,0,05/04/2021
2010,22,7,5,1506920100401008,7,2,04,wd,8857030304,338,0.77,0,0,201027228704wd,150692010040151127,SOUTHERN FLOUNDER,,1199.7319721,13,33,201027228704wd,,0,05/04/2021
2010,22,7,5,1506920100401008,7,2,04,wd,8835440901,573,2.34,0,0,201027228704wd,150692010040151127,RED DRUM,,1199.7319721,22,57,201027228704wd,,0,05/04/2021
2010,22,7,5,1506920100401008,7,2,04,wd,8835440901,620,2.75,0,0,201027228704wd,150692010040151127,RED DRUM,,1199.7319721,24,62,201027228704wd,,0,05/04/2021
2010,22,7,5,1506920100401008,7,2,04,wd,8835440102,331,0.37,0,0,201027228704wd,150692010040151127,SPOTTED SEATROUT,,1199.7319721,13,33,201027228704wd,,0,05/04/2021
2010,22,7,5,1506920100401008,7,2,04,wd,8835440102,368,0.47,0,0,201027228704wd,150692010040151127,SPOTTED SEATROUT,,1199.7319721,14,36,201027228704wd,,0,05/04/2021
2010,22,7,5,1506920100401012,7,2,04,wd,8835440901,465,1.17,0,0,201027228704wd,150692010040151127,RED DRUM,,1199.7319721,18,46,201027228704wd,,0,05/04/2021
2010,22,7,5,1506920100420001,7,2,04,wd,,,,0,0,201027228704wd,150692010042051299,,,1440.1260158,,,201027228704wd,,0,05/04/2021
2010,22,7,5,1506920100426001,7,2,04,wd,8835440901,369,0.5,1,1,201027228704wd,1506920100426751369,RED DRUM,,2820.064921,14,36,201027228704wd,,0,05/04/2021
2010,22,7,5,1506920100426001,7,2,04,wd,8835440901,488,1.35,1,1,201027228704wd,1506920100426751369,RED DRUM,,2820.064921,19,48,201027228704wd,,0,05/04/2021
2010,22,7,5,1506920100426001,7,2,04,wd,8835440901,540,1.1,1,1,201027228704wd,1506920100426751369,RED DRUM,,2820.064921,21,54,201027228704wd,,0,05/04/2021
2010,22,7,5,1506920100426001,7,2,04,wd,8835440901,595,2.73,1,1,201027228704wd,1506920100426751369,RED DRUM,,2820.064921,23,59,201027228704wd,,0,05/04/2021
2010,22,7,5,1506920100426002,7,2,04,wd,,,,0,0,201027228704wd,1506920100426751369,,,2820.064921,,,201027228704wd,,0,05/04/2021
2010,22,7,5,1506920100426004,7,2,04,wd,8835440901,465,1.17,1,1,201027228704wd,1506920100426751369,RED DRUM,,2820.064921,18,46,201027228704wd,,0,05/04/2021
2010,22,7,5,1506920100426004,7,2,04,wd,8835440901,465,1.17,1,1,201027228704wd,1506920100426751369,RED DRUM,,2820.064921,18,46,201027228704wd,,0,05/04/2021
2010,22,7,5,1506920100426004,7,2,04,wd,8835440901,573,2.34,1,1,201027228704wd,1506920100426751369,RED DRUM,,2820.064921,22,57,201027228704wd,,0,05/04/2021
2010,22,7,5,1506920100426004,7,2,04,wd,8835440901,620,2.75,1,1,201027228704wd,1506920100426751369,RED DRUM,,2820.064921,24,62,201027228704wd,,0,05/04/2021
2010,22,7,5,1506920100426005,7,2,04,wd,,,,0,0,201027228704wd,1506920100426751369,,,2820.064921,,,201027228704wd,,0,05/04/2021
2010,22,7,5,1506920100426006,7,2,04,wd,8857030304,389,0.74,0,0,201027228704wd,1506920100426751369,SOUTHERN FLOUNDER,,4129.25207,15,38,201027228704wd,,0,05/04/2021
2010,22,7,5,1506920100426006,7,2,04,wd,8857030304,395,0.73,0,0,201027228704wd,1506920100426751369,SOUTHERN FLOUNDER,,4129.25207,15,39,201027228704wd,,0,05/04/2021
2010,22,7,5,1506920100426006,7,2,04,wd,8835440901,356,0.47,0,0,201027228704wd,1506920100426751369,RED DRUM,,4129.25207,14,35,201027228704wd,,0,05/04/2021
2010,22,7,5,1506920100426006,7,2,04,wd,8835440901,370,0.55,0,0,201027228704wd,1506920100426751369,RED DRUM,,4129.25207,14,37,201027228704wd,,0,05/04/2021
2010,22,7,5,1506920100426007,7,2,04,wd,,,,0,0,201027228704wd,1506920100426751369,,,4129.25207,,,201027228704wd,,0,05/04/2021
2010,22,7,5,1506920100426009,7,2,04,wd,8835440901,532,1.68,0,0,201027228704wd,1506920100426751369,RED DRUM,,2246.8072817,20,53,201027228704wd,,0,05/04/2021
2010,22,7,5,1508720100308007,7,2,03,wd,8835440801,852,10.25,1,1,201027228703wd,150872010030887274,BLACK DRUM,,1575.9231446,33,85,201027228703wd,,0,05/04/2021
2010,22,7,5,1508720100308007,7,2,03,wd,8835440102,436,0.85,1,1,201027228703wd,150872010030887274,SPOTTED SEATROUT,,1575.9231446,17,43,201027228703wd,,0,05/04/2021
2010,22,7,5,1508720100312001,7,2,03,wd,8835430301,381,1.25,0,0,201027228703wd,150872010031275126,SHEEPSHEAD,,976.37257093,14,38,201027228703wd,,0,05/04/2021
2010,22,7,5,1508720100312001,7,2,03,wd,8835430301,419,1.5,0,0,201027228703wd,150872010031275126,SHEEPSHEAD,,976.37257093,16,41,201027228703wd,,0,05/04/2021
2010,22,7,5,1508720100312002,7,2,03,wd,8835440901,406,0.75,0,0,201027228703wd,150872010031275126,RED DRUM,,976.37257093,15,40,201027228703wd,,0,05/04/2021
2010,22,7,5,1508720100328005,7,2,03,we,8835440901,356,0.47,1,1,201027228703we,1508720100328756,RED DRUM,,1539.205161,14,35,201027228703we,,0,05/04/2021
2010,22,7,5,1508720100328005,7,2,03,we,8835440901,370,0.55,1,1,201027228703we,1508720100328756,RED DRUM,,1539.205161,14,37,201027228703we,,0,05/04/2021
2010,22,7,5,1508720100328005,7,2,03,we,8835440102,417,0.85,1,1,201027228703we,1508720100328756,SPOTTED SEATROUT,,1539.205161,16,41,201027228703we,,0,05/04/2021
2010,22,7,5,1508720100328005,7,2,03,we,8835440102,417,0.8,1,1,201027228703we,1508720100328756,SPOTTED SEATROUT,,1539.205161,16,41,201027228703we,,0,05/04/2021
2010,22,7,5,1508720100328005,7,2,03,we,8835440102,431,0.85,1,1,201027228703we,1508720100328756,SPOTTED SEATROUT,,1539.205161,16,43,201027228703we,,0,05/04/2021
2010,22,7,5,1508720100328005,7,2,03,we,8835440102,431,0.85,1,1,201027228703we,1508720100328756,SPOTTED SEATROUT,,1539.205161,16,43,201027228703we,,0,05/04/2021
2010,22,7,5,1508720100328006,7,2,03,we,8835440901,406,0.75,1,1,201027228703we,1508720100328756,RED DRUM,,1539.205161,15,40,201027228703we,,0,05/04/2021
2010,22,7,5,1508720100328006,7,2,03,we,8835440901,406,0.75,1,1,201027228703we,1508720100328756,RED DRUM,,1539.205161,15,40,201027228703we,,0,05/04/2021
2010,22,7,5,1508720100328006,7,2,03,we,8835440901,532,1.68,1,1,201027228703we,1508720100328756,RED DRUM,,1539.205161,20,53,201027228703we,,0,05/04/2021
2010,22,7,5,1508720100328006,7,2,03,we,8835440901,660,3,1,1,201027228703we,1508720100328756,RED DRUM,,1539.205161,25,66,201027228703we,,0,05/04/2021
2010,22,7,5,1508720100328006,7,2,03,we,8835440901,686,3.5,1,1,201027228703we,1508720100328756,RED DRUM,,1539.205161,27,68,201027228703we,,0,05/04/2021
2010,22,7,5,1508720100328006,7,2,03,we,8835440102,395,0.7,1,1,201027228703we,1508720100328756,SPOTTED SEATROUT,,1539.205161,15,39,201027228703we,,0,05/04/2021
2010,22,7,5,1508720100328006,7,2,03,we,8835440102,402,0.7,1,1,201027228703we,1508720100328756,SPOTTED SEATROUT,,1539.205161,15,40,201027228703we,,0,05/04/2021
2010,22,7,5,1508720100328006,7,2,03,we,8835440102,409,0.75,1,1,201027228703we,1508720100328756,SPOTTED SEATROUT,,1539.205161,16,40,201027228703we,,0,05/04/2021
2010,22,7,5,1508720100328006,7,2,03,we,8835440102,415,0.8,1,1,201027228703we,1508720100328756,SPOTTED SEATROUT,,1539.205161,16,41,201027228703we,,0,05/04/2021
2010,22,7,5,1508720100328007,7,2,03,we,8835440901,559,2,1,1,201027228703we,1508720100328756,RED DRUM,,2253.7658796,22,55,201027228703we,,0,05/04/2021
2010,22,7,5,1508720100328007,7,2,03,we,8835440901,584,2.25,1,1,201027228703we,1508720100328756,RED DRUM,,2253.7658796,22,58,201027228703we,,0,05/04/2021
2010,22,7,5,1508720100328007,7,2,03,we,8835440901,610,2,1,1,201027228703we,1508720100328756,RED DRUM,,2253.7658796,24,61,201027228703we,,0,05/04/2021
2010,22,7,5,1508720100328007,7,2,03,we,8835440901,635,2.75,1,1,201027228703we,1508720100328756,RED DRUM,,2253.7658796,24,63,201027228703we,,0,05/04/2021
2010,22,7,5,1508720100328007,7,2,03,we,8835440901,660,3,1,1,201027228703we,1508720100328756,RED DRUM,,2253.7658796,25,66,201027228703we,,0,05/04/2021
2010,22,7,5,1508720100328007,7,2,03,we,8835440102,376,0.6,1,1,201027228703we,1508720100328756,SPOTTED SEATROUT,,2253.7658796,14,37,201027228703we,,0,05/04/2021
2010,22,7,5,1508720100328007,7,2,03,we,8835440102,396,0.65,1,1,201027228703we,1508720100328756,SPOTTED SEATROUT,,2253.7658796,15,39,201027228703we,,0,05/04/2021
2010,22,7,5,1508720100328007,7,2,03,we,8835440102,401,0.65,1,1,201027228703we,1508720100328756,SPOTTED SEATROUT,,2253.7658796,15,40,201027228703we,,0,05/04/2021
2010,22,7,5,1508720100328008,7,2,03,we,8835440901,533,1.5,1,1,201027228703we,1508720100328756,RED DRUM,,2253.7658796,20,53,201027228703we,,0,05/04/2021
2010,22,7,5,1508720100328008,7,2,03,we,8835440901,533,1.5,1,1,201027228703we,1508720100328756,RED DRUM,,2253.7658796,20,53,201027228703we,,0,05/04/2021
2010,22,7,5,1508720100328008,7,2,03,we,8835440901,559,1.75,1,1,201027228703we,1508720100328756,RED DRUM,,2253.7658796,22,55,201027228703we,,0,05/04/2021
2010,22,7,5,1508720100328008,7,2,03,we,8835440901,584,1.75,1,1,201027228703we,1508720100328756,RED DRUM,,2253.7658796,22,58,201027228703we,,0,05/04/2021
2010,22,7,5,1508720100328008,7,2,03,we,8835440102,373,0.6,1,1,201027228703we,1508720100328756,SPOTTED SEATROUT,,2253.7658796,14,37,201027228703we,,0,05/04/2021
2010,22,7,5,1508720100328008,7,2,03,we,8835440102,387,0.6,1,1,201027228703we,1508720100328756,SPOTTED SEATROUT,,2253.7658796,15,38,201027228703we,,0,05/04/2021
2010,22,7,5,1508720100328008,7,2,03,we,8835440102,387,0.6,1,1,201027228703we,1508720100328756,SPOTTED SEATROUT,,2253.7658796,15,38,201027228703we,,0,05/04/2021
2010,22,7,5,1508720100328009,7,2,03,we,8835440901,548,1.5,1,1,201027228703we,1508720100328756,RED DRUM,,1539.205161,21,54,201027228703we,,0,05/04/2021
2010,22,7,5,1508720100328009,7,2,03,we,8835440901,558,2,1,1,201027228703we,1508720100328756,RED DRUM,,1539.205161,21,55,201027228703we,,0,05/04/2021
2010,22,7,5,1508720100328009,7,2,03,we,8835440901,558,2,1,1,201027228703we,1508720100328756,RED DRUM,,1539.205161,21,55,201027228703we,,0,05/04/2021
2010,22,7,5,1508720100328009,7,2,03,we,8835440901,559,2,1,1,201027228703we,1508720100328756,RED DRUM,,1539.205161,22,55,201027228703we,,0,05/04/2021
2010,22,7,5,1508720100328009,7,2,03,we,8835440901,584,2.25,1,1,201027228703we,1508720100328756,RED DRUM,,1539.205161,22,58,201027228703we,,0,05/04/2021
2010,22,7,5,1508720100328010,7,2,03,we,8835440901,546,1.85,1,1,201027228703we,1508720100328756,RED DRUM,,1539.205161,21,54,201027228703we,,0,05/04/2021
2010,22,7,5,1508720100328010,7,2,03,we,8835440901,546,1.85,1,1,201027228703we,1508720100328756,RED DRUM,,1539.205161,21,54,201027228703we,,0,05/04/2021
2010,22,7,5,1508720100328010,7,2,03,we,8835440901,546,1.85,1,1,201027228703we,1508720100328756,RED DRUM,,1539.205161,21,54,201027228703we,,0,05/04/2021
2010,22,7,5,1508720100328010,7,2,03,we,8835440901,546,1.75,1,1,201027228703we,1508720100328756,RED DRUM,,1539.205161,21,54,201027228703we,,0,05/04/2021
2010,22,7,5,1508720100328010,7,2,03,we,8835440901,559,1.9,1,1,201027228703we,1508720100328756,RED DRUM,,1539.205161,22,55,201027228703we,,0,05/04/2021
2010,22,7,5,1508720100328011,7,2,03,we,8835440901,457,1.25,1,1,201027228703we,1508720100328756,RED DRUM,,1539.205161,17,45,201027228703we,,0,05/04/2021
2010,22,7,5,1508720100328011,7,2,03,we,8835440901,488,1.3,1,1,201027228703we,1508720100328756,RED DRUM,,1539.205161,19,48,201027228703we,,0,05/04/2021
2010,22,7,5,1508720100328011,7,2,03,we,8835440901,488,1.3,1,1,201027228703we,1508720100328756,RED DRUM,,1539.205161,19,48,201027228703we,,0,05/04/2021
2010,22,7,5,1508720100328011,7,2,03,we,8835440901,506,1.4,1,1,201027228703we,1508720100328756,RED DRUM,,1539.205161,19,50,201027228703we,,0,05/04/2021
2010,22,7,5,1508720100328011,7,2,03,we,8835440901,508,1.6,1,1,201027228703we,1508720100328756,RED DRUM,,1539.205161,19,50,201027228703we,,0,05/04/2021
2010,22,7,5,1508720100404003,7,2,04,we,8835440901,419,0.8,1,1,201027228704we,1508720100404511309,RED DRUM,,1349.941057,16,41,201027228704we,,0,05/04/2021
2010,22,7,5,1508720100404003,7,2,04,we,8835440901,622,2.2,1,1,201027228704we,1508720100404511309,RED DRUM,,1349.941057,24,62,201027228704we,,0,05/04/2021
2010,22,7,5,1508720100404003,7,2,04,we,8835440801,505,1.7,1,1,201027228704we,1508720100404511309,BLACK DRUM,,1349.941057,19,50,201027228704we,,0,05/04/2021
2010,22,7,5,1508720100404003,7,2,04,we,8835440801,505,1.7,1,1,201027228704we,1508720100404511309,BLACK DRUM,,1349.941057,19,50,201027228704we,,0,05/04/2021
2010,22,7,5,1508720100404003,7,2,04,we,8835440801,852,10.25,1,1,201027228704we,1508720100404511309,BLACK DRUM,,1349.941057,33,85,201027228704we,,0,05/04/2021
2010,22,7,5,1508720100404004,7,2,04,we,,,,0,0,201027228704we,1508720100404511309,,,1349.941057,,,201027228704we,,0,05/04/2021
2010,22,7,5,1508720100407001,7,2,04,wd,8835440901,533,1.5,0,0,201027228704wd,150872010040775257,RED DRUM,,5540.2694203,20,53,201027228704wd,,0,05/04/2021
2010,22,7,5,1508720100407001,7,2,04,wd,8835440901,548,1.5,0,0,201027228704wd,150872010040775257,RED DRUM,,5540.2694203,21,54,201027228704wd,,0,05/04/2021
2010,22,7,5,1508720100407001,7,2,04,wd,8835440901,559,2,0,0,201027228704wd,150872010040775257,RED DRUM,,5540.2694203,22,55,201027228704wd,,0,05/04/2021
2010,22,7,5,1508720100407001,7,2,04,wd,8835440901,559,1.75,0,0,201027228704wd,150872010040775257,RED DRUM,,5540.2694203,22,55,201027228704wd,,0,05/04/2021
2010,22,7,5,1508720100407001,7,2,04,wd,8835440901,584,2.25,0,0,201027228704wd,150872010040775257,RED DRUM,,5540.2694203,22,58,201027228704wd,,0,05/04/2021
2010,22,7,5,1508720100407001,7,2,04,wd,8835440901,584,1.75,0,0,201027228704wd,150872010040775257,RED DRUM,,5540.2694203,22,58,201027228704wd,,0,05/04/2021
2010,22,7,5,1508720100407001,7,2,04,wd,8835440901,610,2,0,0,201027228704wd,150872010040775257,RED DRUM,,5540.2694203,24,61,201027228704wd,,0,05/04/2021
2010,22,7,5,1508720100407001,7,2,04,wd,8835440901,635,2.75,0,0,201027228704wd,150872010040775257,RED DRUM,,5540.2694203,24,63,201027228704wd,,0,05/04/2021
2010,22,7,5,1508720100407001,7,2,04,wd,8835440901,660,3,0,0,201027228704wd,150872010040775257,RED DRUM,,5540.2694203,25,66,201027228704wd,,0,05/04/2021
2010,22,7,5,1508720100407001,7,2,04,wd,8835440901,686,3.5,0,0,201027228704wd,150872010040775257,RED DRUM,,5540.2694203,27,68,201027228704wd,,0,05/04/2021
2010,22,7,5,1508720100407002,7,2,04,wd,,,,0,0,201027228704wd,150872010040775257,,,8310.4041304,,,201027228704wd,,0,05/04/2021
2010,22,7,5,1508720100417001,7,2,04,we,8835440102,344,0.45,1,1,201027228704we,150872010041775311,SPOTTED SEATROUT,,1244.2445467,13,34,201027228704we,,0,05/04/2021
2010,22,7,5,1508720100417001,7,2,04,we,8835440102,357,0.5,1,1,201027228704we,150872010041775311,SPOTTED SEATROUT,,1244.2445467,14,35,201027228704we,,0,05/04/2021
2010,22,7,5,1508720100417001,7,2,04,we,8835440102,362,0.55,1,1,201027228704we,150872010041775311,SPOTTED SEATROUT,,1244.2445467,14,36,201027228704we,,0,05/04/2021
2010,22,7,5,1508720100417001,7,2,04,we,8835440102,389,0.55,1,1,201027228704we,150872010041775311,SPOTTED SEATROUT,,1244.2445467,15,38,201027228704we,,0,05/04/2021
2010,22,7,5,1508720100417002,7,2,04,we,8835440901,540,2,1,1,201027228704we,150872010041775311,RED DRUM,,1244.2445467,21,54,201027228704we,,0,05/04/2021
2010,22,7,5,1508720100417002,7,2,04,we,8835440102,446,0.8,1,1,201027228704we,150872010041775311,SPOTTED SEATROUT,,1244.2445467,17,44,201027228704we,,0,05/04/2021
2010,22,7,5,1508720100417002,7,2,04,we,8835440102,447,0.8,1,1,201027228704we,150872010041775311,SPOTTED SEATROUT,,1244.2445467,17,44,201027228704we,,0,05/04/2021
2010,22,7,5,1508720100417002,7,2,04,we,8835440102,508,1.14,1,1,201027228704we,150872010041775311,SPOTTED SEATROUT,,1244.2445467,19,50,201027228704we,,0,05/04/2021
2010,22,7,5,1508720100417002,7,2,04,we,8835440102,560,2.15,1,1,201027228704we,150872010041775311,SPOTTED SEATROUT,,1244.2445467,22,56,201027228704we,,0,05/04/2021
2010,22,7,5,1508720100417003,7,2,04,we,8835440102,293,0.2,1,1,201027228704we,150872010041775311,SPOTTED SEATROUT,,1244.2445467,11,29,201027228704we,,0,05/04/2021
2010,22,7,5,1508720100417003,7,2,04,we,8835440102,355,0.4350203806,1,1,201027228704we,150872010041775311,SPOTTED SEATROUT,,1244.2445467,13,35,201027228704we,,0,05/04/2021
2010,22,7,5,1508720100417003,7,2,04,we,8835440102,422,0.71,1,1,201027228704we,150872010041775311,SPOTTED SEATROUT,,1244.2445467,16,42,201027228704we,,0,05/04/2021
2010,22,7,5,1508720100417003,7,2,04,we,8835440102,431,0.76,1,1,201027228704we,150872010041775311,SPOTTED SEATROUT,,1244.2445467,16,43,201027228704we,,0,05/04/2021
2010,22,7,5,1508720100417004,7,2,04,we,8835440102,310,0.3,1,1,201027228704we,150872010041775311,SPOTTED SEATROUT,,1244.2445467,12,31,201027228704we,,0,05/04/2021
2010,22,7,5,1508720100417004,7,2,04,we,8835440102,318,0.32,1,1,201027228704we,150872010041775311,SPOTTED SEATROUT,,1244.2445467,12,31,201027228704we,,0,05/04/2021
2010,22,7,5,1508720100417004,7,2,04,we,8835440102,318,0.32,1,1,201027228704we,150872010041775311,SPOTTED SEATROUT,,1244.2445467,12,31,201027228704we,,0,05/04/2021
2010,22,7,5,1508720100417004,7,2,04,we,8835440102,336,0.4,1,1,201027228704we,150872010041775311,SPOTTED SEATROUT,,1244.2445467,13,33,201027228704we,,0,05/04/2021
2010,22,7,5,1508720100417005,7,2,04,we,8857030304,395,0.73,1,1,201027228704we,150872010041775311,SOUTHERN FLOUNDER,,1244.2445467,15,39,201027228704we,,0,05/04/2021
2010,22,7,5,1508720100417005,7,2,04,we,8835440901,434,1,1,1,201027228704we,150872010041775311,RED DRUM,,1244.2445467,17,43,201027228704we,,0,05/04/2021
2010,22,7,5,1508720100417005,7,2,04,we,8835440901,470,1.4,1,1,201027228704we,150872010041775311,RED DRUM,,1244.2445467,18,47,201027228704we,,0,05/04/2021
2010,22,7,5,1508720100417005,7,2,04,we,8835440901,540,2,1,1,201027228704we,150872010041775311,RED DRUM,,1244.2445467,21,54,201027228704we,,0,05/04/2021
2010,22,7,5,1508720100417005,7,2,04,we,8835440901,540,1.8,1,1,201027228704we,150872010041775311,RED DRUM,,1244.2445467,21,54,201027228704we,,0,05/04/2021
2010,22,7,5,1508720100417005,7,2,04,we,8835440901,707,3.25,1,1,201027228704we,150872010041775311,RED DRUM,,1244.2445467,27,70,201027228704we,,0,05/04/2021
2010,22,7,5,1508720100417006,7,2,04,we,8857030304,355,0.5,1,1,201027228704we,150872010041775311,SOUTHERN FLOUNDER,,1244.2445467,13,35,201027228704we,,0,05/04/2021
2010,22,7,5,1508720100417006,7,2,04,we,8835440901,552,1.6,1,1,201027228704we,150872010041775311,RED DRUM,,1244.2445467,21,55,201027228704we,,0,05/04/2021
2010,22,7,5,1508720100417006,7,2,04,we,8835440901,616,2.25,1,1,201027228704we,150872010041775311,RED DRUM,,1244.2445467,24,61,201027228704we,,0,05/04/2021
2010,22,7,5,1508720100417006,7,2,04,we,8835440901,622,2.5,1,1,201027228704we,150872010041775311,RED DRUM,,1244.2445467,24,62,201027228704we,,0,05/04/2021
2010,22,7,5,1508720100417006,7,2,04,we,8835440901,622,2.5,1,1,201027228704we,150872010041775311,RED DRUM,,1244.2445467,24,62,201027228704we,,0,05/04/2021
2010,22,7,5,1508720100417006,7,2,04,we,8835440901,654,2.75,1,1,201027228704we,150872010041775311,RED DRUM,,1244.2445467,25,65,201027228704we,,0,05/04/2021
2010,22,7,5,1508720100417007,7,2,04,we,8835440901,419,0.8,0,0,201027228704we,150872010041775311,RED DRUM,,991.31679095,16,41,201027228704we,,0,05/04/2021
2010,22,7,5,1508720100417007,7,2,04,we,8835440901,444,1,1,1,201027228704we,150872010041775311,RED DRUM,,991.31679095,17,44,201027228704we,,0,05/04/2021
2010,22,7,5,1508720100417007,7,2,04,we,8835440901,457,1.25,0,0,201027228704we,150872010041775311,RED DRUM,,991.31679095,17,45,201027228704we,,0,05/04/2021
2010,22,7,5,1508720100417007,7,2,04,we,8835440901,488,1.3,0,0,201027228704we,150872010041775311,RED DRUM,,991.31679095,19,48,201027228704we,,0,05/04/2021
2010,22,7,5,1508720100417007,7,2,04,we,8835440901,506,1.4,0,0,201027228704we,150872010041775311,RED DRUM,,991.31679095,19,50,201027228704we,,0,05/04/2021
2010,22,7,5,1508720100417007,7,2,04,we,8835440901,508,1.6,0,0,201027228704we,150872010041775311,RED DRUM,,991.31679095,19,50,201027228704we,,0,05/04/2021
2010,22,7,5,1508720100417007,7,2,04,we,8835440901,546,1.85,0,0,201027228704we,150872010041775311,RED DRUM,,991.31679095,21,54,201027228704we,,0,05/04/2021
2010,22,7,5,1508720100417007,7,2,04,we,8835440901,546,1.85,0,0,201027228704we,150872010041775311,RED DRUM,,991.31679095,21,54,201027228704we,,0,05/04/2021
2010,22,7,5,1508720100417007,7,2,04,we,8835440901,546,1.75,0,0,201027228704we,150872010041775311,RED DRUM,,991.31679095,21,54,201027228704we,,0,05/04/2021
2010,22,7,5,1508720100417007,7,2,04,we,8835440901,558,2,0,0,201027228704we,150872010041775311,RED DRUM,,991.31679095,21,55,201027228704we,,0,05/04/2021
2010,22,7,5,1508720100417007,7,2,04,we,8835440901,559,2,0,0,201027228704we,150872010041775311,RED DRUM,,991.31679095,22,55,201027228704we,,0,05/04/2021
2010,22,7,5,1508720100417007,7,2,04,we,8835440901,559,1.9,0,0,201027228704we,150872010041775311,RED DRUM,,991.31679095,22,55,201027228704we,,0,05/04/2021
2010,22,7,5,1508720100417007,7,2,04,we,8835440901,584,2.25,0,0,201027228704we,150872010041775311,RED DRUM,,991.31679095,22,58,201027228704we,,0,05/04/2021
2010,22,7,5,1508720100417008,7,2,04,we,,,,0,0,201027228704we,150872010041775311,,,991.31679095,,,201027228704we,,0,05/04/2021
2010,22,7,5,1508720100417009,7,2,04,we,,,,0,0,201027228704we,150872010041775311,,,991.31679095,,,201027228704we,,0,05/04/2021
2010,22,7,5,1508720100417010,7,2,04,we,,,,0,0,201027228704we,150872010041775311,,,991.31679095,,,201027228704we,,0,05/04/2021
2010,22,7,5,1508720100417011,7,2,04,we,8835440901,405,0.7854731594,1,1,201027228704we,150872010041775311,RED DRUM,,2973.9503728,15,40,201027228704we,,0,05/04/2021
2010,22,7,5,1508720100417011,7,2,04,we,8835440901,405,0.7854731594,1,1,201027228704we,150872010041775311,RED DRUM,,2973.9503728,15,40,201027228704we,,0,05/04/2021
2010,22,7,5,1508720100417011,7,2,04,we,8835440901,408,1,1,1,201027228704we,150872010041775311,RED DRUM,,2973.9503728,16,40,201027228704we,,0,05/04/2021
2010,22,7,5,1508720100417011,7,2,04,we,8835440901,447,1.25,1,1,201027228704we,150872010041775311,RED DRUM,,2973.9503728,17,44,201027228704we,,0,05/04/2021
2010,22,7,5,1508720100417011,7,2,04,we,8835440901,487,1.3,1,1,201027228704we,150872010041775311,RED DRUM,,2973.9503728,19,48,201027228704we,,0,05/04/2021
2010,22,7,5,1508720100417012,7,2,04,we,,,,0,0,201027228704we,150872010041775311,,,991.31679095,,,201027228704we,,0,05/04/2021
2010,22,7,5,1508720100417013,7,2,04,we,,,,0,0,201027228704we,150872010041775311,,,991.31679095,,,201027228704we,,0,05/04/2021
2010,22,7,5,1508720100417014,7,2,04,we,8857030304,350,0.41,1,1,201027228704we,150872010041775311,SOUTHERN FLOUNDER,,1821.8727277,13,35,201027228704we,,0,05/04/2021
2010,22,7,5,1508720100417014,7,2,04,we,8857030304,357,0.5,1,1,201027228704we,150872010041775311,SOUTHERN FLOUNDER,,1821.8727277,14,35,201027228704we,,0,05/04/2021
2010,22,7,5,1508720100417014,7,2,04,we,8857030304,366,0.46,1,1,201027228704we,150872010041775311,SOUTHERN FLOUNDER,,1821.8727277,14,36,201027228704we,,0,05/04/2021
2010,22,7,5,1508720100417014,7,2,04,we,8857030304,429,0.85,1,1,201027228704we,150872010041775311,SOUTHERN FLOUNDER,,1821.8727277,16,42,201027228704we,,0,05/04/2021
2010,22,7,5,1508720100417014,7,2,04,we,8835440901,404,0.66,1,1,201027228704we,150872010041775311,RED DRUM,,6194.3672743,15,40,201027228704we,,0,05/04/2021
2010,22,7,5,1508720100417014,7,2,04,we,8835440901,404,0.66,1,1,201027228704we,150872010041775311,RED DRUM,,6194.3672743,15,40,201027228704we,,0,05/04/2021
2010,22,7,5,1508720100417014,7,2,04,we,8835440901,428,0.85,1,1,201027228704we,150872010041775311,RED DRUM,,6194.3672743,16,42,201027228704we,,0,05/04/2021
2010,22,7,5,1508720100417014,7,2,04,we,8835440901,457,1.132345385,1,1,201027228704we,150872010041775311,RED DRUM,,6194.3672743,17,45,201027228704we,,0,05/04/2021
2010,22,7,5,1508720100417014,7,2,04,we,8835440901,470,1.1,1,1,201027228704we,150872010041775311,RED DRUM,,6194.3672743,18,47,201027228704we,,0,05/04/2021
2010,22,7,5,1508720100417015,7,2,04,we,,,,0,0,201027228704we,150872010041775311,,,1821.8727277,,,201027228704we,,0,05/04/2021
2010,22,7,5,1508720100417016,7,2,04,we,,,,0,0,201027228704we,150872010041775311,,,1821.8727277,,,201027228704we,,0,05/04/2021
2010,22,7,5,1508720100417017,7,2,04,we,,,,0,0,201027228704we,150872010041775311,,,1821.8727277,,,201027228704we,,0,05/04/2021
2010,22,7,5,1508720100417018,7,2,04,we,8835440901,434,0.85,1,1,201027228704we,150872010041775311,RED DRUM,,1244.2445467,17,43,201027228704we,,0,05/04/2021
2010,22,7,5,1508720100417018,7,2,04,we,8835440901,582,2.5,1,1,201027228704we,150872010041775311,RED DRUM,,1244.2445467,22,58,201027228704we,,0,05/04/2021
2010,22,7,5,1508720100417018,7,2,04,we,8835440901,590,2.75,1,1,201027228704we,150872010041775311,RED DRUM,,1244.2445467,23,59,201027228704we,,0,05/04/2021
2010,22,7,5,1508720100417018,7,2,04,we,8835440901,637,3.25,1,1,201027228704we,150872010041775311,RED DRUM,,1244.2445467,25,63,201027228704we,,0,05/04/2021
2010,22,7,5,1508720100417018,7,2,04,we,8835440901,637,3.25,1,1,201027228704we,150872010041775311,RED DRUM,,1244.2445467,25,63,201027228704we,,0,05/04/2021
2010,22,7,5,1508720100417019,7,2,04,we,8835440901,520,1.5,1,1,201027228704we,150872010041775311,RED DRUM,,1244.2445467,20,52,201027228704we,,0,05/04/2021
2010,22,7,5,1508720100417019,7,2,04,we,8835440901,520,1.5,1,1,201027228704we,150872010041775311,RED DRUM,,1244.2445467,20,52,201027228704we,,0,05/04/2021
2010,22,7,5,1508720100417019,7,2,04,we,8835440901,555,2.25,1,1,201027228704we,150872010041775311,RED DRUM,,1244.2445467,21,55,201027228704we,,0,05/04/2021
2010,22,7,5,1508720100417019,7,2,04,we,8835440901,555,2.25,1,1,201027228704we,150872010041775311,RED DRUM,,1244.2445467,21,55,201027228704we,,0,05/04/2021
2010,22,7,5,1508720100417019,7,2,04,we,8835440901,632,3,1,1,201027228704we,150872010041775311,RED DRUM,,1244.2445467,24,63,201027228704we,,0,05/04/2021
2010,22,7,5,1508720100417020,7,2,04,we,8835440901,498,1.35,1,1,201027228704we,150872010041775311,RED DRUM,,1244.2445467,19,49,201027228704we,,0,05/04/2021
2010,22,7,5,1508720100417020,7,2,04,we,8835440901,575,2.25,1,1,201027228704we,150872010041775311,RED DRUM,,1244.2445467,22,57,201027228704we,,0,05/04/2021
2010,22,7,5,1508720100417020,7,2,04,we,8835440901,683,3.6,1,1,201027228704we,150872010041775311,RED DRUM,,1244.2445467,26,68,201027228704we,,0,05/04/2021
2010,22,7,5,1508720100417020,7,2,04,we,8835440901,683,3.6,1,1,201027228704we,150872010041775311,RED DRUM,,1244.2445467,26,68,201027228704we,,0,05/04/2021
2010,22,7,5,1508720100417020,7,2,04,we,8835440901,696,4.5,1,1,201027228704we,150872010041775311,RED DRUM,,1244.2445467,27,69,201027228704we,,0,05/04/2021
2010,22,7,5,1508720100417021,7,2,04,we,8835440901,539,2,1,1,201027228704we,150872010041775311,RED DRUM,,1244.2445467,21,53,201027228704we,,0,05/04/2021
2010,22,7,5,1508720100417021,7,2,04,we,8835440901,546,1.87,1,1,201027228704we,150872010041775311,RED DRUM,,1244.2445467,21,54,201027228704we,,0,05/04/2021
2010,22,7,5,1508720100417021,7,2,04,we,8835440901,566,2.55,1,1,201027228704we,150872010041775311,RED DRUM,,1244.2445467,22,56,201027228704we,,0,05/04/2021
2010,22,7,5,1508720100417021,7,2,04,we,8835440901,566,2.55,1,1,201027228704we,150872010041775311,RED DRUM,,1244.2445467,22,56,201027228704we,,0,05/04/2021
2010,22,7,5,1508720100417021,7,2,04,we,8835440901,581,2.6,1,1,201027228704we,150872010041775311,RED DRUM,,1244.2445467,22,58,201027228704we,,0,05/04/2021
2010,22,7,5,1508720100417022,7,2,04,we,8835440901,432,0.95,1,1,201027228704we,150872010041775311,RED DRUM,,1821.8727277,17,43,201027228704we,,0,05/04/2021
2010,22,7,5,1508720100417022,7,2,04,we,8835440901,537,1.8,1,1,201027228704we,150872010041775311,RED DRUM,,1821.8727277,21,53,201027228704we,,0,05/04/2021
2010,22,7,5,1508720100417023,7,2,04,we,8835440901,531,1.67,1,1,201027228704we,150872010041775311,RED DRUM,,1821.8727277,20,53,201027228704we,,0,05/04/2021
2010,22,7,5,1508720100417024,7,2,04,we,8835440901,486,1.3,1,1,201027228704we,150872010041775311,RED DRUM,,1821.8727277,19,48,201027228704we,,0,05/04/2021
2010,22,7,5,1508720100417024,7,2,04,we,8835440901,486,1.3,1,1,201027228704we,150872010041775311,RED DRUM,,1821.8727277,19,48,201027228704we,,0,05/04/2021
2010,22,7,5,1508720100417025,7,2,04,we,,,,0,0,201027228704we,150872010041775311,,,1821.8727277,,,201027228704we,,0,05/04/2021
2010,22,7,5,1508720100417026,7,2,04,we,,,,0,0,201027228704we,150872010041775311,,,1821.8727277,,,201027228704we,,0,05/04/2021
2010,22,7,5,1508720100417027,7,2,04,we,8835440901,418,0.86,1,1,201027228704we,150872010041775311,RED DRUM,,1244.2445467,16,41,201027228704we,,0,05/04/2021
2010,22,7,5,1508720100417027,7,2,04,we,8835440901,418,0.86,1,1,201027228704we,150872010041775311,RED DRUM,,1244.2445467,16,41,201027228704we,,0,05/04/2021
2010,22,7,5,1508720100417027,7,2,04,we,8835440901,460,1.22,1,1,201027228704we,150872010041775311,RED DRUM,,1244.2445467,18,46,201027228704we,,0,05/04/2021
2010,22,7,5,1508720100417027,7,2,04,we,8835440901,481,1.26,1,1,201027228704we,150872010041775311,RED DRUM,,1244.2445467,18,48,201027228704we,,0,05/04/2021
2010,22,7,5,1508720100417028,7,2,04,we,8835440901,415,0.85,1,1,201027228704we,150872010041775311,RED DRUM,,1821.8727277,16,41,201027228704we,,0,05/04/2021
2010,22,7,5,1508720100417028,7,2,04,we,8835440901,525,2.25,1,1,201027228704we,150872010041775311,RED DRUM,,1821.8727277,20,52,201027228704we,,0,05/04/2021
2010,22,7,5,1508720100417028,7,2,04,we,8835440901,628,3,1,1,201027228704we,150872010041775311,RED DRUM,,1821.8727277,24,62,201027228704we,,0,05/04/2021
2010,22,7,5,1508720100417028,7,2,04,we,8835440901,689,5,1,1,201027228704we,150872010041775311,RED DRUM,,1821.8727277,27,68,201027228704we,,0,05/04/2021
2010,22,7,5,1508720100417029,7,2,04,we,8835440901,415,0.85,1,1,201027228704we,150872010041775311,RED DRUM,,1244.2445467,16,41,201027228704we,,0,05/04/2021
2010,22,7,5,1508720100417029,7,2,04,we,8835440901,470,1.19,1,1,201027228704we,150872010041775311,RED DRUM,,1244.2445467,18,47,201027228704we,,0,05/04/2021
2010,22,7,5,1508720100417029,7,2,04,we,8835440901,564,2.5,1,1,201027228704we,150872010041775311,RED DRUM,,1244.2445467,22,56,201027228704we,,0,05/04/2021
2010,22,7,5,1508720100417029,7,2,04,we,8835440901,592,2.75,1,1,201027228704we,150872010041775311,RED DRUM,,1244.2445467,23,59,201027228704we,,0,05/04/2021
2010,22,7,5,1508720100417030,7,2,04,we,8835440901,427,0.82,1,1,201027228704we,150872010041775311,RED DRUM,,1244.2445467,16,42,201027228704we,,0,05/04/2021
2010,22,7,5,1508720100417030,7,2,04,we,8835440901,460,0.95,1,1,201027228704we,150872010041775311,RED DRUM,,1244.2445467,18,46,201027228704we,,0,05/04/2021
2010,22,7,5,1508720100417030,7,2,04,we,8835440901,528,1.65,1,1,201027228704we,150872010041775311,RED DRUM,,1244.2445467,20,52,201027228704we,,0,05/04/2021
2010,22,7,5,1508720100417030,7,2,04,we,8835440901,528,1.65,1,1,201027228704we,150872010041775311,RED DRUM,,1244.2445467,20,52,201027228704we,,0,05/04/2021
2010,22,7,5,1508720100417030,7,2,04,we,8835440901,666,3.25,1,1,201027228704we,150872010041775311,RED DRUM,,1244.2445467,26,66,201027228704we,,0,05/04/2021
2010,22,7,5,1508720100425001,7,2,04,we,8835440901,434,1,0,0,201027228704we,1508720100425751369,RED DRUM,,1306.3507883,17,43,201027228704we,,0,05/04/2021
2010,22,7,5,1508720100425001,7,2,04,we,8835440901,470,1.4,0,0,201027228704we,1508720100425751369,RED DRUM,,1306.3507883,18,47,201027228704we,,0,05/04/2021
2010,22,7,5,1508720100425001,7,2,04,we,8835440901,540,2,0,0,201027228704we,1508720100425751369,RED DRUM,,1306.3507883,21,54,201027228704we,,0,05/04/2021
2010,22,7,5,1508720100425001,7,2,04,we,8835440901,540,1.8,0,0,201027228704we,1508720100425751369,RED DRUM,,1306.3507883,21,54,201027228704we,,0,05/04/2021
2010,22,7,5,1508720100425001,7,2,04,we,8835440901,622,2.2,0,0,201027228704we,1508720100425751369,RED DRUM,,1306.3507883,24,62,201027228704we,,0,05/04/2021
2010,22,7,5,1508720100425001,7,2,04,we,8777020105,370,0.75,0,0,201027228704we,1508720100425751369,CHANNEL CATFISH,,1306.3507883,14,37,201027228704we,,0,05/04/2021
2010,22,7,5,1508720100425002,7,2,04,we,,,,0,0,201027228704we,1508720100425751369,,,1912.8111755,,,201027228704we,,0,05/04/2021
2010,22,7,5,1508720100425003,7,2,04,we,,,,0,0,201027228704we,1508720100425751369,,,1912.8111755,,,201027228704we,,0,05/04/2021
2010,22,7,5,1508720100425010,7,2,04,we,8835440901,390,0.63,1,1,201027228704we,1508720100425751369,RED DRUM,,1306.3507883,15,39,201027228704we,,0,05/04/2021
2010,22,7,5,1508720100425010,7,2,04,we,8835440901,730,3.98,1,1,201027228704we,1508720100425751369,RED DRUM,,1306.3507883,28,73,201027228704we,,0,05/04/2021
2010,22,7,5,1508720100425010,7,2,04,we,8835440901,730,3.98,1,1,201027228704we,1508720100425751369,RED DRUM,,1306.3507883,28,73,201027228704we,,0,05/04/2021
2010,22,7,5,1508720100425011,7,2,04,we,8835440901,673,3.25,1,1,201027228704we,1508720100425751369,RED DRUM,,1306.3507883,26,67,201027228704we,,0,05/04/2021
2010,22,7,5,1508720100425011,7,2,04,we,8835440901,688,3.48,1,1,201027228704we,1508720100425751369,RED DRUM,,1306.3507883,27,68,201027228704we,,0,05/04/2021
2010,22,7,5,1508720100425011,7,2,04,we,8835440901,711,3.75,1,1,201027228704we,1508720100425751369,RED DRUM,,1306.3507883,27,71,201027228704we,,0,05/04/2021
2010,22,7,5,1508720100425014,7,2,04,we,8835440901,444,1,0,0,201027228704we,1508720100425751369,RED DRUM,,1306.3507883,17,44,201027228704we,,0,05/04/2021
2010,22,7,5,1508720100425014,7,2,04,we,8835440901,552,1.6,0,0,201027228704we,1508720100425751369,RED DRUM,,1306.3507883,21,55,201027228704we,,0,05/04/2021
2010,22,7,5,1508720100425014,7,2,04,we,8835440901,616,2.25,0,0,201027228704we,1508720100425751369,RED DRUM,,1306.3507883,24,61,201027228704we,,0,05/04/2021
2010,22,7,5,1508720100425014,7,2,04,we,8835440901,622,2.5,0,0,201027228704we,1508720100425751369,RED DRUM,,1306.3507883,24,62,201027228704we,,0,05/04/2021
2010,22,7,5,1508720100425014,7,2,04,we,8835440901,654,2.75,0,0,201027228704we,1508720100425751369,RED DRUM,,1306.3507883,25,65,201027228704we,,0,05/04/2021
2010,22,7,5,1508720100425014,7,2,04,we,8835440901,707,3.25,0,0,201027228704we,1508720100425751369,RED DRUM,,1306.3507883,27,70,201027228704we,,0,05/04/2021
2010,22,7,5,1508720100425015,7,2,04,we,,,,0,0,201027228704we,1508720100425751369,,,1306.3507883,,,201027228704we,,0,05/04/2021
2010,22,7,5,1516620100305001,7,2,03,wd,8835440901,615,2.75,1,1,201027228703wd,151662010030575311,RED DRUM,,1611.7876389,24,61,201027228703wd,,0,05/04/2021
2010,22,7,5,1516620100305001,7,2,03,wd,8835440901,620,2.75,1,1,201027228703wd,151662010030575311,RED DRUM,,1611.7876389,24,62,201027228703wd,,0,05/04/2021
2010,22,7,5,1516620100305001,7,2,03,wd,8835440901,636,2.75,1,1,201027228703wd,151662010030575311,RED DRUM,,1611.7876389,25,63,201027228703wd,,0,05/04/2021
2010,22,7,5,1516620100305001,7,2,03,wd,8835440901,654,3,1,1,201027228703wd,151662010030575311,RED DRUM,,1611.7876389,25,65,201027228703wd,,0,05/04/2021
2010,22,7,5,1516620100305001,7,2,03,wd,8835440901,654,3,1,1,201027228703wd,151662010030575311,RED DRUM,,1611.7876389,25,65,201027228703wd,,0,05/04/2021
2010,22,7,5,1516620100305001,7,2,03,wd,8835440801,505,1.7,1,1,201027228703wd,151662010030575311,BLACK DRUM,,805.89381944,19,50,201027228703wd,,0,05/04/2021
2010,22,7,5,1516620100305001,7,2,03,wd,8835440102,299,0.3,1,1,201027228703wd,151662010030575311,SPOTTED SEATROUT,,967.07258333,11,29,201027228703wd,,0,05/04/2021
2010,22,7,5,1516620100305001,7,2,03,wd,8835440102,311,0.3,1,1,201027228703wd,151662010030575311,SPOTTED SEATROUT,,967.07258333,12,31,201027228703wd,,0,05/04/2021
2010,22,7,5,1516620100305001,7,2,03,wd,8835440102,319,0.3,1,1,201027228703wd,151662010030575311,SPOTTED SEATROUT,,967.07258333,12,31,201027228703wd,,0,05/04/2021
2010,22,7,5,1516620100305001,7,2,03,wd,8835440102,345,0.4,1,1,201027228703wd,151662010030575311,SPOTTED SEATROUT,,967.07258333,13,34,201027228703wd,,0,05/04/2021
2010,22,7,5,1516620100305001,7,2,03,wd,8835440102,370,0.5,1,1,201027228703wd,151662010030575311,SPOTTED SEATROUT,,967.07258333,14,37,201027228703wd,,0,05/04/2021
2010,22,7,5,1516620100305002,7,2,03,wd,,,,0,0,201027228703wd,151662010030575311,,,805.89381944,,,201027228703wd,,0,05/04/2021
2010,22,7,1,1516620100305003,7,2,03,wd,8835440801,404,1,1,1,201027228703wd,151662010030575311,BLACK DRUM,,2339.7336008,15,40,201027228703wd,,0,05/04/2021
2010,22,7,1,1516620100305003,7,2,03,wd,8835440801,421,1.05,1,1,201027228703wd,151662010030575311,BLACK DRUM,,2339.7336008,16,42,201027228703wd,,0,05/04/2021
2010,22,7,1,1516620100305003,7,2,03,wd,8835440801,429,1.25,1,1,201027228703wd,151662010030575311,BLACK DRUM,,2339.7336008,16,42,201027228703wd,,0,05/04/2021
2010,22,7,1,1516620100305003,7,2,03,wd,8835440801,464,1.25,1,1,201027228703wd,151662010030575311,BLACK DRUM,,2339.7336008,18,46,201027228703wd,,0,05/04/2021
2010,22,7,1,1516620100305003,7,2,03,wd,8835440102,444.79052672,0.8,1,1,201027228703wd,151662010030575311,SPOTTED SEATROUT,,779.91120026,17,44,201027228703wd,,0,05/04/2021
2010,22,7,1,1516620100305003,7,2,03,wd,8835430301,434,1.9350065904,1,1,201027228703wd,151662010030575311,SHEEPSHEAD,,19497.780006,17,43,201027228703wd,,0,05/04/2021
2010,22,7,1,1516620100305003,7,2,03,wd,8835430301,439,1.63,1,1,201027228703wd,151662010030575311,SHEEPSHEAD,,19497.780006,17,43,201027228703wd,,0,05/04/2021
2010,22,7,1,1516620100305003,7,2,03,wd,8835430301,440,2.0138452004,1,1,201027228703wd,151662010030575311,SHEEPSHEAD,,19497.780006,17,44,201027228703wd,,0,05/04/2021
2010,22,7,1,1516620100305003,7,2,03,wd,8835430301,440,2.0138452004,1,1,201027228703wd,151662010030575311,SHEEPSHEAD,,19497.780006,17,44,201027228703wd,,0,05/04/2021
2010,22,7,1,1516620100305003,7,2,03,wd,8835430301,451,2.1638002878,1,1,201027228703wd,151662010030575311,SHEEPSHEAD,,19497.780006,17,45,201027228703wd,,0,05/04/2021
2010,22,7,1,1516620100305003,7,2,03,wd,8835360102,334,0.65,1,1,201027228703wd,151662010030575311,GRAY SNAPPER,,935.89344031,13,33,201027228703wd,,0,05/04/2021
2010,22,7,1,1516620100305003,7,2,03,wd,8835440801,390,0.8,1,1,201027228703wd,151662010030575311,BLACK DRUM,,2339.7336008,15,39,201027228703wd,,0,05/04/2021
2010,22,7,1,1516620100305003,7,2,03,wd,8835360102,378,0.95,1,1,201027228703wd,151662010030575311,GRAY SNAPPER,,935.89344031,14,37,201027228703wd,,0,05/04/2021
2010,22,7,1,1516620100305003,7,2,03,wd,8835360102,472,1.6,1,1,201027228703wd,151662010030575311,GRAY SNAPPER,,935.89344031,18,47,201027228703wd,,0,05/04/2021
2010,22,7,1,1516620100305003,7,2,03,wd,8835360102,490,2.25,1,1,201027228703wd,151662010030575311,GRAY SNAPPER,,935.89344031,19,49,201027228703wd,,0,05/04/2021
2010,22,7,1,1516620100305003,7,2,03,wd,8835360102,553,3,1,1,201027228703wd,151662010030575311,GRAY SNAPPER,,935.89344031,21,55,201027228703wd,,0,05/04/2021
2010,22,7,1,1516620100305004,7,2,03,wd,,,,0,0,201027228703wd,151662010030575311,,,779.91120026,,,201027228703wd,,0,05/04/2021
2010,22,7,1,1516620100305005,7,2,03,wd,,,,0,0,201027228703wd,151662010030575311,,,779.91120026,,,201027228703wd,,0,05/04/2021
2010,22,7,1,1516620100305006,7,2,03,wd,,,,0,0,201027228703wd,151662010030575311,,,779.91120026,,,201027228703wd,,0,05/04/2021
2010,22,7,5,1516620100318001,7,2,03,wd,8835440901,426,0.81,1,1,201027228703wd,1516620100318756,RED DRUM,,5362.8390548,16,42,201027228703wd,,0,05/04/2021
2010,22,7,5,1516620100318001,7,2,03,wd,8835440901,480,1.14,1,1,201027228703wd,1516620100318756,RED DRUM,,5362.8390548,18,48,201027228703wd,,0,05/04/2021
2010,22,7,5,1516620100318001,7,2,03,wd,8835440901,501,1.5,1,1,201027228703wd,1516620100318756,RED DRUM,,5362.8390548,19,50,201027228703wd,,0,05/04/2021
2010,22,7,5,1516620100318001,7,2,03,wd,8835440901,501,1.5,1,1,201027228703wd,1516620100318756,RED DRUM,,5362.8390548,19,50,201027228703wd,,0,05/04/2021
2010,22,7,5,1516620100318001,7,2,03,wd,8835440901,576,2.5,1,1,201027228703wd,1516620100318756,RED DRUM,,5362.8390548,22,57,201027228703wd,,0,05/04/2021
2010,22,7,5,1516620100318001,7,2,03,wd,8835440801,505,2,1,1,201027228703wd,1516620100318756,BLACK DRUM,,1787.6130183,19,50,201027228703wd,,0,05/04/2021
2010,22,7,5,1516620100318001,7,2,03,wd,8835440801,505,2,1,1,201027228703wd,1516620100318756,BLACK DRUM,,1787.6130183,19,50,201027228703wd,,0,05/04/2021
2010,22,7,5,1516620100318001,7,2,03,wd,8835440102,325,0.36,1,1,201027228703wd,1516620100318756,SPOTTED SEATROUT,,2502.6582256,12,32,201027228703wd,,0,05/04/2021
2010,22,7,5,1516620100318001,7,2,03,wd,8835440102,329,0.4,1,1,201027228703wd,1516620100318756,SPOTTED SEATROUT,,2502.6582256,12,32,201027228703wd,,0,05/04/2021
2010,22,7,5,1516620100318001,7,2,03,wd,8835440102,364,0.54,1,1,201027228703wd,1516620100318756,SPOTTED SEATROUT,,2502.6582256,14,36,201027228703wd,,0,05/04/2021
2010,22,7,5,1516620100318001,7,2,03,wd,8835440102,401,0.7,1,1,201027228703wd,1516620100318756,SPOTTED SEATROUT,,2502.6582256,15,40,201027228703wd,,0,05/04/2021
2010,22,7,5,1516620100318001,7,2,03,wd,8835440102,440,0.9,1,1,201027228703wd,1516620100318756,SPOTTED SEATROUT,,2502.6582256,17,44,201027228703wd,,0,05/04/2021
2010,22,7,5,1516620100318002,7,2,03,wd,,,,0,0,201027228703wd,1516620100318756,,,1787.6130183,,,201027228703wd,,0,05/04/2021
2010,22,7,5,1516620100318003,7,2,03,wd,,,,0,0,201027228703wd,1516620100318756,,,1787.6130183,,,201027228703wd,,0,05/04/2021
2010,22,7,5,1516620100320001,7,2,03,we,8835440901,427,0.75,1,1,201027228703we,1516620100320751369,RED DRUM,,6420.1196988,16,42,201027228703we,,0,05/04/2021
2010,22,7,5,1516620100320001,7,2,03,we,8835440901,551,2,1,1,201027228703we,1516620100320751369,RED DRUM,,6420.1196988,21,55,201027228703we,,0,05/04/2021
2010,22,7,5,1516620100320001,7,2,03,we,8835440901,566,2.25,1,1,201027228703we,1516620100320751369,RED DRUM,,6420.1196988,22,56,201027228703we,,0,05/04/2021
2010,22,7,5,1516620100320001,7,2,03,we,8835440901,572,2,1,1,201027228703we,1516620100320751369,RED DRUM,,6420.1196988,22,57,201027228703we,,0,05/04/2021
2010,22,7,5,1516620100320001,7,2,03,we,8835440901,572,2,1,1,201027228703we,1516620100320751369,RED DRUM,,6420.1196988,22,57,201027228703we,,0,05/04/2021
2010,22,7,5,1516620100320001,7,2,03,we,8835440102,460,1,1,1,201027228703we,1516620100320751369,SPOTTED SEATROUT,,3210.0598494,18,46,201027228703we,,0,05/04/2021
2010,22,7,5,1516620100320001,7,2,03,we,8835440102,478,1.5,1,1,201027228703we,1516620100320751369,SPOTTED SEATROUT,,3210.0598494,18,47,201027228703we,,0,05/04/2021
2010,22,7,5,1516620100320002,7,2,03,we,,,,0,0,201027228703we,1516620100320751369,,,3210.0598494,,,201027228703we,,0,05/04/2021
2010,22,7,5,1516620100320004,7,2,03,we,8835440901,521,1.75,1,1,201027228703we,151662010032075126,RED DRUM,,5323.5367958,20,52,201027228703we,,0,05/04/2021
2010,22,7,5,1516620100320004,7,2,03,we,8835440901,524,1.5,1,1,201027228703we,151662010032075126,RED DRUM,,5323.5367958,20,52,201027228703we,,0,05/04/2021
2010,22,7,5,1516620100320005,7,2,03,we,,,,0,0,201027228703we,151662010032075126,,,3510.2683951,,,201027228703we,,0,05/04/2021
2010,22,7,5,1516620100405001,7,2,04,wd,8835440901,412,0.85,1,1,201027228704wd,1516620100405751369,RED DRUM,,6798.3707918,16,41,201027228704wd,,0,05/04/2021
2010,22,7,5,1516620100405001,7,2,04,wd,8835440901,452,1.2,1,1,201027228704wd,1516620100405751369,RED DRUM,,6798.3707918,17,45,201027228704wd,,0,05/04/2021
2010,22,7,5,1516620100405001,7,2,04,wd,8835440901,524,1.5,1,1,201027228704wd,1516620100405751369,RED DRUM,,6798.3707918,20,52,201027228704wd,,0,05/04/2021
2010,22,7,5,1516620100405001,7,2,04,wd,8835440901,541,2,1,1,201027228704wd,1516620100405751369,RED DRUM,,6798.3707918,21,54,201027228704wd,,0,05/04/2021
2010,22,7,5,1516620100405001,7,2,04,wd,8835440901,704,4.5,1,1,201027228704wd,1516620100405751369,RED DRUM,,6798.3707918,27,70,201027228704wd,,0,05/04/2021
2010,22,7,5,1516620100405001,7,2,04,wd,8835440801,452,1.5,1,1,201027228704wd,1516620100405751369,BLACK DRUM,,1699.5926979,17,45,201027228704wd,,0,05/04/2021
2010,22,7,5,1516620100405001,7,2,04,wd,8835440801,481,1.75,1,1,201027228704wd,1516620100405751369,BLACK DRUM,,1699.5926979,18,48,201027228704wd,,0,05/04/2021
2010,22,7,5,1516620100405001,7,2,04,wd,8835440801,481,1.75,1,1,201027228704wd,1516620100405751369,BLACK DRUM,,1699.5926979,18,48,201027228704wd,,0,05/04/2021
2010,22,7,5,1516620100405001,7,2,04,wd,8835440801,481,1.75,1,1,201027228704wd,1516620100405751369,BLACK DRUM,,1699.5926979,18,48,201027228704wd,,0,05/04/2021
2010,22,7,5,1516620100405001,7,2,04,wd,8777020105,622,3.5,1,1,201027228704wd,1516620100405751369,CHANNEL CATFISH,,1699.5926979,24,62,201027228704wd,,0,05/04/2021
2010,22,7,5,1516620100405002,7,2,04,wd,,,,0,0,201027228704wd,1516620100405751369,,,1354.1026028,,,201027228704wd,,0,05/04/2021
2010,22,7,5,1516620100405003,7,2,04,wd,,,,0,0,201027228704wd,1516620100405751369,,,1699.5926979,,,201027228704wd,,0,05/04/2021
2010,22,7,5,1516620100405004,7,2,04,wd,,,,0,0,201027228704wd,1516620100405751369,,,1354.1026028,,,201027228704wd,,0,05/04/2021
2010,22,7,5,1516620100405005,7,2,04,wd,8835440901,400,0.8,1,1,201027228704wd,1516620100405751369,RED DRUM,,6798.3707918,15,40,201027228704wd,,0,05/04/2021
2010,22,7,5,1516620100405005,7,2,04,wd,8835440901,400,0.8,1,1,201027228704wd,1516620100405751369,RED DRUM,,6798.3707918,15,40,201027228704wd,,0,05/04/2021
2010,22,7,5,1516620100405005,7,2,04,wd,8835440901,420,0.8,1,1,201027228704wd,1516620100405751369,RED DRUM,,6798.3707918,16,42,201027228704wd,,0,05/04/2021
2010,22,7,5,1516620100405005,7,2,04,wd,8835440901,628,2.75,1,1,201027228704wd,1516620100405751369,RED DRUM,,6798.3707918,24,62,201027228704wd,,0,05/04/2021
2010,22,7,5,1516620100405005,7,2,04,wd,8835440901,642,3,1,1,201027228704wd,1516620100405751369,RED DRUM,,6798.3707918,25,64,201027228704wd,,0,05/04/2021
2010,22,7,5,1516620100405005,7,2,04,wd,8835440801,440,1.35,1,1,201027228704wd,1516620100405751369,BLACK DRUM,,1699.5926979,17,44,201027228704wd,,0,05/04/2021
2010,22,7,5,1516620100405005,7,2,04,wd,8835440801,452,1.5,1,1,201027228704wd,1516620100405751369,BLACK DRUM,,1699.5926979,17,45,201027228704wd,,0,05/04/2021
2010,22,7,5,1516620100405006,7,2,04,wd,,,,0,0,201027228704wd,1516620100405751369,,,2266.1235973,,,201027228704wd,,0,05/04/2021
2010,22,7,5,1516620100405007,7,2,04,wd,,,,0,0,201027228704wd,1516620100405751369,,,2266.1235973,,,201027228704wd,,0,05/04/2021
2010,22,7,5,1516620100411001,7,2,04,we,8835440901,603,2.75,1,1,201027228704we,151662010041175311,RED DRUM,,2142.6511191,23,60,201027228704we,,0,05/04/2021
2010,22,7,5,1516620100411001,7,2,04,we,8835440901,603,2.75,1,1,201027228704we,151662010041175311,RED DRUM,,2142.6511191,23,60,201027228704we,,0,05/04/2021
2010,22,7,5,1516620100411002,7,2,04,we,8835440901,557,2.25,1,1,201027228704we,151662010041175311,RED DRUM,,2142.6511191,21,55,201027228704we,,0,05/04/2021
2010,22,7,5,1516620100411003,7,2,04,we,8835440901,422,0.8,1,1,201027228704we,151662010041175311,RED DRUM,,1463.3195447,16,42,201027228704we,,0,05/04/2021
2010,22,7,5,1516620100411003,7,2,04,we,8835440102,366,0.55,1,1,201027228704we,151662010041175311,SPOTTED SEATROUT,,10828.564631,14,36,201027228704we,,0,05/04/2021
2010,22,7,5,1516620100411003,7,2,04,we,8835440102,366,0.55,1,1,201027228704we,151662010041175311,SPOTTED SEATROUT,,10828.564631,14,36,201027228704we,,0,05/04/2021
2010,22,7,5,1516620100411003,7,2,04,we,8835440102,374,0.55,1,1,201027228704we,151662010041175311,SPOTTED SEATROUT,,10828.564631,14,37,201027228704we,,0,05/04/2021
2010,22,7,5,1516620100411003,7,2,04,we,8835440102,409,0.65,1,1,201027228704we,151662010041175311,SPOTTED SEATROUT,,10828.564631,16,40,201027228704we,,0,05/04/2021
2010,22,7,5,1516620100411003,7,2,04,we,8835440102,420,0.74,1,1,201027228704we,151662010041175311,SPOTTED SEATROUT,,10828.564631,16,42,201027228704we,,0,05/04/2021
2010,22,7,5,1516620100424001,7,2,04,we,8741010101,,,0,0,201027228704we,151662010042451127,AMERICAN EEL,,1026.9293428,,,201027228704we,,0,05/04/2021
2010,22,7,5,1516620100424002,7,2,04,we,8835440801,440,1.35,1,1,201027228704we,151662010042451127,BLACK DRUM,,701.33945974,17,44,201027228704we,,0,05/04/2021
2010,22,7,5,1516620100429001,7,2,04,wd,8835440901,506,1.2,1,1,201027228704wd,1516620100429511309,RED DRUM,,1322.6948749,19,50,201027228704wd,,0,05/04/2021
2010,22,7,5,1516620100429001,7,2,04,wd,8835440901,606,2.5,1,1,201027228704wd,1516620100429511309,RED DRUM,,1322.6948749,23,60,201027228704wd,,0,05/04/2021
2010,22,7,5,1516620100429001,7,2,04,wd,8835440102,349,0.4,1,1,201027228704wd,1516620100429511309,SPOTTED SEATROUT,,1322.6948749,13,34,201027228704wd,,0,05/04/2021
2010,22,7,5,1517620100420001,7,2,04,wd,8835440901,472,0.98,1,1,201027228704wd,151762010042057328,RED DRUM,,3166.0908939,18,47,201027228704wd,,0,05/04/2021
2010,22,7,5,1517620100420001,7,2,04,wd,8835440102,344,0.45,0,0,201027228704wd,151762010042057328,SPOTTED SEATROUT,,3166.0908939,13,34,201027228704wd,,0,05/04/2021
2010,22,7,5,1517620100420001,7,2,04,wd,8835440102,357,0.5,0,0,201027228704wd,151762010042057328,SPOTTED SEATROUT,,3166.0908939,14,35,201027228704wd,,0,05/04/2021
2010,22,7,5,1517620100420001,7,2,04,wd,8835440102,362,0.55,0,0,201027228704wd,151762010042057328,SPOTTED SEATROUT,,3166.0908939,14,36,201027228704wd,,0,05/04/2021
2010,22,7,5,1517620100420001,7,2,04,wd,8835440102,373,0.6,0,0,201027228704wd,151762010042057328,SPOTTED SEATROUT,,3166.0908939,14,37,201027228704wd,,0,05/04/2021
2010,22,7,5,1517620100420001,7,2,04,wd,8835440102,376,0.6,0,0,201027228704wd,151762010042057328,SPOTTED SEATROUT,,3166.0908939,14,37,201027228704wd,,0,05/04/2021
2010,22,7,5,1517620100420001,7,2,04,wd,8835440102,387,0.6,0,0,201027228704wd,151762010042057328,SPOTTED SEATROUT,,3166.0908939,15,38,201027228704wd,,0,05/04/2021
2010,22,7,5,1517620100420001,7,2,04,wd,8835440102,389,0.55,0,0,201027228704wd,151762010042057328,SPOTTED SEATROUT,,3166.0908939,15,38,201027228704wd,,0,05/04/2021
2010,22,7,5,1517620100420001,7,2,04,wd,8835440901,472,0.98,1,1,201027228704wd,151762010042057328,RED DRUM,,3166.0908939,18,47,201027228704wd,,0,05/04/2021
2010,22,7,5,1517620100420001,7,2,04,wd,8835440102,395,0.7,0,0,201027228704wd,151762010042057328,SPOTTED SEATROUT,,3166.0908939,15,39,201027228704wd,,0,05/04/2021
2010,22,7,5,1517620100420001,7,2,04,wd,8835440102,396,0.65,0,0,201027228704wd,151762010042057328,SPOTTED SEATROUT,,3166.0908939,15,39,201027228704wd,,0,05/04/2021
2010,22,7,5,1517620100420001,7,2,04,wd,8835440102,401,0.65,0,0,201027228704wd,151762010042057328,SPOTTED SEATROUT,,3166.0908939,15,40,201027228704wd,,0,05/04/2021
2010,22,7,5,1517620100420001,7,2,04,wd,8835440102,402,0.7,0,0,201027228704wd,151762010042057328,SPOTTED SEATROUT,,3166.0908939,15,40,201027228704wd,,0,05/04/2021
2010,22,7,5,1517620100420001,7,2,04,wd,8835440102,409,0.75,0,0,201027228704wd,151762010042057328,SPOTTED SEATROUT,,3166.0908939,16,40,201027228704wd,,0,05/04/2021
2010,22,7,5,1517620100420001,7,2,04,wd,8835440102,415,0.8,0,0,201027228704wd,151762010042057328,SPOTTED SEATROUT,,3166.0908939,16,41,201027228704wd,,0,05/04/2021
2010,22,7,5,1517620100420001,7,2,04,wd,8835440102,417,0.85,0,0,201027228704wd,151762010042057328,SPOTTED SEATROUT,,3166.0908939,16,41,201027228704wd,,0,05/04/2021
2010,22,7,5,1517620100420001,7,2,04,wd,8835440102,417,0.8,0,0,201027228704wd,151762010042057328,SPOTTED SEATROUT,,3166.0908939,16,41,201027228704wd,,0,05/04/2021
2010,22,7,5,1517620100420001,7,2,04,wd,8835440102,431,0.85,0,0,201027228704wd,151762010042057328,SPOTTED SEATROUT,,3166.0908939,16,43,201027228704wd,,0,05/04/2021
2010,22,7,5,1517620100420001,7,2,04,wd,8835440102,436,0.85,0,0,201027228704wd,151762010042057328,SPOTTED SEATROUT,,3166.0908939,17,43,201027228704wd,,0,05/04/2021
2010,22,7,5,1517620100420001,7,2,04,wd,8835440102,437,0.9,0,0,201027228704wd,151762010042057328,SPOTTED SEATROUT,,3166.0908939,17,43,201027228704wd,,0,05/04/2021
2010,22,7,5,1517620100420001,7,2,04,wd,8835440102,447,1,0,0,201027228704wd,151762010042057328,SPOTTED SEATROUT,,3166.0908939,17,44,201027228704wd,,0,05/04/2021
2010,22,7,5,1517620100420005,7,2,04,wd,8835440102,315,0.3,1,1,201027228704wd,151762010042057328,SPOTTED SEATROUT,,2522.4937277,12,31,201027228704wd,,0,05/04/2021
2010,22,7,5,1517620100420005,7,2,04,wd,8835440102,329,0.39,1,1,201027228704wd,151762010042057328,SPOTTED SEATROUT,,2522.4937277,12,32,201027228704wd,,0,05/04/2021
2010,22,7,5,1517620100420005,7,2,04,wd,8835440102,366,0.45,1,1,201027228704wd,151762010042057328,SPOTTED SEATROUT,,2522.4937277,14,36,201027228704wd,,0,05/04/2021
2010,22,7,5,1517620100420005,7,2,04,wd,8835440102,378,0.5,1,1,201027228704wd,151762010042057328,SPOTTED SEATROUT,,2522.4937277,14,37,201027228704wd,,0,05/04/2021
2010,22,7,5,1517620100420005,7,2,04,wd,8835440102,480,0.96,1,1,201027228704wd,151762010042057328,SPOTTED SEATROUT,,2522.4937277,18,48,201027228704wd,,0,05/04/2021
2010,22,7,5,1517620100420006,7,2,04,wd,8835440102,363,0.44,1,1,201027228704wd,151762010042057328,SPOTTED SEATROUT,,2522.4937277,14,36,201027228704wd,,0,05/04/2021
2010,22,7,5,1517620100420006,7,2,04,wd,8835440102,388,0.63,1,1,201027228704wd,151762010042057328,SPOTTED SEATROUT,,2522.4937277,15,38,201027228704wd,,0,05/04/2021
2010,22,7,5,1517620100420006,7,2,04,wd,8835440102,403,0.68,1,1,201027228704wd,151762010042057328,SPOTTED SEATROUT,,2522.4937277,15,40,201027228704wd,,0,05/04/2021
2010,22,7,5,1517620100420006,7,2,04,wd,8835440102,404,0.64,1,1,201027228704wd,151762010042057328,SPOTTED SEATROUT,,2522.4937277,15,40,201027228704wd,,0,05/04/2021
2010,22,7,5,1517620100420006,7,2,04,wd,8835440102,528,1.35,1,1,201027228704wd,151762010042057328,SPOTTED SEATROUT,,2522.4937277,20,52,201027228704wd,,0,05/04/2021
2010,22,7,5,1520520100320003,7,2,03,we,,,,0,0,201027228703we,152052010032071183,,,1132.295071,,,201027228703we,,0,05/04/2021
2010,22,7,5,1520520100320004,7,2,03,we,,,,0,0,201027228703we,152052010032071183,,,1132.295071,,,201027228703we,,0,05/04/2021
2010,22,7,5,1520520100320012,7,2,03,we,8835440901,447,1.25,0,0,201027228703we,152052010032071183,RED DRUM,,1132.295071,17,44,201027228703we,,0,05/04/2021
2010,22,7,5,1520520100320012,7,2,03,we,8835440102,446,0.8,0,0,201027228703we,152052010032071183,SPOTTED SEATROUT,,1132.295071,17,44,201027228703we,,0,05/04/2021
2010,22,7,5,1520520100320013,7,2,03,we,,,,0,0,201027228703we,152052010032071183,,,1132.295071,,,201027228703we,,0,05/04/2021
2010,22,7,5,1520520100320014,7,2,03,we,8835440901,408,1,0,0,201027228703we,152052010032071183,RED DRUM,,1132.295071,16,40,201027228703we,,0,05/04/2021
2010,22,7,5,1520520100320016,7,2,03,we,8835440901,460,0.9,1,1,201027228703we,152052010032071183,RED DRUM,,1657.951819,18,46,201027228703we,,0,05/04/2021
2010,22,7,5,1520520100320016,7,2,03,we,8835440901,503,1.5138981079,1,1,201027228703we,152052010032071183,RED DRUM,,1657.951819,19,50,201027228703we,,0,05/04/2021
2010,22,7,5,1520520100320016,7,2,03,we,8835440901,503,1.5138981079,1,1,201027228703we,152052010032071183,RED DRUM,,1657.951819,19,50,201027228703we,,0,05/04/2021
2010,22,7,5,1520520100320016,7,2,03,we,8835440901,415,0.75,1,1,201027228703we,152052010032071183,RED DRUM,,1657.951819,16,41,201027228703we,,0,05/04/2021
2010,22,7,5,1520520100320016,7,2,03,we,8835440901,720,4,1,1,201027228703we,152052010032071183,RED DRUM,,1657.951819,28,72,201027228703we,,0,05/04/2021
2010,22,7,5,1520520100320016,7,2,03,we,8835440102,380,0.6,1,1,201027228703we,152052010032071183,SPOTTED SEATROUT,,2072.4397738,14,38,201027228703we,,0,05/04/2021
2010,22,7,5,1520520100320016,7,2,03,we,8835440102,392,0.63,1,1,201027228703we,152052010032071183,SPOTTED SEATROUT,,2072.4397738,15,39,201027228703we,,0,05/04/2021
2010,22,7,5,1520520100320016,7,2,03,we,8835440102,403,0.6,1,1,201027228703we,152052010032071183,SPOTTED SEATROUT,,2072.4397738,15,40,201027228703we,,0,05/04/2021
2010,22,7,5,1520520100320016,7,2,03,we,8835440102,403,0.6,1,1,201027228703we,152052010032071183,SPOTTED SEATROUT,,2072.4397738,15,40,201027228703we,,0,05/04/2021
2010,22,7,5,1520520100320016,7,2,03,we,8835440102,431,0.76,0,0,201027228703we,152052010032071183,SPOTTED SEATROUT,,2072.4397738,16,43,201027228703we,,0,05/04/2021
2010,22,7,5,1520520100320016,7,2,03,we,8835440102,447,0.8,0,0,201027228703we,152052010032071183,SPOTTED SEATROUT,,2072.4397738,17,44,201027228703we,,0,05/04/2021
2010,22,7,5,1520520100320016,7,2,03,we,8835440102,508,1.14,0,0,201027228703we,152052010032071183,SPOTTED SEATROUT,,2072.4397738,19,50,201027228703we,,0,05/04/2021
2010,22,7,5,1520520100320016,7,2,03,we,8835440102,560,2.15,0,0,201027228703we,152052010032071183,SPOTTED SEATROUT,,2072.4397738,22,56,201027228703we,,0,05/04/2021
2010,22,7,5,1520520100320018,7,2,03,we,,,,0,0,201027228703we,152052010032071183,,,1132.295071,,,201027228703we,,0,05/04/2021
2010,22,7,5,1520520100320019,7,2,03,we,,,,0,0,201027228703we,152052010032071183,,,1132.295071,,,201027228703we,,0,05/04/2021
2010,22,7,5,1520520100320020,7,2,03,we,,,,0,0,201027228703we,152052010032071183,,,1132.295071,,,201027228703we,,0,05/04/2021
2010,22,7,5,1520520100320021,7,2,03,we,,,,0,0,201027228703we,152052010032071183,,,1132.295071,,,201027228703we,,0,05/04/2021
2010,22,7,5,1520520100410001,7,2,04,we,8835440901,412,0.74,1,1,201027228704we,15205201004108764,RED DRUM,,823.70326603,16,41,201027228704we,,0,05/04/2021
2010,22,7,5,1520520100410001,7,2,04,we,8835440901,412,0.74,1,1,201027228704we,15205201004108764,RED DRUM,,823.70326603,16,41,201027228704we,,0,05/04/2021
2010,22,7,5,1520520100410001,7,2,04,we,8835440901,528,1.6,1,1,201027228704we,15205201004108764,RED DRUM,,823.70326603,20,52,201027228704we,,0,05/04/2021
2010,22,7,5,1520520100410001,7,2,04,we,8835440901,560,1.8,1,1,201027228704we,15205201004108764,RED DRUM,,823.70326603,22,56,201027228704we,,0,05/04/2021
2010,22,7,5,1520520100410001,7,2,04,we,8835440901,710,3.97,1,1,201027228704we,15205201004108764,RED DRUM,,823.70326603,27,71,201027228704we,,0,05/04/2021
2010,22,7,5,1520520100410002,7,2,04,we,8835440102,293,0.2,0,0,201027228704we,15205201004108764,SPOTTED SEATROUT,,823.70326603,11,29,201027228704we,,0,05/04/2021
2010,22,7,5,1520520100410002,7,2,04,we,8835440102,422,0.71,0,0,201027228704we,15205201004108764,SPOTTED SEATROUT,,823.70326603,16,42,201027228704we,,0,05/04/2021
2010,22,7,5,1520520100410005,7,2,04,we,8835440901,405,0.7854731594,0,1,201027228704we,15205201004108764,RED DRUM,,823.70326603,15,40,201027228704we,,0,05/04/2021
2010,22,7,5,1520520100410005,7,2,04,we,8835440102,372,0.51,1,1,201027228704we,15205201004108764,SPOTTED SEATROUT,,823.70326603,14,37,201027228704we,,0,05/04/2021
2010,22,7,5,1520520100410006,7,2,04,we,,,,0,0,201027228704we,15205201004108764,,,823.70326603,,,201027228704we,,0,05/04/2021
2010,22,7,5,1520520100410009,7,2,04,we,8835440102,323,0.3,1,1,201027228704we,15205201004108764,SPOTTED SEATROUT,,823.70326603,12,32,201027228704we,,0,05/04/2021
2010,22,7,5,1520520100410009,7,2,04,we,8835440102,457,0.9,1,1,201027228704we,15205201004108764,SPOTTED SEATROUT,,823.70326603,17,45,201027228704we,,0,05/04/2021
2010,22,7,5,1520520100410009,7,2,04,we,8835440102,470,1.2,1,1,201027228704we,15205201004108764,SPOTTED SEATROUT,,823.70326603,18,47,201027228704we,,0,05/04/2021
2010,22,7,5,1520520100410009,7,2,04,we,8835440102,520,1.39,1,1,201027228704we,15205201004108764,SPOTTED SEATROUT,,823.70326603,20,52,201027228704we,,0,05/04/2021
2010,22,7,5,1520520100410010,7,2,04,we,8857030304,341,0.5,1,1,201027228704we,15205201004108764,SOUTHERN FLOUNDER,,823.70326603,13,34,201027228704we,,0,05/04/2021
2010,22,7,5,1520520100410010,7,2,04,we,8857030304,381,0.5,1,1,201027228704we,15205201004108764,SOUTHERN FLOUNDER,,823.70326603,14,38,201027228704we,,0,05/04/2021
2010,22,7,5,1520520100410010,7,2,04,we,8835440901,409,0.75,1,1,201027228704we,15205201004108764,RED DRUM,,823.70326603,16,40,201027228704we,,0,05/04/2021
2010,22,7,5,1520520100410010,7,2,04,we,8835440901,424,0.78,1,1,201027228704we,15205201004108764,RED DRUM,,823.70326603,16,42,201027228704we,,0,05/04/2021
2010,22,7,5,1520520100410010,7,2,04,we,8835440901,440,0.94,1,1,201027228704we,15205201004108764,RED DRUM,,823.70326603,17,44,201027228704we,,0,05/04/2021
2010,22,7,5,1520520100410011,7,2,04,we,,,,0,0,201027228704we,15205201004108764,,,823.70326603,,,201027228704we,,0,05/04/2021
2010,22,7,5,1520520100410015,7,2,04,we,8835440901,404,0.66,0,0,201027228704we,15205201004108764,RED DRUM,,823.70326603,15,40,201027228704we,,0,05/04/2021
2010,22,7,5,1520520100410015,7,2,04,we,8835440901,487,1.3,0,0,201027228704we,15205201004108764,RED DRUM,,823.70326603,19,48,201027228704we,,0,05/04/2021
2010,22,7,5,1520520100410015,7,2,04,we,8835440801,440,1.35,1,1,201027228704we,15205201004108764,BLACK DRUM,,823.70326603,17,44,201027228704we,,0,05/04/2021
2010,22,7,5,1520520100410015,7,2,04,we,8835440102,315,0.31,1,1,201027228704we,15205201004108764,SPOTTED SEATROUT,,823.70326603,12,31,201027228704we,,0,05/04/2021
2010,22,7,5,1520520100410015,7,2,04,we,8835440102,359,0.45,1,1,201027228704we,15205201004108764,SPOTTED SEATROUT,,823.70326603,14,35,201027228704we,,0,05/04/2021
2010,22,7,5,1520520100410015,7,2,04,we,8835440102,404,0.65,1,1,201027228704we,15205201004108764,SPOTTED SEATROUT,,823.70326603,15,40,201027228704we,,0,05/04/2021
2010,22,7,5,1520520100410016,7,2,04,we,,,,0,0,201027228704we,15205201004108764,,,823.70326603,,,201027228704we,,0,05/04/2021
2010,22,7,5,1520520100410017,7,2,04,we,8835440901,457,1.132345385,0,1,201027228704we,15205201004108764,RED DRUM,,823.70326603,17,45,201027228704we,,0,05/04/2021
2010,22,7,5,1520520100410017,7,2,04,we,8835440102,355,0.4350203806,0,1,201027228704we,15205201004108764,SPOTTED SEATROUT,,823.70326603,13,35,201027228704we,,0,05/04/2021
2010,22,7,5,1520520100410021,7,2,04,we,8835440901,409,0.75,1,1,201027228704we,15205201004108764,RED DRUM,,1206.0993316,16,40,201027228704we,,0,05/04/2021
2010,22,7,5,1520520100410021,7,2,04,we,8835440102,312,0.3,1,1,201027228704we,15205201004108764,SPOTTED SEATROUT,,1447.3191979,12,31,201027228704we,,0,05/04/2021
2010,22,7,5,1520520100410021,7,2,04,we,8835440102,313,0.31,1,1,201027228704we,15205201004108764,SPOTTED SEATROUT,,1447.3191979,12,31,201027228704we,,0,05/04/2021
2010,22,7,5,1520520100410021,7,2,04,we,8835440102,318,0.32,1,1,201027228704we,15205201004108764,SPOTTED SEATROUT,,1447.3191979,12,31,201027228704we,,0,05/04/2021
2010,22,7,5,1520520100410021,7,2,04,we,8835440102,320,0.32,1,1,201027228704we,15205201004108764,SPOTTED SEATROUT,,1447.3191979,12,32,201027228704we,,0,05/04/2021
2010,22,7,5,1520520100410021,7,2,04,we,8835440102,458,0.91,1,1,201027228704we,15205201004108764,SPOTTED SEATROUT,,1447.3191979,18,45,201027228704we,,0,05/04/2021
2010,22,7,5,1520520100410023,7,2,04,we,8835440901,412,0.85,1,1,201027228704we,15205201004108764,RED DRUM,,2141.6284917,16,41,201027228704we,,0,05/04/2021
2010,22,7,5,1520520100410023,7,2,04,we,8835440901,415,0.72,1,1,201027228704we,15205201004108764,RED DRUM,,2141.6284917,16,41,201027228704we,,0,05/04/2021
2010,22,7,5,1520520100410023,7,2,04,we,8835440901,440,0.91,1,1,201027228704we,15205201004108764,RED DRUM,,2141.6284917,17,44,201027228704we,,0,05/04/2021
2010,22,7,5,1520520100410023,7,2,04,we,8835440901,451,0.97,1,1,201027228704we,15205201004108764,RED DRUM,,2141.6284917,17,45,201027228704we,,0,05/04/2021
2010,22,7,5,1520520100410023,7,2,04,we,8835440901,472,1.22,1,1,201027228704we,15205201004108764,RED DRUM,,2141.6284917,18,47,201027228704we,,0,05/04/2021
2010,22,7,5,1520520100410023,7,2,04,we,8835440102,340,0.34,1,1,201027228704we,15205201004108764,SPOTTED SEATROUT,,988.44391924,13,34,201027228704we,,0,05/04/2021
2010,22,7,5,1520520100410023,7,2,04,we,8835440102,395,0.5,1,1,201027228704we,15205201004108764,SPOTTED SEATROUT,,988.44391924,15,39,201027228704we,,0,05/04/2021
2010,22,7,5,1520520100410023,7,2,04,we,8835440102,395,0.5,1,1,201027228704we,15205201004108764,SPOTTED SEATROUT,,988.44391924,15,39,201027228704we,,0,05/04/2021
2010,22,7,5,1520520100410023,7,2,04,we,8835440102,442,0.75,1,1,201027228704we,15205201004108764,SPOTTED SEATROUT,,988.44391924,17,44,201027228704we,,0,05/04/2021
2010,22,7,5,1520520100410023,7,2,04,we,8835440102,461,0.79,1,1,201027228704we,15205201004108764,SPOTTED SEATROUT,,988.44391924,18,46,201027228704we,,0,05/04/2021
2010,22,7,5,1520520100410024,7,2,04,we,,,,0,0,201027228704we,15205201004108764,,,823.70326603,,,201027228704we,,0,05/04/2021
2010,22,7,5,1520520100419001,7,2,04,wd,8857030304,330,0.4,1,1,201027228704wd,1520520100419103296,SOUTHERN FLOUNDER,,1604.1413421,12,33,201027228704wd,,0,05/04/2021
2010,22,7,5,1520520100419001,7,2,04,wd,8835440901,381,0.59,1,1,201027228704wd,1520520100419103296,RED DRUM,,1604.1413421,14,38,201027228704wd,,0,05/04/2021
2010,22,7,5,1520520100419001,7,2,04,wd,8835440901,381,0.59,1,1,201027228704wd,1520520100419103296,RED DRUM,,1604.1413421,14,38,201027228704wd,,0,05/04/2021
2010,22,7,5,1520520100419001,7,2,04,wd,8835440901,392,0.7,1,1,201027228704wd,1520520100419103296,RED DRUM,,1604.1413421,15,39,201027228704wd,,0,05/04/2021
2010,22,7,5,1520520100419001,7,2,04,wd,8835440901,488,1.4,1,1,201027228704wd,1520520100419103296,RED DRUM,,1604.1413421,19,48,201027228704wd,,0,05/04/2021
2010,22,7,5,1520520100419001,7,2,04,wd,8835160602,360,0.85,1,1,201027228704wd,1520520100419103296,LARGEMOUTH BASS,,1604.1413421,14,36,201027228704wd,,0,05/04/2021
2010,22,7,5,1520520100419002,7,2,04,wd,,,,0,0,201027228704wd,1520520100419103296,,,1604.1413421,,,201027228704wd,,0,05/04/2021
2010,22,7,5,1520520100419003,7,2,04,wd,,,,0,0,201027228704wd,1520520100419103296,,,2348.8480382,,,201027228704wd,,0,05/04/2021
2010,22,7,5,1520520100419004,7,2,04,wd,,,,0,0,201027228704wd,1520520100419103296,,,2348.8480382,,,201027228704wd,,0,05/04/2021
2010,22,7,5,1520520100419005,7,2,04,wd,,,,0,0,201027228704wd,1520520100419103296,,,2348.8480382,,,201027228704wd,,0,05/04/2021
2010,22,7,5,1520520100419006,7,2,04,wd,,,,0,0,201027228704wd,1520520100419103296,,,2348.8480382,,,201027228704wd,,0,05/04/2021
2010,22,7,5,1521920100314005,7,2,03,we,,,,0,0,201027228703we,152192010031410370,,,1350.672027,,,201027228703we,,0,05/04/2021
2010,22,7,5,1521920100402012,7,2,04,wd,8835440102,310,0.3,0,0,201027228704wd,152192010040210370,SPOTTED SEATROUT,,1289.6843223,12,31,201027228704wd,,0,05/04/2021
2010,22,7,5,1521920100402012,7,2,04,wd,8835440102,318,0.32,0,0,201027228704wd,152192010040210370,SPOTTED SEATROUT,,1289.6843223,12,31,201027228704wd,,0,05/04/2021
2010,22,7,5,1521920100402012,7,2,04,wd,8835440102,336,0.4,0,0,201027228704wd,152192010040210370,SPOTTED SEATROUT,,1289.6843223,13,33,201027228704wd,,0,05/04/2021
2010,22,7,5,1521920100402016,7,2,04,wd,8857030304,355,0.5,0,0,201027228704wd,152192010040210370,SOUTHERN FLOUNDER,,1027.5196521,13,35,201027228704wd,,0,05/04/2021
2010,22,7,5,1521920100402016,7,2,04,wd,8857030304,359,0.4,1,1,201027228704wd,152192010040210370,SOUTHERN FLOUNDER,,1027.5196521,14,35,201027228704wd,,0,05/04/2021
2010,22,7,5,1521920100402016,7,2,04,wd,8835440901,428,0.85,0,0,201027228704wd,152192010040210370,RED DRUM,,1027.5196521,16,42,201027228704wd,,0,05/04/2021
2010,22,7,5,1521920100402016,7,2,04,wd,8777180202,270,0.25,1,1,201027228704wd,152192010040210370,HARDHEAD CATFISH,,1027.5196521,10,27,201027228704wd,,0,05/04/2021
2010,22,7,5,1521920100402025,7,2,04,wd,8835440901,470,1.1,0,0,201027228704wd,152192010040210370,RED DRUM,,1027.5196521,18,47,201027228704wd,,0,05/04/2021
2010,22,7,5,1521920100402025,7,2,04,wd,8835440102,319,0.3,0,0,201027228704wd,152192010040210370,SPOTTED SEATROUT,,1027.5196521,12,31,201027228704wd,,0,05/04/2021
2010,22,7,5,1521920100402027,7,2,04,wd,8835440901,596,2.75,1,1,201027228704wd,152192010040210370,RED DRUM,,1289.6843223,23,59,201027228704wd,,0,05/04/2021
2010,22,7,5,1521920100402027,7,2,04,wd,8732010104,809,3,1,1,201027228704wd,152192010040210370,ALLIGATOR GAR,,1289.6843223,31,80,201027228704wd,,0,05/04/2021
2010,22,7,5,1521920100402028,7,2,04,wd,8835440901,507,1.55,1,1,201027228704wd,152192010040210370,RED DRUM,,1289.6843223,19,50,201027228704wd,,0,05/04/2021
2010,22,7,5,1521920100402028,7,2,04,wd,8835440901,564,2.25,1,1,201027228704wd,152192010040210370,RED DRUM,,1289.6843223,22,56,201027228704wd,,0,05/04/2021
2010,22,7,5,1521920100402030,7,2,04,wd,,,,0,0,201027228704wd,152192010040210370,,,3869.052967,,,201027228704wd,,0,05/04/2021
2010,22,7,5,1521920100415001,7,2,04,wd,8857030304,352,0.45,0,0,201027228704wd,152192010041510370,SOUTHERN FLOUNDER,,1827.6669254,13,35,201027228704wd,,0,05/04/2021
2010,22,7,5,1521920100415001,7,2,04,wd,8857030304,450,1,0,0,201027228704wd,152192010041510370,SOUTHERN FLOUNDER,,1827.6669254,17,45,201027228704wd,,0,05/04/2021
2010,22,7,5,1521920100415001,7,2,04,wd,8835440901,434,0.85,0,0,201027228704wd,152192010041510370,RED DRUM,,1827.6669254,17,43,201027228704wd,,0,05/04/2021
2010,22,7,5,1521920100415001,7,2,04,wd,8835440102,370,0.5,0,0,201027228704wd,152192010041510370,SPOTTED SEATROUT,,1827.6669254,14,37,201027228704wd,,0,05/04/2021
2010,22,7,5,1521920100415004,7,2,04,wd,,,,0,0,201027228704wd,152192010041510370,,,1827.6669254,,,201027228704wd,,0,05/04/2021
2010,22,7,5,1521920100415005,7,2,04,wd,,,,0,0,201027228704wd,152192010041510370,,,1827.6669254,,,201027228704wd,,0,05/04/2021
2010,22,7,5,1521920100415006,7,2,04,wd,,,,0,0,201027228704wd,152192010041510370,,,1827.6669254,,,201027228704wd,,0,05/04/2021
2010,22,7,5,1521920100415007,7,2,04,wd,8857030304,395,0.63,0,0,201027228704wd,152192010041510370,SOUTHERN FLOUNDER,,1827.6669254,15,39,201027228704wd,,0,05/04/2021
2010,22,7,5,1523320100411001,7,2,04,we,8835440102,345,0.4,0,0,201027228704we,152332010041157524,SPOTTED SEATROUT,,1619.6270634,13,34,201027228704we,,0,05/04/2021
2010,22,7,5,1523320100411002,7,2,04,we,,,,0,0,201027228704we,152332010041157524,,,1619.6270634,,,201027228704we,,0,05/04/2021
2010,22,7,5,1523320100411003,7,2,04,we,8835440102,299,0.3,0,0,201027228704we,152332010041157524,SPOTTED SEATROUT,,1619.6270634,11,29,201027228704we,,0,05/04/2021
2010,22,7,5,1523320100411003,7,2,04,we,8835440102,311,0.3,0,0,201027228704we,152332010041157524,SPOTTED SEATROUT,,1619.6270634,12,31,201027228704we,,0,05/04/2021
2010,22,7,5,1523320100411004,7,2,04,we,8835440901,590,2.75,0,0,201027228704we,152332010041157524,RED DRUM,,1290.3922362,23,59,201027228704we,,0,05/04/2021
2010,22,7,5,1523320100411004,7,2,04,we,8835440901,637,3.25,0,0,201027228704we,152332010041157524,RED DRUM,,1290.3922362,25,63,201027228704we,,0,05/04/2021
2010,22,7,5,1523320100411008,7,2,04,we,8835440901,520,1.5,0,0,201027228704we,152332010041157524,RED DRUM,,2371.522852,20,52,201027228704we,,0,05/04/2021
2010,22,7,5,1523320100411008,7,2,04,we,8835440901,547,2,1,1,201027228704we,152332010041157524,RED DRUM,,2371.522852,21,54,201027228704we,,0,05/04/2021
2010,22,7,5,1523320100411008,7,2,04,we,8835440901,547,2,1,1,201027228704we,152332010041157524,RED DRUM,,2371.522852,21,54,201027228704we,,0,05/04/2021
2010,22,7,5,1523320100411008,7,2,04,we,8835440901,555,2.25,0,0,201027228704we,152332010041157524,RED DRUM,,2371.522852,21,55,201027228704we,,0,05/04/2021
2010,22,7,5,1523320100411008,7,2,04,we,8835440901,581,2.25,1,1,201027228704we,152332010041157524,RED DRUM,,2371.522852,22,58,201027228704we,,0,05/04/2021
2010,22,7,5,1523320100411008,7,2,04,we,8835440901,582,2.5,0,0,201027228704we,152332010041157524,RED DRUM,,2371.522852,22,58,201027228704we,,0,05/04/2021
2010,22,7,5,1523320100411010,7,2,04,we,8835440901,524,1.7,1,1,201027228704we,152332010041157524,RED DRUM,,1290.3922362,20,52,201027228704we,,0,05/04/2021
2010,22,7,5,1523320100411010,7,2,04,we,8835440901,555,2.25,0,0,201027228704we,152332010041157524,RED DRUM,,1290.3922362,21,55,201027228704we,,0,05/04/2021
2010,22,7,5,1523320100411010,7,2,04,we,8835440901,575,2.25,0,0,201027228704we,152332010041157524,RED DRUM,,1290.3922362,22,57,201027228704we,,0,05/04/2021
2010,22,7,5,1523320100411010,7,2,04,we,8835440901,632,3,0,0,201027228704we,152332010041157524,RED DRUM,,1290.3922362,24,63,201027228704we,,0,05/04/2021
2010,22,7,5,1523320100411010,7,2,04,we,8835440102,329,0.4,0,0,201027228704we,152332010041157524,SPOTTED SEATROUT,,1290.3922362,12,32,201027228704we,,0,05/04/2021
2010,22,7,5,1523320100411010,7,2,04,we,8835440102,401,0.7,0,0,201027228704we,152332010041157524,SPOTTED SEATROUT,,1290.3922362,15,40,201027228704we,,0,05/04/2021
2010,22,7,5,1523320100411010,7,2,04,we,8835440102,440,0.9,0,0,201027228704we,152332010041157524,SPOTTED SEATROUT,,1290.3922362,17,44,201027228704we,,0,05/04/2021
2010,22,7,5,1523320100411011,7,2,04,we,8835440901,696,4.5,0,0,201027228704we,152332010041157524,RED DRUM,,1619.6270634,27,69,201027228704we,,0,05/04/2021
2010,22,7,5,1523320100411012,7,2,04,we,8835440901,438,0.95,1,1,201027228704we,152332010041157524,RED DRUM,,1619.6270634,17,43,201027228704we,,0,05/04/2021
2010,22,7,5,1523320100411012,7,2,04,we,8835440901,496,1.55,1,1,201027228704we,152332010041157524,RED DRUM,,1619.6270634,19,49,201027228704we,,0,05/04/2021
2010,22,7,5,1523320100411012,7,2,04,we,8835440901,496,1.55,1,1,201027228704we,152332010041157524,RED DRUM,,1619.6270634,19,49,201027228704we,,0,05/04/2021
2010,22,7,5,1523320100411012,7,2,04,we,8835430301,350,1.05,0,0,201027228704we,152332010041157524,SHEEPSHEAD,,1619.6270634,13,35,201027228704we,,0,05/04/2021
2010,22,7,5,1523320100411018,7,2,04,we,,,,0,0,201027228704we,152332010041157524,,,1619.6270634,,,201027228704we,,0,05/04/2021
2010,22,7,1,1527220100307001,7,2,03,we,8835440901,711,3.37,0,0,201027228703we,152722010030757230,RED DRUM,,1414.1683288,27,71,201027228703we,,0,05/04/2021
2010,22,7,1,1527220100307001,7,2,03,we,8835430301,429,1.8708771173,0,1,201027228703we,152722010030757230,SHEEPSHEAD,,1414.1683288,16,42,201027228703we,,0,05/04/2021
2010,22,7,1,1527220100307001,7,2,03,we,8835430301,433,1.922067117,0,1,201027228703we,152722010030757230,SHEEPSHEAD,,1414.1683288,17,43,201027228703we,,0,05/04/2021
2010,22,7,1,1527220100307001,7,2,03,we,8835430301,434,1.9350065904,0,1,201027228703we,152722010030757230,SHEEPSHEAD,,1414.1683288,17,43,201027228703we,,0,05/04/2021
2010,22,7,1,1527220100307001,7,2,03,we,8835430301,437,1.9741676573,0,1,201027228703we,152722010030757230,SHEEPSHEAD,,1414.1683288,17,43,201027228703we,,0,05/04/2021
2010,22,7,1,1527220100307001,7,2,03,we,8835430301,439,1.63,0,0,201027228703we,152722010030757230,SHEEPSHEAD,,1414.1683288,17,43,201027228703we,,0,05/04/2021
2010,22,7,1,1527220100307001,7,2,03,we,8835430301,440,2.0138452004,0,1,201027228703we,152722010030757230,SHEEPSHEAD,,1414.1683288,17,44,201027228703we,,0,05/04/2021
2010,22,7,1,1527220100307001,7,2,03,we,8835430301,440,2.0138452004,0,1,201027228703we,152722010030757230,SHEEPSHEAD,,1414.1683288,17,44,201027228703we,,0,05/04/2021
2010,22,7,1,1527220100307001,7,2,03,we,8835430301,447,2.108452739,0,1,201027228703we,152722010030757230,SHEEPSHEAD,,1414.1683288,17,44,201027228703we,,0,05/04/2021
2010,22,7,1,1527220100307001,7,2,03,we,8835430301,448,2.1222014614,0,1,201027228703we,152722010030757230,SHEEPSHEAD,,1414.1683288,17,44,201027228703we,,0,05/04/2021
2010,22,7,1,1527220100307001,7,2,03,we,8835430301,451,2.1638002878,0,1,201027228703we,152722010030757230,SHEEPSHEAD,,1414.1683288,17,45,201027228703we,,0,05/04/2021
2010,22,7,1,1527220100307001,7,2,03,we,8777180202,285,0.19,1,1,201027228703we,152722010030757230,HARDHEAD CATFISH,,1979.8356604,11,28,201027228703we,,0,05/04/2021
2010,22,7,1,1527220100307001,7,2,03,we,8777180202,320,0.35,1,1,201027228703we,152722010030757230,HARDHEAD CATFISH,,1979.8356604,12,32,201027228703we,,0,05/04/2021
2010,22,7,1,1527220100307001,7,2,03,we,8777180202,331,0.31,1,1,201027228703we,152722010030757230,HARDHEAD CATFISH,,1979.8356604,13,33,201027228703we,,0,05/04/2021
2010,22,7,1,1527220100307001,7,2,03,we,8777180202,367,0.5,1,1,201027228703we,152722010030757230,HARDHEAD CATFISH,,1979.8356604,14,36,201027228703we,,0,05/04/2021
2010,22,7,1,1527220100307001,7,2,03,we,8777180202,380,0.54,1,1,201027228703we,152722010030757230,HARDHEAD CATFISH,,1979.8356604,14,38,201027228703we,,0,05/04/2021
2010,22,7,1,1527220100307002,7,2,03,we,8777180202,320,0.35,1,1,201027228703we,152722010030757230,HARDHEAD CATFISH,,1414.1683288,12,32,201027228703we,,0,05/04/2021
2010,22,7,1,1527220100307002,7,2,03,we,8777180202,331,0.35,1,1,201027228703we,152722010030757230,HARDHEAD CATFISH,,1414.1683288,13,33,201027228703we,,0,05/04/2021
2010,22,7,1,1527220100307003,7,2,03,we,8777180202,315,0.35,1,1,201027228703we,152722010030757230,HARDHEAD CATFISH,,1414.1683288,12,31,201027228703we,,0,05/04/2021
2010,22,7,1,1527220100307003,7,2,03,we,8777180202,315,0.35,1,1,201027228703we,152722010030757230,HARDHEAD CATFISH,,1414.1683288,12,31,201027228703we,,0,05/04/2021
2010,22,7,1,1527220100307003,7,2,03,we,8777180202,392,0.54,1,1,201027228703we,152722010030757230,HARDHEAD CATFISH,,1414.1683288,15,39,201027228703we,,0,05/04/2021
2010,22,7,1,1527220100307004,7,2,03,we,8777180202,300,0.22,1,1,201027228703we,152722010030757230,HARDHEAD CATFISH,,1414.1683288,11,30,201027228703we,,0,05/04/2021
2010,22,7,1,1527220100307004,7,2,03,we,8777180202,348,0.5,1,1,201027228703we,152722010030757230,HARDHEAD CATFISH,,1414.1683288,13,34,201027228703we,,0,05/04/2021
2010,22,7,5,1527220100307005,7,2,03,we,8835440901,683,3.6,0,0,201027228703we,152722010030757230,RED DRUM,,927.57109623,26,68,201027228703we,,0,05/04/2021
2010,22,7,1,1527220100307006,7,2,03,we,8835430301,429,1.8708771173,1,1,201027228703we,152722010030757230,SHEEPSHEAD,,3142.5962863,16,42,201027228703we,,0,05/04/2021
2010,22,7,1,1527220100307006,7,2,03,we,8835430301,437,1.58,0,0,201027228703we,152722010030757230,SHEEPSHEAD,,3142.5962863,17,43,201027228703we,,0,05/04/2021
2010,22,7,1,1527220100307006,7,2,03,we,8835430301,442,1.6,0,0,201027228703we,152722010030757230,SHEEPSHEAD,,3142.5962863,17,44,201027228703we,,0,05/04/2021
2010,22,7,1,1527220100307006,7,2,03,we,8835430301,442,1.6,1,1,201027228703we,152722010030757230,SHEEPSHEAD,,3142.5962863,17,44,201027228703we,,0,05/04/2021
2010,22,7,1,1527220100307006,7,2,03,we,8835430301,444,1.63,0,0,201027228703we,152722010030757230,SHEEPSHEAD,,3142.5962863,17,44,201027228703we,,0,05/04/2021
2010,22,7,1,1527220100307006,7,2,03,we,8835430301,444,1.63,1,1,201027228703we,152722010030757230,SHEEPSHEAD,,3142.5962863,17,44,201027228703we,,0,05/04/2021
2010,22,7,1,1527220100307006,7,2,03,we,8835430301,446,1.61,0,0,201027228703we,152722010030757230,SHEEPSHEAD,,3142.5962863,17,44,201027228703we,,0,05/04/2021
2010,22,7,1,1527220100307006,7,2,03,we,8835430301,446,1.61,1,1,201027228703we,152722010030757230,SHEEPSHEAD,,3142.5962863,17,44,201027228703we,,0,05/04/2021
2010,22,7,1,1527220100307006,7,2,03,we,8835430301,453,1.64,0,0,201027228703we,152722010030757230,SHEEPSHEAD,,3142.5962863,17,45,201027228703we,,0,05/04/2021
2010,22,7,1,1527220100307006,7,2,03,we,8777180202,270,0.25,1,1,201027228703we,152722010030757230,HARDHEAD CATFISH,,1414.1683288,10,27,201027228703we,,0,05/04/2021
2010,22,7,1,1527220100307006,7,2,03,we,8777180202,286,0.6,1,1,201027228703we,152722010030757230,HARDHEAD CATFISH,,1414.1683288,11,28,201027228703we,,0,05/04/2021
2010,22,7,1,1527220100307006,7,2,03,we,8777180202,345,0.37,1,1,201027228703we,152722010030757230,HARDHEAD CATFISH,,1414.1683288,13,34,201027228703we,,0,05/04/2021
2010,22,7,1,1527220100307006,7,2,03,we,8777180202,386,1.2,1,1,201027228703we,152722010030757230,HARDHEAD CATFISH,,1414.1683288,15,38,201027228703we,,0,05/04/2021
2010,22,7,1,1527220100307007,7,2,03,we,8777180202,291,0.35,1,1,201027228703we,152722010030757230,HARDHEAD CATFISH,,1414.1683288,11,29,201027228703we,,0,05/04/2021
2010,22,7,1,1527220100307007,7,2,03,we,8777180202,295,0.3,1,1,201027228703we,152722010030757230,HARDHEAD CATFISH,,1414.1683288,11,29,201027228703we,,0,05/04/2021
2010,22,7,1,1527220100307007,7,2,03,we,8777180202,351,0.7,1,1,201027228703we,152722010030757230,HARDHEAD CATFISH,,1414.1683288,13,35,201027228703we,,0,05/04/2021
2010,22,7,1,1527220100307007,7,2,03,we,8777180202,402,0.55,1,1,201027228703we,152722010030757230,HARDHEAD CATFISH,,1414.1683288,15,40,201027228703we,,0,05/04/2021
2010,22,7,5,1527220100307008,7,2,03,we,,,,0,0,201027228703we,152722010030757230,,,927.57109623,,,201027228703we,,0,05/04/2021
2010,22,7,5,1527220100307009,7,2,03,we,,,,0,0,201027228703we,152722010030757230,,,927.57109623,,,201027228703we,,0,05/04/2021
2010,22,7,5,1527220100307010,7,2,03,we,8835440901,399,0.75,1,1,201027228703we,152722010030757230,RED DRUM,,1855.1421925,15,39,201027228703we,,0,05/04/2021
2010,22,7,5,1527220100307010,7,2,03,we,8835440901,399,0.75,1,1,201027228703we,152722010030757230,RED DRUM,,1855.1421925,15,39,201027228703we,,0,05/04/2021
2010,22,7,5,1527220100307010,7,2,03,we,8835440901,417,0.95,1,1,201027228703we,152722010030757230,RED DRUM,,1855.1421925,16,41,201027228703we,,0,05/04/2021
2010,22,7,5,1527220100307010,7,2,03,we,8835440901,540,1.76,1,1,201027228703we,152722010030757230,RED DRUM,,1855.1421925,21,54,201027228703we,,0,05/04/2021
2010,22,7,5,1527220100307010,7,2,03,we,8835440901,737,4,1,1,201027228703we,152722010030757230,RED DRUM,,1855.1421925,29,73,201027228703we,,0,05/04/2021
2010,22,7,5,1527220100307011,7,2,03,we,,,,0,0,201027228703we,152722010030757230,,,927.57109623,,,201027228703we,,0,05/04/2021
2010,22,7,5,1527220100411001,7,2,04,we,8777180202,320,0.5,1,1,201027228704we,15272201004117573,HARDHEAD CATFISH,,1203.8749055,12,32,201027228704we,,0,05/04/2021
2010,22,7,5,1527220100411001,7,2,04,we,8777180202,351,0.7,1,1,201027228704we,15272201004117573,HARDHEAD CATFISH,,1203.8749055,13,35,201027228704we,,0,05/04/2021
2010,22,7,5,1527220100411006,7,2,04,we,8835440901,420,0.72,1,1,201027228704we,15272201004117573,RED DRUM,,1203.8749055,16,42,201027228704we,,0,05/04/2021
2010,22,7,5,1527220100411006,7,2,04,we,8835440901,564,1.97,1,1,201027228704we,15272201004117573,RED DRUM,,1203.8749055,22,56,201027228704we,,0,05/04/2021
2010,22,7,5,1527220100411006,7,2,04,we,8835440901,564,1.97,1,1,201027228704we,15272201004117573,RED DRUM,,1203.8749055,22,56,201027228704we,,0,05/04/2021
2010,22,7,5,1527220100411008,7,2,04,we,8835440901,498,1.35,0,0,201027228704we,15272201004117573,RED DRUM,,1203.8749055,19,49,201027228704we,,0,05/04/2021
2010,22,7,5,1527220100411008,7,2,04,we,8777020105,375,1,0,0,201027228704we,15272201004117573,CHANNEL CATFISH,,1203.8749055,14,37,201027228704we,,0,05/04/2021
2010,22,7,5,1527220100411008,7,2,04,we,8741010101,,,0,0,201027228704we,15272201004117573,AMERICAN EEL,,3611.6247166,,,201027228704we,,0,05/04/2021
2010,22,7,5,1527220100411010,7,2,04,we,8835440901,418,0.92,1,1,201027228704we,15272201004117573,RED DRUM,,1471.4026623,16,41,201027228704we,,0,05/04/2021
2010,22,7,5,1527220100411010,7,2,04,we,8835440901,537,1.8,0,0,201027228704we,15272201004117573,RED DRUM,,1471.4026623,21,53,201027228704we,,0,05/04/2021
2010,22,7,5,1527220100411010,7,2,04,we,8835440901,539,2,0,0,201027228704we,15272201004117573,RED DRUM,,1471.4026623,21,53,201027228704we,,0,05/04/2021
2010,22,7,5,1527220100411010,7,2,04,we,8835440901,546,1.87,0,0,201027228704we,15272201004117573,RED DRUM,,1471.4026623,21,54,201027228704we,,0,05/04/2021
2010,22,7,5,1527220100411010,7,2,04,we,8835440901,547,1.68,1,1,201027228704we,15272201004117573,RED DRUM,,1471.4026623,21,54,201027228704we,,0,05/04/2021
2010,22,7,5,1527220100411010,7,2,04,we,8835440901,566,2.55,0,0,201027228704we,15272201004117573,RED DRUM,,1471.4026623,22,56,201027228704we,,0,05/04/2021
2010,22,7,5,1527220100411010,7,2,04,we,8835440901,581,2.6,0,0,201027228704we,15272201004117573,RED DRUM,,1471.4026623,22,58,201027228704we,,0,05/04/2021
2010,22,7,5,1527220100411010,7,2,04,we,8835440901,607,2.25,1,1,201027228704we,15272201004117573,RED DRUM,,1471.4026623,23,60,201027228704we,,0,05/04/2021
2010,22,7,5,1527220100411010,7,2,04,we,8835440901,614,2.98,1,1,201027228704we,15272201004117573,RED DRUM,,1471.4026623,24,61,201027228704we,,0,05/04/2021
2010,22,7,5,1527220100411010,7,2,04,we,8835440801,852,10.25,0,0,201027228704we,15272201004117573,BLACK DRUM,,1203.8749055,33,85,201027228704we,,0,05/04/2021
2010,22,7,5,1527220100411011,7,2,04,we,,,,0,0,201027228704we,15272201004117573,,,1203.8749055,,,201027228704we,,0,05/04/2021
2010,22,7,5,1527220100411012,7,2,04,we,,,,0,0,201027228704we,15272201004117573,,,1203.8749055,,,201027228704we,,0,05/04/2021
2010,22,7,5,1527420100410001,7,2,04,we,8835440102,364,0.54,0,0,201027228704we,1527420100410231535,SPOTTED SEATROUT,,3510.2683951,14,36,201027228704we,,0,05/04/2021
2010,22,7,5,1527420100410002,7,2,04,we,8857030304,429,0.85,0,0,201027228704we,1527420100410231535,SOUTHERN FLOUNDER,,2397.3311865,16,42,201027228704we,,0,05/04/2021
2010,22,7,5,1530020100301003,7,2,03,wd,8835440901,432,0.95,0,0,201027228703wd,153002010030151127,RED DRUM,,703.34191896,17,43,201027228703wd,,0,05/04/2021
2010,22,7,5,1530020100306004,7,2,03,we,8835430301,418,1.7,0,0,201027228703we,15300201003067573,SHEEPSHEAD,,1044.2793356,16,41,201027228703we,,0,05/04/2021
2010,22,7,5,1530020100306004,7,2,03,we,8777020102,362,0.75,0,0,201027228703we,15300201003067573,BLUE CATFISH,,1044.2793356,14,36,201027228703we,,0,05/04/2021
2010,22,7,5,1530020100306005,7,2,03,we,8835440901,418,0.86,0,0,201027228703we,15300201003067573,RED DRUM,,1044.2793356,16,41,201027228703we,,0,05/04/2021
2010,22,7,5,1530020100306005,7,2,03,we,8835440901,460,1.22,0,0,201027228703we,15300201003067573,RED DRUM,,1044.2793356,18,46,201027228703we,,0,05/04/2021
2010,22,7,5,1530020100306005,7,2,03,we,8835440901,481,1.26,0,0,201027228703we,15300201003067573,RED DRUM,,1044.2793356,18,48,201027228703we,,0,05/04/2021
2010,22,7,5,1530020100306005,7,2,03,we,8835440901,486,1.3,0,0,201027228703we,15300201003067573,RED DRUM,,1044.2793356,19,48,201027228703we,,0,05/04/2021
2010,22,7,5,1530020100306005,7,2,03,we,8835440901,531,1.67,0,0,201027228703we,15300201003067573,RED DRUM,,1044.2793356,20,53,201027228703we,,0,05/04/2021
2010,22,7,5,1530020100306006,7,2,03,we,,,,0,0,201027228703we,15300201003067573,,,1044.2793356,,,201027228703we,,0,05/04/2021
2010,22,7,5,1530020100306013,7,2,03,we,8835440801,422,1.2260985012,1,1,201027228703we,15300201003067573,BLACK DRUM,,1044.2793356,16,42,201027228703we,,0,05/04/2021
2010,22,7,5,1530020100306013,7,2,03,we,8835440801,422,1.2260985012,1,1,201027228703we,15300201003067573,BLACK DRUM,,1044.2793356,16,42,201027228703we,,0,05/04/2021
2010,22,7,5,1530020100306013,7,2,03,we,8835440801,429,1.25,1,1,201027228703we,15300201003067573,BLACK DRUM,,1044.2793356,16,42,201027228703we,,0,05/04/2021
2010,22,7,5,1530020100306013,7,2,03,we,8835440801,429,1.25,1,1,201027228703we,15300201003067573,BLACK DRUM,,1044.2793356,16,42,201027228703we,,0,05/04/2021
2010,22,7,5,1530020100306013,7,2,03,we,8835440801,462,1.2,1,1,201027228703we,15300201003067573,BLACK DRUM,,1044.2793356,18,46,201027228703we,,0,05/04/2021
2010,22,7,5,1530020100409001,7,2,04,wd,8835440102,325,0.36,0,0,201027228704wd,15300201004097573,SPOTTED SEATROUT,,1279.4071452,12,32,201027228704wd,,0,05/04/2021
2010,22,7,5,1530020100409002,7,2,04,wd,,,,0,0,201027228704wd,15300201004097573,,,1019.3316007,,,201027228704wd,,0,05/04/2021
2010,22,7,5,1530020100409004,7,2,04,wd,,,,0,0,201027228704wd,15300201004097573,,,1279.4071452,,,201027228704wd,,0,05/04/2021
2010,22,7,5,1532420100330003,7,2,03,wd,8835430301,416,1.65,1,1,201027228703wd,153242010033051141,SHEEPSHEAD,,3686.7455705,16,41,201027228703wd,,0,05/04/2021
2010,22,7,5,1532420100420001,7,2,04,wd,8835440901,488,1.16,1,1,201027228704wd,15324201004207573,RED DRUM,,1563.7198441,19,48,201027228704wd,,0,05/04/2021
2010,22,7,5,1532420100420001,7,2,04,wd,8835440901,632,2.75,1,1,201027228704wd,15324201004207573,RED DRUM,,1563.7198441,24,63,201027228704wd,,0,05/04/2021
2010,22,7,5,1532420100420001,7,2,04,wd,8835440801,462,1.2,1,1,201027228704wd,15324201004207573,BLACK DRUM,,1563.7198441,18,46,201027228704wd,,0,05/04/2021
2010,22,7,5,1532420100420001,7,2,04,wd,8835440102,440,0.73,1,1,201027228704wd,15324201004207573,SPOTTED SEATROUT,,1563.7198441,17,44,201027228704wd,,0,05/04/2021
2010,22,7,5,1532420100420001,7,2,04,wd,8835440102,452,0.78,1,1,201027228704wd,15324201004207573,SPOTTED SEATROUT,,1563.7198441,17,45,201027228704wd,,0,05/04/2021
2010,22,7,5,1532420100420002,7,2,04,wd,8835440901,600,2.75,1,1,201027228704wd,15324201004207573,RED DRUM,,1563.7198441,23,60,201027228704wd,,0,05/04/2021
2010,22,7,5,1532420100420002,7,2,04,wd,8835440102,330,0.33,1,1,201027228704wd,15324201004207573,SPOTTED SEATROUT,,1563.7198441,12,33,201027228704wd,,0,05/04/2021
2010,22,7,5,1532420100420002,7,2,04,wd,8835440102,390,0.47,1,1,201027228704wd,15324201004207573,SPOTTED SEATROUT,,1563.7198441,15,39,201027228704wd,,0,05/04/2021
2010,22,7,5,1532420100420004,7,2,04,wd,8835440901,525,2.25,0,0,201027228704wd,15324201004207573,RED DRUM,,1563.7198441,20,52,201027228704wd,,0,05/04/2021
2010,22,7,5,1532420100420004,7,2,04,wd,8835440901,689,5,0,0,201027228704wd,15324201004207573,RED DRUM,,1563.7198441,27,68,201027228704wd,,0,05/04/2021
2010,22,7,5,1532420100420005,7,2,04,wd,,,,0,0,201027228704wd,15324201004207573,,,1563.7198441,,,201027228704wd,,0,05/04/2021
2010,22,7,5,1532420100420006,7,2,04,wd,,,,0,0,201027228704wd,15324201004207573,,,1563.7198441,,,201027228704wd,,0,05/04/2021
2010,22,7,5,1532420100420007,7,2,04,wd,,,,0,0,201027228704wd,15324201004207573,,,1563.7198441,,,201027228704wd,,0,05/04/2021
2010,22,7,5,1532420100420009,7,2,04,wd,,,,0,0,201027228704wd,15324201004207573,,,1563.7198441,,,201027228704wd,,0,05/04/2021
2010,22,7,5,1532420100420011,7,2,04,wd,8835440901,599,2.75,1,1,201027228704wd,15324201004207573,RED DRUM,,1563.7198441,23,59,201027228704wd,,0,05/04/2021
2010,22,7,5,1532420100420011,7,2,04,wd,8835440901,600,2.75,1,1,201027228704wd,15324201004207573,RED DRUM,,1563.7198441,23,60,201027228704wd,,0,05/04/2021
2010,22,7,5,1532420100420013,7,2,04,wd,,,,0,0,201027228704wd,15324201004207573,,,1563.7198441,,,201027228704wd,,0,05/04/2021
2010,22,7,5,1532420100420014,7,2,04,wd,8835440901,543,2,1,1,201027228704wd,15324201004207573,RED DRUM,,9382.3190648,21,54,201027228704wd,,0,05/04/2021
2010,22,7,5,1532420100420014,7,2,04,wd,8835440901,543,2,1,1,201027228704wd,15324201004207573,RED DRUM,,9382.3190648,21,54,201027228704wd,,0,05/04/2021
2010,22,7,5,1532420100420014,7,2,04,wd,8835440901,558,2.25,1,1,201027228704wd,15324201004207573,RED DRUM,,9382.3190648,21,55,201027228704wd,,0,05/04/2021
2010,22,7,5,1532420100420014,7,2,04,wd,8835440901,564,2.25,1,1,201027228704wd,15324201004207573,RED DRUM,,9382.3190648,22,56,201027228704wd,,0,05/04/2021
2010,22,7,5,1532420100420014,7,2,04,wd,8835440901,580,2.25,1,1,201027228704wd,15324201004207573,RED DRUM,,9382.3190648,22,58,201027228704wd,,0,05/04/2021
2010,22,7,5,1532420100420016,7,2,04,wd,8835440901,540,2,1,1,201027228704wd,15324201004207573,RED DRUM,,1563.7198441,21,54,201027228704wd,,0,05/04/2021
2010,22,7,5,1532620100403001,7,2,04,we,8835440901,415,0.85,0,0,201027228704we,1532620100403103319,RED DRUM,,3510.2683951,16,41,201027228704we,,0,05/04/2021
2010,22,7,5,1532620100403001,7,2,04,we,8835440901,628,3,0,0,201027228704we,1532620100403103319,RED DRUM,,3510.2683951,24,62,201027228704we,,0,05/04/2021
2010,22,7,5,1532620100403004,7,2,04,we,,,,0,0,201027228704we,1532620100403103319,,,2397.3311865,,,201027228704we,,0,05/04/2021
2010,22,7,5,1532620100403013,7,2,04,we,8835440901,470,1.19,0,0,201027228704we,1532620100403103319,RED DRUM,,2397.3311865,18,47,201027228704we,,0,05/04/2021
2010,22,7,5,1532620100403013,7,2,04,we,8835440102,315,0.3,0,0,201027228704we,1532620100403103319,SPOTTED SEATROUT,,6638.7632858,12,31,201027228704we,,0,05/04/2021
2010,22,7,5,1532620100403013,7,2,04,we,8835440102,326,0.32,1,1,201027228704we,1532620100403103319,SPOTTED SEATROUT,,6638.7632858,12,32,201027228704we,,0,05/04/2021
2010,22,7,5,1532620100403013,7,2,04,we,8835440102,326,0.32,1,1,201027228704we,1532620100403103319,SPOTTED SEATROUT,,6638.7632858,12,32,201027228704we,,0,05/04/2021
2010,22,7,5,1532620100403013,7,2,04,we,8835440102,329,0.39,0,0,201027228704we,1532620100403103319,SPOTTED SEATROUT,,6638.7632858,12,32,201027228704we,,0,05/04/2021
2010,22,7,5,1532620100403013,7,2,04,we,8835440102,349,0.4,0,0,201027228704we,1532620100403103319,SPOTTED SEATROUT,,6638.7632858,13,34,201027228704we,,0,05/04/2021
2010,22,7,5,1532620100403013,7,2,04,we,8835440102,366,0.55,0,0,201027228704we,1532620100403103319,SPOTTED SEATROUT,,6638.7632858,14,36,201027228704we,,0,05/04/2021
2010,22,7,5,1532620100403013,7,2,04,we,8835440102,374,0.55,0,0,201027228704we,1532620100403103319,SPOTTED SEATROUT,,6638.7632858,14,37,201027228704we,,0,05/04/2021
2010,22,7,5,1532620100403013,7,2,04,we,8835440102,392,0.5815642493,1,1,201027228704we,1532620100403103319,SPOTTED SEATROUT,,6638.7632858,15,39,201027228704we,,0,05/04/2021
2010,22,7,5,1532620100403013,7,2,04,we,8835440102,409,0.65,0,0,201027228704we,1532620100403103319,SPOTTED SEATROUT,,6638.7632858,16,40,201027228704we,,0,05/04/2021
2010,22,7,5,1532620100403013,7,2,04,we,8835440102,420,0.74,0,0,201027228704we,1532620100403103319,SPOTTED SEATROUT,,6638.7632858,16,42,201027228704we,,0,05/04/2021
2010,22,7,5,1532620100403013,7,2,04,we,8835440102,432,0.75,1,1,201027228704we,1532620100403103319,SPOTTED SEATROUT,,6638.7632858,17,43,201027228704we,,0,05/04/2021
2010,22,7,5,1532620100403013,7,2,04,we,8835440102,460,1,0,0,201027228704we,1532620100403103319,SPOTTED SEATROUT,,6638.7632858,18,46,201027228704we,,0,05/04/2021
2010,22,7,5,1532620100403013,7,2,04,we,8835440102,478,1.5,0,0,201027228704we,1532620100403103319,SPOTTED SEATROUT,,6638.7632858,18,47,201027228704we,,0,05/04/2021
2010,22,7,5,1532620100403013,7,2,04,we,8777020102,425,1.45,0,0,201027228704we,1532620100403103319,BLUE CATFISH,,2397.3311865,16,42,201027228704we,,0,05/04/2021
2010,22,7,5,1532620100408002,7,2,04,wd,8835440901,564,2.5,0,0,201027228704wd,15326201004088764,RED DRUM,,1220.4686529,22,56,201027228704wd,,0,05/04/2021
2010,22,7,5,1532620100408003,7,2,04,wd,8835440901,592,2.75,0,0,201027228704wd,15326201004088764,RED DRUM,,1220.4686529,23,59,201027228704wd,,0,05/04/2021
2010,22,7,5,1532620100408005,7,2,04,wd,,,,0,0,201027228704wd,15326201004088764,,,1787.0591113,,,201027228704wd,,0,05/04/2021
2010,22,7,5,1532620100408006,7,2,04,wd,,,,0,0,201027228704wd,15326201004088764,,,1787.0591113,,,201027228704wd,,0,05/04/2021
2010,22,7,5,1532620100418001,7,2,04,we,8857030304,366,0.46,0,0,201027228704we,153262010041810370,SOUTHERN FLOUNDER,,1326.0968578,14,36,201027228704we,,0,05/04/2021
2010,22,7,5,1532620100418001,7,2,04,we,8835440102,363,0.44,0,0,201027228704we,153262010041810370,SPOTTED SEATROUT,,1823.3831794,14,36,201027228704we,,0,05/04/2021
2010,22,7,5,1532620100418001,7,2,04,we,8835440102,366,0.45,0,0,201027228704we,153262010041810370,SPOTTED SEATROUT,,1823.3831794,14,36,201027228704we,,0,05/04/2021
2010,22,7,5,1532620100418001,7,2,04,we,8835440102,378,0.5,0,0,201027228704we,153262010041810370,SPOTTED SEATROUT,,1823.3831794,14,37,201027228704we,,0,05/04/2021
2010,22,7,5,1532620100418001,7,2,04,we,8835440102,476,1.05,1,1,201027228704we,153262010041810370,SPOTTED SEATROUT,,1823.3831794,18,47,201027228704we,,0,05/04/2021
2010,22,7,5,1532620100418001,7,2,04,we,8835440102,480,0.96,0,0,201027228704we,153262010041810370,SPOTTED SEATROUT,,1823.3831794,18,48,201027228704we,,0,05/04/2021
2010,22,7,5,1532620100418001,7,2,04,we,8835440102,485,1.1,1,1,201027228704we,153262010041810370,SPOTTED SEATROUT,,1823.3831794,19,48,201027228704we,,0,05/04/2021
2010,22,7,5,1532620100418001,7,2,04,we,8835440102,511,1.52,1,1,201027228704we,153262010041810370,SPOTTED SEATROUT,,1823.3831794,20,51,201027228704we,,0,05/04/2021
2010,22,7,5,1532620100418001,7,2,04,we,8835440102,563,1.9,1,1,201027228704we,153262010041810370,SPOTTED SEATROUT,,1823.3831794,22,56,201027228704we,,0,05/04/2021
2010,22,7,5,1532620100418004,7,2,04,we,8857030304,367,0.46,0,0,201027228704we,153262010041810370,SOUTHERN FLOUNDER,,1326.0968578,14,36,201027228704we,,0,05/04/2021
2010,22,7,5,1532620100418005,7,2,04,we,,,,0,0,201027228704we,153262010041810370,,,1941.7241618,,,201027228704we,,0,05/04/2021
2010,22,7,5,1532620100418009,7,2,04,we,,,,0,0,201027228704we,153262010041810370,,,1326.0968578,,,201027228704we,,0,05/04/2021
2010,22,7,5,1532620100418010,7,2,04,we,8857030304,357,0.5,0,0,201027228704we,153262010041810370,SOUTHERN FLOUNDER,,1326.0968578,14,35,201027228704we,,0,05/04/2021
2010,22,7,5,1532620100418010,7,2,04,we,8835440901,460,0.95,0,0,201027228704we,153262010041810370,RED DRUM,,1326.0968578,18,46,201027228704we,,0,05/04/2021
2010,22,7,5,1532620100418010,7,2,04,we,8835440901,528,1.65,0,0,201027228704we,153262010041810370,RED DRUM,,1326.0968578,20,52,201027228704we,,0,05/04/2021
2010,22,7,5,1532620100418010,7,2,04,we,8835440901,666,3.25,0,0,201027228704we,153262010041810370,RED DRUM,,1326.0968578,26,66,201027228704we,,0,05/04/2021
2010,22,7,5,1532620100418010,7,2,04,we,8835440102,323,0.3,0,0,201027228704we,153262010041810370,SPOTTED SEATROUT,,1326.0968578,12,32,201027228704we,,0,05/04/2021
2010,22,7,5,1532620100418010,7,2,04,we,8835440102,372,0.51,0,0,201027228704we,153262010041810370,SPOTTED SEATROUT,,1326.0968578,14,37,201027228704we,,0,05/04/2021
2010,22,7,5,1532620100418010,7,2,04,we,8835440102,380,0.6,0,0,201027228704we,153262010041810370,SPOTTED SEATROUT,,1326.0968578,14,38,201027228704we,,0,05/04/2021
2010,22,7,5,1532620100418010,7,2,04,we,8835440102,388,0.63,0,0,201027228704we,153262010041810370,SPOTTED SEATROUT,,1326.0968578,15,38,201027228704we,,0,05/04/2021
2010,22,7,5,1532620100418010,7,2,04,we,8835440102,392,0.63,0,0,201027228704we,153262010041810370,SPOTTED SEATROUT,,1326.0968578,15,39,201027228704we,,0,05/04/2021
2010,22,7,5,1532620100418010,7,2,04,we,8835440102,403,0.68,0,0,201027228704we,153262010041810370,SPOTTED SEATROUT,,1326.0968578,15,40,201027228704we,,0,05/04/2021
2010,22,7,5,1532620100418010,7,2,04,we,8835440102,403,0.6,0,0,201027228704we,153262010041810370,SPOTTED SEATROUT,,1326.0968578,15,40,201027228704we,,0,05/04/2021
2010,22,7,5,1532620100418010,7,2,04,we,8835440102,404,0.64,0,0,201027228704we,153262010041810370,SPOTTED SEATROUT,,1326.0968578,15,40,201027228704we,,0,05/04/2021
2010,22,7,5,1532620100418010,7,2,04,we,8835440102,528,1.35,0,0,201027228704we,153262010041810370,SPOTTED SEATROUT,,1326.0968578,20,52,201027228704we,,0,05/04/2021
2010,22,7,5,1532620100418011,7,2,04,we,8835440801,505,1.7,0,0,201027228704we,153262010041810370,BLACK DRUM,,1326.0968578,19,50,201027228704we,,0,05/04/2021
2010,22,7,5,1532620100418017,7,2,04,we,,,,0,0,201027228704we,153262010041810370,,,1326.0968578,,,201027228704we,,0,05/04/2021
2010,22,7,5,1532620100418021,7,2,04,we,8857030304,358,0.45,0,0,201027228704we,153262010041810370,SOUTHERN FLOUNDER,,1326.0968578,14,35,201027228704we,,0,05/04/2021
2010,22,7,5,1532620100418021,7,2,04,we,8835440901,390,0.63,0,0,201027228704we,153262010041810370,RED DRUM,,1326.0968578,15,39,201027228704we,,0,05/04/2021
2010,22,7,5,1532620100418021,7,2,04,we,8835440901,427,0.82,0,0,201027228704we,153262010041810370,RED DRUM,,1326.0968578,16,42,201027228704we,,0,05/04/2021
2010,22,7,5,1532620100418025,7,2,04,we,8857030304,350,0.41,0,0,201027228704we,153262010041810370,SOUTHERN FLOUNDER,,1326.0968578,13,35,201027228704we,,0,05/04/2021
2010,22,7,5,1532620100418026,7,2,04,we,,,,0,0,201027228704we,153262010041810370,,,1326.0968578,,,201027228704we,,0,05/04/2021
2010,22,7,5,1532620100418028,7,2,04,we,8857030304,360,0.45,0,0,201027228704we,153262010041810370,SOUTHERN FLOUNDER,,1056.5303139,14,36,201027228704we,,0,05/04/2021
2010,22,7,5,1532620100418028,7,2,04,we,8835440901,426,0.81,0,0,201027228704we,153262010041810370,RED DRUM,,1056.5303139,16,42,201027228704we,,0,05/04/2021
2010,22,7,5,1532620100418028,7,2,04,we,8835440901,480,1.14,0,0,201027228704we,153262010041810370,RED DRUM,,1056.5303139,18,48,201027228704we,,0,05/04/2021
2010,22,7,5,1532620100418028,7,2,04,we,8835440901,511,1.75,1,1,201027228704we,153262010041810370,RED DRUM,,1056.5303139,20,51,201027228704we,,0,05/04/2021
2010,22,7,5,1532620100418028,7,2,04,we,8835440901,615,2.75,0,0,201027228704we,153262010041810370,RED DRUM,,1056.5303139,24,61,201027228704we,,0,05/04/2021
2010,22,7,5,1532620100418028,7,2,04,we,8835440901,620,2.75,0,0,201027228704we,153262010041810370,RED DRUM,,1056.5303139,24,62,201027228704we,,0,05/04/2021
2010,22,7,5,1532620100418028,7,2,04,we,8835440901,636,2.75,0,0,201027228704we,153262010041810370,RED DRUM,,1056.5303139,25,63,201027228704we,,0,05/04/2021
2010,22,7,5,1532620100418028,7,2,04,we,8835440901,654,3,0,0,201027228704we,153262010041810370,RED DRUM,,1056.5303139,25,65,201027228704we,,0,05/04/2021
2010,22,7,5,1532620100418028,7,2,04,we,8835440901,673,3.25,0,0,201027228704we,153262010041810370,RED DRUM,,1056.5303139,26,67,201027228704we,,0,05/04/2021
2010,22,7,5,1532620100418028,7,2,04,we,8835440901,688,3.48,0,0,201027228704we,153262010041810370,RED DRUM,,1056.5303139,27,68,201027228704we,,0,05/04/2021
2010,22,7,5,1532620100418028,7,2,04,we,8835440901,711,3.75,0,0,201027228704we,153262010041810370,RED DRUM,,1056.5303139,27,71,201027228704we,,0,05/04/2021
2010,22,7,5,1532620100418028,7,2,04,we,8835440901,730,3.98,0,0,201027228704we,153262010041810370,RED DRUM,,1056.5303139,28,73,201027228704we,,0,05/04/2021
2010,22,7,5,1532620100418028,7,2,04,we,8835440102,359,0.45,0,0,201027228704we,153262010041810370,SPOTTED SEATROUT,,1056.5303139,14,35,201027228704we,,0,05/04/2021
2010,22,7,5,1532620100418028,7,2,04,we,8835440102,404,0.65,0,0,201027228704we,153262010041810370,SPOTTED SEATROUT,,1056.5303139,15,40,201027228704we,,0,05/04/2021
2010,22,7,5,1532620100418028,7,2,04,we,8835440102,457,0.9,0,0,201027228704we,153262010041810370,SPOTTED SEATROUT,,1056.5303139,17,45,201027228704we,,0,05/04/2021
2010,22,7,5,1532620100418028,7,2,04,we,8835440102,470,1.2,0,0,201027228704we,153262010041810370,SPOTTED SEATROUT,,1056.5303139,18,47,201027228704we,,0,05/04/2021
2010,22,7,5,1532620100418028,7,2,04,we,8835440102,520,1.39,0,0,201027228704we,153262010041810370,SPOTTED SEATROUT,,1056.5303139,20,52,201027228704we,,0,05/04/2021
2010,22,7,5,1532620100418030,7,2,04,we,,,,0,0,201027228704we,153262010041810370,,,1375.6357224,,,201027228704we,,0,05/04/2021
2010,22,7,5,1536620100319003,7,2,03,wd,,,,0,0,201027228703wd,153662010031910979,,,806.70446766,,,201027228703wd,,0,05/04/2021
2010,22,7,5,1536620100319004,7,2,03,wd,,,,0,0,201027228703wd,153662010031910979,,,806.70446766,,,201027228703wd,,0,05/04/2021
2010,22,7,5,1536620100319006,7,2,03,wd,8835440901,576,2.5,0,0,201027228703wd,153662010031910979,RED DRUM,,806.70446766,22,57,201027228703wd,,0,05/04/2021
2010,22,7,5,1536620100319006,7,2,03,wd,8835430301,350,1.1,0,0,201027228703wd,153662010031910979,SHEEPSHEAD,,806.70446766,13,35,201027228703wd,,0,05/04/2021
2010,22,7,5,1536620100319007,7,2,03,wd,8835440901,427,0.75,0,0,201027228703wd,153662010031910979,RED DRUM,,806.70446766,16,42,201027228703wd,,0,05/04/2021
2010,22,7,5,1536620100319007,7,2,03,wd,8835440901,501,1.5,0,0,201027228703wd,153662010031910979,RED DRUM,,806.70446766,19,50,201027228703wd,,0,05/04/2021
2010,22,7,5,1536620100401009,7,2,04,wd,,,,0,0,201027228704wd,153662010040110979,,,1091.0132132,,,201027228704wd,,0,05/04/2021
2010,22,7,5,1536620100401010,7,2,04,wd,,,,0,0,201027228704wd,153662010040110979,,,1091.0132132,,,201027228704wd,,0,05/04/2021
2010,22,7,5,1536620100418001,7,2,04,we,8835440901,511,1.75,1,1,201027228704we,1536620100418109325,RED DRUM,,1886.5532023,20,51,201027228704we,,0,05/04/2021
2010,22,7,5,1536620100418001,7,2,04,we,8835440901,520,1.7,1,1,201027228704we,1536620100418109325,RED DRUM,,1886.5532023,20,52,201027228704we,,0,05/04/2021
2010,22,7,5,1536620100418001,7,2,04,we,8835440901,520,1.6,1,1,201027228704we,1536620100418109325,RED DRUM,,1886.5532023,20,52,201027228704we,,0,05/04/2021
2010,22,7,5,1536620100418001,7,2,04,we,8835440901,521,1.75,0,0,201027228704we,1536620100418109325,RED DRUM,,1886.5532023,20,52,201027228704we,,0,05/04/2021
2010,22,7,5,1536620100418001,7,2,04,we,8835440901,521,1.7,1,1,201027228704we,1536620100418109325,RED DRUM,,1886.5532023,20,52,201027228704we,,0,05/04/2021
2010,22,7,5,1536620100418001,7,2,04,we,8835440901,524,1.5,0,0,201027228704we,1536620100418109325,RED DRUM,,1886.5532023,20,52,201027228704we,,0,05/04/2021
2010,22,7,5,1536620100418001,7,2,04,we,8835440901,551,2,0,0,201027228704we,1536620100418109325,RED DRUM,,1886.5532023,21,55,201027228704we,,0,05/04/2021
2010,22,7,5,1536620100418001,7,2,04,we,8835440901,566,2.25,0,0,201027228704we,1536620100418109325,RED DRUM,,1886.5532023,22,56,201027228704we,,0,05/04/2021
2010,22,7,5,1536620100418001,7,2,04,we,8835440901,572,2,0,0,201027228704we,1536620100418109325,RED DRUM,,1886.5532023,22,57,201027228704we,,0,05/04/2021
2010,22,7,5,1536620100418002,7,2,04,we,,,,0,0,201027228704we,1536620100418109325,,,1697.8978821,,,201027228704we,,0,05/04/2021
2010,22,7,5,1536620100418003,7,2,04,we,8835440901,704,4.5,0,0,201027228704we,1536620100418109325,RED DRUM,,1697.8978821,27,70,201027228704we,,0,05/04/2021
2010,22,7,5,1536620100418004,7,2,04,we,,,,0,0,201027228704we,1536620100418109325,,,1697.8978821,,,201027228704we,,0,05/04/2021
2010,22,7,5,1536620100418005,7,2,04,we,,,,0,0,201027228704we,1536620100418109325,,,1697.8978821,,,201027228704we,,0,05/04/2021
2010,22,7,5,1536620100418006,7,2,04,we,8835440801,416,0.8,1,1,201027228704we,1536620100418109325,BLACK DRUM,,1886.5532023,16,41,201027228704we,,0,05/04/2021
2010,22,7,5,1536620100418006,7,2,04,we,8835440801,416,0.8,1,1,201027228704we,1536620100418109325,BLACK DRUM,,1886.5532023,16,41,201027228704we,,0,05/04/2021
2010,22,7,5,1536620100418006,7,2,04,we,8835440801,416,0.8,1,1,201027228704we,1536620100418109325,BLACK DRUM,,1886.5532023,16,41,201027228704we,,0,05/04/2021
2010,22,7,5,1536620100418006,7,2,04,we,8835440801,429,1.25,0,0,201027228704we,1536620100418109325,BLACK DRUM,,1886.5532023,16,42,201027228704we,,0,05/04/2021
2010,22,7,5,1536620100418006,7,2,04,we,8835440801,440,1.35,0,0,201027228704we,1536620100418109325,BLACK DRUM,,1886.5532023,17,44,201027228704we,,0,05/04/2021
2010,22,7,5,1536620100418006,7,2,04,we,8835440801,452,1.5,0,0,201027228704we,1536620100418109325,BLACK DRUM,,1886.5532023,17,45,201027228704we,,0,05/04/2021
2010,22,7,5,1536620100418006,7,2,04,we,8835440801,462,1.2,1,1,201027228704we,1536620100418109325,BLACK DRUM,,1886.5532023,18,46,201027228704we,,0,05/04/2021
2010,22,7,5,1536620100418006,7,2,04,we,8835440801,481,1.75,0,0,201027228704we,1536620100418109325,BLACK DRUM,,1886.5532023,18,48,201027228704we,,0,05/04/2021
2010,22,7,5,1536620100418006,7,2,04,we,8835440801,505,2,0,0,201027228704we,1536620100418109325,BLACK DRUM,,1886.5532023,19,50,201027228704we,,0,05/04/2021
2010,22,7,5,1536620100418007,7,2,04,we,,,,0,0,201027228704we,1536620100418109325,,,1697.8978821,,,201027228704we,,0,05/04/2021
2010,22,7,5,1536620100418008,7,2,04,we,,,,0,0,201027228704we,1536620100418109325,,,2486.1301213,,,201027228704we,,0,05/04/2021
2010,22,7,5,1536620100418009,7,2,04,we,,,,0,0,201027228704we,1536620100418109325,,,2486.1301213,,,201027228704we,,0,05/04/2021
2010,22,7,5,1536620100418010,7,2,04,we,8835440901,400,0.8,0,0,201027228704we,1536620100418109325,RED DRUM,,1886.5532023,15,40,201027228704we,,0,05/04/2021
2010,22,7,5,1536620100418010,7,2,04,we,8835440901,412,0.85,0,0,201027228704we,1536620100418109325,RED DRUM,,1886.5532023,16,41,201027228704we,,0,05/04/2021
2010,22,7,5,1536620100418010,7,2,04,we,8835440901,420,0.8,0,0,201027228704we,1536620100418109325,RED DRUM,,1886.5532023,16,42,201027228704we,,0,05/04/2021
2010,22,7,5,1536620100418010,7,2,04,we,8835440901,427,0.9,1,1,201027228704we,1536620100418109325,RED DRUM,,1886.5532023,16,42,201027228704we,,0,05/04/2021
2010,22,7,5,1536620100418010,7,2,04,we,8835440901,452,1.2,0,0,201027228704we,1536620100418109325,RED DRUM,,1886.5532023,17,45,201027228704we,,0,05/04/2021
2010,22,7,5,1536620100418010,7,2,04,we,8835440901,508,1.4,1,1,201027228704we,1536620100418109325,RED DRUM,,1886.5532023,19,50,201027228704we,,0,05/04/2021
2010,22,7,5,1536620100418010,7,2,04,we,8835440901,510,1.4,1,1,201027228704we,1536620100418109325,RED DRUM,,1886.5532023,20,51,201027228704we,,0,05/04/2021
2010,22,7,5,1536620100418010,7,2,04,we,8835440901,520,1.6,1,1,201027228704we,1536620100418109325,RED DRUM,,1886.5532023,20,52,201027228704we,,0,05/04/2021
2010,22,7,5,1536620100418010,7,2,04,we,8835440901,541,2,0,0,201027228704we,1536620100418109325,RED DRUM,,1886.5532023,21,54,201027228704we,,0,05/04/2021
2010,22,7,5,1536620100418011,7,2,04,we,,,,0,0,201027228704we,1536620100418109325,,,1697.8978821,,,201027228704we,,0,05/04/2021
2010,22,7,5,1536620100418012,7,2,04,we,,,,0,0,201027228704we,1536620100418109325,,,1697.8978821,,,201027228704we,,0,05/04/2021
2010,22,7,5,1536620100418013,7,2,04,we,,,,0,0,201027228704we,1536620100418109325,,,1697.8978821,,,201027228704we,,0,05/04/2021
2010,22,7,5,1536620100418014,7,2,04,we,8835440901,422,0.8,0,0,201027228704we,1536620100418109325,RED DRUM,,2263.8638428,16,42,201027228704we,,0,05/04/2021
2010,22,7,5,1536620100418014,7,2,04,we,8835440901,557,2.25,0,0,201027228704we,1536620100418109325,RED DRUM,,2263.8638428,21,55,201027228704we,,0,05/04/2021
2010,22,7,5,1536620100418014,7,2,04,we,8835440901,603,2.75,0,0,201027228704we,1536620100418109325,RED DRUM,,2263.8638428,23,60,201027228704we,,0,05/04/2021
2010,22,7,5,1536620100418014,7,2,04,we,8835440901,616,3.25,1,1,201027228704we,1536620100418109325,RED DRUM,,2263.8638428,24,61,201027228704we,,0,05/04/2021
2010,22,7,5,1536620100418014,7,2,04,we,8835440901,628,2.75,0,0,201027228704we,1536620100418109325,RED DRUM,,2263.8638428,24,62,201027228704we,,0,05/04/2021
2010,22,7,5,1536620100418014,7,2,04,we,8835440901,631,3.25,1,1,201027228704we,1536620100418109325,RED DRUM,,2263.8638428,24,63,201027228704we,,0,05/04/2021
2010,22,7,5,1536620100418014,7,2,04,we,8835440901,631,3.25,1,1,201027228704we,1536620100418109325,RED DRUM,,2263.8638428,24,63,201027228704we,,0,05/04/2021
2010,22,7,5,1536620100418014,7,2,04,we,8835440901,642,3,0,0,201027228704we,1536620100418109325,RED DRUM,,2263.8638428,25,64,201027228704we,,0,05/04/2021
2010,22,7,5,1536620100418014,7,2,04,we,8835440901,654,3.25,1,1,201027228704we,1536620100418109325,RED DRUM,,2263.8638428,25,65,201027228704we,,0,05/04/2021
2010,22,7,5,1536620100418015,7,2,04,we,,,,0,0,201027228704we,1536620100418109325,,,1697.8978821,,,201027228704we,,0,05/04/2021
2010,22,7,5,1536620100418016,7,2,04,we,,,,0,0,201027228704we,1536620100418109325,,,1697.8978821,,,201027228704we,,0,05/04/2021
2010,22,7,5,1536620100418017,7,2,04,we,8835440901,606,2.5,0,0,201027228704we,1536620100418109325,RED DRUM,,1697.8978821,23,60,201027228704we,,0,05/04/2021
2010,22,7,5,1538720100314001,7,2,03,we,8835440901,415,0.75,0,0,201027228703we,15387201003148764,RED DRUM,,1656.5623979,16,41,201027228703we,,0,05/04/2021
2010,22,7,5,1538720100314001,7,2,03,we,8835440901,460,0.9,0,0,201027228703we,15387201003148764,RED DRUM,,1656.5623979,18,46,201027228703we,,0,05/04/2021
2010,22,7,5,1538720100314001,7,2,03,we,8835440901,472,0.98,0,0,201027228703we,15387201003148764,RED DRUM,,1656.5623979,18,47,201027228703we,,0,05/04/2021
2010,22,7,5,1538720100314001,7,2,03,we,8835440901,503,1.5138981079,0,1,201027228703we,15387201003148764,RED DRUM,,1656.5623979,19,50,201027228703we,,0,05/04/2021
2010,22,7,5,1538720100314001,7,2,03,we,8835440901,506,1.2,0,0,201027228703we,15387201003148764,RED DRUM,,1656.5623979,19,50,201027228703we,,0,05/04/2021
2010,22,7,5,1538720100314002,7,2,03,we,8835440801,422,1.2260985012,0,1,201027228703we,15387201003148764,BLACK DRUM,,1656.5623979,16,42,201027228703we,,0,05/04/2021
2010,22,7,5,1538720100314004,7,2,03,we,,,,0,0,201027228703we,15387201003148764,,,1656.5623979,,,201027228703we,,0,05/04/2021
2010,22,7,5,1538720100314005,7,2,03,we,8835440102,315,0.31,0,0,201027228703we,15387201003148764,SPOTTED SEATROUT,,1656.5623979,12,31,201027228703we,,0,05/04/2021
2010,22,7,5,1538720100314006,7,2,03,we,8835440102,320,0.32,0,0,201027228703we,15387201003148764,SPOTTED SEATROUT,,1656.5623979,12,32,201027228703we,,0,05/04/2021
2010,22,7,5,1538720100314008,7,2,03,we,8835440102,313,0.31,0,0,201027228703we,15387201003148764,SPOTTED SEATROUT,,1656.5623979,12,31,201027228703we,,0,05/04/2021
2010,22,7,5,1538720100314008,7,2,03,we,8835440102,318,0.32,0,0,201027228703we,15387201003148764,SPOTTED SEATROUT,,1656.5623979,12,31,201027228703we,,0,05/04/2021
2010,22,7,5,1538720100314010,7,2,03,we,8835440901,560,1.8,0,0,201027228703we,15387201003148764,RED DRUM,,1656.5623979,22,56,201027228703we,,0,05/04/2021
2010,22,7,5,1538720100314010,7,2,03,we,8835440901,710,3.97,0,0,201027228703we,15387201003148764,RED DRUM,,1656.5623979,27,71,201027228703we,,0,05/04/2021
2010,22,7,5,1538720100314010,7,2,03,we,8835440901,720,4,0,0,201027228703we,15387201003148764,RED DRUM,,1656.5623979,28,72,201027228703we,,0,05/04/2021
2010,22,7,5,1538720100314012,7,2,03,we,8835440901,412,0.74,0,0,201027228703we,15387201003148764,RED DRUM,,1656.5623979,16,41,201027228703we,,0,05/04/2021
2010,22,7,5,1538720100314012,7,2,03,we,8835440102,312,0.3,0,0,201027228703we,15387201003148764,SPOTTED SEATROUT,,1656.5623979,12,31,201027228703we,,0,05/04/2021
2010,22,7,5,1538720100314013,7,2,03,we,,,,0,0,201027228703we,15387201003148764,,,1656.5623979,,,201027228703we,,0,05/04/2021
2010,22,7,5,1538720100314014,7,2,03,we,8857030304,381,0.5,0,0,201027228703we,15387201003148764,SOUTHERN FLOUNDER,,1656.5623979,14,38,201027228703we,,0,05/04/2021
2010,22,7,5,1538720100314014,7,2,03,we,8835440901,409,0.75,0,0,201027228703we,15387201003148764,RED DRUM,,1656.5623979,16,40,201027228703we,,0,05/04/2021
2010,22,7,5,1538720100314014,7,2,03,we,8835440901,424,0.78,0,0,201027228703we,15387201003148764,RED DRUM,,1656.5623979,16,42,201027228703we,,0,05/04/2021
2010,22,7,5,1538720100314014,7,2,03,we,8835440901,440,0.94,0,0,201027228703we,15387201003148764,RED DRUM,,1656.5623979,17,44,201027228703we,,0,05/04/2021
2010,22,7,5,1538720100314014,7,2,03,we,8835440901,528,1.6,0,0,201027228703we,15387201003148764,RED DRUM,,1656.5623979,20,52,201027228703we,,0,05/04/2021
2010,22,7,5,1538720100314015,7,2,03,we,,,,0,0,201027228703we,15387201003148764,,,1656.5623979,,,201027228703we,,0,05/04/2021
2010,22,7,5,1538720100319005,7,2,03,wd,8835440801,462,1.2,0,0,201027228703wd,153872010031971183,BLACK DRUM,,770.42834129,18,46,201027228703wd,,0,05/04/2021
2010,22,7,5,1538720100319005,7,2,03,wd,8835440102,340,0.34,0,0,201027228703wd,153872010031971183,SPOTTED SEATROUT,,770.42834129,13,34,201027228703wd,,0,05/04/2021
2010,22,7,5,1538720100319005,7,2,03,wd,8835440102,395,0.5,0,0,201027228703wd,153872010031971183,SPOTTED SEATROUT,,770.42834129,15,39,201027228703wd,,0,05/04/2021
2010,22,7,5,1538720100319005,7,2,03,wd,8835440102,442,0.75,0,0,201027228703wd,153872010031971183,SPOTTED SEATROUT,,770.42834129,17,44,201027228703wd,,0,05/04/2021
2010,22,7,5,1538720100319005,7,2,03,wd,8835440102,458,0.91,0,0,201027228703wd,153872010031971183,SPOTTED SEATROUT,,770.42834129,18,45,201027228703wd,,0,05/04/2021
2010,22,7,5,1538720100319005,7,2,03,wd,8835440102,461,0.79,0,0,201027228703wd,153872010031971183,SPOTTED SEATROUT,,770.42834129,18,46,201027228703wd,,0,05/04/2021
2010,22,7,5,1538720100319006,7,2,03,wd,8857030304,372,0.45,1,1,201027228703wd,153872010031971183,SOUTHERN FLOUNDER,,613.81707718,14,37,201027228703wd,,0,05/04/2021
2010,22,7,5,1538720100319006,7,2,03,wd,8835440901,547,2,1,1,201027228703wd,153872010031971183,RED DRUM,,613.81707718,21,54,201027228703wd,,0,05/04/2021
2010,22,7,5,1538720100319006,7,2,03,wd,8835440901,567,2.5,1,1,201027228703wd,153872010031971183,RED DRUM,,613.81707718,22,56,201027228703wd,,0,05/04/2021
2010,22,7,5,1538720100319006,7,2,03,wd,8835440102,326,0.32,0,0,201027228703wd,153872010031971183,SPOTTED SEATROUT,,613.81707718,12,32,201027228703wd,,0,05/04/2021
2010,22,7,5,1538720100319006,7,2,03,wd,8835440102,330,0.33,0,0,201027228703wd,153872010031971183,SPOTTED SEATROUT,,613.81707718,12,33,201027228703wd,,0,05/04/2021
2010,22,7,5,1538720100319006,7,2,03,wd,8835440102,390,0.47,0,0,201027228703wd,153872010031971183,SPOTTED SEATROUT,,613.81707718,15,39,201027228703wd,,0,05/04/2021
2010,22,7,5,1538720100319006,7,2,03,wd,8835440102,392,0.5815642493,0,1,201027228703wd,153872010031971183,SPOTTED SEATROUT,,613.81707718,15,39,201027228703wd,,0,05/04/2021
2010,22,7,5,1538720100319006,7,2,03,wd,8835440102,440,0.73,0,0,201027228703wd,153872010031971183,SPOTTED SEATROUT,,613.81707718,17,44,201027228703wd,,0,05/04/2021
2010,22,7,5,1538720100319006,7,2,03,wd,8835440102,452,0.78,0,0,201027228703wd,153872010031971183,SPOTTED SEATROUT,,613.81707718,17,45,201027228703wd,,0,05/04/2021
2010,22,7,5,1538720100319007,7,2,03,wd,,,,0,0,201027228703wd,153872010031971183,,,613.81707718,,,201027228703wd,,0,05/04/2021
2010,22,7,5,1538720100319008,7,2,03,wd,8835440901,412,0.85,0,0,201027228703wd,153872010031971183,RED DRUM,,770.42834129,16,41,201027228703wd,,0,05/04/2021
2010,22,7,5,1538720100319008,7,2,03,wd,8835440901,440,0.91,0,0,201027228703wd,153872010031971183,RED DRUM,,770.42834129,17,44,201027228703wd,,0,05/04/2021
2010,22,7,5,1538720100319008,7,2,03,wd,8835440901,451,0.97,0,0,201027228703wd,153872010031971183,RED DRUM,,770.42834129,17,45,201027228703wd,,0,05/04/2021
2010,22,7,5,1538720100319008,7,2,03,wd,8835440901,472,1.22,0,0,201027228703wd,153872010031971183,RED DRUM,,770.42834129,18,47,201027228703wd,,0,05/04/2021
2010,22,7,5,1538720100319008,7,2,03,wd,8835440801,576,3,1,1,201027228703wd,153872010031971183,BLACK DRUM,,770.42834129,22,57,201027228703wd,,0,05/04/2021
2010,22,7,5,1538720100319008,7,2,03,wd,8835440801,576,3,1,1,201027228703wd,153872010031971183,BLACK DRUM,,770.42834129,22,57,201027228703wd,,0,05/04/2021
2010,22,7,5,1538720100319011,7,2,03,wd,8835440102,432,0.75,0,0,201027228703wd,153872010031971183,SPOTTED SEATROUT,,770.42834129,17,43,201027228703wd,,0,05/04/2021
2010,22,7,5,1538720100330004,7,2,03,wd,8857030304,350,0.35,0,0,201027228703wd,1538720100330103319,SOUTHERN FLOUNDER,,2028.309307,13,35,201027228703wd,,0,05/04/2021
2010,22,7,5,1538720100330004,7,2,03,wd,8835440102,400,0.6,0,0,201027228703wd,1538720100330103319,SPOTTED SEATROUT,,2028.309307,15,40,201027228703wd,,0,05/04/2021
2010,22,7,5,1538720100330004,7,2,03,wd,8835440102,416,0.7,0,0,201027228703wd,1538720100330103319,SPOTTED SEATROUT,,2028.309307,16,41,201027228703wd,,0,05/04/2021
2010,22,7,5,1538720100330004,7,2,03,wd,8835440102,436,0.73,0,0,201027228703wd,1538720100330103319,SPOTTED SEATROUT,,2028.309307,17,43,201027228703wd,,0,05/04/2021
2010,22,7,5,1538720100330004,7,2,03,wd,8835440102,476,1.05,0,0,201027228703wd,1538720100330103319,SPOTTED SEATROUT,,2028.309307,18,47,201027228703wd,,0,05/04/2021
2010,22,7,5,1538720100330004,7,2,03,wd,8835440102,485,1.1,0,0,201027228703wd,1538720100330103319,SPOTTED SEATROUT,,2028.309307,19,48,201027228703wd,,0,05/04/2021
2010,22,7,5,1538720100330004,7,2,03,wd,8835440102,511,1.52,0,0,201027228703wd,1538720100330103319,SPOTTED SEATROUT,,2028.309307,20,51,201027228703wd,,0,05/04/2021
2010,22,7,5,1538720100330004,7,2,03,wd,8835440102,563,1.9,0,0,201027228703wd,1538720100330103319,SPOTTED SEATROUT,,2028.309307,22,56,201027228703wd,,0,05/04/2021
2010,22,7,5,1538720100330006,7,2,03,wd,8857030304,330,0.4,0,0,201027228703wd,1538720100330103319,SOUTHERN FLOUNDER,,2028.309307,12,33,201027228703wd,,0,05/04/2021
2010,22,7,5,1538720100330006,7,2,03,wd,8857030304,341,0.5,0,0,201027228703wd,1538720100330103319,SOUTHERN FLOUNDER,,2028.309307,13,34,201027228703wd,,0,05/04/2021
2010,22,7,5,1538720100330006,7,2,03,wd,8835440901,415,0.72,0,0,201027228703wd,1538720100330103319,RED DRUM,,2028.309307,16,41,201027228703wd,,0,05/04/2021
2010,22,7,5,1538720100330009,7,2,03,wd,8857030304,342,0.34,0,0,201027228703wd,1538720100330103319,SOUTHERN FLOUNDER,,2028.309307,13,34,201027228703wd,,0,05/04/2021
2010,22,7,5,1538720100330009,7,2,03,wd,8857030304,359,0.4,0,0,201027228703wd,1538720100330103319,SOUTHERN FLOUNDER,,2028.309307,14,35,201027228703wd,,0,05/04/2021
2010,22,7,5,1538720100330009,7,2,03,wd,8857030304,390,0.53,0,0,201027228703wd,1538720100330103319,SOUTHERN FLOUNDER,,2028.309307,15,39,201027228703wd,,0,05/04/2021
2010,22,7,5,1538720100330009,7,2,03,wd,8835440901,488,1.4,0,0,201027228703wd,1538720100330103319,RED DRUM,,2028.309307,19,48,201027228703wd,,0,05/04/2021
2010,22,7,5,1538720100330012,7,2,03,wd,8857030304,372,0.45,0,0,201027228703wd,1538720100330103319,SOUTHERN FLOUNDER,,2028.309307,14,37,201027228703wd,,0,05/04/2021
2010,22,7,5,1538720100330015,7,2,03,wd,,,,0,0,201027228703wd,1538720100330103319,,,2028.309307,,,201027228703wd,,0,05/04/2021
2010,22,7,5,1538720100330016,7,2,03,wd,,,,0,0,201027228703wd,1538720100330103319,,,2028.309307,,,201027228703wd,,0,05/04/2021
2010,22,7,5,1538720100330017,7,2,03,wd,8857030304,489,1.09,0,0,201027228703wd,1538720100330103319,SOUTHERN FLOUNDER,,2028.309307,19,48,201027228703wd,,0,05/04/2021
2010,22,7,5,1538720100330017,7,2,03,wd,8835440102,453,0.8,0,0,201027228703wd,1538720100330103319,SPOTTED SEATROUT,,2028.309307,17,45,201027228703wd,,0,05/04/2021
2010,22,7,5,1538720100330017,7,2,03,wd,8835440102,465,0.9,0,0,201027228703wd,1538720100330103319,SPOTTED SEATROUT,,2028.309307,18,46,201027228703wd,,0,05/04/2021
2010,22,7,5,1538720100330017,7,2,03,wd,8835440102,489,1.111184397,0,1,201027228703wd,1538720100330103319,SPOTTED SEATROUT,,2028.309307,19,48,201027228703wd,,0,05/04/2021
2010,22,7,5,1538720100420001,7,2,04,wd,8835440102,400,0.6,1,1,201027228704wd,153872010042071183,SPOTTED SEATROUT,,925.07111354,15,40,201027228704wd,,0,05/04/2021
2010,22,7,5,1538720100420001,7,2,04,wd,8835440102,416,0.7,1,1,201027228704wd,153872010042071183,SPOTTED SEATROUT,,925.07111354,16,41,201027228704wd,,0,05/04/2021
2010,22,7,5,1538720100420001,7,2,04,wd,8835440102,436,0.73,1,1,201027228704wd,153872010042071183,SPOTTED SEATROUT,,925.07111354,17,43,201027228704wd,,0,05/04/2021
2010,22,7,5,1538720100420001,7,2,04,wd,8835440102,453,0.8,1,1,201027228704wd,153872010042071183,SPOTTED SEATROUT,,925.07111354,17,45,201027228704wd,,0,05/04/2021
2010,22,7,5,1538720100420001,7,2,04,wd,8835440102,465,0.9,1,1,201027228704wd,153872010042071183,SPOTTED SEATROUT,,925.07111354,18,46,201027228704wd,,0,05/04/2021
2010,22,7,5,1538720100420002,7,2,04,wd,,,,0,0,201027228704wd,153872010042071183,,,925.07111354,,,201027228704wd,,0,05/04/2021
2010,22,7,5,1538720100420003,7,2,04,wd,,,,0,0,201027228704wd,153872010042071183,,,925.07111354,,,201027228704wd,,0,05/04/2021
2010,22,7,5,1538720100420004,7,2,04,wd,8835440801,416,0.8,0,0,201027228704wd,153872010042071183,BLACK DRUM,,925.07111354,16,41,201027228704wd,,0,05/04/2021
2010,22,7,5,1538720100420004,7,2,04,wd,8835440702,257,0.19,1,1,201027228704wd,153872010042071183,ATLANTIC CROAKER,,925.07111354,10,25,201027228704wd,,0,05/04/2021
2010,22,7,5,1538720100420004,7,2,04,wd,8777180101,637,2.72,1,1,201027228704wd,153872010042071183,GAFFTOPSAIL CATFISH,,925.07111354,25,63,201027228704wd,,0,05/04/2021
2010,22,7,5,1538720100424001,7,2,04,we,,,,0,0,201027228704we,153872010042410370,,,1131.247836,,,201027228704we,,0,05/04/2021
2010,22,7,5,1538720100424002,7,2,04,we,,,,0,0,201027228704we,153872010042410370,,,1131.247836,,,201027228704we,,0,05/04/2021
2010,22,7,5,1538720100424003,7,2,04,we,,,,0,0,201027228704we,153872010042410370,,,1131.247836,,,201027228704we,,0,05/04/2021
2010,22,7,5,1538720100424004,7,2,04,we,,,,0,0,201027228704we,153872010042410370,,,1131.247836,,,201027228704we,,0,05/04/2021
2010,22,7,5,1538720100424005,7,2,04,we,,,,0,0,201027228704we,153872010042410370,,,1131.247836,,,201027228704we,,0,05/04/2021
2010,22,7,5,1538720100424006,7,2,04,we,8857030304,405,0.74,0,0,201027228704we,153872010042410370,SOUTHERN FLOUNDER,,1131.247836,15,40,201027228704we,,0,05/04/2021
2010,22,7,5,1538720100424007,7,2,04,we,8857030304,389,0.6,0,0,201027228704we,153872010042410370,SOUTHERN FLOUNDER,,1131.247836,15,38,201027228704we,,0,05/04/2021
2010,22,7,5,1538720100424008,7,2,04,we,8835440901,381,0.59,0,0,201027228704we,153872010042410370,RED DRUM,,1131.247836,14,38,201027228704we,,0,05/04/2021
2010,22,7,5,1538720100424009,7,2,04,we,,,,0,0,201027228704we,153872010042410370,,,901.28984494,,,201027228704we,,0,05/04/2021
2010,22,7,5,1538720100424010,7,2,04,we,,,,0,0,201027228704we,153872010042410370,,,901.28984494,,,201027228704we,,0,05/04/2021
2010,22,7,5,1538920100307002,7,2,03,we,,,,0,0,201027228703we,15389201003071930,,,2310.3576891,,,201027228703we,,0,05/04/2021
2010,22,7,5,1538920100307004,7,2,03,we,,,,0,0,201027228703we,15389201003071930,,,2310.3576891,,,201027228703we,,0,05/04/2021
2010,22,7,5,1538920100307005,7,2,03,we,,,,0,0,201027228703we,15389201003071930,,,2310.3576891,,,201027228703we,,0,05/04/2021
2010,22,7,5,1539720100314002,7,2,03,we,8777020102,362,0.75,1,1,201027228703we,1539720100314109147,BLUE CATFISH,,1721.04957,14,36,201027228703we,,0,05/04/2021
2010,22,7,5,1539720100314002,7,2,03,we,8777020102,425,1.45,1,1,201027228703we,1539720100314109147,BLUE CATFISH,,1721.04957,16,42,201027228703we,,0,05/04/2021
2010,22,7,5,1539720100314003,7,2,03,we,8835440901,392,0.7,0,0,201027228703we,1539720100314109147,RED DRUM,,1721.04957,15,39,201027228703we,,0,05/04/2021
2010,22,7,5,1539720100314004,7,2,03,we,,,,0,0,201027228703we,1539720100314109147,,,1721.04957,,,201027228703we,,0,05/04/2021
2010,22,7,5,1539720100314005,7,2,03,we,,,,0,0,201027228703we,1539720100314109147,,,1721.04957,,,201027228703we,,0,05/04/2021
2010,22,7,5,1539720100314006,7,2,03,we,,,,0,0,201027228703we,1539720100314109147,,,1188.8756768,,,201027228703we,,0,05/04/2021
2010,22,7,5,1539720100414001,7,2,04,wd,8835440901,507,1.55,0,0,201027228704wd,1539720100414109325,RED DRUM,,4113.3599384,19,50,201027228704wd,,0,05/04/2021
2010,22,7,5,1539720100414001,7,2,04,wd,8835440901,596,2.75,0,0,201027228704wd,1539720100414109325,RED DRUM,,4113.3599384,23,59,201027228704wd,,0,05/04/2021
2010,22,7,5,1539720100414002,7,2,04,wd,8835440901,399,0.75,0,0,201027228704wd,1539720100414109325,RED DRUM,,2056.6799692,15,39,201027228704wd,,0,05/04/2021
2010,22,7,5,1539720100414002,7,2,04,wd,8835440901,417,0.95,0,0,201027228704wd,1539720100414109325,RED DRUM,,2056.6799692,16,41,201027228704wd,,0,05/04/2021
2010,22,7,5,1539720100414002,7,2,04,wd,8835440901,438,0.95,0,0,201027228704wd,1539720100414109325,RED DRUM,,2056.6799692,17,43,201027228704wd,,0,05/04/2021
2010,22,7,5,1539720100414002,7,2,04,wd,8835440901,496,1.55,0,0,201027228704wd,1539720100414109325,RED DRUM,,2056.6799692,19,49,201027228704wd,,0,05/04/2021
2010,22,7,5,1539720100414002,7,2,04,wd,8835440901,524,1.7,0,0,201027228704wd,1539720100414109325,RED DRUM,,2056.6799692,20,52,201027228704wd,,0,05/04/2021
2010,22,7,5,1539720100414002,7,2,04,wd,8835440901,547,2,0,0,201027228704wd,1539720100414109325,RED DRUM,,2056.6799692,21,54,201027228704wd,,0,05/04/2021
2010,22,7,5,1539720100414002,7,2,04,wd,8835440901,564,2.25,0,0,201027228704wd,1539720100414109325,RED DRUM,,2056.6799692,22,56,201027228704wd,,0,05/04/2021
2010,22,7,5,1539720100414002,7,2,04,wd,8835440901,581,2.25,0,0,201027228704wd,1539720100414109325,RED DRUM,,2056.6799692,22,58,201027228704wd,,0,05/04/2021
2010,22,7,5,1542220100306001,7,2,03,we,8836010101,317,0.5,1,1,201027228703we,1542220100306451368,STRIPED MULLET,,9235.754267,12,31,201027228703we,,0,05/04/2021
2010,22,7,5,1542220100306001,7,2,03,we,8836010101,324,0.45,1,1,201027228703we,1542220100306451368,STRIPED MULLET,,9235.754267,12,32,201027228703we,,0,05/04/2021
2010,22,7,5,1542220100306001,7,2,03,we,8777020102,520,1.7,0,0,201027228703we,1542220100306451368,BLUE CATFISH,,9235.754267,20,52,201027228703we,,0,05/04/2021
2010,22,7,5,1542220100306002,7,2,03,we,,,,0,0,201027228703we,1542220100306451368,,,4617.8771335,,,201027228703we,,0,05/04/2021
2010,22,7,5,1542220100306003,7,2,03,we,,,,0,0,201027228703we,1542220100306451368,,,4617.8771335,,,201027228703we,,0,05/04/2021
2010,22,7,5,1542220100306004,7,2,03,we,8777020102,676,5,0,0,201027228703we,1542220100306451368,BLUE CATFISH,,4617.8771335,26,67,201027228703we,,0,05/04/2021
2010,22,7,5,1542220100411003,7,2,04,we,,,,0,0,201027228704we,154222010041111323,,,1488.8312647,,,201027228704we,,0,05/04/2021
2010,22,7,5,1542220100417001,7,2,04,we,8835440901,420,0.72,0,0,201027228704we,154222010041710183,RED DRUM,,972.89837017,16,42,201027228704we,,0,05/04/2021
2010,22,7,5,1542220100417001,7,2,04,we,8835440901,540,1.76,0,0,201027228704we,154222010041710183,RED DRUM,,972.89837017,21,54,201027228704we,,0,05/04/2021
2010,22,7,5,1542220100417001,7,2,04,we,8835440901,737,4,0,0,201027228704we,154222010041710183,RED DRUM,,972.89837017,29,73,201027228704we,,0,05/04/2021
2010,22,7,5,1542220100417002,7,2,04,we,,,,0,0,201027228704we,154222010041710183,,,972.89837017,,,201027228704we,,0,05/04/2021
2010,22,7,5,1542220100417003,7,2,04,we,8857030304,405,0.74,1,1,201027228704we,154222010041710183,SOUTHERN FLOUNDER,,972.89837017,15,40,201027228704we,,0,05/04/2021
2010,22,7,5,1542220100417003,7,2,04,we,8835440901,490,1.5,1,1,201027228704we,154222010041710183,RED DRUM,,972.89837017,19,49,201027228704we,,0,05/04/2021
2010,22,7,5,1542220100417003,7,2,04,we,8835440901,519,1.5,1,1,201027228704we,154222010041710183,RED DRUM,,972.89837017,20,51,201027228704we,,0,05/04/2021
2010,22,7,5,1542220100417003,7,2,04,we,8835440901,519,1.5,1,1,201027228704we,154222010041710183,RED DRUM,,972.89837017,20,51,201027228704we,,0,05/04/2021
2010,22,7,5,1542220100417003,7,2,04,we,8835440801,605,3.75,1,1,201027228704we,154222010041710183,BLACK DRUM,,972.89837017,23,60,201027228704we,,0,05/04/2021
2010,22,7,5,1542220100417003,7,2,04,we,8835440801,605,3.75,1,1,201027228704we,154222010041710183,BLACK DRUM,,972.89837017,23,60,201027228704we,,0,05/04/2021
2010,22,7,5,1542220100417003,7,2,04,we,8835430301,422,2,1,1,201027228704we,154222010041710183,SHEEPSHEAD,,972.89837017,16,42,201027228704we,,0,05/04/2021
2010,22,7,5,1542220100417004,7,2,04,we,,,,0,0,201027228704we,154222010041710183,,,972.89837017,,,201027228704we,,0,05/04/2021
2010,22,7,5,1542220100417005,7,2,04,we,,,,0,0,201027228704we,154222010041710183,,,972.89837017,,,201027228704we,,0,05/04/2021
2010,22,7,5,1542220100417006,7,2,04,we,8777180101,612,2.48,0,0,201027228704we,154222010041710183,GAFFTOPSAIL CATFISH,,972.89837017,24,61,201027228704we,,0,05/04/2021
2010,22,7,5,1542220100417006,7,2,04,we,8777180101,629,2,0,0,201027228704we,154222010041710183,GAFFTOPSAIL CATFISH,,972.89837017,24,62,201027228704we,,0,05/04/2021
2010,22,7,5,1542220100417006,7,2,04,we,8777180101,637,2.72,0,0,201027228704we,154222010041710183,GAFFTOPSAIL CATFISH,,972.89837017,25,63,201027228704we,,0,05/04/2021
2010,22,7,5,1542220100417006,7,2,04,we,8777180101,637,2.72,1,1,201027228704we,154222010041710183,GAFFTOPSAIL CATFISH,,972.89837017,25,63,201027228704we,,0,05/04/2021
2010,22,7,5,1542220100417006,7,2,04,we,8777180101,637,2.72,1,1,201027228704we,154222010041710183,GAFFTOPSAIL CATFISH,,972.89837017,25,63,201027228704we,,0,05/04/2021
2010,22,7,5,1542220100417007,7,2,04,we,,,,0,0,201027228704we,154222010041710183,,,972.89837017,,,201027228704we,,0,05/04/2021
2010,22,7,1,1542220100417009,7,2,04,we,,,,0,0,201027228704we,154222010041710183,,,1181.7567502,,,201027228704we,,0,05/04/2021
2010,22,7,5,1542220100417010,7,2,04,we,8835440901,418,0.92,0,0,201027228704we,154222010041710183,RED DRUM,,1397.0836101,16,41,201027228704we,,0,05/04/2021
2010,22,7,5,1542220100417010,7,2,04,we,8835440901,564,1.97,0,0,201027228704we,154222010041710183,RED DRUM,,1397.0836101,22,56,201027228704we,,0,05/04/2021
2010,22,7,5,1542220100417011,7,2,04,we,,,,0,0,201027228704we,154222010041710183,,,1397.0836101,,,201027228704we,,0,05/04/2021
2010,22,7,5,1542220100417012,7,2,04,we,8835440901,614,2.98,0,0,201027228704we,154222010041710183,RED DRUM,,972.89837017,24,61,201027228704we,,0,05/04/2021
2010,22,7,5,1542220100417013,7,2,04,we,,,,0,0,201027228704we,154222010041710183,,,972.89837017,,,201027228704we,,0,05/04/2021
2010,22,7,5,1542220100417014,7,2,04,we,8835440901,426,0.8,1,1,201027228704we,154222010041710183,RED DRUM,,972.89837017,16,42,201027228704we,,0,05/04/2021
2010,22,7,5,1542220100417014,7,2,04,we,8835440901,426,0.8,1,1,201027228704we,154222010041710183,RED DRUM,,972.89837017,16,42,201027228704we,,0,05/04/2021
2010,22,7,5,1542220100417014,7,2,04,we,8835440901,450,1.05,1,1,201027228704we,154222010041710183,RED DRUM,,972.89837017,17,45,201027228704we,,0,05/04/2021
2010,22,7,5,1542220100417014,7,2,04,we,8835440901,481,1.25,1,1,201027228704we,154222010041710183,RED DRUM,,972.89837017,18,48,201027228704we,,0,05/04/2021
2010,22,7,5,1542220100417015,7,2,04,we,,,,0,0,201027228704we,154222010041710183,,,972.89837017,,,201027228704we,,0,05/04/2021
2010,22,7,5,1542220100417016,7,2,04,we,,,,0,0,201027228704we,154222010041710183,,,972.89837017,,,201027228704we,,0,05/04/2021
2010,22,7,5,1542220100417017,7,2,04,we,,,,0,0,201027228704we,154222010041710183,,,972.89837017,,,201027228704we,,0,05/04/2021
2010,22,7,5,1542220100417018,7,2,04,we,,,,0,0,201027228704we,154222010041710183,,,972.89837017,,,201027228704we,,0,05/04/2021
2010,22,7,5,1542220100417019,7,2,04,we,,,,0,0,201027228704we,154222010041710183,,,775.12936889,,,201027228704we,,0,05/04/2021
2010,22,7,5,1542220100417020,7,2,04,we,,,,0,0,201027228704we,154222010041710183,,,775.12936889,,,201027228704we,,0,05/04/2021
2010,22,7,5,1542220100417021,7,2,04,we,,,,0,0,201027228704we,154222010041710183,,,972.89837017,,,201027228704we,,0,05/04/2021
2010,22,7,5,1542220100417023,7,2,04,we,,,,0,0,201027228704we,154222010041710183,,,972.89837017,,,201027228704we,,0,05/04/2021
2010,22,7,5,1542220100417024,7,2,04,we,,,,0,0,201027228704we,154222010041710183,,,972.89837017,,,201027228704we,,0,05/04/2021
2010,22,7,5,1542220100417025,7,2,04,we,,,,0,0,201027228704we,154222010041710183,,,972.89837017,,,201027228704we,,0,05/04/2021
2010,22,7,5,1542220100417026,7,2,04,we,,,,0,0,201027228704we,154222010041710183,,,775.12936889,,,201027228704we,,0,05/04/2021
2010,22,7,1,1542220100417027,7,2,04,we,,,,0,0,201027228704we,154222010041710183,,,1181.7567502,,,201027228704we,,0,05/04/2021
2010,22,7,1,1542220100417028,7,2,04,we,,,,0,0,201027228704we,154222010041710183,,,941.53139943,,,201027228704we,,0,05/04/2021
2010,22,7,5,1542220100417029,7,2,04,we,8835440901,547,1.68,0,0,201027228704we,154222010041710183,RED DRUM,,972.89837017,21,54,201027228704we,,0,05/04/2021
2010,22,7,5,1542220100417029,7,2,04,we,8835440901,607,2.25,0,0,201027228704we,154222010041710183,RED DRUM,,972.89837017,23,60,201027228704we,,0,05/04/2021
2010,22,7,5,1542220100417030,7,2,04,we,8857030304,452,1.03,0,0,201027228704we,154222010041710183,SOUTHERN FLOUNDER,,972.89837017,17,45,201027228704we,,0,05/04/2021
2010,22,7,5,1542220100417030,7,2,04,we,8835440901,488,1.16,0,0,201027228704we,154222010041710183,RED DRUM,,972.89837017,19,48,201027228704we,,0,05/04/2021
2010,22,7,5,1542220100417030,7,2,04,we,8835440901,594,2.5,1,1,201027228704we,154222010041710183,RED DRUM,,972.89837017,23,59,201027228704we,,0,05/04/2021
2010,22,7,5,1542220100417030,7,2,04,we,8835440901,661,3.25,1,1,201027228704we,154222010041710183,RED DRUM,,972.89837017,26,66,201027228704we,,0,05/04/2021
2010,22,7,5,1545520100403002,7,2,04,we,,,,0,0,201027228704we,1545520100403109341,,,8754.3888511,,,201027228704we,,0,05/04/2021
2010,22,7,5,1545520100403003,7,2,04,we,8835440901,559,1.7,1,1,201027228704we,1545520100403109341,RED DRUM,,12554.662855,22,55,201027228704we,,0,05/04/2021
2010,22,7,5,1545520100403003,7,2,04,we,8835440901,633,3.25,1,1,201027228704we,1545520100403109341,RED DRUM,,12554.662855,24,63,201027228704we,,0,05/04/2021
2010,22,7,5,1545520100403003,7,2,04,we,8835440901,650,3.5,1,1,201027228704we,1545520100403109341,RED DRUM,,12554.662855,25,65,201027228704we,,0,05/04/2021
2010,22,7,5,1545520100403003,7,2,04,we,8835440901,667,3.6,1,1,201027228704we,1545520100403109341,RED DRUM,,12554.662855,26,66,201027228704we,,0,05/04/2021
2010,22,7,5,1545520100403003,7,2,04,we,8835440901,667,3.6,1,1,201027228704we,1545520100403109341,RED DRUM,,12554.662855,26,66,201027228704we,,0,05/04/2021
2010,22,7,5,1545520100403003,7,2,04,we,8835440102,489,1.111184397,1,1,201027228704we,1545520100403109341,SPOTTED SEATROUT,,6974.8126971,19,48,201027228704we,,0,05/04/2021
2010,22,7,5,1545520100403004,7,2,04,we,,,,0,0,201027228704we,1545520100403109341,,,6974.8126971,,,201027228704we,,0,05/04/2021
2010,22,7,5,1545520100403005,7,2,04,we,,,,0,0,201027228704we,1545520100403109341,,,6974.8126971,,,201027228704we,,0,05/04/2021
2010,22,7,5,1547020100305003,7,2,03,wd,8835440901,427,0.9,0,0,201027228703wd,154702010030510979,RED DRUM,,770.03608277,16,42,201027228703wd,,0,05/04/2021
2010,22,7,5,1547020100305003,7,2,03,wd,8835440901,508,1.4,0,0,201027228703wd,154702010030510979,RED DRUM,,770.03608277,19,50,201027228703wd,,0,05/04/2021
2010,22,7,5,1547020100305003,7,2,03,wd,8835440901,510,1.4,0,0,201027228703wd,154702010030510979,RED DRUM,,770.03608277,20,51,201027228703wd,,0,05/04/2021
2010,22,7,5,1547020100305003,7,2,03,wd,8835440901,511,1.75,0,0,201027228703wd,154702010030510979,RED DRUM,,770.03608277,20,51,201027228703wd,,0,05/04/2021
2010,22,7,5,1547020100305003,7,2,03,wd,8835440901,520,1.7,0,0,201027228703wd,154702010030510979,RED DRUM,,770.03608277,20,52,201027228703wd,,0,05/04/2021
2010,22,7,5,1547020100305003,7,2,03,wd,8835440901,520,1.6,0,0,201027228703wd,154702010030510979,RED DRUM,,770.03608277,20,52,201027228703wd,,0,05/04/2021
2010,22,7,5,1547020100305003,7,2,03,wd,8835440901,521,1.7,0,0,201027228703wd,154702010030510979,RED DRUM,,770.03608277,20,52,201027228703wd,,0,05/04/2021
2010,22,7,5,1547020100305003,7,2,03,wd,8835440901,540,2,0,0,201027228703wd,154702010030510979,RED DRUM,,770.03608277,21,54,201027228703wd,,0,05/04/2021
2010,22,7,5,1547020100305003,7,2,03,wd,8835440901,543,2,0,0,201027228703wd,154702010030510979,RED DRUM,,770.03608277,21,54,201027228703wd,,0,05/04/2021
2010,22,7,5,1547020100305003,7,2,03,wd,8835440901,558,2.25,0,0,201027228703wd,154702010030510979,RED DRUM,,770.03608277,21,55,201027228703wd,,0,05/04/2021
2010,22,7,5,1547020100305003,7,2,03,wd,8835440901,564,2.25,0,0,201027228703wd,154702010030510979,RED DRUM,,770.03608277,22,56,201027228703wd,,0,05/04/2021
2010,22,7,5,1547020100305003,7,2,03,wd,8835440901,580,2.25,0,0,201027228703wd,154702010030510979,RED DRUM,,770.03608277,22,58,201027228703wd,,0,05/04/2021
2010,22,7,5,1547020100305003,7,2,03,wd,8835440901,599,2.75,0,0,201027228703wd,154702010030510979,RED DRUM,,770.03608277,23,59,201027228703wd,,0,05/04/2021
2010,22,7,5,1547020100305003,7,2,03,wd,8835440901,600,2.75,0,0,201027228703wd,154702010030510979,RED DRUM,,770.03608277,23,60,201027228703wd,,0,05/04/2021
2010,22,7,5,1547020100305003,7,2,03,wd,8835440901,632,2.75,0,0,201027228703wd,154702010030510979,RED DRUM,,770.03608277,24,63,201027228703wd,,0,05/04/2021
2010,22,7,5,1547020100305004,7,2,03,wd,,,,0,0,201027228703wd,154702010030510979,,,770.03608277,,,201027228703wd,,0,05/04/2021
2010,22,7,5,1547020100305005,7,2,03,wd,,,,0,0,201027228703wd,154702010030510979,,,1127.5176912,,,201027228703wd,,0,05/04/2021
2010,22,7,5,1547020100305006,7,2,03,wd,8835440901,426,0.8,0,0,201027228703wd,154702010030510979,RED DRUM,,770.03608277,16,42,201027228703wd,,0,05/04/2021
2010,22,7,5,1547020100305006,7,2,03,wd,8835440901,450,1.05,0,0,201027228703wd,154702010030510979,RED DRUM,,770.03608277,17,45,201027228703wd,,0,05/04/2021
2010,22,7,5,1547020100305006,7,2,03,wd,8835440901,481,1.25,0,0,201027228703wd,154702010030510979,RED DRUM,,770.03608277,18,48,201027228703wd,,0,05/04/2021
2010,22,7,5,1547020100305006,7,2,03,wd,8835440901,490,1.5,0,0,201027228703wd,154702010030510979,RED DRUM,,770.03608277,19,49,201027228703wd,,0,05/04/2021
2010,22,7,5,1547020100305006,7,2,03,wd,8835440901,519,1.5,0,0,201027228703wd,154702010030510979,RED DRUM,,770.03608277,20,51,201027228703wd,,0,05/04/2021
2010,22,7,5,1547020100305006,7,2,03,wd,8835440901,547,2,0,0,201027228703wd,154702010030510979,RED DRUM,,770.03608277,21,54,201027228703wd,,0,05/04/2021
2010,22,7,5,1547020100305006,7,2,03,wd,8835440901,567,2.5,0,0,201027228703wd,154702010030510979,RED DRUM,,770.03608277,22,56,201027228703wd,,0,05/04/2021
2010,22,7,5,1547020100305006,7,2,03,wd,8835440901,616,3.25,0,0,201027228703wd,154702010030510979,RED DRUM,,770.03608277,24,61,201027228703wd,,0,05/04/2021
2010,22,7,5,1547020100305006,7,2,03,wd,8835440901,631,3.25,0,0,201027228703wd,154702010030510979,RED DRUM,,770.03608277,24,63,201027228703wd,,0,05/04/2021
2010,22,7,5,1547020100305006,7,2,03,wd,8835440901,654,3.25,0,0,201027228703wd,154702010030510979,RED DRUM,,770.03608277,25,65,201027228703wd,,0,05/04/2021
2010,22,7,5,1547020100305008,7,2,03,wd,8835430301,405,1.75,1,1,201027228703wd,154702010030510979,SHEEPSHEAD,,1540.0721655,15,40,201027228703wd,,0,05/04/2021
2010,22,7,5,1547020100305008,7,2,03,wd,8835430301,495,1.9,1,1,201027228703wd,154702010030510979,SHEEPSHEAD,,1540.0721655,19,49,201027228703wd,,0,05/04/2021
2010,22,7,5,1547020100305008,7,2,03,wd,8835430301,384,1.25,1,1,201027228703wd,154702010030510979,SHEEPSHEAD,,1540.0721655,15,38,201027228703wd,,0,05/04/2021
2010,22,7,5,1547020100305009,7,2,03,wd,,,,0,0,201027228703wd,154702010030510979,,,770.03608277,,,201027228703wd,,0,05/04/2021
2010,22,7,5,1547020100305010,7,2,03,wd,,,,0,0,201027228703wd,154702010030510979,,,770.03608277,,,201027228703wd,,0,05/04/2021
2010,22,7,5,1547020100320002,7,2,03,we,,,,0,0,201027228703we,1547020100320109147,,,2241.11409,,,201027228703we,,0,05/04/2021
2010,22,7,5,1547020100320003,7,2,03,we,,,,0,0,201027228703we,1547020100320109147,,,1999.8073236,,,201027228703we,,0,05/04/2021
2010,22,7,5,1547020100320005,7,2,03,we,,,,0,0,201027228703we,1547020100320109147,,,3750.5588667,,,201027228703we,,0,05/04/2021
2010,22,7,5,1547020100320006,7,2,03,we,8777020102,676,5,1,1,201027228703we,1547020100320109147,BLUE CATFISH,,2812.91915,26,67,201027228703we,,0,05/04/2021
2010,22,7,5,1547020100320006,7,2,03,we,8777020105,375,1,1,1,201027228703we,1547020100320109147,CHANNEL CATFISH,,2812.91915,14,37,201027228703we,,0,05/04/2021
2010,22,7,5,1547020100320006,7,2,03,we,8857030304,452,1.03,1,1,201027228703we,1547020100320109147,SOUTHERN FLOUNDER,,2812.91915,17,45,201027228703we,,0,05/04/2021
2010,22,7,5,1547020100320006,7,2,03,we,8777020105,336,0.46,1,1,201027228703we,1547020100320109147,CHANNEL CATFISH,,2812.91915,13,33,201027228703we,,0,05/04/2021
2010,22,7,1,1547020100330001,7,2,03,wd,,,,0,0,201027228703wd,1547020100330109109,,,7144.3460783,,,201027228703wd,,0,05/04/2021
2010,22,7,1,1547020100330002,7,2,03,wd,,,,0,0,201027228703wd,1547020100330109109,,,7144.3460783,,,201027228703wd,,0,05/04/2021
2010,22,7,5,1547020100330004,7,2,03,wd,8850030502,551,1.34,1,1,201027228703wd,1547020100330109109,SPANISH MACKEREL,,3124.0453198,21,55,201027228703wd,,0,05/04/2021
2010,22,7,5,1547020100330004,7,2,03,wd,8835430301,450,2.25,1,1,201027228703wd,1547020100330109109,SHEEPSHEAD,,9372.1359594,17,45,201027228703wd,,0,05/04/2021
2010,22,7,5,1547020100330004,7,2,03,wd,8850030502,330,0.28,1,1,201027228703wd,1547020100330109109,SPANISH MACKEREL,,3124.0453198,12,33,201027228703wd,,0,05/04/2021
2010,22,7,5,1547020100330004,7,2,03,wd,8835430301,434,1.9350065904,1,1,201027228703wd,1547020100330109109,SHEEPSHEAD,,9372.1359594,17,43,201027228703wd,,0,05/04/2021
2010,22,7,5,1547020100330004,7,2,03,wd,8835430301,450,2.25,1,1,201027228703wd,1547020100330109109,SHEEPSHEAD,,9372.1359594,17,45,201027228703wd,,0,05/04/2021
2010,22,7,5,1547020100330004,7,2,03,wd,8835440901,696,4.2,1,1,201027228703wd,1547020100330109109,RED DRUM,,3124.0453198,27,69,201027228703wd,,0,05/04/2021
2010,22,7,5,1547020100330004,7,2,03,wd,8835430301,273,0.55,1,1,201027228703wd,1547020100330109109,SHEEPSHEAD,,9372.1359594,10,27,201027228703wd,,0,05/04/2021
2010,22,7,5,1547020100330004,7,2,03,wd,8835440901,548,1.8,1,1,201027228703wd,1547020100330109109,RED DRUM,,3124.0453198,21,54,201027228703wd,,0,05/04/2021
2010,22,7,5,1547020100330004,7,2,03,wd,8835430301,362,1.25,1,1,201027228703wd,1547020100330109109,SHEEPSHEAD,,9372.1359594,14,36,201027228703wd,,0,05/04/2021
2010,22,7,5,1547020100430001,7,2,04,wd,,,,0,0,201027228704wd,154702010043010979,,,2493.7444873,,,201027228704wd,,0,05/04/2021
2010,22,7,5,1547720100326003,7,2,03,wd,8835440801,576,3,0,0,201027228703wd,154772010032675232,BLACK DRUM,,2549.4422176,22,57,201027228703wd,,0,05/04/2021
2010,22,7,5,1547720100326003,7,2,03,wd,8835430301,410,1.6,0,0,201027228703wd,154772010032675232,SHEEPSHEAD,,2549.4422176,16,41,201027228703wd,,0,05/04/2021
2010,22,7,5,1547720100326004,7,2,03,wd,8835440801,605,3.75,0,0,201027228703wd,154772010032675232,BLACK DRUM,,2549.4422176,23,60,201027228703wd,,0,05/04/2021
2010,22,7,5,1547720100326005,7,2,03,wd,,,,0,0,201027228703wd,154772010032675232,,,2549.4422176,,,201027228703wd,,0,05/04/2021
2010,22,7,5,1547720100410001,7,2,04,we,,,,0,0,201027228704we,154772010041051127,,,882.62309586,,,201027228704we,,0,05/04/2021
2010,22,7,5,1547720100410003,7,2,04,we,8835440901,559,1.7,0,0,201027228704we,154772010041051127,RED DRUM,,1640.7183014,22,55,201027228704we,,0,05/04/2021
2010,22,7,5,1547720100410003,7,2,04,we,8835440901,594,2.5,0,0,201027228704we,154772010041051127,RED DRUM,,1640.7183014,23,59,201027228704we,,0,05/04/2021
2010,22,7,5,1547720100410003,7,2,04,we,8835440901,661,3.25,0,0,201027228704we,154772010041051127,RED DRUM,,1640.7183014,26,66,201027228704we,,0,05/04/2021
2010,22,7,5,1547720100410005,7,2,04,we,8835440901,667,3.6,0,0,201027228704we,154772010041051127,RED DRUM,,882.62309586,26,66,201027228704we,,0,05/04/2021
2010,22,7,5,1547720100410005,7,2,04,we,8835440901,633,3.25,0,0,201027228704we,154772010041051127,RED DRUM,,882.62309586,24,63,201027228704we,,0,05/04/2021
2010,22,7,5,1547720100410005,7,2,04,we,8835440901,650,3.5,0,0,201027228704we,154772010041051127,RED DRUM,,882.62309586,25,65,201027228704we,,0,05/04/2021
2010,22,7,5,1547720100410008,7,2,04,we,8835440901,548,1.8,0,0,201027228704we,154772010041051127,RED DRUM,,882.62309586,21,54,201027228704we,,0,05/04/2021
2010,22,7,5,1547720100410008,7,2,04,we,8835440901,696,4.2,0,0,201027228704we,154772010041051127,RED DRUM,,882.62309586,27,69,201027228704we,,0,05/04/2021
2010,28,3,5,1520020100407001,7,2,04,wd,,,,0,0,201027288304wd,152002010040747107,,,1126.1251088,,,201027288304wd,,0,05/04/2021
2010,28,3,5,1520020100407002,7,2,04,wd,,,,0,0,201027288304wd,152002010040747107,,,1126.1251088,,,201027288304wd,,0,05/04/2021
2010,28,3,5,1520020100407004,7,2,04,wd,,,,0,0,201027288304wd,152002010040747107,,,1126.1251088,,,201027288304wd,,0,05/04/2021
2010,28,3,5,1523620100327003,7,2,03,we,,,,0,0,201027288303we,1523620100327591528,,,1332.3019824,,,201027288303we,,0,05/04/2021
2010,28,3,5,1523620100327004,7,2,03,we,,,,0,0,201027288303we,1523620100327591528,,,1332.3019824,,,201027288303we,,0,05/04/2021
2010,28,3,5,1523620100410002,7,2,04,we,,,,0,0,201027288304we,15236201004105933,,,2207.6530714,,,201027288304we,,0,05/04/2021
2010,28,3,5,1523620100410004,7,2,04,we,,,,0,0,201027288304we,15236201004105933,,,2207.6530714,,,201027288304we,,0,05/04/2021
2010,28,3,5,1523620100410007,7,2,04,we,,,,0,0,201027288304we,15236201004105985,,,7318.7815186,,,201027288304we,,0,05/04/2021
2010,28,3,5,1523620100418002,7,2,04,we,,,,0,0,201027288304we,15236201004185959,,,7511.4230373,,,201027288304we,,0,05/04/2021
2010,28,3,5,1523620100418003,7,2,04,we,,,,0,0,201027288304we,15236201004185959,,,7511.4230373,,,201027288304we,,0,05/04/2021
2010,28,3,5,1523620100418004,7,2,04,we,,,,0,0,201027288304we,15236201004185959,,,7511.4230373,,,201027288304we,,0,05/04/2021
2010,28,3,5,1523620100418006,7,2,04,we,,,,0,0,201027288304we,1523620100418591528,,,1650.3230872,,,201027288304we,,0,05/04/2021
2010,28,3,5,1523620100418007,7,2,04,we,,,,0,0,201027288304we,1523620100418591528,,,1650.3230872,,,201027288304we,,0,05/04/2021
2010,28,3,5,1523620100418008,7,2,04,we,,,,0,0,201027288304we,1523620100418591528,,,1650.3230872,,,201027288304we,,0,05/04/2021
2010,28,3,5,1523620100419001,7,2,04,wd,8835440106,279,0.14,0,0,201027288304wd,152362010041947107,SAND SEATROUT,,533.4276831,10,27,201027288304wd,,0,05/04/2021
2010,28,3,5,1523620100419001,7,2,04,wd,8835440106,268,0.12,0,0,201027288304wd,152362010041947107,SAND SEATROUT,,533.4276831,10,26,201027288304wd,,0,05/04/2021
2010,28,3,5,1523620100419001,7,2,04,wd,8835440106,281,0.13,0,0,201027288304wd,152362010041947107,SAND SEATROUT,,533.4276831,11,28,201027288304wd,,0,05/04/2021
2010,28,3,5,1523620100419001,7,2,04,wd,8835440106,273,0.12,0,0,201027288304wd,152362010041947107,SAND SEATROUT,,533.4276831,10,27,201027288304wd,,0,05/04/2021
2010,28,3,5,1523620100429001,7,2,04,wd,,,,0,0,201027288304wd,15236201004295973,,,4455.5461222,,,201027288304wd,,0,05/04/2021
2010,28,3,5,1523620100429002,7,2,04,wd,,,,0,0,201027288304wd,15236201004295973,,,4455.5461222,,,201027288304wd,,0,05/04/2021
2010,28,3,5,1537220100314001,7,2,03,we,8835440702,209,0.09,0,0,201027288303we,15372201003145973,ATLANTIC CROAKER,,2944.7349105,8,20,201027288303we,,0,05/04/2021
2010,28,3,5,1537220100314001,7,2,03,we,8835440702,213,0.1,0,0,201027288303we,15372201003145973,ATLANTIC CROAKER,,2944.7349105,8,21,201027288303we,,0,05/04/2021
2010,28,3,5,1537220100314001,7,2,03,we,8835440702,218,0.11,0,0,201027288303we,15372201003145973,ATLANTIC CROAKER,,2944.7349105,8,21,201027288303we,,0,05/04/2021
2010,28,3,5,1537220100314001,7,2,03,we,8835440702,211,0.08,0,0,201027288303we,15372201003145973,ATLANTIC CROAKER,,2944.7349105,8,21,201027288303we,,0,05/04/2021
2010,28,3,5,1537220100314001,7,2,03,we,8835440702,241,0.23,0,0,201027288303we,15372201003145973,ATLANTIC CROAKER,,2944.7349105,9,24,201027288303we,,0,05/04/2021
2010,28,3,5,1537220100314001,7,2,03,we,8835440702,219,0.13,0,0,201027288303we,15372201003145973,ATLANTIC CROAKER,,2944.7349105,8,21,201027288303we,,0,05/04/2021
2010,28,3,5,1537220100314001,7,2,03,we,8835440702,254,0.25,0,0,201027288303we,15372201003145973,ATLANTIC CROAKER,,2944.7349105,9,25,201027288303we,,0,05/04/2021
2010,28,3,5,1537220100314001,7,2,03,we,8835440702,237,0.23,0,0,201027288303we,15372201003145973,ATLANTIC CROAKER,,2944.7349105,9,23,201027288303we,,0,05/04/2021
2010,28,3,5,1537220100314001,7,2,03,we,8835440301,178,0.08,0,0,201027288303we,15372201003145973,SILVER PERCH,,2944.7349105,7,17,201027288303we,,0,05/04/2021
2010,28,3,5,1537220100314001,7,2,03,we,8835440702,224,0.18,0,0,201027288303we,15372201003145973,ATLANTIC CROAKER,,2944.7349105,8,22,201027288303we,,0,05/04/2021
2010,28,3,5,1537220100314001,7,2,03,we,8835440702,244,0.23,0,0,201027288303we,15372201003145973,ATLANTIC CROAKER,,2944.7349105,9,24,201027288303we,,0,05/04/2021
2010,28,3,5,1537220100314004,7,2,03,we,,,,0,0,201027288303we,15372201003145973,,,8177.1876753,,,201027288303we,,0,05/04/2021
2010,28,3,5,1537220100314005,7,2,03,we,8835440106,280,0.18,0,0,201027288303we,15372201003145973,SAND SEATROUT,,8212.79924,11,28,201027288303we,,0,05/04/2021
2010,28,3,5,1537220100314005,7,2,03,we,8835440601,277,0.29,0,0,201027288303we,15372201003145973,SOUTHERN KINGFISH,,8212.79924,10,27,201027288303we,,0,05/04/2021
2010,28,3,5,1537220100402001,7,2,04,wd,8835440102,572,1.95,0,0,201027288304wd,15372201004024752,SPOTTED SEATROUT,,3679.9584981,22,57,201027288304wd,,0,05/04/2021
2010,28,3,5,1537220100417001,7,2,04,we,,,,0,0,201027288304we,153722010041747120,,,11888.735105,,,201027288304we,,0,05/04/2021
2010,28,3,5,1537220100417002,7,2,04,we,8835440901,613,2.7553141161,0,1,201027288304we,153722010041747120,RED DRUM,,12777.759924,24,61,201027288304we,,0,05/04/2021
2010,28,3,5,1537720100308001,7,2,03,wd,,,,0,0,201027288303wd,153772010030847275,,,7405.6632057,,,201027288303wd,,0,05/04/2021
2010,28,3,5,1537720100308002,7,2,03,wd,,,,0,0,201027288303wd,15377201003084751,,,22605.930971,,,201027288303wd,,0,05/04/2021
2010,28,3,5,1537720100308003,7,2,03,wd,,,,0,0,201027288303wd,15377201003084751,,,22605.930971,,,201027288303wd,,0,05/04/2021
2010,28,3,5,1537720100402002,7,2,04,wd,8835440702,224,0.18,1,1,201027288304wd,15377201004024751,ATLANTIC CROAKER,,3814.1980392,8,22,201027288304wd,,0,05/04/2021
2010,28,3,5,1537720100402002,7,2,04,wd,8835440702,218,0.11,1,1,201027288304wd,15377201004024751,ATLANTIC CROAKER,,3814.1980392,8,21,201027288304wd,,0,05/04/2021
2010,28,3,5,1537720100402002,7,2,04,wd,8835440702,241,0.23,1,1,201027288304wd,15377201004024751,ATLANTIC CROAKER,,3814.1980392,9,24,201027288304wd,,0,05/04/2021
2010,28,3,5,1537720100402003,7,2,04,wd,,,,0,0,201027288304wd,15377201004024751,,,3814.1980392,,,201027288304wd,,0,05/04/2021
2010,28,3,5,1537720100402004,7,2,04,wd,8835440801,931,11.99,0,0,201027288304wd,15377201004024752,BLACK DRUM,,1022.2106939,36,93,201027288304wd,,0,05/04/2021
2010,28,3,5,1537720100413001,7,2,04,wd,8835430301,299,0.65,0,0,201027288304wd,15377201004135991,SHEEPSHEAD,,8831.7322873,11,29,201027288304wd,,0,05/04/2021
2010,28,3,5,1537720100413002,7,2,04,wd,,,,0,0,201027288304wd,15377201004135991,,,4733.7041943,,,201027288304wd,,0,05/04/2021
2010,28,3,5,1537720100414001,7,2,04,wd,8835440601,255,0.19,0,0,201027288304wd,15377201004144751,SOUTHERN KINGFISH,,2609.7144479,10,25,201027288304wd,,0,05/04/2021
2010,28,3,5,1537720100414001,7,2,04,wd,8835440106,243,0.13,0,0,201027288304wd,15377201004144751,SAND SEATROUT,,2609.7144479,9,24,201027288304wd,,0,05/04/2021
2010,28,3,5,1537720100414001,7,2,04,wd,8835440102,421,0.75,0,0,201027288304wd,15377201004144751,SPOTTED SEATROUT,,2609.7144479,16,42,201027288304wd,,0,05/04/2021
2010,28,3,5,1537720100414001,7,2,04,wd,8835440601,261,0.2,0,0,201027288304wd,15377201004144751,SOUTHERN KINGFISH,,2609.7144479,10,26,201027288304wd,,0,05/04/2021
2010,28,3,5,1537720100414001,7,2,04,wd,8835440106,286,0.22,0,0,201027288304wd,15377201004144751,SAND SEATROUT,,2609.7144479,11,28,201027288304wd,,0,05/04/2021
2010,28,3,5,1537720100414002,7,2,04,wd,,,,0,0,201027288304wd,15377201004144751,,,2609.7144479,,,201027288304wd,,0,05/04/2021
2010,28,3,5,1542520100308003,7,2,03,wd,,,,0,0,201027288303wd,15425201003084752,,,2242.6683103,,,201027288303wd,,0,05/04/2021
2010,28,3,5,1542520100308004,7,2,03,wd,,,,0,0,201027288303wd,15425201003084752,,,2242.6683103,,,201027288303wd,,0,05/04/2021
2010,28,3,5,1542520100308007,7,2,03,wd,8835440102,449,0.8,0,0,201027288303wd,15425201003084752,SPOTTED SEATROUT,,2242.6683103,17,44,201027288303wd,,0,05/04/2021
2010,28,3,5,1542520100308007,7,2,03,wd,8835440102,356,0.57,0,0,201027288303wd,15425201003084752,SPOTTED SEATROUT,,2242.6683103,14,35,201027288303wd,,0,05/04/2021
2010,28,3,5,1542520100308007,7,2,03,wd,8835440102,449,0.76,0,0,201027288303wd,15425201003084752,SPOTTED SEATROUT,,2242.6683103,17,44,201027288303wd,,0,05/04/2021
2010,28,3,5,1542520100308007,7,2,03,wd,8835440102,519,1.26,0,0,201027288303wd,15425201003084752,SPOTTED SEATROUT,,2242.6683103,20,51,201027288303wd,,0,05/04/2021
2010,28,3,5,1542520100308008,7,2,03,wd,8835440102,366,0.33,0,0,201027288303wd,15425201003084752,SPOTTED SEATROUT,,2242.6683103,14,36,201027288303wd,,0,05/04/2021
2010,28,3,5,1542520100308008,7,2,03,wd,8835440102,457,0.81,0,0,201027288303wd,15425201003084752,SPOTTED SEATROUT,,2242.6683103,17,45,201027288303wd,,0,05/04/2021
2010,28,3,5,1542520100308008,7,2,03,wd,8835440102,375,0.39,0,0,201027288303wd,15425201003084752,SPOTTED SEATROUT,,2242.6683103,14,37,201027288303wd,,0,05/04/2021
2010,28,3,5,1542520100308011,7,2,03,wd,8835440102,346,0.37,0,0,201027288303wd,15425201003084752,SPOTTED SEATROUT,,2086.6325262,13,34,201027288303wd,,0,05/04/2021
2010,28,3,5,1542520100308011,7,2,03,wd,8835440102,489,1.1,0,0,201027288303wd,15425201003084752,SPOTTED SEATROUT,,2086.6325262,19,48,201027288303wd,,0,05/04/2021
2010,28,3,5,2537720100411001,7,2,04,we,8857030304,381,0.67,0,0,201027288304we,25377201004114752,SOUTHERN FLOUNDER,,1208.9029948,14,38,201027288304we,,0,05/04/2021
2010,28,3,5,2537720100411002,7,2,04,we,,,,0,0,201027288304we,25377201004114752,,,1173.2914301,,,201027288304we,,0,05/04/2021
2010,28,3,5,2537720100411003,7,2,04,we,8835440702,211,0.08,1,1,201027288304we,25377201004114752,ATLANTIC CROAKER,,1173.2914301,8,21,201027288304we,,0,05/04/2021
2010,28,3,5,2537720100411003,7,2,04,we,8835440702,213,0.1,1,1,201027288304we,25377201004114752,ATLANTIC CROAKER,,1173.2914301,8,21,201027288304we,,0,05/04/2021
2010,28,3,5,2537720100411004,7,2,04,we,8835440106,262,0.17,0,0,201027288304we,25377201004114752,SAND SEATROUT,,1208.9029948,10,26,201027288304we,,0,05/04/2021
2010,28,3,5,2537720100411004,7,2,04,we,8835440106,279,0.2,0,0,201027288304we,25377201004114752,SAND SEATROUT,,1208.9029948,10,27,201027288304we,,0,05/04/2021
2010,28,3,5,2537720100411004,7,2,04,we,8835440106,241,0.13,0,0,201027288304we,25377201004114752,SAND SEATROUT,,1208.9029948,9,24,201027288304we,,0,05/04/2021
2010,28,3,5,2537720100411004,7,2,04,we,8835440106,259,0.16,0,0,201027288304we,25377201004114752,SAND SEATROUT,,1208.9029948,10,25,201027288304we,,0,05/04/2021
2010,28,3,5,2537720100411004,7,2,04,we,8835440106,287,0.23,0,0,201027288304we,25377201004114752,SAND SEATROUT,,1208.9029948,11,28,201027288304we,,0,05/04/2021
2010,28,3,5,2537720100411004,7,2,04,we,8835440106,236,0.12,0,0,201027288304we,25377201004114752,SAND SEATROUT,,1208.9029948,9,23,201027288304we,,0,05/04/2021
2010,28,3,5,2537720100411005,7,2,04,we,,,,0,0,201027288304we,25377201004114752,,,1173.2914301,,,201027288304we,,0,05/04/2021
2010,28,3,5,2537720100411006,7,2,04,we,,,,0,0,201027288304we,25377201004114752,,,1173.2914301,,,201027288304we,,0,05/04/2021
2010,28,5,5,1508520100311001,7,2,03,wd,8835440901,681,3.21,0,0,201027288503wd,15085201003114749,RED DRUM,,35.562874772,26,68,201027288503wd,,0,05/04/2021
2010,28,5,5,1508520100311001,7,2,03,wd,8835430301,305,0.72,0,0,201027288503wd,15085201003114749,SHEEPSHEAD,,35.562874772,12,30,201027288503wd,,0,05/04/2021
2010,28,5,5,1508520100311001,7,2,03,wd,8835430301,341,0.97,0,0,201027288503wd,15085201003114749,SHEEPSHEAD,,35.562874772,13,34,201027288503wd,,0,05/04/2021
2010,28,5,5,1508520100311001,7,2,03,wd,8835430301,350,1.05,0,0,201027288503wd,15085201003114749,SHEEPSHEAD,,35.562874772,13,35,201027288503wd,,0,05/04/2021
2010,28,5,5,1508520100311001,7,2,03,wd,8835430301,351,0.91,0,0,201027288503wd,15085201003114749,SHEEPSHEAD,,35.562874772,13,35,201027288503wd,,0,05/04/2021
2010,28,5,5,1508520100311001,7,2,03,wd,8835430301,323,0.79,0,0,201027288503wd,15085201003114749,SHEEPSHEAD,,35.562874772,12,32,201027288503wd,,0,05/04/2021
2010,28,5,5,1508520100311001,7,2,03,wd,8835430301,306,0.63,0,0,201027288503wd,15085201003114749,SHEEPSHEAD,,35.562874772,12,30,201027288503wd,,0,05/04/2021
2010,28,5,5,1508520100311001,7,2,03,wd,8835430301,376,1.22,0,0,201027288503wd,15085201003114749,SHEEPSHEAD,,35.562874772,14,37,201027288503wd,,0,05/04/2021
2010,28,5,5,1508520100311001,7,2,03,wd,8835430301,352,1.03,0,0,201027288503wd,15085201003114749,SHEEPSHEAD,,35.562874772,13,35,201027288503wd,,0,05/04/2021
2010,28,5,5,1508520100311001,7,2,03,wd,8835430301,420,1.8,0,0,201027288503wd,15085201003114749,SHEEPSHEAD,,35.562874772,16,42,201027288503wd,,0,05/04/2021
2010,28,5,5,1508520100311001,7,2,03,wd,8835430301,380,1.2,0,0,201027288503wd,15085201003114749,SHEEPSHEAD,,35.562874772,14,38,201027288503wd,,0,05/04/2021
2010,28,5,5,1508520100311001,7,2,03,wd,8835430301,362,1.02,0,0,201027288503wd,15085201003114749,SHEEPSHEAD,,35.562874772,14,36,201027288503wd,,0,05/04/2021
2010,28,5,5,1508520100320001,7,2,03,we,8835440801,245,0.21,0,0,201027288503we,15085201003204749,BLACK DRUM,,162.58303943,9,24,201027288503we,,0,05/04/2021
2010,28,5,5,1508520100320001,7,2,03,we,8835440801,253,0.24,0,0,201027288503we,15085201003204749,BLACK DRUM,,162.58303943,9,25,201027288503we,,0,05/04/2021
2010,28,5,5,1508520100320001,7,2,03,we,8857030304,332,0.42,0,0,201027288503we,15085201003204749,SOUTHERN FLOUNDER,,162.58303943,13,33,201027288503we,,0,05/04/2021
2010,28,5,5,1508520100320001,7,2,03,we,8835440801,259,0.26,0,0,201027288503we,15085201003204749,BLACK DRUM,,162.58303943,10,25,201027288503we,,0,05/04/2021
2010,28,5,5,1508520100320001,7,2,03,we,8835440801,284,0.31,0,0,201027288503we,15085201003204749,BLACK DRUM,,162.58303943,11,28,201027288503we,,0,05/04/2021
2010,28,5,5,1508520100320001,7,2,03,we,8835440801,259,0.26,0,0,201027288503we,15085201003204749,BLACK DRUM,,162.58303943,10,25,201027288503we,,0,05/04/2021
2010,28,5,5,1508520100320001,7,2,03,we,8835440801,282,0.28,0,0,201027288503we,15085201003204749,BLACK DRUM,,162.58303943,11,28,201027288503we,,0,05/04/2021
2010,28,5,5,1508520100320001,7,2,03,we,8835440801,353,0.61,0,0,201027288503we,15085201003204749,BLACK DRUM,,162.58303943,13,35,201027288503we,,0,05/04/2021
2010,28,5,5,1508520100320001,7,2,03,we,8857030304,302,0.28,0,0,201027288503we,15085201003204749,SOUTHERN FLOUNDER,,162.58303943,11,30,201027288503we,,0,05/04/2021
2010,28,5,5,1508520100320001,7,2,03,we,8835440801,286,0.44,0,0,201027288503we,15085201003204749,BLACK DRUM,,162.58303943,11,28,201027288503we,,0,05/04/2021
2010,28,5,5,1508520100320001,7,2,03,we,8835430301,319,0.84,0,0,201027288503we,15085201003204749,SHEEPSHEAD,,162.58303943,12,31,201027288503we,,0,05/04/2021
2010,28,5,5,1508520100320001,7,2,03,we,8835430301,354,1.2,0,0,201027288503we,15085201003204749,SHEEPSHEAD,,162.58303943,13,35,201027288503we,,0,05/04/2021
2010,28,5,5,1508520100320001,7,2,03,we,8835430301,455,2.25,0,0,201027288503we,15085201003204749,SHEEPSHEAD,,162.58303943,17,45,201027288503we,,0,05/04/2021
2010,28,5,5,1508520100320001,7,2,03,we,8835440801,354,0.59,0,0,201027288503we,15085201003204749,BLACK DRUM,,162.58303943,13,35,201027288503we,,0,05/04/2021
2010,28,5,5,1508520100320001,7,2,03,we,8835430301,384,1.34,0,0,201027288503we,15085201003204749,SHEEPSHEAD,,162.58303943,15,38,201027288503we,,0,05/04/2021
2010,28,5,5,1508520100320002,7,2,03,we,,,,0,0,201027288503we,15085201003204749,,,162.58303943,,,201027288503we,,0,05/04/2021
2010,28,5,5,1508520100320003,7,2,03,we,,,,0,0,201027288503we,15085201003204749,,,162.58303943,,,201027288503we,,0,05/04/2021
2010,28,5,5,1508520100320004,7,2,03,we,,,,0,0,201027288503we,15085201003204749,,,162.58303943,,,201027288503we,,0,05/04/2021
2010,28,5,1,1508520100323001,7,2,03,wd,8835440901,775,5.63,0,0,201027288503wd,15085201003234749,RED DRUM,,10.20787183,30,77,201027288503wd,,0,05/04/2021
2010,28,5,1,1508520100323001,7,2,03,wd,8835440106,246,0.11,1,1,201027288503wd,15085201003234749,SAND SEATROUT,,142.91020561,9,24,201027288503wd,,0,05/04/2021
2010,28,5,1,1508520100323001,7,2,03,wd,8835440106,305,0.27,1,1,201027288503wd,15085201003234749,SAND SEATROUT,,142.91020561,12,30,201027288503wd,,0,05/04/2021
2010,28,5,1,1508520100323001,7,2,03,wd,8835440106,307,0.26,1,1,201027288503wd,15085201003234749,SAND SEATROUT,,142.91020561,12,30,201027288503wd,,0,05/04/2021
2010,28,5,1,1508520100323001,7,2,03,wd,8835440106,322,0.29,1,1,201027288503wd,15085201003234749,SAND SEATROUT,,142.91020561,12,32,201027288503wd,,0,05/04/2021
2010,28,5,1,1508520100323001,7,2,03,wd,8835440106,333,0.39,1,1,201027288503wd,15085201003234749,SAND SEATROUT,,142.91020561,13,33,201027288503wd,,0,05/04/2021
2010,28,5,1,1508520100323001,7,2,03,wd,8835430301,494,2.97,0,0,201027288503wd,15085201003234749,SHEEPSHEAD,,10.20787183,19,49,201027288503wd,,0,05/04/2021
2010,28,5,1,1508520100323001,7,2,03,wd,8708020301,650,2.01,0,0,201027288503wd,15085201003234749,ATLANTIC SHARPNOSE SHARK,,10.20787183,25,65,201027288503wd,,0,05/04/2021
2010,28,5,1,1508520100323001,7,2,03,wd,8708020301,746,3.08,0,0,201027288503wd,15085201003234749,ATLANTIC SHARPNOSE SHARK,,10.20787183,29,74,201027288503wd,,0,05/04/2021
2010,28,5,1,1508520100323001,7,2,03,wd,8708020301,590,1.51,0,0,201027288503wd,15085201003234749,ATLANTIC SHARPNOSE SHARK,,10.20787183,23,59,201027288503wd,,0,05/04/2021
2010,28,5,1,1508520100323001,7,2,03,wd,8708020301,669,2.19,0,0,201027288503wd,15085201003234749,ATLANTIC SHARPNOSE SHARK,,10.20787183,26,66,201027288503wd,,0,05/04/2021
2010,28,5,1,1508520100323001,7,2,03,wd,8708020301,671,2.06,0,0,201027288503wd,15085201003234749,ATLANTIC SHARPNOSE SHARK,,10.20787183,26,67,201027288503wd,,0,05/04/2021
2010,28,5,1,1508520100323001,7,2,03,wd,8708020301,694,2.35,0,0,201027288503wd,15085201003234749,ATLANTIC SHARPNOSE SHARK,,10.20787183,27,69,201027288503wd,,0,05/04/2021
2010,28,5,1,1508520100323001,7,2,03,wd,8708020301,682,2.39,0,0,201027288503wd,15085201003234749,ATLANTIC SHARPNOSE SHARK,,10.20787183,26,68,201027288503wd,,0,05/04/2021
2010,28,5,1,1508520100323001,7,2,03,wd,8708020301,704,2.5,0,0,201027288503wd,15085201003234749,ATLANTIC SHARPNOSE SHARK,,10.20787183,27,70,201027288503wd,,0,05/04/2021
2010,28,5,1,1508520100323001,7,2,03,wd,8708020301,733,2.68,0,0,201027288503wd,15085201003234749,ATLANTIC SHARPNOSE SHARK,,10.20787183,28,73,201027288503wd,,0,05/04/2021
2010,28,5,1,1508520100323002,7,2,03,wd,,,,0,0,201027288503wd,15085201003234749,,,10.20787183,,,201027288503wd,,0,05/04/2021
2010,28,5,5,1508520100323007,7,2,03,wd,8857030304,319,0.34,0,0,201027288503wd,15085201003234749,SOUTHERN FLOUNDER,,25.338548275,12,31,201027288503wd,,0,05/04/2021
2010,28,5,5,1508520100323007,7,2,03,wd,8835440801,824,7.63,0,0,201027288503wd,15085201003234749,BLACK DRUM,,25.338548275,32,82,201027288503wd,,0,05/04/2021
2010,28,5,5,1508520100323007,7,2,03,wd,8835440601,282,0.29,0,0,201027288503wd,15085201003234749,SOUTHERN KINGFISH,,25.338548275,11,28,201027288503wd,,0,05/04/2021
2010,28,5,5,1508520100323007,7,2,03,wd,8835440106,277,0.25,1,1,201027288503wd,15085201003234749,SAND SEATROUT,,202.7083862,10,27,201027288503wd,,0,05/04/2021
2010,28,5,5,1508520100323007,7,2,03,wd,8835440106,292,0.27,1,1,201027288503wd,15085201003234749,SAND SEATROUT,,202.7083862,11,29,201027288503wd,,0,05/04/2021
2010,28,5,5,1508520100323007,7,2,03,wd,8835440106,298,0.27,0,0,201027288503wd,15085201003234749,SAND SEATROUT,,202.7083862,11,29,201027288503wd,,0,05/04/2021
2010,28,5,5,1508520100323007,7,2,03,wd,8835440106,298,0.27,1,1,201027288503wd,15085201003234749,SAND SEATROUT,,202.7083862,11,29,201027288503wd,,0,05/04/2021
2010,28,5,5,1508520100323007,7,2,03,wd,8835440106,310,0.25,1,1,201027288503wd,15085201003234749,SAND SEATROUT,,202.7083862,12,31,201027288503wd,,0,05/04/2021
2010,28,5,5,1508520100323007,7,2,03,wd,8835430301,358,1.19,0,0,201027288503wd,15085201003234749,SHEEPSHEAD,,25.338548275,14,35,201027288503wd,,0,05/04/2021
2010,28,5,5,1508520100323007,7,2,03,wd,8835430301,371,1.23,0,0,201027288503wd,15085201003234749,SHEEPSHEAD,,25.338548275,14,37,201027288503wd,,0,05/04/2021
2010,28,5,5,1508520100323007,7,2,03,wd,8835430301,396,1.45,0,0,201027288503wd,15085201003234749,SHEEPSHEAD,,25.338548275,15,39,201027288503wd,,0,05/04/2021
2010,28,5,5,1508520100323007,7,2,03,wd,8835430301,492,3.22,0,0,201027288503wd,15085201003234749,SHEEPSHEAD,,25.338548275,19,49,201027288503wd,,0,05/04/2021
2010,28,5,1,1508520100323011,7,2,03,wd,8835440901,787,6.76,0,0,201027288503wd,15085201003234749,RED DRUM,,10.20787183,30,78,201027288503wd,,0,05/04/2021
2010,28,5,1,1508520100323011,7,2,03,wd,8835440901,931,9.87,0,0,201027288503wd,15085201003234749,RED DRUM,,10.20787183,36,93,201027288503wd,,0,05/04/2021
2010,28,5,1,1508520100323011,7,2,03,wd,8835440801,893,10.72,0,0,201027288503wd,15085201003234749,BLACK DRUM,,10.20787183,35,89,201027288503wd,,0,05/04/2021
2010,28,5,1,1508520100323011,7,2,03,wd,8835440801,933,12.24,0,0,201027288503wd,15085201003234749,BLACK DRUM,,10.20787183,36,93,201027288503wd,,0,05/04/2021
2010,28,5,1,1508520100323011,7,2,03,wd,8835440702,191,0.08,1,1,201027288503wd,15085201003234749,ATLANTIC CROAKER,,10.20787183,7,19,201027288503wd,,0,05/04/2021
2010,28,5,1,1508520100323011,7,2,03,wd,8835440601,237,0.18,0,0,201027288503wd,15085201003234749,SOUTHERN KINGFISH,,10.20787183,9,23,201027288503wd,,0,05/04/2021
2010,28,5,1,1508520100323011,7,2,03,wd,8835440601,248,0.16,0,0,201027288503wd,15085201003234749,SOUTHERN KINGFISH,,10.20787183,9,24,201027288503wd,,0,05/04/2021
2010,28,5,1,1508520100323011,7,2,03,wd,8835440106,246,0.11,0,0,201027288503wd,15085201003234749,SAND SEATROUT,,10.20787183,9,24,201027288503wd,,0,05/04/2021
2010,28,5,1,1508520100323012,7,2,03,wd,8835440702,198,0.07,1,1,201027288503wd,15085201003234749,ATLANTIC CROAKER,,10.20787183,7,19,201027288503wd,,0,05/04/2021
2010,28,5,1,1508520100323013,7,2,03,wd,8835440702,241,0.16,1,1,201027288503wd,15085201003234749,ATLANTIC CROAKER,,10.20787183,9,24,201027288503wd,,0,05/04/2021
2010,28,5,1,1508520100323014,7,2,03,wd,,,,0,0,201027288503wd,15085201003234749,,,10.20787183,,,201027288503wd,,0,05/04/2021
2010,28,5,1,1508520100323015,7,2,03,wd,,,,0,0,201027288503wd,15085201003234749,,,10.20787183,,,201027288503wd,,0,05/04/2021
2010,28,5,1,1508520100323016,7,2,03,wd,,,,0,0,201027288503wd,15085201003234749,,,10.20787183,,,201027288503wd,,0,05/04/2021
2010,28,5,1,1508520100402001,7,2,04,wd,8835440901,848,7.52,1,1,201027288504wd,15085201004024749,RED DRUM,,5.3481522849,33,84,201027288504wd,,0,05/04/2021
2010,28,5,1,1508520100402001,7,2,04,wd,8835440106,280,0.23,1,1,201027288504wd,15085201004024749,SAND SEATROUT,,53.481522849,11,28,201027288504wd,,0,05/04/2021
2010,28,5,1,1508520100402001,7,2,04,wd,8835440106,284,0.22,1,1,201027288504wd,15085201004024749,SAND SEATROUT,,53.481522849,11,28,201027288504wd,,0,05/04/2021
2010,28,5,1,1508520100402001,7,2,04,wd,8835440106,290,0.25,1,1,201027288504wd,15085201004024749,SAND SEATROUT,,53.481522849,11,29,201027288504wd,,0,05/04/2021
2010,28,5,1,1508520100402001,7,2,04,wd,8835440106,292,0.22,1,1,201027288504wd,15085201004024749,SAND SEATROUT,,53.481522849,11,29,201027288504wd,,0,05/04/2021
2010,28,5,1,1508520100402001,7,2,04,wd,8835440106,297,0.24,1,1,201027288504wd,15085201004024749,SAND SEATROUT,,53.481522849,11,29,201027288504wd,,0,05/04/2021
2010,28,5,1,1508520100402001,7,2,04,wd,8708021001,610,2.05,1,1,201027288504wd,15085201004024749,FINETOOTH SHARK,,5.3481522849,24,61,201027288504wd,,0,05/04/2021
2010,28,5,1,1508520100402001,7,2,04,wd,8708021001,717,4.5,1,1,201027288504wd,15085201004024749,FINETOOTH SHARK,,5.3481522849,28,71,201027288504wd,,0,05/04/2021
2010,28,5,1,1508520100402001,7,2,04,wd,8708021001,721,2.94,1,1,201027288504wd,15085201004024749,FINETOOTH SHARK,,5.3481522849,28,72,201027288504wd,,0,05/04/2021
2010,28,5,1,1508520100402001,7,2,04,wd,8708020301,504,0.95,1,1,201027288504wd,15085201004024749,ATLANTIC SHARPNOSE SHARK,,5.3481522849,19,50,201027288504wd,,0,05/04/2021
2010,28,5,1,1508520100402001,7,2,04,wd,8708020301,617,1.9,1,1,201027288504wd,15085201004024749,ATLANTIC SHARPNOSE SHARK,,5.3481522849,24,61,201027288504wd,,0,05/04/2021
2010,28,5,1,1508520100402001,7,2,04,wd,8708020301,626,1.95,1,1,201027288504wd,15085201004024749,ATLANTIC SHARPNOSE SHARK,,5.3481522849,24,62,201027288504wd,,0,05/04/2021
2010,28,5,1,1508520100402001,7,2,04,wd,8708020301,746,3.08,1,1,201027288504wd,15085201004024749,ATLANTIC SHARPNOSE SHARK,,5.3481522849,29,74,201027288504wd,,0,05/04/2021
2010,28,5,1,1508520100402002,7,2,04,wd,,,,0,0,201027288504wd,15085201004024749,,,5.3481522849,,,201027288504wd,,0,05/04/2021
2010,28,5,1,1508520100402003,7,2,04,wd,,,,0,0,201027288504wd,15085201004024749,,,5.3481522849,,,201027288504wd,,0,05/04/2021
2010,28,5,1,1508520100402004,7,2,04,wd,,,,0,0,201027288504wd,15085201004024749,,,5.3481522849,,,201027288504wd,,0,05/04/2021
2010,28,5,1,1508520100403001,7,2,04,we,8835440106,257,0.16,0,0,201027288504we,15085201004034749,SAND SEATROUT,,177.14420405,10,25,201027288504we,,0,05/04/2021
2010,28,5,1,1508520100403001,7,2,04,we,8835440106,257,0.16,1,1,201027288504we,15085201004034749,SAND SEATROUT,,177.14420405,10,25,201027288504we,,0,05/04/2021
2010,28,5,1,1508520100403001,7,2,04,we,8835440106,259,0.17,0,0,201027288504we,15085201004034749,SAND SEATROUT,,177.14420405,10,25,201027288504we,,0,05/04/2021
2010,28,5,1,1508520100403001,7,2,04,we,8835440106,262,0.17,0,0,201027288504we,15085201004034749,SAND SEATROUT,,177.14420405,10,26,201027288504we,,0,05/04/2021
2010,28,5,1,1508520100403001,7,2,04,we,8835440106,263,0.16,0,0,201027288504we,15085201004034749,SAND SEATROUT,,177.14420405,10,26,201027288504we,,0,05/04/2021
2010,28,5,1,1508520100403001,7,2,04,we,8835440106,263,0.16,1,1,201027288504we,15085201004034749,SAND SEATROUT,,177.14420405,10,26,201027288504we,,0,05/04/2021
2010,28,5,1,1508520100403001,7,2,04,we,8835440106,280,0.23,0,0,201027288504we,15085201004034749,SAND SEATROUT,,177.14420405,11,28,201027288504we,,0,05/04/2021
2010,28,5,1,1508520100403001,7,2,04,we,8835440106,280,0.2,0,0,201027288504we,15085201004034749,SAND SEATROUT,,177.14420405,11,28,201027288504we,,0,05/04/2021
2010,28,5,1,1508520100403001,7,2,04,we,8835440106,280,0.2,1,1,201027288504we,15085201004034749,SAND SEATROUT,,177.14420405,11,28,201027288504we,,0,05/04/2021
2010,28,5,1,1508520100403001,7,2,04,we,8835440106,284,0.22,0,0,201027288504we,15085201004034749,SAND SEATROUT,,177.14420405,11,28,201027288504we,,0,05/04/2021
2010,28,5,1,1508520100403001,7,2,04,we,8835440106,259,0.17,1,1,201027288504we,15085201004034749,SAND SEATROUT,,177.14420405,10,25,201027288504we,,0,05/04/2021
2010,28,5,1,1508520100403001,7,2,04,we,8835440106,290,0.25,0,0,201027288504we,15085201004034749,SAND SEATROUT,,177.14420405,11,29,201027288504we,,0,05/04/2021
2010,28,5,1,1508520100403001,7,2,04,we,8835440106,291,0.24,0,0,201027288504we,15085201004034749,SAND SEATROUT,,177.14420405,11,29,201027288504we,,0,05/04/2021
2010,28,5,1,1508520100403001,7,2,04,we,8835440106,292,0.22,0,0,201027288504we,15085201004034749,SAND SEATROUT,,177.14420405,11,29,201027288504we,,0,05/04/2021
2010,28,5,1,1508520100403001,7,2,04,we,8835440106,297,0.24,0,0,201027288504we,15085201004034749,SAND SEATROUT,,177.14420405,11,29,201027288504we,,0,05/04/2021
2010,28,5,1,1508520100403001,7,2,04,we,8835440601,302,0.34,0,0,201027288504we,15085201004034749,SOUTHERN KINGFISH,,22.438265846,11,30,201027288504we,,0,05/04/2021
2010,28,5,1,1508520100403001,7,2,04,we,8835440106,305,0.27,0,0,201027288504we,15085201004034749,SAND SEATROUT,,177.14420405,12,30,201027288504we,,0,05/04/2021
2010,28,5,1,1508520100403001,7,2,04,we,8835440106,307,0.26,0,0,201027288504we,15085201004034749,SAND SEATROUT,,177.14420405,12,30,201027288504we,,0,05/04/2021
2010,28,5,1,1508520100403001,7,2,04,we,8835440106,322,0.29,0,0,201027288504we,15085201004034749,SAND SEATROUT,,177.14420405,12,32,201027288504we,,0,05/04/2021
2010,28,5,1,1508520100403001,7,2,04,we,8835440106,333,0.39,0,0,201027288504we,15085201004034749,SAND SEATROUT,,177.14420405,13,33,201027288504we,,0,05/04/2021
2010,28,5,1,1508520100403001,7,2,04,we,8708021001,610,2.05,0,0,201027288504we,15085201004034749,FINETOOTH SHARK,,22.438265846,24,61,201027288504we,,0,05/04/2021
2010,28,5,1,1508520100403001,7,2,04,we,8708021001,634,2.88,0,0,201027288504we,15085201004034749,FINETOOTH SHARK,,22.438265846,24,63,201027288504we,,0,05/04/2021
2010,28,5,1,1508520100403001,7,2,04,we,8835440702,184,0.07,0,0,201027288504we,15085201004034749,ATLANTIC CROAKER,,22.438265846,7,18,201027288504we,,0,05/04/2021
2010,28,5,1,1508520100403001,7,2,04,we,8835440601,272,0.2,0,0,201027288504we,15085201004034749,SOUTHERN KINGFISH,,22.438265846,10,27,201027288504we,,0,05/04/2021
2010,28,5,5,1508520100410001,7,2,04,we,8835440702,200,0.06,0,0,201027288504we,15085201004104749,ATLANTIC CROAKER,,133.12798428,7,20,201027288504we,,0,05/04/2021
2010,28,5,5,1508520100410001,7,2,04,we,8835440601,237,0.1,0,0,201027288504we,15085201004104749,SOUTHERN KINGFISH,,133.12798428,9,23,201027288504we,,0,05/04/2021
2010,28,5,5,1508520100410001,7,2,04,we,8835440106,243,0.15,1,1,201027288504we,15085201004104749,SAND SEATROUT,,490.47152103,9,24,201027288504we,,0,05/04/2021
2010,28,5,5,1508520100410001,7,2,04,we,8835440106,253,0.17,0,0,201027288504we,15085201004104749,SAND SEATROUT,,490.47152103,9,25,201027288504we,,0,05/04/2021
2010,28,5,5,1508520100410001,7,2,04,we,8835440106,243,0.15,0,0,201027288504we,15085201004104749,SAND SEATROUT,,490.47152103,9,24,201027288504we,,0,05/04/2021
2010,28,5,5,1508520100410001,7,2,04,we,8835440106,253,0.17,1,1,201027288504we,15085201004104749,SAND SEATROUT,,490.47152103,9,25,201027288504we,,0,05/04/2021
2010,28,5,5,1508520100410001,7,2,04,we,8835440106,262,0.22,0,0,201027288504we,15085201004104749,SAND SEATROUT,,490.47152103,10,26,201027288504we,,0,05/04/2021
2010,28,5,5,1508520100410001,7,2,04,we,8835440601,285,0.25,0,0,201027288504we,15085201004104749,SOUTHERN KINGFISH,,133.12798428,11,28,201027288504we,,0,05/04/2021
2010,28,5,5,1508520100410001,7,2,04,we,8835440106,247,0.14,0,0,201027288504we,15085201004104749,SAND SEATROUT,,490.47152103,9,24,201027288504we,,0,05/04/2021
2010,28,5,5,1508520100410001,7,2,04,we,8835440106,262,0.22,1,1,201027288504we,15085201004104749,SAND SEATROUT,,490.47152103,10,26,201027288504we,,0,05/04/2021
2010,28,5,5,1508520100410001,7,2,04,we,8835440106,266,0.15,0,0,201027288504we,15085201004104749,SAND SEATROUT,,490.47152103,10,26,201027288504we,,0,05/04/2021
2010,28,5,5,1508520100410001,7,2,04,we,8835440106,269,0.22,0,0,201027288504we,15085201004104749,SAND SEATROUT,,490.47152103,10,26,201027288504we,,0,05/04/2021
2010,28,5,5,1508520100410001,7,2,04,we,8835440106,269,0.22,0,0,201027288504we,15085201004104749,SAND SEATROUT,,490.47152103,10,26,201027288504we,,0,05/04/2021
2010,28,5,5,1508520100410001,7,2,04,we,8835440106,267,0.23,0,0,201027288504we,15085201004104749,SAND SEATROUT,,490.47152103,10,26,201027288504we,,0,05/04/2021
2010,28,5,5,1508520100410001,7,2,04,we,8835440106,269,0.22,1,1,201027288504we,15085201004104749,SAND SEATROUT,,490.47152103,10,26,201027288504we,,0,05/04/2021
2010,28,5,5,1508520100410001,7,2,04,we,8835440106,277,0.25,0,0,201027288504we,15085201004104749,SAND SEATROUT,,490.47152103,10,27,201027288504we,,0,05/04/2021
2010,28,5,5,1508520100410001,7,2,04,we,8835440601,272,0.2,0,0,201027288504we,15085201004104749,SOUTHERN KINGFISH,,133.12798428,10,27,201027288504we,,0,05/04/2021
2010,28,5,5,1508520100410001,7,2,04,we,8835440106,278,0.26,0,0,201027288504we,15085201004104749,SAND SEATROUT,,490.47152103,10,27,201027288504we,,0,05/04/2021
2010,28,5,5,1508520100410001,7,2,04,we,8835440106,281,0.23,0,0,201027288504we,15085201004104749,SAND SEATROUT,,490.47152103,11,28,201027288504we,,0,05/04/2021
2010,28,5,5,1508520100410001,7,2,04,we,8835440106,285,0.25,0,0,201027288504we,15085201004104749,SAND SEATROUT,,490.47152103,11,28,201027288504we,,0,05/04/2021
2010,28,5,5,1508520100410001,7,2,04,we,8835440106,299,0.28,0,0,201027288504we,15085201004104749,SAND SEATROUT,,490.47152103,11,29,201027288504we,,0,05/04/2021
2010,28,5,5,1508520100410001,7,2,04,we,8835440106,310,0.25,0,0,201027288504we,15085201004104749,SAND SEATROUT,,490.47152103,12,31,201027288504we,,0,05/04/2021
2010,28,5,5,1508520100410001,7,2,04,we,8835440106,292,0.27,0,0,201027288504we,15085201004104749,SAND SEATROUT,,490.47152103,11,29,201027288504we,,0,05/04/2021
2010,28,5,5,1508520100410001,7,2,04,we,8835430301,446,2.08,0,0,201027288504we,15085201004104749,SHEEPSHEAD,,133.12798428,17,44,201027288504we,,0,05/04/2021
2010,28,5,5,1508520100421001,7,2,04,wd,8835440801,824,7.63,1,1,201027288504wd,15085201004214749,BLACK DRUM,,30.799117358,32,82,201027288504wd,,0,05/04/2021
2010,28,5,5,1508520100421001,7,2,04,wd,8835440106,280,0.33,1,1,201027288504wd,15085201004214749,SAND SEATROUT,,49.278587774,11,28,201027288504wd,,0,05/04/2021
2010,28,5,5,1508520100421001,7,2,04,wd,8835440106,295,0.23,1,1,201027288504wd,15085201004214749,SAND SEATROUT,,49.278587774,11,29,201027288504wd,,0,05/04/2021
2010,28,5,5,1508520100421001,7,2,04,wd,8835440901,837,7.22,1,1,201027288504wd,15085201004214749,RED DRUM,,30.799117358,32,83,201027288504wd,,0,05/04/2021
2010,28,5,5,1508520100421001,7,2,04,wd,8835440106,301,0.24,1,1,201027288504wd,15085201004214749,SAND SEATROUT,,49.278587774,11,30,201027288504wd,,0,05/04/2021
2010,28,5,5,1508520100421001,7,2,04,wd,8835440106,313,0.23,1,1,201027288504wd,15085201004214749,SAND SEATROUT,,49.278587774,12,31,201027288504wd,,0,05/04/2021
2010,28,5,5,1508520100421001,7,2,04,wd,8835440106,333,0.5,1,1,201027288504wd,15085201004214749,SAND SEATROUT,,49.278587774,13,33,201027288504wd,,0,05/04/2021
2010,28,5,5,1508520100421001,7,2,04,wd,8835430301,305,0.72,1,1,201027288504wd,15085201004214749,SHEEPSHEAD,,30.799117358,12,30,201027288504wd,,0,05/04/2021
2010,28,5,5,1508520100421001,7,2,04,wd,8835430301,371,1.23,1,1,201027288504wd,15085201004214749,SHEEPSHEAD,,30.799117358,14,37,201027288504wd,,0,05/04/2021
2010,28,5,1,1508520100421003,7,2,04,wd,8850030501,945,5.91,1,1,201027288504wd,15085201004214749,KING MACKEREL,,12.407713301,37,94,201027288504wd,,0,05/04/2021
2010,28,5,1,1508520100421004,7,2,04,wd,,,,0,0,201027288504wd,15085201004214749,,,12.407713301,,,201027288504wd,,0,05/04/2021
2010,28,5,1,1508520100421005,7,2,04,wd,,,,0,0,201027288504wd,15085201004214749,,,12.407713301,,,201027288504wd,,0,05/04/2021
2010,28,5,5,1508520100422001,7,2,04,wd,8835440702,241,0.25,1,1,201027288504wd,15085201004224749,ATLANTIC CROAKER,,16.732738972,9,24,201027288504wd,,0,05/04/2021
2010,28,5,5,1508520100422001,7,2,04,wd,8835440702,241,0.23,1,1,201027288504wd,15085201004224749,ATLANTIC CROAKER,,16.732738972,9,24,201027288504wd,,0,05/04/2021
2010,28,5,5,1508520100422001,7,2,04,wd,8835440702,264,0.3,1,1,201027288504wd,15085201004224749,ATLANTIC CROAKER,,16.732738972,10,26,201027288504wd,,0,05/04/2021
2010,28,5,5,1508520100422001,7,2,04,wd,8835440702,269,0.3,1,1,201027288504wd,15085201004224749,ATLANTIC CROAKER,,16.732738972,10,26,201027288504wd,,0,05/04/2021
2010,28,5,5,1508520100422001,7,2,04,wd,8835440601,237,0.18,1,1,201027288504wd,15085201004224749,SOUTHERN KINGFISH,,3.802895221,9,23,201027288504wd,,0,05/04/2021
2010,28,5,5,1508520100422001,7,2,04,wd,8835440106,252,0.11,1,1,201027288504wd,15085201004224749,SAND SEATROUT,,27.020571307,9,25,201027288504wd,,0,05/04/2021
2010,28,5,5,1508520100422001,7,2,04,wd,8835440106,258,0.12,0,0,201027288504wd,15085201004224749,SAND SEATROUT,,27.020571307,10,25,201027288504wd,,0,05/04/2021
2010,28,5,5,1508520100422001,7,2,04,wd,8835440106,258,0.12,1,1,201027288504wd,15085201004224749,SAND SEATROUT,,27.020571307,10,25,201027288504wd,,0,05/04/2021
2010,28,5,5,1508520100422001,7,2,04,wd,8835440301,179,0.1,1,1,201027288504wd,15085201004224749,SILVER PERCH,,3.802895221,7,17,201027288504wd,,0,05/04/2021
2010,28,5,5,1508520100422001,7,2,04,wd,8835440106,264,0.14,0,0,201027288504wd,15085201004224749,SAND SEATROUT,,27.020571307,10,26,201027288504wd,,0,05/04/2021
2010,28,5,5,1508520100422001,7,2,04,wd,8835440106,266,0.15,0,0,201027288504wd,15085201004224749,SAND SEATROUT,,27.020571307,10,26,201027288504wd,,0,05/04/2021
2010,28,5,5,1508520100422001,7,2,04,wd,8835440106,266,0.15,0,0,201027288504wd,15085201004224749,SAND SEATROUT,,27.020571307,10,26,201027288504wd,,0,05/04/2021
2010,28,5,5,1508520100422001,7,2,04,wd,8835440106,266,0.15,1,1,201027288504wd,15085201004224749,SAND SEATROUT,,27.020571307,10,26,201027288504wd,,0,05/04/2021
2010,28,5,5,1508520100422001,7,2,04,wd,8835440106,252,0.11,0,0,201027288504wd,15085201004224749,SAND SEATROUT,,27.020571307,9,25,201027288504wd,,0,05/04/2021
2010,28,5,5,1508520100422001,7,2,04,wd,8835440106,268,0.15,0,0,201027288504wd,15085201004224749,SAND SEATROUT,,27.020571307,10,26,201027288504wd,,0,05/04/2021
2010,28,5,5,1508520100422001,7,2,04,wd,8835440106,272,0.18,0,0,201027288504wd,15085201004224749,SAND SEATROUT,,27.020571307,10,27,201027288504wd,,0,05/04/2021
2010,28,5,5,1508520100422001,7,2,04,wd,8835440106,274,0.31,0,0,201027288504wd,15085201004224749,SAND SEATROUT,,27.020571307,10,27,201027288504wd,,0,05/04/2021
2010,28,5,5,1508520100422001,7,2,04,wd,8835440702,249,0.2,1,1,201027288504wd,15085201004224749,ATLANTIC CROAKER,,16.732738972,9,24,201027288504wd,,0,05/04/2021
2010,28,5,5,1508520100422001,7,2,04,wd,8835440106,276,0.16,0,0,201027288504wd,15085201004224749,SAND SEATROUT,,27.020571307,10,27,201027288504wd,,0,05/04/2021
2010,28,5,5,1508520100422001,7,2,04,wd,8835440106,276,0.16,1,1,201027288504wd,15085201004224749,SAND SEATROUT,,27.020571307,10,27,201027288504wd,,0,05/04/2021
2010,28,5,5,1508520100422001,7,2,04,wd,8835440106,280,0.33,0,0,201027288504wd,15085201004224749,SAND SEATROUT,,27.020571307,11,28,201027288504wd,,0,05/04/2021
2010,28,5,5,1508520100422001,7,2,04,wd,8835440106,293,0.23,0,0,201027288504wd,15085201004224749,SAND SEATROUT,,27.020571307,11,29,201027288504wd,,0,05/04/2021
2010,28,5,5,1508520100422001,7,2,04,wd,8835440106,295,0.23,0,0,201027288504wd,15085201004224749,SAND SEATROUT,,27.020571307,11,29,201027288504wd,,0,05/04/2021
2010,28,5,5,1508520100422001,7,2,04,wd,8835440106,301,0.24,0,0,201027288504wd,15085201004224749,SAND SEATROUT,,27.020571307,11,30,201027288504wd,,0,05/04/2021
2010,28,5,5,1508520100422001,7,2,04,wd,8835440106,313,0.23,0,0,201027288504wd,15085201004224749,SAND SEATROUT,,27.020571307,12,31,201027288504wd,,0,05/04/2021
2010,28,5,5,1508520100422001,7,2,04,wd,8835440106,333,0.5,0,0,201027288504wd,15085201004224749,SAND SEATROUT,,27.020571307,13,33,201027288504wd,,0,05/04/2021
2010,28,5,5,1508520100422003,7,2,04,wd,,,,0,0,201027288504wd,15085201004224749,,,3.802895221,,,201027288504wd,,0,05/04/2021
2010,28,5,5,1508520100422004,7,2,04,wd,,,,0,0,201027288504wd,15085201004224749,,,3.802895221,,,201027288504wd,,0,05/04/2021
2010,28,5,5,1508520100422005,7,2,04,wd,,,,0,0,201027288504wd,15085201004224749,,,3.802895221,,,201027288504wd,,0,05/04/2021
2010,28,7,5,1520020100409001,7,2,04,wd,8835440901,745,4.53,1,1,201027288704wd,15200201004095932,RED DRUM,,2300.4651788,29,74,201027288704wd,,0,05/04/2021
2010,28,7,5,1520020100409001,7,2,04,wd,8835440102,510,1.45,1,1,201027288704wd,15200201004095932,SPOTTED SEATROUT,,2300.4651788,20,51,201027288704wd,,0,05/04/2021
2010,28,7,5,1520020100409001,7,2,04,wd,8835440102,514,1.18,1,1,201027288704wd,15200201004095932,SPOTTED SEATROUT,,2300.4651788,20,51,201027288704wd,,0,05/04/2021
2010,28,7,5,1520020100409001,7,2,04,wd,8835440102,531,1.32,1,1,201027288704wd,15200201004095932,SPOTTED SEATROUT,,2300.4651788,20,53,201027288704wd,,0,05/04/2021
2010,28,7,5,1520020100409002,7,2,04,wd,8835440102,508,1.15,1,1,201027288704wd,15200201004095932,SPOTTED SEATROUT,,2300.4651788,19,50,201027288704wd,,0,05/04/2021
2010,28,7,5,1520020100410001,7,2,04,we,,,,0,0,201027288704we,15200201004104555,,,695.69458649,,,201027288704we,,0,05/04/2021
2010,28,7,5,1520020100410002,7,2,04,we,,,,0,0,201027288704we,15200201004104555,,,695.69458649,,,201027288704we,,0,05/04/2021
2010,28,7,5,1520020100410003,7,2,04,we,8835440102,472,1.06,0,0,201027288704we,15200201004104555,SPOTTED SEATROUT,,695.69458649,18,47,201027288704we,,0,05/04/2021
2010,28,7,5,1520020100410003,7,2,04,we,8835440102,484,1.06,0,0,201027288704we,15200201004104555,SPOTTED SEATROUT,,695.69458649,19,48,201027288704we,,0,05/04/2021
2010,28,7,5,1520020100410003,7,2,04,we,8835440102,489,1.08,0,0,201027288704we,15200201004104555,SPOTTED SEATROUT,,695.69458649,19,48,201027288704we,,0,05/04/2021
2010,28,7,5,1520020100410003,7,2,04,we,8835440102,491,1.05,0,0,201027288704we,15200201004104555,SPOTTED SEATROUT,,695.69458649,19,49,201027288704we,,0,05/04/2021
2010,28,7,5,1520020100410003,7,2,04,we,8835440102,477,1.08,0,0,201027288704we,15200201004104555,SPOTTED SEATROUT,,695.69458649,18,47,201027288704we,,0,05/04/2021
2010,28,7,5,1520020100410003,7,2,04,we,8835440102,497,1.1,0,0,201027288704we,15200201004104555,SPOTTED SEATROUT,,695.69458649,19,49,201027288704we,,0,05/04/2021
2010,28,7,5,1520020100410003,7,2,04,we,8835440102,500,1.07,0,0,201027288704we,15200201004104555,SPOTTED SEATROUT,,695.69458649,19,50,201027288704we,,0,05/04/2021
2010,28,7,5,1520020100410003,7,2,04,we,8835440102,502,1.13,0,0,201027288704we,15200201004104555,SPOTTED SEATROUT,,695.69458649,19,50,201027288704we,,0,05/04/2021
2010,28,7,5,1520020100410003,7,2,04,we,8835440102,508,1.15,0,0,201027288704we,15200201004104555,SPOTTED SEATROUT,,695.69458649,19,50,201027288704we,,0,05/04/2021
2010,28,7,5,1520020100410003,7,2,04,we,8835440102,510,1.45,0,0,201027288704we,15200201004104555,SPOTTED SEATROUT,,695.69458649,20,51,201027288704we,,0,05/04/2021
2010,28,7,5,1520020100410003,7,2,04,we,8835440102,514,1.18,0,0,201027288704we,15200201004104555,SPOTTED SEATROUT,,695.69458649,20,51,201027288704we,,0,05/04/2021
2010,28,7,5,1520020100410003,7,2,04,we,8835440102,524,1.34,0,0,201027288704we,15200201004104555,SPOTTED SEATROUT,,695.69458649,20,52,201027288704we,,0,05/04/2021
2010,28,7,5,1520020100410003,7,2,04,we,8835440102,531,1.32,0,0,201027288704we,15200201004104555,SPOTTED SEATROUT,,695.69458649,20,53,201027288704we,,0,05/04/2021
2010,28,7,5,1520020100410004,7,2,04,we,,,,0,0,201027288704we,15200201004104555,,,695.69458649,,,201027288704we,,0,05/04/2021
2010,28,7,5,1520020100410005,7,2,04,we,,,,0,0,201027288704we,15200201004104555,,,695.69458649,,,201027288704we,,0,05/04/2021
2010,28,7,5,1520020100410007,7,2,04,we,8857030304,474,1.11,1,1,201027288704we,15200201004104555,SOUTHERN FLOUNDER,,695.69458649,18,47,201027288704we,,0,05/04/2021
2010,28,7,5,1520020100410007,7,2,04,we,8835440901,673,3.75,1,1,201027288704we,15200201004104555,RED DRUM,,695.69458649,26,67,201027288704we,,0,05/04/2021
2010,28,7,5,1520020100410007,7,2,04,we,8835440102,472,1.06,1,1,201027288704we,15200201004104555,SPOTTED SEATROUT,,834.83350379,18,47,201027288704we,,0,05/04/2021
2010,28,7,5,1520020100410007,7,2,04,we,8835440102,477,1.08,1,1,201027288704we,15200201004104555,SPOTTED SEATROUT,,834.83350379,18,47,201027288704we,,0,05/04/2021
2010,28,7,5,1520020100410007,7,2,04,we,8835440102,497,1.1,1,1,201027288704we,15200201004104555,SPOTTED SEATROUT,,834.83350379,19,49,201027288704we,,0,05/04/2021
2010,28,7,5,1520020100410007,7,2,04,we,8835440102,500,1.07,1,1,201027288704we,15200201004104555,SPOTTED SEATROUT,,834.83350379,19,50,201027288704we,,0,05/04/2021
2010,28,7,5,1520020100410007,7,2,04,we,8835440102,502,1.13,1,1,201027288704we,15200201004104555,SPOTTED SEATROUT,,834.83350379,19,50,201027288704we,,0,05/04/2021
2010,28,7,5,1520020100410008,7,2,04,we,8835440102,484,1.06,1,1,201027288704we,15200201004104555,SPOTTED SEATROUT,,695.69458649,19,48,201027288704we,,0,05/04/2021
2010,28,7,5,1520020100410008,7,2,04,we,8835440102,491,1.05,1,1,201027288704we,15200201004104555,SPOTTED SEATROUT,,695.69458649,19,49,201027288704we,,0,05/04/2021
2010,28,7,5,1520020100410009,7,2,04,we,8835440901,626,2.89,1,1,201027288704we,15200201004104555,RED DRUM,,695.69458649,24,62,201027288704we,,0,05/04/2021
2010,28,7,5,1520020100410009,7,2,04,we,8835440102,360,0.41,1,1,201027288704we,15200201004104555,SPOTTED SEATROUT,,695.69458649,14,36,201027288704we,,0,05/04/2021
2010,28,7,5,1520020100410009,7,2,04,we,8835440102,379,0.57,1,1,201027288704we,15200201004104555,SPOTTED SEATROUT,,695.69458649,14,37,201027288704we,,0,05/04/2021
2010,28,7,5,1520020100410009,7,2,04,we,8835440102,401,0.63,1,1,201027288704we,15200201004104555,SPOTTED SEATROUT,,695.69458649,15,40,201027288704we,,0,05/04/2021
2010,28,7,5,1520020100410010,7,2,04,we,,,,0,0,201027288704we,15200201004104555,,,695.69458649,,,201027288704we,,0,05/04/2021
2010,28,7,5,1520020100410011,7,2,04,we,,,,0,0,201027288704we,15200201004104555,,,695.69458649,,,201027288704we,,0,05/04/2021
2010,28,7,5,1523620100306006,7,2,03,we,,,,0,0,201027288703we,15236201003065933,,,974.77009703,,,201027288703we,,0,05/04/2021
2010,28,7,5,1523620100306008,7,2,03,we,,,,0,0,201027288703we,15236201003065933,,,974.77009703,,,201027288703we,,0,05/04/2021
2010,28,7,5,1523620100306009,7,2,03,we,,,,0,0,201027288703we,1523620100306591528,,,872.38429263,,,201027288703we,,0,05/04/2021
2010,28,7,5,1523620100311001,7,2,03,wd,,,,0,0,201027288703wd,15236201003115958,,,803.62622285,,,201027288703wd,,0,05/04/2021
2010,28,7,5,1523620100311004,7,2,03,wd,,,,0,0,201027288703wd,1523620100311591528,,,859.12443743,,,201027288703wd,,0,05/04/2021
2010,28,7,5,1523620100316001,7,2,03,wd,,,,0,0,201027288703wd,15236201003165933,,,626.14714428,,,201027288703wd,,0,05/04/2021
2010,28,7,5,1523620100319002,7,2,03,wd,,,,0,0,201027288703wd,15236201003195933,,,1174.0258955,,,201027288703wd,,0,05/04/2021
2010,28,7,5,1523620100403001,7,2,04,we,,,,0,0,201027288704we,1523620100403591528,,,1598.5383905,,,201027288704we,,0,05/04/2021
2010,28,7,5,1523620100403002,7,2,04,we,8835440901,619,2.73,0,0,201027288704we,1523620100403591528,RED DRUM,,1598.5383905,24,61,201027288704we,,0,05/04/2021
2010,28,7,5,1523620100403002,7,2,04,we,8835440106,270,0.12,0,0,201027288704we,1523620100403591528,SAND SEATROUT,,1598.5383905,10,27,201027288704we,,0,05/04/2021
2010,28,7,5,1523620100403002,7,2,04,we,8835440106,274,0.12,0,0,201027288704we,1523620100403591528,SAND SEATROUT,,1598.5383905,10,27,201027288704we,,0,05/04/2021
2010,28,7,5,1523620100403002,7,2,04,we,8835440106,277,0.15,0,0,201027288704we,1523620100403591528,SAND SEATROUT,,1598.5383905,10,27,201027288704we,,0,05/04/2021
2010,28,7,5,1523620100403002,7,2,04,we,8835440106,279,0.13,0,0,201027288704we,1523620100403591528,SAND SEATROUT,,1598.5383905,10,27,201027288704we,,0,05/04/2021
2010,28,7,5,1523620100403003,7,2,04,we,,,,0,0,201027288704we,1523620100403591528,,,1598.5383905,,,201027288704we,,0,05/04/2021
2010,28,7,5,1523620100403004,7,2,04,we,,,,0,0,201027288704we,1523620100403591528,,,1598.5383905,,,201027288704we,,0,05/04/2021
2010,28,7,5,1523620100403005,7,2,04,we,,,,0,0,201027288704we,1523620100403591528,,,1598.5383905,,,201027288704we,,0,05/04/2021
2010,28,7,5,1523620100403006,7,2,04,we,,,,0,0,201027288704we,15236201004035933,,,975.32792464,,,201027288704we,,0,05/04/2021
2010,28,7,5,1523620100412001,7,2,04,wd,,,,0,0,201027288704wd,15236201004125933,,,2911.3895966,,,201027288704wd,,0,05/04/2021
2010,28,7,5,1523620100412002,7,2,04,wd,,,,0,0,201027288704wd,15236201004125933,,,2911.3895966,,,201027288704wd,,0,05/04/2021
2010,28,7,5,1523620100426001,7,2,04,wd,,,,0,0,201027288704wd,1523620100426591528,,,961.15919368,,,201027288704wd,,0,05/04/2021
2010,28,7,5,1537220100307004,7,2,03,we,,,,0,0,201027288703we,15372201003074749,,,843.16869499,,,201027288703we,,0,05/04/2021
2010,28,7,5,1537220100307005,7,2,03,we,8835430301,344,1.48,0,0,201027288703we,15372201003074749,SHEEPSHEAD,,843.16869499,13,34,201027288703we,,0,05/04/2021
2010,28,7,5,1537220100307005,7,2,03,we,8835430301,411,1.76,0,0,201027288703we,15372201003074749,SHEEPSHEAD,,843.16869499,16,41,201027288703we,,0,05/04/2021
2010,28,7,5,1537220100307005,7,2,03,we,8835430301,435,1.99,0,0,201027288703we,15372201003074749,SHEEPSHEAD,,843.16869499,17,43,201027288703we,,0,05/04/2021
2010,28,7,5,1537220100307005,7,2,03,we,8835430301,462,2.42,0,0,201027288703we,15372201003074749,SHEEPSHEAD,,843.16869499,18,46,201027288703we,,0,05/04/2021
2010,28,7,5,1537220100307005,7,2,03,we,8835430301,476,2.52,0,0,201027288703we,15372201003074749,SHEEPSHEAD,,843.16869499,18,47,201027288703we,,0,05/04/2021
2010,28,7,5,1537220100307005,7,2,03,we,8835430301,481,2.64,0,0,201027288703we,15372201003074749,SHEEPSHEAD,,843.16869499,18,48,201027288703we,,0,05/04/2021
2010,28,7,5,1537220100307005,7,2,03,we,8835430301,493,2.67,0,0,201027288703we,15372201003074749,SHEEPSHEAD,,843.16869499,19,49,201027288703we,,0,05/04/2021
2010,28,7,5,1537220100307011,7,2,03,we,8835440901,483,1.22,0,0,201027288703we,15372201003074749,RED DRUM,,843.16869499,19,48,201027288703we,,0,05/04/2021
2010,28,7,5,1537220100307011,7,2,03,we,8835440901,745,4.53,0,0,201027288703we,15372201003074749,RED DRUM,,843.16869499,29,74,201027288703we,,0,05/04/2021
2010,28,7,5,1537220100307012,7,2,03,we,8835440102,360,0.41,0,0,201027288703we,15372201003074749,SPOTTED SEATROUT,,843.16869499,14,36,201027288703we,,0,05/04/2021
2010,28,7,5,1537220100307012,7,2,03,we,8835440102,379,0.57,0,0,201027288703we,15372201003074749,SPOTTED SEATROUT,,843.16869499,14,37,201027288703we,,0,05/04/2021
2010,28,7,5,1537220100307019,7,2,03,we,8835440102,401,0.63,0,0,201027288703we,15372201003074749,SPOTTED SEATROUT,,843.16869499,15,40,201027288703we,,0,05/04/2021
2010,28,7,5,1537220100307019,7,2,03,we,8835440102,560,1.76,0,0,201027288703we,15372201003074749,SPOTTED SEATROUT,,843.16869499,22,56,201027288703we,,0,05/04/2021
2010,28,7,5,1537220100329001,7,2,03,wd,,,,0,0,201027288703wd,15372201003294748,,,3354.5218546,,,201027288703wd,,0,05/04/2021
2010,28,7,5,1537220100330004,7,2,03,wd,,,,0,0,201027288703wd,15372201003305991,,,3881.8706733,,,201027288703wd,,0,05/04/2021
2010,28,7,5,1537220100403001,7,2,04,we,,,,0,0,201027288704we,15372201004034747,,,1428.5122694,,,201027288704we,,0,05/04/2021
2010,28,7,5,1537220100412001,7,2,04,wd,8835440801,572,2.6,0,0,201027288704wd,15372201004124795,BLACK DRUM,,1730.4395486,22,57,201027288704wd,,0,05/04/2021
2010,28,7,5,1537220100412001,7,2,04,wd,8835440601,284,0.26,0,0,201027288704wd,15372201004124795,SOUTHERN KINGFISH,,1730.4395486,11,28,201027288704wd,,0,05/04/2021
2010,28,7,5,1537220100412001,7,2,04,wd,8835440106,251,0.14,0,0,201027288704wd,15372201004124795,SAND SEATROUT,,1730.4395486,9,25,201027288704wd,,0,05/04/2021
2010,28,7,5,1537220100412001,7,2,04,wd,8835440106,268,0.18,0,0,201027288704wd,15372201004124795,SAND SEATROUT,,1730.4395486,10,26,201027288704wd,,0,05/04/2021
2010,28,7,5,1537220100412001,7,2,04,wd,8835440106,292,0.21,0,0,201027288704wd,15372201004124795,SAND SEATROUT,,1730.4395486,11,29,201027288704wd,,0,05/04/2021
2010,28,7,5,1537220100412001,7,2,04,wd,8835440102,428,0.74,0,0,201027288704wd,15372201004124795,SPOTTED SEATROUT,,1730.4395486,16,42,201027288704wd,,0,05/04/2021
2010,28,7,5,1537220100412004,7,2,04,wd,,,,0,0,201027288704wd,15372201004124795,,,1730.4395486,,,201027288704wd,,0,05/04/2021
2010,28,7,5,1537220100414001,7,2,04,wd,8835440102,357,0.45,0,0,201027288704wd,15372201004144749,SPOTTED SEATROUT,,1309.8698078,14,35,201027288704wd,,0,05/04/2021
2010,28,7,5,1537220100414001,7,2,04,wd,8835440102,366,0.47,0,0,201027288704wd,15372201004144749,SPOTTED SEATROUT,,1309.8698078,14,36,201027288704wd,,0,05/04/2021
2010,28,7,5,1537220100414001,7,2,04,wd,8835440102,371,0.54,0,0,201027288704wd,15372201004144749,SPOTTED SEATROUT,,1309.8698078,14,37,201027288704wd,,0,05/04/2021
2010,28,7,5,1537220100419001,7,2,04,wd,8835440601,236,0.18,0,0,201027288704wd,15372201004195958,SOUTHERN KINGFISH,,2125.0048567,9,23,201027288704wd,,0,05/04/2021
2010,28,7,5,1537220100419001,7,2,04,wd,8835440601,273,0.21,0,0,201027288704wd,15372201004195958,SOUTHERN KINGFISH,,2125.0048567,10,27,201027288704wd,,0,05/04/2021
2010,28,7,5,1537220100419001,7,2,04,wd,8835440601,384,0.5,0,0,201027288704wd,15372201004195958,SOUTHERN KINGFISH,,2125.0048567,15,38,201027288704wd,,0,05/04/2021
2010,28,7,5,1537220100419001,7,2,04,wd,8835440102,361,0.53,0,0,201027288704wd,15372201004195958,SPOTTED SEATROUT,,2125.0048567,14,36,201027288704wd,,0,05/04/2021
2010,28,7,5,1537220100419001,7,2,04,wd,8835440102,471,1.01,0,0,201027288704wd,15372201004195958,SPOTTED SEATROUT,,2125.0048567,18,47,201027288704wd,,0,05/04/2021
2010,28,7,5,1537220100419001,7,2,04,wd,8835440102,489,0.94,0,0,201027288704wd,15372201004195958,SPOTTED SEATROUT,,2125.0048567,19,48,201027288704wd,,0,05/04/2021
2010,28,7,5,1537220100419001,7,2,04,wd,8835440102,496,0.98,0,0,201027288704wd,15372201004195958,SPOTTED SEATROUT,,2125.0048567,19,49,201027288704wd,,0,05/04/2021
2010,28,7,5,1537220100419002,7,2,04,wd,,,,0,0,201027288704wd,15372201004195958,,,2125.0048567,,,201027288704wd,,0,05/04/2021
2010,28,7,5,1537220100420002,7,2,04,wd,,,,0,0,201027288704wd,15372201004205933,,,2754.017186,,,201027288704wd,,0,05/04/2021
2010,28,7,5,1537220100421001,7,2,04,wd,8835440102,551,1.79,0,0,201027288704wd,15372201004214749,SPOTTED SEATROUT,,3722.7878749,21,55,201027288704wd,,0,05/04/2021
2010,28,7,5,1537220100421001,7,2,04,wd,8835440102,625,2.48,0,0,201027288704wd,15372201004214749,SPOTTED SEATROUT,,3722.7878749,24,62,201027288704wd,,0,05/04/2021
2010,28,7,5,1537220100421001,7,2,04,wd,8835440102,644,3.05,0,0,201027288704wd,15372201004214749,SPOTTED SEATROUT,,3722.7878749,25,64,201027288704wd,,0,05/04/2021
2010,28,7,5,1537220100421001,7,2,04,wd,8835440102,673,2.06,0,0,201027288704wd,15372201004214749,SPOTTED SEATROUT,,3722.7878749,26,67,201027288704wd,,0,05/04/2021
2010,28,7,5,1537220100421002,7,2,04,wd,8835440106,295,0.24,0,0,201027288704wd,15372201004214749,SAND SEATROUT,,3722.7878749,11,29,201027288704wd,,0,05/04/2021
2010,28,7,5,1537220100425001,7,2,04,we,,,,0,0,201027288704we,15372201004254749,,,1589.7112004,,,201027288704we,,0,05/04/2021
2010,28,7,5,1537220100425002,7,2,04,we,8835440102,357,0.45,1,1,201027288704we,15372201004254749,SPOTTED SEATROUT,,3497.3646409,14,35,201027288704we,,0,05/04/2021
2010,28,7,5,1537220100425002,7,2,04,we,8835440102,366,0.47,1,1,201027288704we,15372201004254749,SPOTTED SEATROUT,,3497.3646409,14,36,201027288704we,,0,05/04/2021
2010,28,7,5,1537220100425002,7,2,04,we,8835440102,428,0.74,1,1,201027288704we,15372201004254749,SPOTTED SEATROUT,,3497.3646409,16,42,201027288704we,,0,05/04/2021
2010,28,7,5,1537220100425002,7,2,04,we,8835440102,471,1.01,1,1,201027288704we,15372201004254749,SPOTTED SEATROUT,,3497.3646409,18,47,201027288704we,,0,05/04/2021
2010,28,7,5,1537220100425002,7,2,04,we,8835440102,496,0.98,1,1,201027288704we,15372201004254749,SPOTTED SEATROUT,,3497.3646409,19,49,201027288704we,,0,05/04/2021
2010,28,7,5,1537220100425004,7,2,04,we,,,,0,0,201027288704we,15372201004254749,,,1589.7112004,,,201027288704we,,0,05/04/2021
2010,28,7,5,1537720100319001,7,2,03,wd,8835440106,251,0.14,1,1,201027288703wd,15377201003195959,SAND SEATROUT,,19943.039801,9,25,201027288703wd,,0,05/04/2021
2010,28,7,5,1537720100319001,7,2,03,wd,8835440106,268,0.18,1,1,201027288703wd,15377201003195959,SAND SEATROUT,,19943.039801,10,26,201027288703wd,,0,05/04/2021
2010,28,7,5,1537720100319001,7,2,03,wd,8835440106,276,0.18,1,1,201027288703wd,15377201003195959,SAND SEATROUT,,19943.039801,10,27,201027288703wd,,0,05/04/2021
2010,28,7,5,1537720100319001,7,2,03,wd,8835440106,279,0.13,1,1,201027288703wd,15377201003195959,SAND SEATROUT,,19943.039801,10,27,201027288703wd,,0,05/04/2021
2010,28,7,5,1537720100319001,7,2,03,wd,8835440106,322,0.3,1,1,201027288703wd,15377201003195959,SAND SEATROUT,,19943.039801,12,32,201027288703wd,,0,05/04/2021
2010,28,7,5,1537720100319004,7,2,03,wd,8835440106,274,0.17,0,0,201027288703wd,15377201003195959,SAND SEATROUT,,664.76799337,10,27,201027288703wd,,0,05/04/2021
2010,28,7,5,1537720100319004,7,2,03,wd,8835440106,276,0.18,0,0,201027288703wd,15377201003195959,SAND SEATROUT,,664.76799337,10,27,201027288703wd,,0,05/04/2021
2010,28,7,5,1537720100319004,7,2,03,wd,8835440106,289,0.21,0,0,201027288703wd,15377201003195959,SAND SEATROUT,,664.76799337,11,28,201027288703wd,,0,05/04/2021
2010,28,7,5,1537720100319004,7,2,03,wd,8835440106,292,0.15,0,0,201027288703wd,15377201003195959,SAND SEATROUT,,664.76799337,11,29,201027288703wd,,0,05/04/2021
2010,28,7,5,1537720100319004,7,2,03,wd,8835440106,309,0.27,0,0,201027288703wd,15377201003195959,SAND SEATROUT,,664.76799337,12,30,201027288703wd,,0,05/04/2021
2010,28,7,5,1537720100319004,7,2,03,wd,8835440106,322,0.3,0,0,201027288703wd,15377201003195959,SAND SEATROUT,,664.76799337,12,32,201027288703wd,,0,05/04/2021
2010,28,7,5,1537720100323001,7,2,03,wd,8857030304,327,0.36,0,0,201027288703wd,15377201003235933,SOUTHERN FLOUNDER,,1408.8310746,12,32,201027288703wd,,0,05/04/2021
2010,28,7,5,1537720100323001,7,2,03,wd,8857030304,329,0.39,0,0,201027288703wd,15377201003235933,SOUTHERN FLOUNDER,,1408.8310746,12,32,201027288703wd,,0,05/04/2021
2010,28,7,5,1537720100323003,7,2,03,wd,8835440102,287,0.27,0,0,201027288703wd,15377201003234749,SPOTTED SEATROUT,,1129.0073834,11,28,201027288703wd,,0,05/04/2021
2010,28,7,5,1537720100323003,7,2,03,wd,8835440102,337,0.36,0,0,201027288703wd,15377201003234749,SPOTTED SEATROUT,,1129.0073834,13,33,201027288703wd,,0,05/04/2021
2010,28,7,5,1537720100323003,7,2,03,wd,8835440102,341,0.35,0,0,201027288703wd,15377201003234749,SPOTTED SEATROUT,,1129.0073834,13,34,201027288703wd,,0,05/04/2021
2010,28,7,5,1537720100323003,7,2,03,wd,8835440102,351,0.4,0,0,201027288703wd,15377201003234749,SPOTTED SEATROUT,,1129.0073834,13,35,201027288703wd,,0,05/04/2021
2010,28,7,5,1537720100323003,7,2,03,wd,8835440102,372,0.46,0,0,201027288703wd,15377201003234749,SPOTTED SEATROUT,,1129.0073834,14,37,201027288703wd,,0,05/04/2021
2010,28,7,5,1537720100323003,7,2,03,wd,8835440102,493,1,0,0,201027288703wd,15377201003234749,SPOTTED SEATROUT,,1129.0073834,19,49,201027288703wd,,0,05/04/2021
2010,28,7,5,1537720100323003,7,2,03,wd,8835440102,514,1.31,0,0,201027288703wd,15377201003234749,SPOTTED SEATROUT,,1129.0073834,20,51,201027288703wd,,0,05/04/2021
2010,28,7,5,1537720100323004,7,2,03,wd,8857030304,320,0.32,0,0,201027288703wd,15377201003234749,SOUTHERN FLOUNDER,,1129.0073834,12,32,201027288703wd,,0,05/04/2021
2010,28,7,5,1537720100323004,7,2,03,wd,8835440801,572,2.6,1,1,201027288703wd,15377201003234749,BLACK DRUM,,1129.0073834,22,57,201027288703wd,,0,05/04/2021
2010,28,7,5,1537720100323004,7,2,03,wd,8835440106,292,0.19,0,0,201027288703wd,15377201003234749,SAND SEATROUT,,1129.0073834,11,29,201027288703wd,,0,05/04/2021
2010,28,7,5,1537720100323004,7,2,03,wd,8835440106,299,0.2,0,0,201027288703wd,15377201003234749,SAND SEATROUT,,1129.0073834,11,29,201027288703wd,,0,05/04/2021
2010,28,7,5,1537720100323004,7,2,03,wd,8835440106,301,0.21,0,0,201027288703wd,15377201003234749,SAND SEATROUT,,1129.0073834,11,30,201027288703wd,,0,05/04/2021
2010,28,7,5,1537720100323005,7,2,03,wd,,,,0,0,201027288703wd,15377201003234749,,,1129.0073834,,,201027288703wd,,0,05/04/2021
2010,28,7,5,1537720100323006,7,2,03,wd,,,,0,0,201027288703wd,15377201003234749,,,1129.0073834,,,201027288703wd,,0,05/04/2021
2010,28,7,5,1537720100411001,7,2,04,we,8857030304,317,0.3433674912,0,1,201027288704we,15377201004115991,SOUTHERN FLOUNDER,,1028.261057,12,31,201027288704we,,0,05/04/2021
2010,28,7,5,1537720100411001,7,2,04,we,8857030304,368,0.538231173,0,1,201027288704we,15377201004115991,SOUTHERN FLOUNDER,,1028.261057,14,36,201027288704we,,0,05/04/2021
2010,28,7,5,1537720100411001,7,2,04,we,8857030304,400,0.6919538062,0,1,201027288704we,15377201004115991,SOUTHERN FLOUNDER,,1028.261057,15,40,201027288704we,,0,05/04/2021
2010,28,7,5,1537720100411002,7,2,04,we,8835440801,372,0.8501818741,0,1,201027288704we,15377201004115991,BLACK DRUM,,1028.261057,14,37,201027288704we,,0,05/04/2021
2010,28,7,5,1537720100411002,7,2,04,we,8835440801,389,0.9679560227,0,1,201027288704we,15377201004115991,BLACK DRUM,,1028.261057,15,38,201027288704we,,0,05/04/2021
2010,28,7,5,1537720100411002,7,2,04,we,8835440801,396,1.0193974705,0,1,201027288704we,15377201004115991,BLACK DRUM,,1028.261057,15,39,201027288704we,,0,05/04/2021
2010,28,7,5,1537720100411002,7,2,04,we,8835440801,407,1.1038011114,0,1,201027288704we,15377201004115991,BLACK DRUM,,1028.261057,16,40,201027288704we,,0,05/04/2021
2010,28,7,5,1537720100411002,7,2,04,we,8835440801,468,1.655699399,0,1,201027288704we,15377201004115991,BLACK DRUM,,1028.261057,18,46,201027288704we,,0,05/04/2021
2010,28,7,5,1537720100411003,7,2,04,we,,,,0,0,201027288704we,15377201004115991,,,1297.0620102,,,201027288704we,,0,05/04/2021
2010,28,7,5,1537720100411004,7,2,04,we,,,,0,0,201027288704we,15377201004115991,,,1297.0620102,,,201027288704we,,0,05/04/2021
2010,28,7,5,1537720100411006,7,2,04,we,8835280303,891,9.91,0,0,201027288704we,15377201004115991,CREVALLE JACK,,1028.261057,35,89,201027288704we,,0,05/04/2021
2010,28,7,5,1537720100422001,7,2,04,wd,8835440102,337,0.33,0,0,201027288704wd,15377201004224564,SPOTTED SEATROUT,,2283.5686456,13,33,201027288704wd,,0,05/04/2021
2010,28,7,5,1537720100422003,7,2,04,wd,8835440901,609,2.59,0,0,201027288704wd,15377201004224564,RED DRUM,,2283.5686456,23,60,201027288704wd,,0,05/04/2021
2010,28,7,5,1537720100422003,7,2,04,wd,8835440901,617,2.83,0,0,201027288704wd,15377201004224564,RED DRUM,,2283.5686456,24,61,201027288704wd,,0,05/04/2021
2010,28,7,5,1537720100422003,7,2,04,wd,8835440901,626,2.89,0,0,201027288704wd,15377201004224564,RED DRUM,,2283.5686456,24,62,201027288704wd,,0,05/04/2021
2010,28,7,5,1537720100422003,7,2,04,wd,8835440901,673,3.75,0,0,201027288704wd,15377201004224564,RED DRUM,,2283.5686456,26,67,201027288704wd,,0,05/04/2021
2010,28,7,5,1537720100422004,7,2,04,wd,,,,0,0,201027288704wd,15377201004224564,,,2283.5686456,,,201027288704wd,,0,05/04/2021
2010,28,7,5,1537720100428001,7,2,04,wd,8835440702,206,0.11,0,0,201027288704wd,15377201004285933,ATLANTIC CROAKER,,1154.0643446,8,20,201027288704wd,,0,05/04/2021
2010,28,7,5,1537720100428001,7,2,04,wd,8835440702,229,0.13,0,0,201027288704wd,15377201004285933,ATLANTIC CROAKER,,1154.0643446,9,22,201027288704wd,,0,05/04/2021
2010,28,7,5,1537720100428001,7,2,04,wd,8835440601,236,0.16,0,0,201027288704wd,15377201004285933,SOUTHERN KINGFISH,,1154.0643446,9,23,201027288704wd,,0,05/04/2021
2010,28,7,5,1537720100428001,7,2,04,wd,8835440601,248,0.18,0,0,201027288704wd,15377201004285933,SOUTHERN KINGFISH,,1154.0643446,9,24,201027288704wd,,0,05/04/2021
2010,28,7,5,1537720100428001,7,2,04,wd,8835440601,262,0.23,0,0,201027288704wd,15377201004285933,SOUTHERN KINGFISH,,1154.0643446,10,26,201027288704wd,,0,05/04/2021
2010,28,7,5,1537720100428001,7,2,04,wd,8835440106,255,0.17,0,0,201027288704wd,15377201004285933,SAND SEATROUT,,1154.0643446,10,25,201027288704wd,,0,05/04/2021
2010,28,7,5,1537720100428001,7,2,04,wd,8835440106,261,0.17,0,0,201027288704wd,15377201004285933,SAND SEATROUT,,1154.0643446,10,26,201027288704wd,,0,05/04/2021
2010,28,7,5,1537720100428001,7,2,04,wd,8835440106,293,0.24,0,0,201027288704wd,15377201004285933,SAND SEATROUT,,1154.0643446,11,29,201027288704wd,,0,05/04/2021
2010,28,7,5,1537720100428001,7,2,04,wd,8835440106,307,0.25,0,0,201027288704wd,15377201004285933,SAND SEATROUT,,1154.0643446,12,30,201027288704wd,,0,05/04/2021
2010,28,7,5,1537720100428003,7,2,04,wd,8835440106,255,0.17,1,1,201027288704wd,15377201004285933,SAND SEATROUT,,18465.029514,10,25,201027288704wd,,0,05/04/2021
2010,28,7,5,1537720100428003,7,2,04,wd,8835440106,261,0.17,1,1,201027288704wd,15377201004285933,SAND SEATROUT,,18465.029514,10,26,201027288704wd,,0,05/04/2021
2010,28,7,5,1537720100428003,7,2,04,wd,8835440106,280,0.21,1,1,201027288704wd,15377201004285933,SAND SEATROUT,,18465.029514,11,28,201027288704wd,,0,05/04/2021
2010,28,7,5,1537720100428003,7,2,04,wd,8835440106,292,0.19,1,1,201027288704wd,15377201004285933,SAND SEATROUT,,18465.029514,11,29,201027288704wd,,0,05/04/2021
2010,28,7,5,1537720100428003,7,2,04,wd,8835440106,295,0.23,1,1,201027288704wd,15377201004285933,SAND SEATROUT,,18465.029514,11,29,201027288704wd,,0,05/04/2021
2010,28,7,5,1542520100305001,7,2,03,wd,,,,0,0,201027288703wd,15425201003054564,,,4949.5538191,,,201027288703wd,,0,05/04/2021
2010,28,7,5,1542520100319001,7,2,03,wd,8835430301,451,2.14,0,0,201027288703wd,15425201003194795,SHEEPSHEAD,,1378.983369,17,45,201027288703wd,,0,05/04/2021
2010,28,7,5,1542520100319001,7,2,03,wd,8835430301,462,2.42,1,1,201027288703wd,15425201003194795,SHEEPSHEAD,,1378.983369,18,46,201027288703wd,,0,05/04/2021
2010,28,7,5,1542520100319001,7,2,03,wd,8835430301,472,2.23,0,0,201027288703wd,15425201003194795,SHEEPSHEAD,,1378.983369,18,47,201027288703wd,,0,05/04/2021
2010,28,7,5,1542520100319001,7,2,03,wd,8835430301,472,2.23,1,1,201027288703wd,15425201003194795,SHEEPSHEAD,,1378.983369,18,47,201027288703wd,,0,05/04/2021
2010,28,7,5,1542520100319001,7,2,03,wd,8835430301,481,2.64,1,1,201027288703wd,15425201003194795,SHEEPSHEAD,,1378.983369,18,48,201027288703wd,,0,05/04/2021
2010,28,7,5,1542520100319001,7,2,03,wd,8835430301,484,2.54,0,0,201027288703wd,15425201003194795,SHEEPSHEAD,,1378.983369,19,48,201027288703wd,,0,05/04/2021
2010,28,7,5,1542520100319001,7,2,03,wd,8835440801,407,1.1038011114,1,1,201027288703wd,15425201003194795,BLACK DRUM,,1083.4869328,16,40,201027288703wd,,0,05/04/2021
2010,28,7,5,1542520100319001,7,2,03,wd,8835440801,437,1.33,0,0,201027288703wd,15425201003194795,BLACK DRUM,,1083.4869328,17,43,201027288703wd,,0,05/04/2021
2010,28,7,5,1542520100319001,7,2,03,wd,8835440801,517,2.06,0,0,201027288703wd,15425201003194795,BLACK DRUM,,1083.4869328,20,51,201027288703wd,,0,05/04/2021
2010,28,7,5,1542520100319001,7,2,03,wd,8835440801,517,2.06,1,1,201027288703wd,15425201003194795,BLACK DRUM,,1083.4869328,20,51,201027288703wd,,0,05/04/2021
2010,28,7,5,1542520100319001,7,2,03,wd,8835440801,941,14.93,1,1,201027288703wd,15425201003194795,BLACK DRUM,,1083.4869328,37,94,201027288703wd,,0,05/04/2021
2010,28,7,5,1542520100319001,7,2,03,wd,8835440801,972,13.821498112,1,1,201027288703wd,15425201003194795,BLACK DRUM,,1083.4869328,38,97,201027288703wd,,0,05/04/2021
2010,28,7,5,1542520100319001,7,2,03,wd,8835440801,1041,14.39,0,0,201027288703wd,15425201003194795,BLACK DRUM,,1083.4869328,40,104,201027288703wd,,0,05/04/2021
2010,28,7,5,1542520100319001,7,2,03,wd,8835430301,263,0.47,1,1,201027288703wd,15425201003194795,SHEEPSHEAD,,1378.983369,10,26,201027288703wd,,0,05/04/2021
2010,28,7,5,1542520100319001,7,2,03,wd,8835430301,309,0.45,0,0,201027288703wd,15425201003194795,SHEEPSHEAD,,1378.983369,12,30,201027288703wd,,0,05/04/2021
2010,28,7,5,1542520100319001,7,2,03,wd,8835430301,348,0.85,0,0,201027288703wd,15425201003194795,SHEEPSHEAD,,1378.983369,13,34,201027288703wd,,0,05/04/2021
2010,28,7,5,1542520100319002,7,2,03,wd,,,,0,0,201027288703wd,15425201003194795,,,761.76864574,,,201027288703wd,,0,05/04/2021
2010,28,7,5,1542520100319003,7,2,03,wd,,,,0,0,201027288703wd,15425201003194795,,,761.76864574,,,201027288703wd,,0,05/04/2021
2010,28,7,5,1542520100320001,7,2,03,we,8835440901,376,0.66,0,0,201027288703we,15425201003205958,RED DRUM,,1810.2388617,14,37,201027288703we,,0,05/04/2021
2010,28,7,5,1542520100320001,7,2,03,we,8835440901,378,0.47,0,0,201027288703we,15425201003205958,RED DRUM,,1810.2388617,14,37,201027288703we,,0,05/04/2021
2010,28,7,5,1542520100320001,7,2,03,we,8835440901,379,0.51,0,0,201027288703we,15425201003205958,RED DRUM,,1810.2388617,14,37,201027288703we,,0,05/04/2021
2010,28,7,5,1542520100320001,7,2,03,we,8835440901,386,0.68,0,0,201027288703we,15425201003205958,RED DRUM,,1810.2388617,15,38,201027288703we,,0,05/04/2021
2010,28,7,5,1542520100320001,7,2,03,we,8835440901,404,0.68,0,0,201027288703we,15425201003205958,RED DRUM,,1810.2388617,15,40,201027288703we,,0,05/04/2021
2010,28,7,5,1542520100320001,7,2,03,we,8835440901,409,0.87,0,0,201027288703we,15425201003205958,RED DRUM,,1810.2388617,16,40,201027288703we,,0,05/04/2021
2010,28,7,5,1542520100320001,7,2,03,we,8835440801,252,0.18,0,0,201027288703we,15425201003205958,BLACK DRUM,,1810.2388617,9,25,201027288703we,,0,05/04/2021
2010,28,7,5,1542520100320001,7,2,03,we,8835440702,236,0.15,0,0,201027288703we,15425201003205958,ATLANTIC CROAKER,,1810.2388617,9,23,201027288703we,,0,05/04/2021
2010,28,7,5,1542520100320001,7,2,03,we,8835440301,202,0.11,0,0,201027288703we,15425201003205958,SILVER PERCH,,1810.2388617,7,20,201027288703we,,0,05/04/2021
2010,28,7,5,1542520100320001,7,2,03,we,8835430301,263,0.47,0,0,201027288703we,15425201003205958,SHEEPSHEAD,,1810.2388617,10,26,201027288703we,,0,05/04/2021
2010,28,7,5,1542520100415001,7,2,04,wd,8835430301,351,1.12,1,1,201027288704wd,15425201004155959,SHEEPSHEAD,,2696.0359034,13,35,201027288704wd,,0,05/04/2021
2010,28,7,5,1542520100415001,7,2,04,wd,8835430301,358,1.03,0,0,201027288704wd,15425201004155959,SHEEPSHEAD,,2696.0359034,14,35,201027288704wd,,0,05/04/2021
2010,28,7,5,1542520100415001,7,2,04,wd,8835430301,359,1,0,0,201027288704wd,15425201004155959,SHEEPSHEAD,,2696.0359034,14,35,201027288704wd,,0,05/04/2021
2010,28,7,5,1542520100415001,7,2,04,wd,8835430301,398,1.26,0,0,201027288704wd,15425201004155959,SHEEPSHEAD,,2696.0359034,15,39,201027288704wd,,0,05/04/2021
2010,28,7,5,1542520100415001,7,2,04,wd,8835430301,411,1.53,0,0,201027288704wd,15425201004155959,SHEEPSHEAD,,2696.0359034,16,41,201027288704wd,,0,05/04/2021
2010,28,7,5,1542520100415001,7,2,04,wd,8835430301,411,1.48,0,0,201027288704wd,15425201004155959,SHEEPSHEAD,,2696.0359034,16,41,201027288704wd,,0,05/04/2021
2010,28,7,5,1542520100415001,7,2,04,wd,8835430301,392,1.24,0,0,201027288704wd,15425201004155959,SHEEPSHEAD,,2696.0359034,15,39,201027288704wd,,0,05/04/2021
2010,28,7,5,1542520100415001,7,2,04,wd,8835430301,411,1.53,1,1,201027288704wd,15425201004155959,SHEEPSHEAD,,2696.0359034,16,41,201027288704wd,,0,05/04/2021
2010,28,7,5,1542520100415001,7,2,04,wd,8835430301,413,1.69,0,0,201027288704wd,15425201004155959,SHEEPSHEAD,,2696.0359034,16,41,201027288704wd,,0,05/04/2021
2010,28,7,5,1542520100415001,7,2,04,wd,8835430301,422,1.53,0,0,201027288704wd,15425201004155959,SHEEPSHEAD,,2696.0359034,16,42,201027288704wd,,0,05/04/2021
2010,28,7,5,1542520100415001,7,2,04,wd,8835430301,422,1.53,1,1,201027288704wd,15425201004155959,SHEEPSHEAD,,2696.0359034,16,42,201027288704wd,,0,05/04/2021
2010,28,7,5,1542520100415001,7,2,04,wd,8835430301,423,1.74,0,0,201027288704wd,15425201004155959,SHEEPSHEAD,,2696.0359034,16,42,201027288704wd,,0,05/04/2021
2010,28,7,5,1542520100415001,7,2,04,wd,8835430301,423,1.74,1,1,201027288704wd,15425201004155959,SHEEPSHEAD,,2696.0359034,16,42,201027288704wd,,0,05/04/2021
2010,28,7,5,1542520100415001,7,2,04,wd,8835430301,424,1.79,0,0,201027288704wd,15425201004155959,SHEEPSHEAD,,2696.0359034,16,42,201027288704wd,,0,05/04/2021
2010,28,7,5,1542520100415001,7,2,04,wd,8835430301,426,1.58,0,0,201027288704wd,15425201004155959,SHEEPSHEAD,,2696.0359034,16,42,201027288704wd,,0,05/04/2021
2010,28,7,5,1542520100415001,7,2,04,wd,8835430301,318,0.75,0,0,201027288704wd,15425201004155959,SHEEPSHEAD,,2696.0359034,12,31,201027288704wd,,0,05/04/2021
2010,28,7,5,1542520100415001,7,2,04,wd,8835430301,431,1.69,0,0,201027288704wd,15425201004155959,SHEEPSHEAD,,2696.0359034,16,43,201027288704wd,,0,05/04/2021
2010,28,7,5,1542520100415001,7,2,04,wd,8835430301,465,2.11,0,0,201027288704wd,15425201004155959,SHEEPSHEAD,,2696.0359034,18,46,201027288704wd,,0,05/04/2021
2010,28,7,5,1542520100415001,7,2,04,wd,8835430301,473,2.29,0,0,201027288704wd,15425201004155959,SHEEPSHEAD,,2696.0359034,18,47,201027288704wd,,0,05/04/2021
2010,28,7,5,1542520100418001,7,2,04,we,8857030304,334,0.43,0,0,201027288704we,15425201004184795,SOUTHERN FLOUNDER,,2801.185679,13,33,201027288704we,,0,05/04/2021
2010,28,7,5,1542520100418001,7,2,04,we,8857030304,334,0.43,1,1,201027288704we,15425201004184795,SOUTHERN FLOUNDER,,2801.185679,13,33,201027288704we,,0,05/04/2021
2010,28,7,5,1542520100418001,7,2,04,we,8857030304,355,0.5,0,0,201027288704we,15425201004184795,SOUTHERN FLOUNDER,,2801.185679,13,35,201027288704we,,0,05/04/2021
2010,28,7,5,1542520100418001,7,2,04,we,8857030304,359,0.5,0,0,201027288704we,15425201004184795,SOUTHERN FLOUNDER,,2801.185679,14,35,201027288704we,,0,05/04/2021
2010,28,7,5,1542520100418001,7,2,04,we,8857030304,366,0.52,0,0,201027288704we,15425201004184795,SOUTHERN FLOUNDER,,2801.185679,14,36,201027288704we,,0,05/04/2021
2010,28,7,5,1542520100418001,7,2,04,we,8857030304,366,0.52,1,1,201027288704we,15425201004184795,SOUTHERN FLOUNDER,,2801.185679,14,36,201027288704we,,0,05/04/2021
2010,28,7,5,1542520100418001,7,2,04,we,8857030304,379,0.55,0,0,201027288704we,15425201004184795,SOUTHERN FLOUNDER,,2801.185679,14,37,201027288704we,,0,05/04/2021
2010,28,7,5,1542520100418001,7,2,04,we,8857030304,380,0.47,0,0,201027288704we,15425201004184795,SOUTHERN FLOUNDER,,2801.185679,14,38,201027288704we,,0,05/04/2021
2010,28,7,5,1542520100418001,7,2,04,we,8857030304,383,0.61,0,0,201027288704we,15425201004184795,SOUTHERN FLOUNDER,,2801.185679,15,38,201027288704we,,0,05/04/2021
2010,28,7,5,1542520100418001,7,2,04,we,8857030304,384,0.6,0,0,201027288704we,15425201004184795,SOUTHERN FLOUNDER,,2801.185679,15,38,201027288704we,,0,05/04/2021
2010,28,7,5,1542520100418001,7,2,04,we,8857030304,389,0.7,0,0,201027288704we,15425201004184795,SOUTHERN FLOUNDER,,2801.185679,15,38,201027288704we,,0,05/04/2021
2010,28,7,5,1542520100418001,7,2,04,we,8857030304,390,0.58,0,0,201027288704we,15425201004184795,SOUTHERN FLOUNDER,,2801.185679,15,39,201027288704we,,0,05/04/2021
2010,28,7,5,1542520100418001,7,2,04,we,8857030304,393,0.67,0,0,201027288704we,15425201004184795,SOUTHERN FLOUNDER,,2801.185679,15,39,201027288704we,,0,05/04/2021
2010,28,7,5,1542520100418001,7,2,04,we,8857030304,396,0.71,0,0,201027288704we,15425201004184795,SOUTHERN FLOUNDER,,2801.185679,15,39,201027288704we,,0,05/04/2021
2010,28,7,5,1542520100418001,7,2,04,we,8857030304,358,0.51,0,0,201027288704we,15425201004184795,SOUTHERN FLOUNDER,,2801.185679,14,35,201027288704we,,0,05/04/2021
2010,28,7,5,1542520100418001,7,2,04,we,8857030304,396,0.66,0,0,201027288704we,15425201004184795,SOUTHERN FLOUNDER,,2801.185679,15,39,201027288704we,,0,05/04/2021
2010,28,7,5,1542520100418001,7,2,04,we,8857030304,399,0.71,0,0,201027288704we,15425201004184795,SOUTHERN FLOUNDER,,2801.185679,15,39,201027288704we,,0,05/04/2021
2010,28,7,5,1542520100418001,7,2,04,we,8857030304,406,0.75,0,0,201027288704we,15425201004184795,SOUTHERN FLOUNDER,,2801.185679,15,40,201027288704we,,0,05/04/2021
2010,28,7,5,1542520100418001,7,2,04,we,8857030304,412,0.76,0,0,201027288704we,15425201004184795,SOUTHERN FLOUNDER,,2801.185679,16,41,201027288704we,,0,05/04/2021
2010,28,7,5,1542520100418001,7,2,04,we,8857030304,414,0.77,0,0,201027288704we,15425201004184795,SOUTHERN FLOUNDER,,2801.185679,16,41,201027288704we,,0,05/04/2021
2010,28,7,5,1542520100418001,7,2,04,we,8857030304,419,0.72,0,0,201027288704we,15425201004184795,SOUTHERN FLOUNDER,,2801.185679,16,41,201027288704we,,0,05/04/2021
2010,28,7,5,1542520100418001,7,2,04,we,8857030304,421,0.81,0,0,201027288704we,15425201004184795,SOUTHERN FLOUNDER,,2801.185679,16,42,201027288704we,,0,05/04/2021
2010,28,7,5,1542520100418001,7,2,04,we,8857030304,421,0.81,1,1,201027288704we,15425201004184795,SOUTHERN FLOUNDER,,2801.185679,16,42,201027288704we,,0,05/04/2021
2010,28,7,5,1542520100418001,7,2,04,we,8857030304,448,0.95,0,0,201027288704we,15425201004184795,SOUTHERN FLOUNDER,,2801.185679,17,44,201027288704we,,0,05/04/2021
2010,28,7,5,1542520100418001,7,2,04,we,8857030304,452,0.91,1,1,201027288704we,15425201004184795,SOUTHERN FLOUNDER,,2801.185679,17,45,201027288704we,,0,05/04/2021
2010,28,7,5,1542520100418001,7,2,04,we,8857030304,474,1.11,0,0,201027288704we,15425201004184795,SOUTHERN FLOUNDER,,2801.185679,18,47,201027288704we,,0,05/04/2021
2010,28,7,5,1542520100418001,7,2,04,we,8835430301,351,1.12,0,0,201027288704we,15425201004184795,SHEEPSHEAD,,2023.0785459,13,35,201027288704we,,0,05/04/2021
2010,28,7,5,1542520100418005,7,2,04,we,8835440601,282,0.26,0,0,201027288704we,15425201004184795,SOUTHERN KINGFISH,,1313.8108711,11,28,201027288704we,,0,05/04/2021
2010,28,7,5,1542520100418005,7,2,04,we,8835440106,264,0.18,0,0,201027288704we,15425201004184795,SAND SEATROUT,,1313.8108711,10,26,201027288704we,,0,05/04/2021
2010,28,7,5,1542520100418005,7,2,04,we,8835440106,272,0.17,0,0,201027288704we,15425201004184795,SAND SEATROUT,,1313.8108711,10,27,201027288704we,,0,05/04/2021
2010,28,7,5,1542520100418005,7,2,04,we,8835440106,280,0.21,0,0,201027288704we,15425201004184795,SAND SEATROUT,,1313.8108711,11,28,201027288704we,,0,05/04/2021
2010,28,7,5,1542520100418005,7,2,04,we,8835440106,282,0.19,0,0,201027288704we,15425201004184795,SAND SEATROUT,,1313.8108711,11,28,201027288704we,,0,05/04/2021
2010,28,7,5,1542520100418005,7,2,04,we,8835440106,295,0.23,0,0,201027288704we,15425201004184795,SAND SEATROUT,,1313.8108711,11,29,201027288704we,,0,05/04/2021
2010,28,7,5,1542520100418005,7,2,04,we,8835440106,298,0.22,0,0,201027288704we,15425201004184795,SAND SEATROUT,,1313.8108711,11,29,201027288704we,,0,05/04/2021
2010,28,7,5,1542520100418005,7,2,04,we,8835440106,306,0.26,0,0,201027288704we,15425201004184795,SAND SEATROUT,,1313.8108711,12,30,201027288704we,,0,05/04/2021
2010,28,7,5,1542520100418005,7,2,04,we,8835440106,308,0.26,0,0,201027288704we,15425201004184795,SAND SEATROUT,,1313.8108711,12,30,201027288704we,,0,05/04/2021
2010,28,7,5,1542520100418006,7,2,04,we,,,,0,0,201027288704we,15425201004184795,,,1313.8108711,,,201027288704we,,0,05/04/2021
2010,28,7,5,1542520100418007,7,2,04,we,,,,0,0,201027288704we,15425201004184795,,,1313.8108711,,,201027288704we,,0,05/04/2021
2010,28,7,5,1542520100418008,7,2,04,we,,,,0,0,201027288704we,15425201004184795,,,1313.8108711,,,201027288704we,,0,05/04/2021
2010,28,7,5,1542520100418009,7,2,04,we,8857030304,324,0.35,0,0,201027288704we,15425201004184795,SOUTHERN FLOUNDER,,1313.8108711,12,32,201027288704we,,0,05/04/2021
2010,28,7,5,1542520100418009,7,2,04,we,8857030304,338,0.49,0,0,201027288704we,15425201004184795,SOUTHERN FLOUNDER,,1313.8108711,13,33,201027288704we,,0,05/04/2021
2010,28,7,5,1542520100418009,7,2,04,we,8835440801,972,13.821498112,0,1,201027288704we,15425201004184795,BLACK DRUM,,1313.8108711,38,97,201027288704we,,0,05/04/2021
2010,28,7,5,1542520100418009,7,2,04,we,8835440601,277,0.23,0,0,201027288704we,15425201004184795,SOUTHERN KINGFISH,,1313.8108711,10,27,201027288704we,,0,05/04/2021
2010,28,7,5,1542520100418009,7,2,04,we,8835440106,264,0.17,0,0,201027288704we,15425201004184795,SAND SEATROUT,,1313.8108711,10,26,201027288704we,,0,05/04/2021
2010,28,7,5,1542520100418009,7,2,04,we,8835440106,286,0.2,0,0,201027288704we,15425201004184795,SAND SEATROUT,,1313.8108711,11,28,201027288704we,,0,05/04/2021
2010,28,7,5,1542520100418010,7,2,04,we,,,,0,0,201027288704we,15425201004184795,,,1313.8108711,,,201027288704we,,0,05/04/2021
2010,28,7,5,1542520100418011,7,2,04,we,8835440801,881,10.96,0,0,201027288704we,15425201004184795,BLACK DRUM,,1313.8108711,34,88,201027288704we,,0,05/04/2021
2010,28,7,5,1542520100418011,7,2,04,we,8835440801,941,14.93,0,0,201027288704we,15425201004184795,BLACK DRUM,,1313.8108711,37,94,201027288704we,,0,05/04/2021
2010,28,7,5,1542520100418011,7,2,04,we,8835440702,182,0.08,0,0,201027288704we,15425201004184795,ATLANTIC CROAKER,,1313.8108711,7,18,201027288704we,,0,05/04/2021
2010,28,7,5,1542520100418011,7,2,04,we,8835440702,194,0.08,0,0,201027288704we,15425201004184795,ATLANTIC CROAKER,,1313.8108711,7,19,201027288704we,,0,05/04/2021
2010,28,7,5,1542520100418011,7,2,04,we,8835440702,207,0.1,0,0,201027288704we,15425201004184795,ATLANTIC CROAKER,,1313.8108711,8,20,201027288704we,,0,05/04/2021
2010,28,7,5,1542520100418011,7,2,04,we,8835440702,214,0.13,0,0,201027288704we,15425201004184795,ATLANTIC CROAKER,,1313.8108711,8,21,201027288704we,,0,05/04/2021
2010,28,7,5,1542520100418011,7,2,04,we,8835440702,214,0.12,0,0,201027288704we,15425201004184795,ATLANTIC CROAKER,,1313.8108711,8,21,201027288704we,,0,05/04/2021
2010,28,7,5,1542520100418011,7,2,04,we,8835440901,578,2.13,0,0,201027288704we,15425201004184795,RED DRUM,,1313.8108711,22,57,201027288704we,,0,05/04/2021
2010,28,7,5,1542520100418011,7,2,04,we,8835440702,222,0.14,0,0,201027288704we,15425201004184795,ATLANTIC CROAKER,,1313.8108711,8,22,201027288704we,,0,05/04/2021
2010,28,7,5,1542520100418011,7,2,04,we,8835440702,222,0.12,0,0,201027288704we,15425201004184795,ATLANTIC CROAKER,,1313.8108711,8,22,201027288704we,,0,05/04/2021
2010,28,7,5,1542520100418011,7,2,04,we,8835440702,223,0.13,0,0,201027288704we,15425201004184795,ATLANTIC CROAKER,,1313.8108711,8,22,201027288704we,,0,05/04/2021
2010,28,7,5,1542520100418011,7,2,04,we,8835440702,228,0.13,0,0,201027288704we,15425201004184795,ATLANTIC CROAKER,,1313.8108711,8,22,201027288704we,,0,05/04/2021
2010,28,7,5,1542520100418011,7,2,04,we,8835440702,239,0.19,0,0,201027288704we,15425201004184795,ATLANTIC CROAKER,,1313.8108711,9,23,201027288704we,,0,05/04/2021
2010,28,7,5,1542520100418011,7,2,04,we,8835440702,257,0.2,0,0,201027288704we,15425201004184795,ATLANTIC CROAKER,,1313.8108711,10,25,201027288704we,,0,05/04/2021
2010,28,7,5,1542520100418011,7,2,04,we,8835440601,274,0.26,0,0,201027288704we,15425201004184795,SOUTHERN KINGFISH,,1313.8108711,10,27,201027288704we,,0,05/04/2021
2010,28,7,5,1542520100421001,7,2,04,wd,8835440601,195,0.08,0,0,201027288704wd,15425201004215958,SOUTHERN KINGFISH,,6138.1615954,7,19,201027288704wd,,0,05/04/2021
2010,28,7,5,1542520100421001,7,2,04,wd,8835440601,195,0.08,1,1,201027288704wd,15425201004215958,SOUTHERN KINGFISH,,6138.1615954,7,19,201027288704wd,,0,05/04/2021
2010,28,7,5,1542520100421001,7,2,04,wd,8835440601,232,0.13,0,0,201027288704wd,15425201004215958,SOUTHERN KINGFISH,,6138.1615954,9,23,201027288704wd,,0,05/04/2021
2010,28,7,5,1542520100421001,7,2,04,wd,8835440601,232,0.13,1,1,201027288704wd,15425201004215958,SOUTHERN KINGFISH,,6138.1615954,9,23,201027288704wd,,0,05/04/2021
2010,28,7,5,1542520100421001,7,2,04,wd,8835440601,236,0.18,1,1,201027288704wd,15425201004215958,SOUTHERN KINGFISH,,6138.1615954,9,23,201027288704wd,,0,05/04/2021
2010,28,7,5,1542520100421001,7,2,04,wd,8835440601,240,0.1,0,0,201027288704wd,15425201004215958,SOUTHERN KINGFISH,,6138.1615954,9,24,201027288704wd,,0,05/04/2021
2010,28,7,5,1542520100421001,7,2,04,wd,8835440601,246,0.11,0,0,201027288704wd,15425201004215958,SOUTHERN KINGFISH,,6138.1615954,9,24,201027288704wd,,0,05/04/2021
2010,28,7,5,1542520100421001,7,2,04,wd,8835440601,248,0.07,0,0,201027288704wd,15425201004215958,SOUTHERN KINGFISH,,6138.1615954,9,24,201027288704wd,,0,05/04/2021
2010,28,7,5,1542520100421001,7,2,04,wd,8835440601,252,0.1,0,0,201027288704wd,15425201004215958,SOUTHERN KINGFISH,,6138.1615954,9,25,201027288704wd,,0,05/04/2021
2010,28,7,5,1542520100421001,7,2,04,wd,8835440601,255,0.19,0,0,201027288704wd,15425201004215958,SOUTHERN KINGFISH,,6138.1615954,10,25,201027288704wd,,0,05/04/2021
2010,28,7,5,1542520100421001,7,2,04,wd,8835440601,262,0.19,0,0,201027288704wd,15425201004215958,SOUTHERN KINGFISH,,6138.1615954,10,26,201027288704wd,,0,05/04/2021
2010,28,7,5,1542520100421001,7,2,04,wd,8835440106,264,0.17,1,1,201027288704wd,15425201004215958,SAND SEATROUT,,15674.234074,10,26,201027288704wd,,0,05/04/2021
2010,28,7,5,1542520100421001,7,2,04,wd,8835440601,236,0.16,1,1,201027288704wd,15425201004215958,SOUTHERN KINGFISH,,6138.1615954,9,23,201027288704wd,,0,05/04/2021
2010,28,7,5,1542520100421001,7,2,04,wd,8835440601,229,0.12,0,0,201027288704wd,15425201004215958,SOUTHERN KINGFISH,,6138.1615954,9,22,201027288704wd,,0,05/04/2021
2010,28,7,5,1542520100421001,7,2,04,wd,8835440106,265,0.15,0,0,201027288704wd,15425201004215958,SAND SEATROUT,,15674.234074,10,26,201027288704wd,,0,05/04/2021
2010,28,7,5,1542520100421001,7,2,04,wd,8835440106,272,0.17,1,1,201027288704wd,15425201004215958,SAND SEATROUT,,15674.234074,10,27,201027288704wd,,0,05/04/2021
2010,28,7,5,1542520100421001,7,2,04,wd,8835440106,279,0.17,0,0,201027288704wd,15425201004215958,SAND SEATROUT,,15674.234074,10,27,201027288704wd,,0,05/04/2021
2010,28,7,5,1542520100421001,7,2,04,wd,8835440106,286,0.16,0,0,201027288704wd,15425201004215958,SAND SEATROUT,,15674.234074,11,28,201027288704wd,,0,05/04/2021
2010,28,7,5,1542520100421001,7,2,04,wd,8835440106,286,0.16,1,1,201027288704wd,15425201004215958,SAND SEATROUT,,15674.234074,11,28,201027288704wd,,0,05/04/2021
2010,28,7,5,1542520100421001,7,2,04,wd,8835440106,298,0.19,1,1,201027288704wd,15425201004215958,SAND SEATROUT,,15674.234074,11,29,201027288704wd,,0,05/04/2021
2010,28,7,5,1542520100421002,7,2,04,wd,,,,0,0,201027288704wd,15425201004215958,,,3324.8375309,,,201027288704wd,,0,05/04/2021
2010,28,7,5,1542520100421003,7,2,04,wd,,,,0,0,201027288704wd,15425201004215958,,,3673.368425,,,201027288704wd,,0,05/04/2021
2010,28,7,5,1542520100421004,7,2,04,wd,8835440102,465,1,0,0,201027288704wd,15425201004215958,SPOTTED SEATROUT,,3324.8375309,18,46,201027288704wd,,0,05/04/2021
2010,28,7,5,1542520100421004,7,2,04,wd,8835440102,493,1.19,0,0,201027288704wd,15425201004215958,SPOTTED SEATROUT,,3324.8375309,19,49,201027288704wd,,0,05/04/2021
2010,28,7,5,1542520100421004,7,2,04,wd,8835440102,508,1.41,0,0,201027288704wd,15425201004215958,SPOTTED SEATROUT,,3324.8375309,19,50,201027288704wd,,0,05/04/2021
2010,28,7,5,1542520100421004,7,2,04,wd,8835440102,508,1.18,0,0,201027288704wd,15425201004215958,SPOTTED SEATROUT,,3324.8375309,19,50,201027288704wd,,0,05/04/2021
2010,28,7,5,1542520100421004,7,2,04,wd,8835440102,521,1.19,0,0,201027288704wd,15425201004215958,SPOTTED SEATROUT,,3324.8375309,20,52,201027288704wd,,0,05/04/2021
2010,28,7,5,1542520100421004,7,2,04,wd,8835440102,524,1.38,0,0,201027288704wd,15425201004215958,SPOTTED SEATROUT,,3324.8375309,20,52,201027288704wd,,0,05/04/2021
2010,28,7,5,1542520100421006,7,2,04,wd,8857030304,389,0.52,0,0,201027288704wd,15425201004215958,SOUTHERN FLOUNDER,,3324.8375309,15,38,201027288704wd,,0,05/04/2021
2010,28,7,5,1542520100421006,7,2,04,wd,8835440106,298,0.19,0,0,201027288704wd,15425201004215958,SAND SEATROUT,,3324.8375309,11,29,201027288704wd,,0,05/04/2021
2010,28,7,5,1542520100423001,7,2,04,wd,,,,0,0,201027288704wd,15425201004234555,,,9493.1504402,,,201027288704wd,,0,05/04/2021
2010,28,7,5,1542520100423002,7,2,04,wd,,,,0,0,201027288704wd,15425201004234555,,,9493.1504402,,,201027288704wd,,0,05/04/2021
2010,28,7,5,1542520100423003,7,2,04,wd,8857030304,318,0.32,0,0,201027288704wd,15425201004234555,SOUTHERN FLOUNDER,,9493.1504402,12,31,201027288704wd,,0,05/04/2021
2010,28,7,5,1542520100423004,7,2,04,wd,,,,0,0,201027288704wd,15425201004234555,,,9493.1504402,,,201027288704wd,,0,05/04/2021
2010,28,7,5,1546220100304001,7,2,03,wd,8835440901,386,0.68,1,1,201027288703wd,15462201003044749,RED DRUM,,2052.7406972,15,38,201027288703wd,,0,05/04/2021
2010,28,7,5,1546220100304001,7,2,03,wd,8835440901,409,0.87,1,1,201027288703wd,15462201003044749,RED DRUM,,2052.7406972,16,40,201027288703wd,,0,05/04/2021
2010,28,7,5,1546220100304001,7,2,03,wd,8835440102,489,0.94,1,1,201027288703wd,15462201003044749,SPOTTED SEATROUT,,10263.703486,19,48,201027288703wd,,0,05/04/2021
2010,28,7,5,1546220100304001,7,2,03,wd,8835440102,551,1.79,1,1,201027288703wd,15462201003044749,SPOTTED SEATROUT,,10263.703486,21,55,201027288703wd,,0,05/04/2021
2010,28,7,5,1546220100304001,7,2,03,wd,8835440102,625,2.48,1,1,201027288703wd,15462201003044749,SPOTTED SEATROUT,,10263.703486,24,62,201027288703wd,,0,05/04/2021
2010,28,7,5,1546220100304001,7,2,03,wd,8835440102,644,3.05,1,1,201027288703wd,15462201003044749,SPOTTED SEATROUT,,10263.703486,25,64,201027288703wd,,0,05/04/2021
2010,28,7,5,1546220100304001,7,2,03,wd,8835440102,673,2.06,1,1,201027288703wd,15462201003044749,SPOTTED SEATROUT,,10263.703486,26,67,201027288703wd,,0,05/04/2021
2010,28,7,5,1546220100304002,7,2,03,wd,8835440901,376,0.66,1,1,201027288703wd,15462201003044749,RED DRUM,,2052.7406972,14,37,201027288703wd,,0,05/04/2021
2010,28,7,5,1546220100304002,7,2,03,wd,8835440901,379,0.51,1,1,201027288703wd,15462201003044749,RED DRUM,,2052.7406972,14,37,201027288703wd,,0,05/04/2021
2010,28,7,5,1546220100304002,7,2,03,wd,8835440901,578,2.13,1,1,201027288703wd,15462201003044749,RED DRUM,,2052.7406972,22,57,201027288703wd,,0,05/04/2021
2010,28,7,5,1546220100304002,7,2,03,wd,8835440102,287,0.27,1,1,201027288703wd,15462201003044749,SPOTTED SEATROUT,,10263.703486,11,28,201027288703wd,,0,05/04/2021
2010,28,7,5,1546220100304002,7,2,03,wd,8835440102,337,0.36,1,1,201027288703wd,15462201003044749,SPOTTED SEATROUT,,10263.703486,13,33,201027288703wd,,0,05/04/2021
2010,28,7,5,1546220100304002,7,2,03,wd,8835440102,351,0.4,1,1,201027288703wd,15462201003044749,SPOTTED SEATROUT,,10263.703486,13,35,201027288703wd,,0,05/04/2021
2010,28,7,5,1546220100304002,7,2,03,wd,8835440102,372,0.46,1,1,201027288703wd,15462201003044749,SPOTTED SEATROUT,,10263.703486,14,37,201027288703wd,,0,05/04/2021
2010,28,7,5,1546220100304002,7,2,03,wd,8835440102,514,1.31,1,1,201027288703wd,15462201003044749,SPOTTED SEATROUT,,10263.703486,20,51,201027288703wd,,0,05/04/2021
2010,28,7,5,1546220100308001,7,2,03,wd,8835440102,337,0.33,1,1,201027288703wd,15462201003084749,SPOTTED SEATROUT,,1693.5110752,13,33,201027288703wd,,0,05/04/2021
2010,28,7,5,1546220100308001,7,2,03,wd,8835440102,493,1.19,1,1,201027288703wd,15462201003084749,SPOTTED SEATROUT,,1693.5110752,19,49,201027288703wd,,0,05/04/2021
2010,28,7,5,1546220100308001,7,2,03,wd,8835440102,508,1.41,1,1,201027288703wd,15462201003084749,SPOTTED SEATROUT,,1693.5110752,19,50,201027288703wd,,0,05/04/2021
2010,28,7,5,1546220100308001,7,2,03,wd,8835440102,521,1.19,1,1,201027288703wd,15462201003084749,SPOTTED SEATROUT,,1693.5110752,20,52,201027288703wd,,0,05/04/2021
2010,28,7,5,1546220100308002,7,2,03,wd,,,,0,0,201027288703wd,15462201003084749,,,1693.5110752,,,201027288703wd,,0,05/04/2021
2010,28,7,5,1546220100308003,7,2,03,wd,8835440102,508,1.18,1,1,201027288703wd,15462201003084749,SPOTTED SEATROUT,,1693.5110752,19,50,201027288703wd,,0,05/04/2021
2010,28,7,5,1546220100308004,7,2,03,wd,8835440102,465,1,1,1,201027288703wd,15462201003084749,SPOTTED SEATROUT,,1693.5110752,18,46,201027288703wd,,0,05/04/2021
2010,28,7,5,2537220100402001,7,2,04,wd,8835440106,264,0.17,0,0,201027288704wd,25372201004024795,SAND SEATROUT,,1090.2403017,10,26,201027288704wd,,0,05/04/2021
2010,28,7,5,2537220100402001,7,2,04,wd,8835440106,284,0.18,0,0,201027288704wd,25372201004024795,SAND SEATROUT,,1090.2403017,11,28,201027288704wd,,0,05/04/2021
2010,28,7,5,2537220100402001,7,2,04,wd,8835440106,287,0.21,0,0,201027288704wd,25372201004024795,SAND SEATROUT,,1090.2403017,11,28,201027288704wd,,0,05/04/2021
2010,28,7,5,2537220100402001,7,2,04,wd,8835440106,303,0.24,0,0,201027288704wd,25372201004024795,SAND SEATROUT,,1090.2403017,11,30,201027288704wd,,0,05/04/2021
2010,28,7,5,2537220100402006,7,2,04,wd,8835440901,636,3.03,0,0,201027288704wd,25372201004024795,RED DRUM,,1090.2403017,25,63,201027288704wd,,0,05/04/2021
2010,28,7,5,2537220100402007,7,2,04,wd,,,,0,0,201027288704wd,25372201004024795,,,1090.2403017,,,201027288704wd,,0,05/04/2021
2010,28,7,5,2537220100421003,7,2,04,wd,8857030304,356,0.45,0,0,201027288704wd,25372201004214795,SOUTHERN FLOUNDER,,562.02310126,14,35,201027288704wd,,0,05/04/2021
2010,28,7,5,2537220100421003,7,2,04,wd,8857030304,364,0.47,0,0,201027288704wd,25372201004214795,SOUTHERN FLOUNDER,,562.02310126,14,36,201027288704wd,,0,05/04/2021
2010,28,7,5,2537220100421003,7,2,04,wd,8857030304,377,0.54,0,0,201027288704wd,25372201004214795,SOUTHERN FLOUNDER,,562.02310126,14,37,201027288704wd,,0,05/04/2021
2010,28,7,5,2537220100421003,7,2,04,wd,8857030304,420,0.73,0,0,201027288704wd,25372201004214795,SOUTHERN FLOUNDER,,562.02310126,16,42,201027288704wd,,0,05/04/2021
2010,28,7,5,2537220100421003,7,2,04,wd,8857030304,452,0.91,0,0,201027288704wd,25372201004214795,SOUTHERN FLOUNDER,,562.02310126,17,45,201027288704wd,,0,05/04/2021
2010,28,7,5,2537220100421003,7,2,04,wd,8857030304,495,1.43,0,0,201027288704wd,25372201004214795,SOUTHERN FLOUNDER,,562.02310126,19,49,201027288704wd,,0,05/04/2021
2010,28,7,5,2537220100421003,7,2,04,wd,8857030304,510,1.53,0,0,201027288704wd,25372201004214795,SOUTHERN FLOUNDER,,562.02310126,20,51,201027288704wd,,0,05/04/2021
